elapsed_s,lhl,lhm,lgm,lgl,lpl,lrf,lta,lvl
51.58065,171,1197,-1752,538,4305,-160,349,674
51.58115,171,1197,-1752,537,4302,-160,349,674
51.58165,171,1198,-1752,536,4305,-160,349,674
51.58215,171,1198,-1752,536,4308,-160,349,674
51.58265,171,1198,-1752,537,4311,-160,349,674
51.58315,172,1198,-1751,537,4312,-160,350,674
51.58365,171,1198,-1750,537,4311,-160,350,674
51.58415,171,1198,-1750,537,4313,-160,350,674
51.58465,171,1198,-1750,537,4332,-160,349,674
51.58515,171,1198,-1750,537,4371,-160,349,674
51.58565,171,1198,-1750,536,4376,-160,349,674
51.58615,171,1198,-1751,536,4371,-160,349,674
51.58665,171,1198,-1751,537,4348,-160,349,674
51.58715,171,1198,-1751,537,4325,-160,350,674
51.58765,171,1198,-1751,537,4328,-160,349,674
51.58815,171,1198,-1751,537,4334,-160,349,674
51.58865,171,1198,-1751,537,4343,-161,349,673
51.58915,171,1198,-1751,535,4353,-162,349,673
51.58965,171,1198,-1750,535,4356,-162,349,673
51.59015,171,1198,-1751,535,4361,-162,349,673
51.59065,171,1199,-1751,536,4369,-161,349,672
51.59115,171,1199,-1751,536,4375,-162,349,673
51.59165,171,1199,-1751,536,4383,-161,350,673
51.59215,171,1199,-1751,536,4383,-161,349,673
51.59265,171,1199,-1751,536,4386,-162,350,673
51.59315,171,1200,-1751,536,4392,-161,349,673
51.59365,171,1199,-1751,536,4397,-161,349,674
51.59415,171,1200,-1751,536,4401,-161,349,674
51.59465,171,1199,-1751,536,4423,-161,348,674
51.59515,172,1199,-1751,536,4459,-161,348,674
51.59565,172,1199,-1751,536,4461,-161,349,673
51.59615,171,1200,-1751,537,4454,-161,349,674
51.59665,171,1200,-1751,536,4429,-161,349,673
51.59715,171,1200,-1750,536,4410,-161,349,674
51.59765,171,1200,-1750,537,4406,-161,349,674
51.59815,171,1200,-1750,537,4414,-161,349,674
51.598648,171,1200,-1751,537,4423,-161,349,674
51.59915,171,1200,-1751,538,4432,-161,349,673
51.59965,171,1200,-1751,538,4437,-161,349,674
51.60015,171,1200,-1750,538,4439,-161,349,673
51.60065,171,1201,-1750,537,4447,-161,350,673
51.60115,172,1201,-1750,537,4448,-161,350,673
51.60165,171,1201,-1750,537,4449,-162,349,673
51.60215,172,1201,-1750,537,4453,-162,350,674
51.60265,171,1202,-1750,537,4461,-161,349,674
51.60315,172,1202,-1750,536,4471,-162,349,674
51.60365,172,1202,-1750,535,4473,-161,349,674
51.60415,171,1202,-1751,535,4477,-162,349,673
51.60465,172,1202,-1751,535,4501,-161,349,673
51.60515,171,1202,-1751,536,4533,-162,349,673
51.60565,171,1202,-1750,536,4536,-162,349,673
51.60625,172,1202,-1751,536,4534,-162,349,672
51.60675,172,1203,-1750,536,4513,-162,349,672
51.60725,172,1202,-1752,537,4497,-162,350,672
51.60775,171,1203,-1752,537,4498,-162,349,672
51.60825,172,1203,-1752,537,4504,-162,349,672
51.60875,172,1203,-1752,537,4514,-162,349,673
51.60925,171,1203,-1751,536,4521,-162,349,672
51.60975,172,1203,-1750,536,4523,-162,349,672
51.61025,172,1204,-1750,536,4532,-162,349,672
51.61075,171,1204,-1749,536,4542,-162,349,672
51.61125,172,1204,-1750,536,4553,-162,349,672
51.61175,172,1204,-1749,536,4561,-162,349,672
51.61225,171,1204,-1749,536,4566,-163,349,672
51.61275,172,1205,-1749,535,4574,-163,350,672
51.61325,171,1205,-1748,535,4581,-163,349,672
51.61375,171,1205,-1748,535,4590,-163,349,672
51.61425,171,1205,-1749,536,4597,-162,349,672
51.61475,171,1205,-1749,537,4625,-163,349,672
51.61525,171,1205,-1750,537,4659,-163,349,672
51.61575,171,1206,-1749,536,4657,-162,349,672
51.61625,171,1206,-1748,536,4638,-162,349,672
51.61675,171,1206,-1749,534,4593,-162,350,672
51.61725,171,1207,-1749,532,4544,-162,350,672
51.61775,171,1207,-1750,531,4509,-162,350,672
51.61825,171,1207,-1750,531,4476,-163,350,673
51.61875,171,1207,-1750,533,4451,-162,349,673
51.61925,171,1207,-1752,536,4428,-162,350,673
51.61975,170,1208,-1754,538,4409,-162,350,673
51.62025,170,1208,-1754,539,4397,-162,351,673
51.62075,170,1208,-1751,539,4390,-162,351,673
51.62125,171,1208,-1749,539,4386,-163,350,673
51.62175,171,1209,-1750,539,4383,-162,351,673
51.62225,171,1209,-1751,538,4383,-163,350,672
51.62275,171,1209,-1750,537,4385,-163,350,672
51.62325,171,1209,-1749,537,4388,-163,350,672
51.62375,171,1209,-1749,536,4383,-163,349,671
51.62425,171,1209,-1751,536,4378,-163,349,672
51.62475,171,1209,-1754,536,4396,-163,349,672
51.62525,171,1209,-1755,535,4424,-163,349,671
51.62575,172,1209,-1754,532,4416,-162,350,672
51.62625,172,1209,-1753,532,4394,-163,350,671
51.62675,171,1210,-1752,533,4359,-162,350,671
51.62725,171,1210,-1752,536,4331,-163,350,671
51.62775,171,1210,-1752,537,4324,-163,349,672
51.62825,171,1210,-1751,536,4323,-163,350,672
51.62875,171,1211,-1752,536,4329,-162,350,672
51.62925,171,1211,-1752,536,4333,-162,350,672
51.62975,171,1211,-1750,536,4332,-163,350,672
51.63025,172,1211,-1747,535,4331,-163,349,671
51.63075,171,1211,-1745,534,4329,-163,349,672
51.63125,172,1211,-1745,534,4324,-163,349,671
51.63175,171,1212,-1746,535,4326,-163,349,671
51.63225,172,1212,-1746,536,4321,-164,349,671
51.63275,172,1212,-1747,536,4320,-163,350,671
51.63325,172,1212,-1747,537,4322,-163,350,671
51.63375,172,1212,-1747,536,4323,-163,350,671
51.63425,172,1212,-1748,535,4322,-163,349,671
51.63475,172,1213,-1748,534,4348,-163,349,672
51.63525,172,1213,-1748,532,4370,-164,349,672
51.63575,172,1213,-1748,532,4372,-164,349,672
51.63625,172,1213,-1749,534,4363,-163,350,672
51.63675,172,1213,-1751,536,4335,-164,351,672
51.63725,172,1214,-1752,536,4321,-163,351,672
51.63775,172,1214,-1752,536,4322,-164,351,671
51.63825,172,1214,-1751,535,4325,-164,350,671
51.63875,172,1214,-1749,536,4328,-164,349,671
51.63925,172,1214,-1751,537,4333,-164,349,671
51.63975,172,1214,-1751,538,4338,-164,349,671
51.64025,172,1214,-1752,538,4342,-164,350,671
51.64075,172,1214,-1751,536,4345,-164,350,671
51.64125,172,1214,-1750,534,4348,-164,350,671
51.64175,172,1215,-1747,533,4350,-163,350,671
51.64225,173,1215,-1743,532,4352,-164,350,671
51.64275,173,1215,-1739,533,4356,-163,350,672
51.64325,173,1215,-1738,535,4357,-163,350,671
51.64375,173,1215,-1740,535,4358,-164,350,671
51.64425,173,1215,-1744,536,4354,-164,350,670
51.64475,173,1216,-1746,536,4387,-164,350,671
51.64525,173,1216,-1747,533,4417,-164,350,671
51.64575,173,1216,-1749,531,4413,-164,350,671
51.64625,173,1216,-1751,532,4402,-164,350,671
51.64675,173,1217,-1751,533,4372,-164,350,671
51.64725,173,1217,-1752,532,4357,-164,350,670
51.64775,173,1217,-1753,532,4359,-164,350,671
51.64825,173,1217,-1752,532,4370,-164,351,671
51.64875,174,1217,-1752,533,4374,-164,350,671
51.64925,174,1217,-1751,533,4379,-164,350,671
51.64975,174,1217,-1749,535,4382,-164,350,671
51.65025,174,1218,-1748,537,4384,-164,350,671
51.65075,174,1217,-1750,538,4391,-164,349,672
51.65125,174,1218,-1751,539,4398,-165,348,671
51.65175,174,1218,-1749,540,4405,-165,348,671
51.65225,174,1218,-1747,538,4403,-165,348,671
51.65275,175,1218,-1746,537,4405,-165,348,671
51.65325,175,1218,-1747,537,4411,-165,349,671
51.65375,175,1218,-1748,536,4416,-165,348,672
51.65425,174,1218,-1748,536,4423,-165,348,672
51.65475,174,1219,-1747,537,4465,-165,348,673
51.65525,174,1219,-1747,537,4486,-165,348,672
51.65575,174,1220,-1748,536,4481,-165,349,672
51.65625,174,1220,-1749,535,4475,-165,350,672
51.65675,174,1220,-1751,535,4450,-165,350,672
51.65725,174,1220,-1751,535,4437,-164,350,672
51.65775,174,1220,-1750,534,4437,-164,349,673
51.65825,174,1220,-1748,532,4438,-164,349,672
51.65875,175,1220,-1746,530,4445,-164,349,673
51.65925,175,1220,-1745,529,4459,-165,349,673
51.659748,175,1221,-1746,529,4460,-165,349,673
51.66025,175,1221,-1746,530,4463,-165,349,672
51.66075,175,1222,-1744,532,4468,-165,349,672
51.66125,175,1222,-1745,532,4477,-165,349,672
51.66175,176,1222,-1746,533,4478,-165,349,672
51.66225,175,1222,-1747,534,4479,-165,349,672
51.66275,176,1223,-1747,533,4481,-165,349,673
51.66325,176,1223,-1746,532,4481,-165,349,673
51.66375,176,1224,-1746,532,4475,-165,349,673
51.66425,176,1224,-1746,532,4480,-165,349,673
51.66475,176,1224,-1746,534,4521,-165,349,673
51.66525,176,1225,-1746,534,4538,-165,349,673
51.66575,176,1225,-1745,534,4537,-165,349,673
51.66625,176,1226,-1746,534,4525,-165,350,673
51.66675,175,1226,-1745,534,4496,-165,350,673
51.66725,176,1226,-1746,534,4490,-165,350,673
51.66785,176,1227,-1746,534,4495,-165,349,673
51.66835,175,1227,-1747,535,4501,-166,349,673
51.66885,176,1228,-1747,535,4511,-166,349,673
51.66935,176,1228,-1747,535,4517,-166,350,673
51.66985,176,1228,-1748,535,4521,-166,350,673
51.67035,175,1229,-1747,534,4525,-166,350,673
51.67085,176,1229,-1746,530,4528,-166,350,673
51.67135,175,1230,-1746,528,4531,-166,350,673
51.67185,176,1230,-1746,528,4533,-166,349,673
51.67235,176,1230,-1746,529,4535,-166,349,672
51.67285,176,1230,-1746,531,4539,-166,349,672
51.67335,176,1230,-1747,533,4547,-166,350,672
51.67385,176,1230,-1748,533,4549,-165,349,672
51.67435,177,1230,-1748,533,4553,-166,349,673
51.67485,176,1231,-1749,534,4588,-166,349,672
51.67535,176,1231,-1749,533,4586,-166,349,672
51.67585,176,1232,-1749,534,4585,-166,349,672
51.67635,176,1233,-1748,533,4567,-166,350,673
51.67685,176,1233,-1747,534,4536,-166,350,673
51.67735,176,1233,-1746,534,4525,-167,350,673
51.67785,176,1233,-1746,534,4525,-166,350,673
51.67835,177,1234,-1745,533,4529,-167,350,673
51.67885,177,1234,-1744,533,4535,-167,350,672
51.67935,177,1234,-1744,533,4537,-167,350,672
51.67985,177,1234,-1744,533,4542,-167,350,672
51.68035,177,1235,-1745,533,4543,-167,350,672
51.68085,177,1235,-1746,533,4543,-167,350,672
51.68135,177,1235,-1746,533,4543,-167,350,673
51.68185,177,1236,-1746,532,4540,-167,350,674
51.68235,177,1236,-1746,533,4536,-166,350,675
51.68285,177,1236,-1746,533,4543,-167,349,676
51.68335,178,1236,-1746,533,4543,-167,350,676
51.68385,178,1237,-1746,533,4543,-167,350,676
51.68435,178,1237,-1746,534,4553,-167,350,677
51.68485,177,1237,-1746,535,4588,-167,349,676
51.68535,177,1237,-1746,534,4591,-167,350,676
51.68585,177,1238,-1746,533,4590,-167,349,676
51.68635,178,1238,-1745,533,4572,-167,350,675
51.68685,178,1238,-1745,533,4541,-167,350,675
51.68735,178,1238,-1745,533,4529,-168,350,675
51.68785,178,1239,-1745,533,4532,-168,350,675
51.68835,178,1238,-1745,533,4539,-168,350,675
51.68885,178,1239,-1746,533,4547,-168,351,675
51.68935,178,1239,-1746,533,4553,-168,351,675
51.68985,178,1239,-1746,533,4554,-168,350,675
51.69035,178,1240,-1746,534,4556,-168,350,675
51.69085,178,1240,-1747,534,4561,-168,350,675
51.69135,178,1240,-1747,534,4565,-167,350,675
51.69185,179,1240,-1747,533,4566,-168,350,675
51.69235,179,1240,-1746,533,4567,-167,350,675
51.69285,179,1241,-1745,533,4569,-168,350,674
51.69335,179,1241,-1745,534,4571,-168,350,674
51.69385,179,1241,-1745,533,4577,-168,350,674
51.69435,179,1241,-1746,534,4588,-168,350,674
51.69485,179,1241,-1746,534,4620,-168,350,674
51.69535,179,1241,-1746,534,4624,-169,350,674
51.69585,179,1241,-1746,534,4617,-169,350,674
51.69635,179,1241,-1746,534,4596,-169,351,674
51.69685,180,1242,-1746,534,4572,-169,350,674
51.69735,179,1242,-1747,534,4567,-169,351,674
51.69785,180,1242,-1746,534,4569,-169,351,674
51.69835,180,1242,-1746,535,4574,-169,351,674
51.69885,179,1242,-1747,535,4587,-169,351,674
51.69935,180,1242,-1747,534,4595,-169,351,675
51.69985,179,1242,-1747,533,4599,-169,350,674
51.70035,180,1243,-1747,531,4600,-169,350,675
51.70085,180,1242,-1746,530,4606,-169,350,675
51.70135,180,1243,-1746,531,4605,-169,350,675
51.70185,180,1242,-1746,531,4604,-169,350,676
51.70235,180,1243,-1746,533,4607,-169,350,676
51.70285,180,1243,-1746,533,4617,-169,349,676
51.70335,180,1243,-1746,533,4620,-169,349,676
51.70385,180,1243,-1746,533,4617,-169,349,676
51.70435,181,1243,-1746,533,4632,-169,350,677
51.70485,181,1243,-1745,533,4671,-169,350,677
51.70535,181,1243,-1745,533,4673,-169,350,676
51.70585,180,1243,-1745,533,4671,-169,350,676
51.70635,180,1244,-1745,533,4660,-168,351,676
51.70685,181,1243,-1746,533,4640,-169,351,676
51.70735,181,1243,-1746,534,4638,-168,351,676
51.70785,181,1243,-1746,534,4645,-169,350,676
51.70835,181,1243,-1745,533,4656,-169,350,676
51.70885,181,1243,-1746,533,4669,-169,350,676
51.70935,181,1243,-1746,533,4676,-169,350,676
51.70985,181,1244,-1746,533,4682,-169,350,677
51.71035,181,1243,-1746,533,4687,-169,350,676
51.71085,181,1243,-1746,533,4688,-169,350,677
51.71135,181,1243,-1746,533,4696,-169,350,676
51.71185,181,1243,-1746,533,4699,-169,351,676
51.71235,181,1243,-1745,533,4705,-169,351,677
51.71285,181,1243,-1746,533,4710,-169,351,677
51.71335,181,1244,-1746,533,4709,-169,351,677
51.71385,181,1244,-1746,533,4711,-169,351,678
51.71435,182,1243,-1745,534,4729,-169,350,678
51.71485,181,1243,-1745,534,4772,-169,350,678
51.71535,182,1243,-1745,534,4775,-169,351,678
51.71585,181,1244,-1745,534,4777,-169,350,678
51.71635,182,1244,-1746,533,4761,-169,351,678
51.71685,181,1244,-1746,534,4744,-169,351,678
51.71735,181,1244,-1746,534,4750,-169,351,678
51.71785,182,1244,-1746,534,4760,-169,351,678
51.71835,182,1244,-1746,533,4772,-168,351,678
51.71885,182,1244,-1745,533,4786,-168,351,678
51.71935,182,1244,-1746,532,4796,-168,351,678
51.71985,182,1243,-1746,532,4806,-168,351,678
51.72035,182,1244,-1746,532,4816,-169,352,677
51.720848,182,1243,-1746,532,4824,-169,352,677
51.72135,182,1243,-1746,533,4826,-169,352,677
51.72185,182,1244,-1746,533,4830,-169,352,677
51.72235,182,1244,-1746,533,4837,-169,352,677
51.72285,182,1243,-1746,533,4846,-168,352,677
51.72335,182,1243,-1746,533,4854,-169,352,677
51.72385,182,1243,-1746,533,4856,-169,352,677
51.72435,182,1243,-1746,533,4878,-169,352,678
51.72485,182,1243,-1746,533,4921,-168,353,678
51.72535,182,1243,-1746,533,4937,-168,353,677
51.72585,182,1243,-1745,532,4938,-169,353,677
51.72635,183,1243,-1744,531,4915,-169,353,677
51.72685,183,1243,-1744,532,4894,-168,353,677
51.72735,183,1244,-1745,532,4896,-169,352,677
51.72785,183,1243,-1745,532,4905,-169,352,677
51.72835,183,1244,-1745,532,4917,-169,351,677
51.72885,182,1243,-1745,532,4928,-169,351,677
51.72945,182,1243,-1745,532,4935,-169,351,678
51.72995,182,1243,-1746,532,4941,-169,351,677
51.73045,182,1244,-1746,532,4954,-169,351,678
51.73095,182,1244,-1745,532,4962,-169,351,677
51.73145,183,1243,-1745,532,4975,-169,351,678
51.73195,183,1243,-1745,532,4981,-169,351,677
51.73245,183,1243,-1745,532,4991,-169,351,678
51.73295,183,1243,-1745,532,4999,-169,351,678
51.73345,183,1243,-1745,532,5013,-169,351,678
51.73395,183,1243,-1745,532,5022,-168,351,678
51.73445,183,1243,-1745,533,5048,-168,351,678
51.73495,183,1243,-1745,533,5085,-168,351,678
51.73545,183,1243,-1745,532,5094,-168,351,678
51.73595,182,1243,-1746,532,5097,-168,351,678
51.73645,183,1243,-1746,533,5080,-168,352,678
51.73695,183,1243,-1746,533,5068,-168,351,678
51.73745,183,1243,-1746,533,5076,-168,352,679
51.73795,183,1242,-1745,533,5085,-167,352,678
51.73845,183,1243,-1745,532,5098,-168,351,678
51.73895,183,1242,-1745,532,5120,-168,351,678
51.73945,183,1242,-1745,531,5135,-168,351,678
51.73995,182,1243,-1745,531,5147,-167,351,678
51.74045,181,1243,-1745,531,5157,-167,352,678
51.74095,181,1243,-1745,531,5166,-167,352,679
51.74145,181,1243,-1746,532,5173,-167,352,678
51.74195,182,1243,-1746,532,5175,-167,352,678
51.74245,182,1243,-1745,531,5186,-167,352,678
51.74295,183,1243,-1745,531,5199,-167,352,678
51.74345,182,1243,-1744,532,5207,-167,352,678
51.74395,182,1242,-1745,532,5209,-167,352,678
51.74445,182,1242,-1744,532,5238,-167,352,678
51.74495,182,1242,-1744,532,5273,-167,352,678
51.74545,182,1242,-1744,531,5278,-167,352,678
51.74595,182,1243,-1745,531,5274,-167,353,678
51.74645,182,1242,-1745,531,5251,-167,354,678
51.74695,183,1242,-1745,532,5237,-167,353,678
51.74745,182,1242,-1746,532,5240,-167,354,678
51.74795,182,1242,-1746,533,5247,-167,353,678
51.74845,182,1242,-1746,533,5259,-167,354,678
51.74895,182,1242,-1746,532,5268,-167,353,678
51.74945,182,1242,-1746,530,5276,-167,353,678
51.74995,182,1243,-1745,529,5283,-167,352,679
51.75045,182,1242,-1743,529,5289,-167,353,679
51.75095,182,1243,-1743,529,5292,-167,353,679
51.75145,182,1242,-1743,530,5299,-166,353,679
51.75195,182,1242,-1744,531,5307,-167,353,679
51.75245,182,1242,-1744,532,5312,-166,353,679
51.75295,182,1242,-1744,532,5319,-166,354,679
51.75345,182,1242,-1745,532,5326,-166,353,679
51.75395,182,1242,-1745,532,5331,-166,353,679
51.75445,182,1242,-1745,533,5363,-166,353,679
51.75495,182,1242,-1744,532,5394,-166,354,679
51.75545,182,1242,-1744,532,5393,-166,354,679
51.75595,182,1241,-1744,531,5390,-166,355,679
51.75645,182,1242,-1744,529,5369,-167,354,678
51.75695,182,1242,-1744,529,5353,-167,355,678
51.75745,182,1242,-1744,529,5361,-166,354,678
51.75795,182,1242,-1744,530,5370,-166,354,679
51.75845,182,1241,-1744,530,5376,-167,354,679
51.75895,182,1242,-1744,530,5377,-166,354,679
51.75945,182,1242,-1744,530,5380,-167,355,678
51.75995,182,1242,-1744,531,5384,-167,355,678
51.76045,182,1242,-1744,531,5392,-167,355,678
51.76095,182,1242,-1744,530,5396,-166,355,678
51.76145,182,1241,-1744,530,5395,-166,355,678
51.76195,182,1241,-1743,530,5394,-166,355,678
51.76245,182,1241,-1744,530,5393,-166,355,679
51.76295,182,1241,-1744,530,5392,-166,355,678
51.76345,182,1242,-1744,530,5385,-166,355,678
51.76395,182,1242,-1744,531,5382,-166,356,679
51.76445,182,1242,-1743,532,5410,-166,355,679
51.76495,182,1241,-1743,532,5426,-166,355,679
51.76545,183,1241,-1743,532,5422,-166,355,678
51.76595,182,1241,-1743,531,5414,-166,355,678
51.76645,182,1242,-1742,530,5389,-166,355,678
51.76695,183,1242,-1743,530,5368,-166,355,679
51.76745,182,1241,-1744,531,5363,-166,355,678
51.76795,182,1242,-1745,531,5356,-166,355,678
51.76845,182,1242,-1744,531,5361,-165,356,678
51.76895,182,1242,-1745,531,5363,-165,356,679
51.76945,182,1242,-1745,532,5357,-165,356,679
51.76995,182,1242,-1745,532,5345,-165,356,679
51.77045,182,1242,-1745,533,5340,-165,356,679
51.77095,182,1241,-1744,532,5338,-166,356,679
51.77145,182,1242,-1744,531,5333,-165,356,679
51.77195,181,1242,-1744,529,5325,-166,357,679
51.77245,181,1242,-1743,529,5312,-165,357,679
51.77295,181,1242,-1743,529,5300,-166,357,679
51.77345,182,1242,-1744,531,5288,-166,356,679
51.77395,182,1241,-1744,531,5271,-165,356,679
51.77445,182,1241,-1744,530,5286,-165,356,679
51.77495,182,1242,-1744,528,5291,-165,356,679
51.77545,182,1242,-1745,529,5272,-165,356,679
51.77595,182,1242,-1746,531,5248,-165,357,679
51.77645,182,1241,-1747,533,5205,-165,357,678
51.77695,182,1241,-1748,533,5178,-165,357,679
51.77745,182,1241,-1748,533,5168,-165,358,679
51.77795,182,1241,-1748,534,5151,-165,358,679
51.77845,181,1242,-1747,534,5145,-165,358,680
51.77895,181,1242,-1747,536,5143,-164,358,680
51.77945,181,1242,-1748,536,5137,-164,358,680
51.77995,181,1242,-1748,537,5126,-164,358,680
51.78045,181,1243,-1746,537,5114,-165,358,680
51.78095,181,1242,-1744,534,5101,-165,358,680
51.78145,181,1242,-1742,531,5089,-164,358,680
51.781948,182,1242,-1742,529,5076,-164,358,679
51.78245,182,1243,-1742,528,5063,-164,358,680
51.78295,181,1242,-1743,529,5049,-164,357,680
51.78345,182,1243,-1744,531,5043,-164,357,680
51.78395,181,1243,-1746,533,5031,-164,358,680
51.78445,181,1243,-1746,533,5055,-164,358,680
51.78495,181,1243,-1745,531,5058,-164,358,680
51.78545,181,1243,-1744,530,5045,-164,358,680
51.78595,181,1243,-1743,529,5020,-164,358,680
51.78645,181,1243,-1743,528,4979,-164,359,680
51.78695,181,1243,-1742,528,4957,-164,359,680
51.78745,181,1244,-1742,529,4948,-163,360,680
51.78795,181,1243,-1743,529,4942,-164,359,680
51.78845,181,1243,-1743,530,4937,-164,359,680
51.78895,181,1243,-1745,531,4930,-164,359,679
51.78945,182,1243,-1747,531,4920,-163,359,680
51.78995,181,1243,-1749,531,4906,-163,359,680
51.79045,182,1244,-1750,531,4900,-164,359,680
51.79095,181,1243,-1751,532,4892,-163,358,680
51.79155,181,1244,-1751,533,4883,-163,359,680
51.79205,181,1244,-1750,532,4873,-163,359,680
51.79255,181,1244,-1747,532,4862,-163,358,680
51.79305,181,1245,-1743,530,4852,-163,358,680
51.79355,181,1245,-1740,530,4842,-163,358,680
51.79405,181,1245,-1740,530,4834,-163,359,680
51.79455,181,1245,-1741,531,4861,-162,359,680
51.79505,181,1245,-1742,530,4862,-163,360,680
51.79555,181,1244,-1742,530,4844,-163,360,680
51.79605,181,1245,-1743,530,4822,-163,360,680
51.79655,181,1245,-1744,529,4782,-163,360,680
51.79705,182,1245,-1744,530,4764,-162,360,680
51.79755,181,1245,-1746,531,4762,-162,359,680
51.79805,181,1245,-1748,532,4761,-162,358,680
51.79855,181,1245,-1749,532,4764,-162,358,680
51.79905,181,1246,-1748,532,4764,-162,358,680
51.79955,181,1246,-1746,531,4763,-162,358,680
51.80005,181,1246,-1743,531,4764,-162,358,680
51.80055,181,1246,-1742,531,4764,-162,359,679
51.80105,181,1246,-1743,531,4762,-162,359,679
51.80155,181,1246,-1744,531,4755,-162,359,679
51.80205,181,1247,-1745,531,4751,-162,359,679
51.80255,181,1247,-1745,531,4752,-162,359,679
51.80305,181,1247,-1745,531,4753,-162,359,679
51.80355,181,1247,-1745,531,4750,-162,359,679
51.80405,181,1247,-1744,532,4754,-162,359,679
51.80455,181,1247,-1745,532,4792,-162,358,680
51.80505,181,1247,-1744,532,4800,-161,359,680
51.80555,181,1247,-1745,533,4803,-161,358,680
51.80605,181,1247,-1746,533,4786,-161,359,680
51.80655,181,1247,-1747,533,4754,-161,359,680
51.80705,181,1248,-1747,532,4742,-161,359,680
51.80755,181,1248,-1746,531,4741,-161,359,680
51.80805,181,1248,-1745,531,4743,-161,358,680
51.80855,181,1248,-1745,533,4749,-161,358,680
51.80905,181,1248,-1745,534,4753,-161,357,680
51.80955,181,1248,-1745,534,4753,-161,358,680
51.81005,181,1248,-1745,534,4753,-161,358,680
51.81055,181,1248,-1745,533,4755,-161,358,680
51.81105,181,1249,-1745,532,4757,-161,358,680
51.81155,181,1249,-1746,531,4757,-161,358,680
51.81205,181,1249,-1745,531,4755,-161,358,680
51.81255,181,1249,-1745,531,4752,-161,358,680
51.81305,181,1249,-1746,532,4752,-160,358,680
51.81355,181,1249,-1745,532,4749,-160,357,680
51.81405,181,1250,-1745,533,4753,-160,358,680
51.81455,180,1250,-1745,532,4788,-160,358,680
51.81505,180,1250,-1744,531,4787,-160,358,680
51.81555,180,1250,-1744,531,4781,-160,358,680
51.81605,181,1250,-1745,531,4758,-160,358,680
51.81655,180,1251,-1746,532,4723,-160,358,680
51.81705,180,1250,-1745,532,4712,-160,358,680
51.81755,181,1251,-1745,532,4706,-160,358,680
51.81805,181,1251,-1745,531,4703,-159,358,680
51.81855,181,1251,-1745,532,4708,-160,358,680
51.81905,181,1251,-1746,532,4708,-159,358,680
51.81955,181,1251,-1747,532,4704,-159,358,680
51.82005,181,1251,-1747,532,4701,-159,358,680
51.82055,181,1251,-1746,532,4696,-160,359,680
51.82105,181,1251,-1745,532,4690,-159,358,680
51.82155,181,1252,-1744,532,4685,-159,358,680
51.82205,181,1252,-1744,532,4676,-159,358,680
51.82255,181,1252,-1745,532,4668,-159,358,680
51.82305,181,1252,-1745,534,4664,-158,358,680
51.82355,181,1252,-1746,534,4658,-159,358,681
51.82405,181,1252,-1746,535,4657,-158,358,681
51.82455,181,1252,-1746,535,4683,-158,358,681
51.82505,181,1253,-1747,535,4679,-158,358,681
51.82555,181,1253,-1747,536,4670,-158,358,681
51.82605,181,1253,-1747,535,4645,-158,358,681
51.82655,181,1253,-1746,534,4611,-158,358,680
51.82705,181,1253,-1746,532,4600,-157,358,680
51.82755,181,1254,-1745,530,4600,-158,358,680
51.82805,181,1253,-1745,529,4598,-157,358,680
51.82855,181,1254,-1745,529,4596,-157,358,680
51.82905,182,1254,-1746,530,4591,-158,358,680
51.82955,181,1254,-1746,532,4585,-157,358,680
51.83005,181,1254,-1747,532,4578,-157,358,680
51.83055,181,1255,-1747,533,4570,-157,358,680
51.83105,181,1255,-1747,534,4563,-157,358,680
51.83155,181,1255,-1747,534,4557,-157,358,680
51.83205,181,1255,-1746,534,4552,-157,358,680
51.83255,181,1255,-1747,534,4544,-156,358,680
51.83305,181,1256,-1747,534,4539,-156,358,680
51.83355,181,1256,-1747,534,4534,-157,358,680
51.83405,181,1256,-1747,535,4542,-157,358,680
51.83455,182,1256,-1747,534,4575,-156,357,681
51.83505,182,1256,-1746,533,4570,-156,358,680
51.83555,181,1256,-1746,533,4553,-156,358,680
51.83605,181,1256,-1746,531,4534,-156,358,680
51.83655,182,1257,-1744,530,4507,-156,358,680
51.83705,181,1257,-1744,530,4499,-156,358,680
51.83755,182,1257,-1745,531,4500,-156,359,680
51.83805,182,1257,-1746,532,4500,-155,358,680
51.83855,182,1257,-1747,533,4500,-155,358,680
51.83905,182,1257,-1746,534,4494,-155,357,680
51.83955,182,1258,-1747,534,4488,-155,357,681
51.84005,182,1258,-1747,534,4480,-155,357,681
51.84055,181,1258,-1747,534,4467,-155,357,681
51.84105,182,1258,-1747,534,4457,-155,357,682
51.84155,182,1258,-1747,534,4447,-155,357,681
51.84205,182,1259,-1747,534,4441,-154,357,682
51.84255,182,1259,-1747,534,4430,-154,357,682
51.84305,182,1259,-1747,534,4425,-154,358,682
51.84355,182,1259,-1747,534,4413,-154,357,682
51.84405,183,1259,-1746,534,4415,-154,357,682
51.84455,183,1259,-1746,534,4441,-154,357,681
51.84505,183,1260,-1746,533,4432,-154,356,681
51.84555,182,1260,-1746,533,4413,-154,356,681
51.84605,183,1260,-1746,533,4380,-154,356,681
51.84655,183,1260,-1746,534,4346,-154,356,681
51.84705,182,1260,-1746,534,4333,-154,356,681
51.84755,183,1261,-1747,535,4329,-154,357,681
51.84805,182,1261,-1747,535,4328,-154,357,680
51.84855,183,1261,-1747,536,4329,-154,356,681
51.84905,183,1262,-1747,536,4330,-154,357,681
51.84955,182,1261,-1747,536,4319,-153,357,681
51.85005,182,1262,-1747,536,4314,-153,357,681
51.85055,182,1262,-1747,537,4314,-152,357,681
51.85105,183,1262,-1747,536,4310,-153,357,681
51.85155,183,1262,-1747,535,4305,-152,357,681
51.85205,182,1263,-1747,534,4295,-153,357,681
51.85255,183,1262,-1746,534,4284,-153,356,680
51.85315,183,1263,-1747,534,4277,-153,357,680
51.85365,183,1263,-1747,534,4273,-153,356,681
51.85415,183,1263,-1747,534,4280,-152,356,682
51.85465,183,1263,-1747,534,4299,-152,356,683
51.85515,183,1263,-1747,533,4288,-151,356,683
51.85565,183,1264,-1747,533,4270,-152,356,684
51.85615,183,1264,-1747,533,4233,-152,356,684
51.85665,183,1264,-1747,533,4205,-152,356,683
51.85715,183,1265,-1747,534,4193,-152,356,683
51.85765,183,1264,-1747,534,4178,-151,356,683
51.85815,183,1265,-1748,534,4173,-151,356,683
51.85865,183,1265,-1748,535,4174,-151,355,683
51.85915,184,1265,-1748,534,4169,-151,355,683
51.85965,184,1265,-1748,535,4163,-151,355,684
51.86015,183,1266,-1748,535,4160,-151,355,684
51.86065,183,1266,-1747,535,4163,-151,355,684
51.86115,184,1266,-1748,535,4162,-151,356,683
51.86165,184,1266,-1748,536,4156,-151,355,683
51.86215,184,1266,-1747,536,4145,-152,356,683
51.86265,184,1267,-1748,536,4137,-151,355,683
51.86315,184,1267,-1748,536,4134,-151,355,683
51.86365,184,1267,-1747,536,4130,-151,355,684
51.86415,185,1268,-1746,536,4141,-150,354,684
51.86465,185,1268,-1746,535,4174,-150,355,684
51.86515,185,1268,-1746,536,4169,-150,355,684
51.86565,185,1268,-1746,535,4161,-150,355,684
51.86615,185,1268,-1747,535,4132,-150,355,684
51.86665,185,1268,-1747,535,4104,-150,355,685
51.86715,185,1269,-1747,535,4098,-150,355,685
51.86765,186,1269,-1747,535,4093,-150,354,685
51.86815,185,1269,-1747,535,4093,-150,355,685
51.86865,185,1269,-1747,535,4095,-150,356,685
51.86915,186,1270,-1747,535,4091,-150,355,685
51.86965,186,1270,-1747,535,4085,-150,356,685
51.87015,185,1270,-1747,535,4079,-150,356,685
51.87065,185,1270,-1747,535,4076,-150,356,685
51.87115,186,1271,-1747,535,4073,-150,356,685
51.87165,186,1271,-1747,536,4071,-150,356,685
51.87215,186,1272,-1747,536,4067,-150,356,685
51.87265,186,1271,-1747,535,4062,-150,356,685
51.87315,186,1271,-1748,536,4059,-149,356,685
51.87365,186,1272,-1748,536,4053,-149,355,686
51.87415,186,1272,-1748,536,4069,-149,354,686
51.87465,187,1273,-1748,536,4098,-149,354,686
51.87515,186,1273,-1747,535,4087,-149,354,686
51.87565,186,1273,-1747,535,4069,-149,354,686
51.87615,186,1273,-1747,535,4037,-149,353,687
51.87665,187,1274,-1747,535,4007,-149,353,687
51.87715,187,1273,-1747,536,3995,-149,353,687
51.87765,187,1274,-1748,536,3995,-149,353,687
51.87815,186,1274,-1748,537,3996,-149,352,688
51.87865,187,1274,-1748,537,3999,-149,353,688
51.87915,187,1275,-1748,538,3999,-149,353,688
51.87965,187,1275,-1748,537,3997,-149,353,688
51.88015,187,1275,-1747,538,3992,-149,353,688
51.88065,187,1275,-1747,537,3989,-149,353,689
51.88115,187,1276,-1747,537,3984,-149,353,690
51.88165,187,1276,-1747,537,3974,-149,353,689
51.88215,187,1276,-1747,535,3974,-148,353,689
51.88265,187,1276,-1747,535,3971,-148,352,689
51.88315,187,1277,-1747,536,3967,-148,353,689
51.88365,187,1277,-1747,536,3959,-148,353,689
51.88415,187,1277,-1748,537,3976,-148,352,689
51.88465,188,1277,-1748,536,3999,-148,352,689
51.88515,187,1277,-1748,536,3993,-148,352,689
51.88565,187,1278,-1748,537,3983,-148,352,690
51.88615,187,1278,-1748,536,3952,-148,352,689
51.88665,187,1279,-1748,536,3930,-147,352,689
51.88715,187,1279,-1748,537,3918,-147,352,689
51.88765,187,1279,-1747,537,3914,-147,351,690
51.88815,188,1279,-1747,537,3917,-147,351,690
51.88865,188,1280,-1748,537,3922,-147,351,690
51.88915,188,1280,-1748,537,3919,-147,351,690
51.88965,187,1280,-1748,537,3912,-147,351,690
51.89015,188,1281,-1748,536,3909,-147,351,691
51.89065,188,1281,-1748,537,3906,-147,350,690
51.89115,188,1281,-1748,536,3898,-147,350,691
51.89165,188,1281,-1748,537,3898,-147,350,691
51.89215,188,1282,-1747,537,3889,-146,350,691
51.89265,188,1282,-1748,537,3882,-146,350,691
51.89315,188,1282,-1747,537,3879,-146,350,691
51.89365,188,1282,-1748,537,3875,-147,350,690
51.89415,188,1282,-1748,538,3899,-146,350,690
51.89465,188,1283,-1748,537,3922,-147,350,690
51.89515,188,1283,-1748,536,3910,-146,351,690
51.89565,188,1284,-1747,536,3894,-146,351,690
51.89615,188,1284,-1747,536,3858,-146,352,690
51.89665,188,1284,-1747,536,3832,-146,351,690
51.89715,189,1284,-1747,537,3825,-146,351,691
51.89765,189,1284,-1747,537,3821,-146,351,691
51.89815,189,1285,-1747,538,3819,-146,352,691
51.89865,189,1285,-1747,538,3823,-145,351,692
51.89915,188,1285,-1748,538,3823,-145,351,691
51.89965,188,1286,-1748,537,3826,-145,352,691
51.90015,189,1286,-1747,537,3823,-146,352,692
51.90065,188,1286,-1747,537,3821,-145,352,692
51.90115,189,1287,-1748,537,3825,-146,352,692
51.90165,189,1286,-1748,537,3826,-146,352,692
51.90215,188,1287,-1749,538,3818,-146,352,692
51.90265,189,1287,-1748,537,3811,-146,351,692
51.90315,189,1287,-1748,537,3809,-146,351,692
51.90365,189,1288,-1748,537,3805,-146,351,693
51.90415,189,1288,-1748,537,3827,-146,351,693
51.90465,189,1288,-1748,538,3838,-145,350,693
51.90515,189,1288,-1748,537,3827,-146,351,693
51.90565,189,1289,-1748,537,3814,-146,350,694
51.90615,189,1289,-1748,537,3781,-146,350,694
51.90665,189,1289,-1748,537,3762,-145,350,693
51.90715,189,1289,-1748,537,3757,-145,350,694
51.90765,189,1289,-1748,537,3748,-146,350,694
51.90815,189,1290,-1748,537,3750,-145,350,694
51.90865,189,1290,-1747,538,3751,-145,350,694
51.90915,189,1290,-1748,537,3747,-145,350,694
51.90965,189,1290,-1748,538,3742,-146,350,694
51.91015,189,1290,-1747,537,3738,-145,350,694
51.91065,189,1291,-1747,538,3735,-145,350,694
51.911148,189,1291,-1747,537,3732,-145,350,693
51.91165,190,1291,-1748,538,3728,-145,350,692
51.91215,189,1291,-1748,537,3717,-145,349,693
51.91265,189,1291,-1748,538,3712,-145,349,693
51.91315,190,1292,-1748,538,3703,-145,349,694
51.91365,189,1292,-1748,538,3698,-145,349,694
51.91425,190,1292,-1748,540,3732,-144,348,695
51.91475,190,1292,-1749,539,3740,-145,348,694
51.91525,190,1292,-1749,539,3723,-145,348,694
51.91575,189,1292,-1749,540,3705,-145,349,694
51.91625,189,1292,-1749,540,3672,-145,348,695
51.91675,189,1293,-1749,540,3652,-144,348,695
51.91725,190,1293,-1749,540,3640,-144,348,696
51.91775,189,1293,-1749,541,3639,-144,348,696
51.91825,189,1293,-1748,540,3647,-144,347,696
51.91875,190,1293,-1748,539,3645,-144,347,697
51.91925,190,1293,-1748,537,3635,-144,347,697
51.91975,189,1294,-1748,536,3619,-143,347,699
51.92025,189,1294,-1747,535,3613,-143,347,700
51.92075,189,1294,-1747,535,3613,-142,347,701
51.92125,189,1295,-1748,536,3614,-141,348,701
51.92175,188,1294,-1748,537,3607,-141,348,701
51.92225,189,1294,-1748,538,3600,-141,348,701
51.92275,189,1294,-1748,538,3596,-141,349,700
51.92325,189,1294,-1748,538,3594,-140,348,700
51.92375,189,1294,-1748,538,3592,-140,349,699
51.92425,188,1294,-1748,539,3621,-140,348,699
51.92475,189,1294,-1748,539,3623,-140,349,698
51.92525,189,1294,-1748,539,3611,-141,349,698
51.92575,189,1294,-1749,539,3597,-141,349,698
51.92625,189,1294,-1749,539,3565,-141,349,698
51.92675,189,1294,-1750,539,3551,-141,350,698
51.92725,189,1294,-1749,539,3548,-141,349,698
51.92775,188,1294,-1749,539,3548,-141,350,698
51.92825,188,1294,-1749,539,3550,-141,349,698
51.92875,188,1294,-1749,539,3548,-141,349,698
51.92925,188,1294,-1748,538,3542,-141,349,698
51.92975,188,1294,-1749,538,3537,-141,349,697
51.93025,188,1294,-1749,539,3535,-141,348,697
51.93075,188,1294,-1749,539,3529,-141,348,697
51.93125,188,1294,-1749,539,3526,-141,347,697
51.93175,188,1294,-1748,539,3526,-140,347,696
51.93225,187,1294,-1749,539,3522,-140,347,696
51.93275,187,1294,-1749,539,3521,-139,347,696
51.93325,187,1294,-1749,539,3519,-139,347,695
51.93375,187,1294,-1749,539,3519,-139,347,695
51.93425,187,1294,-1749,540,3547,-140,347,695
51.93475,187,1294,-1749,540,3548,-140,348,695
51.93525,187,1294,-1749,540,3535,-140,349,695
51.93575,187,1294,-1750,540,3516,-140,350,695
51.93625,187,1294,-1750,540,3480,-138,351,696
51.93675,187,1294,-1749,540,3471,-138,351,697
51.93725,187,1294,-1749,540,3474,-138,351,697
51.93775,187,1294,-1749,540,3472,-138,351,696
51.93825,186,1293,-1750,540,3479,-138,351,697
51.93875,186,1293,-1750,541,3489,-138,351,696
51.93925,186,1294,-1750,540,3487,-138,351,696
51.93975,186,1293,-1749,540,3491,-137,351,697
51.94025,186,1293,-1749,540,3493,-137,351,697
51.94075,186,1293,-1749,539,3489,-137,350,697
51.94125,186,1293,-1749,540,3490,-137,350,696
51.94175,186,1293,-1749,540,3496,-137,350,695
51.94225,186,1292,-1749,540,3502,-137,349,695
51.94275,186,1292,-1750,541,3500,-138,349,695
51.94325,186,1292,-1751,541,3503,-137,348,695
51.94375,186,1292,-1751,541,3514,-138,348,694
51.94425,186,1292,-1751,541,3553,-137,347,694
51.94475,185,1292,-1751,541,3565,-137,347,694
51.94525,185,1292,-1750,541,3563,-137,347,694
51.94575,185,1292,-1750,540,3547,-137,346,694
51.94625,185,1292,-1748,540,3522,-137,346,694
51.94675,185,1292,-1748,540,3518,-137,345,694
51.94725,185,1292,-1748,540,3525,-137,345,693
51.94775,185,1292,-1749,540,3531,-136,344,693
51.94825,184,1292,-1748,540,3534,-136,344,693
51.94875,184,1292,-1749,541,3538,-136,344,694
51.94925,185,1291,-1749,541,3542,-135,345,694
51.94975,185,1291,-1749,541,3550,-136,344,694
51.95025,185,1291,-1749,541,3554,-135,344,694
51.95075,185,1291,-1749,541,3556,-135,344,694
51.95125,185,1291,-1749,541,3558,-135,344,694
51.95175,184,1291,-1749,541,3559,-135,344,693
51.95225,184,1291,-1749,541,3559,-135,344,693
51.95275,184,1291,-1749,541,3552,-135,344,693
51.95325,184,1290,-1749,541,3550,-135,343,693
51.95375,184,1290,-1749,540,3560,-135,343,692
51.95425,184,1290,-1750,540,3598,-135,343,693
51.95475,184,1290,-1750,539,3603,-135,343,692
51.95525,183,1290,-1750,540,3590,-135,344,692
51.95575,184,1290,-1750,540,3566,-135,344,692
51.95625,183,1290,-1750,541,3541,-135,344,692
51.95675,184,1289,-1750,541,3534,-135,344,693
51.95725,184,1289,-1750,541,3534,-135,344,693
51.95775,183,1289,-1750,541,3536,-135,344,693
51.95825,183,1288,-1750,542,3542,-134,344,693
51.95875,183,1289,-1750,543,3548,-134,343,693
51.95925,183,1288,-1750,542,3553,-134,343,692
51.95975,183,1288,-1749,542,3555,-134,344,692
51.96025,184,1288,-1749,541,3561,-134,344,693
51.96075,183,1288,-1748,541,3560,-133,344,692
51.96125,183,1288,-1749,541,3552,-133,345,692
51.96175,183,1288,-1749,542,3554,-133,345,692
51.96225,183,1288,-1749,541,3557,-133,346,692
51.96275,183,1287,-1749,541,3555,-133,346,692
51.96325,183,1287,-1749,540,3555,-133,346,692
51.96375,183,1287,-1749,540,3566,-133,346,692
51.96425,183,1286,-1749,540,3598,-133,347,692
51.96475,183,1286,-1749,540,3599,-132,347,692
51.96525,183,1286,-1749,540,3594,-132,347,692
51.96575,183,1286,-1749,539,3576,-132,348,692
51.96625,183,1286,-1749,540,3553,-133,348,692
51.96675,183,1286,-1749,540,3552,-132,348,692
51.96725,183,1285,-1749,540,3556,-132,349,691
51.96775,183,1285,-1749,540,3562,-132,348,691
51.96825,183,1285,-1749,540,3565,-132,349,691
51.96875,183,1285,-1749,542,3566,-131,349,691
51.96925,182,1285,-1750,543,3566,-131,349,691
51.96975,182,1284,-1750,543,3569,-131,349,692
51.97025,183,1284,-1750,542,3578,-131,349,692
51.97075,182,1284,-1750,542,3587,-130,349,692
51.97125,182,1284,-1750,541,3592,-131,348,692
51.97175,182,1283,-1749,541,3595,-131,347,692
51.972248,182,1283,-1749,541,3596,-131,346,692
51.97275,182,1283,-1749,541,3595,-131,345,691
51.97325,181,1283,-1749,541,3591,-131,344,690
51.97375,182,1283,-1749,541,3598,-131,343,690
51.97425,182,1282,-1749,541,3635,-132,342,689
51.97475,182,1283,-1749,541,3633,-132,342,689
51.97525,181,1282,-1749,540,3615,-132,341,688
51.97585,182,1282,-1749,540,3586,-132,341,688
51.97635,181,1282,-1749,540,3565,-132,341,688
51.97685,181,1282,-1749,541,3561,-132,340,687
51.97735,181,1282,-1749,541,3564,-132,339,687
51.97785,181,1281,-1750,542,3565,-132,339,687
51.97835,181,1281,-1750,542,3572,-132,339,686
51.97885,181,1281,-1750,542,3579,-132,339,686
51.97935,181,1281,-1750,541,3587,-132,339,687
51.97985,181,1281,-1750,541,3588,-132,339,687
51.98035,181,1280,-1750,541,3582,-130,340,688
51.98085,181,1280,-1750,541,3581,-130,340,688
51.98135,181,1280,-1749,541,3585,-130,341,688
51.98185,181,1279,-1749,541,3586,-129,342,689
51.98235,181,1279,-1748,540,3583,-129,342,689
51.98285,181,1279,-1748,539,3575,-129,342,689
51.98335,180,1278,-1748,539,3573,-129,343,689
51.98385,181,1279,-1748,540,3591,-129,342,689
51.98435,181,1278,-1747,540,3622,-129,342,689
51.98485,180,1278,-1747,541,3619,-130,342,689
51.98535,181,1278,-1747,541,3611,-130,342,688
51.98585,180,1278,-1748,539,3589,-130,342,687
51.98635,181,1277,-1749,539,3572,-131,342,686
51.98685,180,1278,-1749,538,3568,-131,342,685
51.98735,180,1277,-1749,538,3577,-131,342,685
51.98785,180,1277,-1749,539,3580,-131,343,684
51.98835,180,1277,-1749,540,3587,-131,342,683
51.98885,180,1277,-1750,541,3596,-131,343,683
51.98935,179,1276,-1750,542,3595,-131,342,683
51.98985,179,1276,-1750,543,3595,-131,342,683
51.99035,180,1276,-1749,542,3594,-131,342,684
51.99085,179,1276,-1749,543,3594,-131,342,684
51.99135,179,1276,-1748,542,3600,-132,342,684
51.99185,179,1275,-1748,543,3601,-132,342,683
51.99235,179,1275,-1748,542,3600,-132,342,683
51.99285,179,1275,-1748,542,3595,-132,342,683
51.99335,179,1275,-1748,542,3594,-132,342,683
51.99385,180,1274,-1748,542,3612,-131,342,685
51.99435,179,1274,-1749,542,3647,-131,343,685
51.99485,179,1274,-1749,541,3646,-131,343,685
51.99535,179,1274,-1748,540,3638,-130,343,685
51.99585,179,1274,-1748,538,3609,-129,344,685
51.99635,179,1273,-1748,538,3586,-129,344,685
51.99685,179,1273,-1749,538,3583,-128,344,685
51.99735,179,1273,-1749,538,3588,-128,344,684
51.99785,179,1273,-1749,540,3599,-128,344,684
51.99835,178,1273,-1749,540,3611,-128,345,684
51.99885,178,1273,-1748,541,3614,-128,344,685
51.99935,178,1272,-1749,541,3613,-128,345,685
51.99985,178,1272,-1748,541,3608,-128,344,685
52.00035,179,1271,-1749,541,3607,-128,344,685
52.00085,178,1271,-1749,541,3605,-129,344,685
52.00135,178,1271,-1749,540,3600,-128,343,685
52.00185,178,1271,-1749,540,3600,-128,343,684
52.00235,178,1271,-1749,541,3602,-128,343,684
52.00285,178,1271,-1748,540,3606,-129,342,683
52.00335,178,1271,-1749,541,3605,-129,342,683
52.00385,178,1270,-1749,541,3621,-129,342,682
52.00435,178,1270,-1748,541,3648,-129,342,682
52.00485,178,1270,-1749,541,3649,-129,341,683
52.00535,178,1269,-1748,541,3642,-128,341,682
52.00585,178,1269,-1748,541,3610,-128,340,682
52.00635,178,1269,-1748,541,3593,-128,339,681
52.00685,178,1269,-1748,541,3592,-128,339,681
52.00735,178,1269,-1748,541,3588,-128,338,680
52.00785,177,1269,-1749,542,3592,-127,338,680
52.00835,178,1268,-1749,541,3604,-128,338,680
52.00885,178,1268,-1749,541,3608,-129,337,680
52.00935,177,1268,-1749,540,3608,-129,338,680
52.00985,177,1268,-1749,540,3612,-129,338,681
52.01035,177,1268,-1748,540,3617,-128,339,681
52.01085,177,1268,-1749,540,3615,-128,339,681
52.01135,177,1268,-1749,540,3616,-127,340,681
52.01185,177,1268,-1749,540,3619,-127,341,681
52.01235,176,1268,-1749,540,3620,-127,341,681
52.01285,176,1268,-1749,540,3621,-128,341,680
52.01335,177,1268,-1748,540,3623,-129,342,681
52.01385,177,1267,-1749,540,3653,-129,342,680
52.01435,176,1267,-1748,540,3678,-128,343,679
52.01485,177,1268,-1748,540,3678,-128,343,678
52.01535,176,1267,-1748,540,3667,-128,343,677
52.01585,176,1267,-1748,540,3640,-127,343,678
52.01635,176,1267,-1748,540,3622,-127,343,679
52.01685,176,1267,-1748,540,3626,-127,343,679
52.01735,176,1266,-1748,540,3630,-127,344,679
52.01785,176,1266,-1748,540,3640,-127,345,679
52.01835,176,1266,-1748,540,3652,-127,345,679
52.01885,176,1266,-1749,540,3657,-127,346,679
52.01935,176,1266,-1749,540,3661,-126,346,679
52.01985,176,1265,-1749,541,3665,-126,347,678
52.02035,177,1266,-1749,541,3670,-127,348,678
52.02085,176,1265,-1750,541,3676,-127,348,677
52.02135,176,1265,-1750,541,3678,-127,348,677
52.02185,176,1265,-1750,541,3673,-127,348,676
52.02235,176,1265,-1749,541,3671,-127,348,676
52.02285,176,1265,-1749,541,3674,-127,347,676
52.02335,176,1265,-1748,540,3675,-127,346,675
52.02385,176,1265,-1747,541,3702,-127,345,676
52.02435,176,1265,-1747,540,3717,-127,345,675
52.02485,176,1265,-1747,540,3713,-127,345,675
52.02535,175,1265,-1747,539,3700,-127,345,675
52.02585,175,1265,-1748,539,3668,-127,345,674
52.02635,175,1264,-1748,540,3657,-127,346,674
52.02685,175,1265,-1748,540,3666,-127,346,674
52.02735,175,1264,-1749,540,3676,-127,346,674
52.02785,175,1264,-1749,541,3681,-127,345,674
52.02835,175,1264,-1749,540,3684,-128,345,673
52.02885,175,1264,-1749,541,3684,-128,344,673
52.02935,175,1264,-1749,540,3680,-127,343,673
52.02985,175,1263,-1749,540,3680,-128,342,672
52.03035,175,1263,-1748,540,3683,-127,342,672
52.03085,175,1264,-1748,540,3689,-127,343,671
52.03135,174,1263,-1748,540,3690,-127,343,671
52.03185,175,1263,-1748,540,3684,-127,344,671
52.03235,174,1263,-1748,540,3681,-127,345,671
52.03285,175,1263,-1748,540,3679,-127,345,670
52.033348,174,1263,-1748,540,3677,-127,346,669
52.03385,174,1262,-1748,541,3712,-127,345,669
52.03435,174,1263,-1748,540,3733,-127,345,668
52.03485,174,1263,-1748,540,3721,-127,346,668
52.03535,174,1262,-1748,539,3710,-127,345,668
52.03585,174,1262,-1748,539,3670,-127,345,668
52.03635,174,1262,-1747,540,3650,-127,345,669
52.03685,174,1262,-1748,540,3647,-127,344,669
52.03745,175,1262,-1748,540,3643,-126,344,670
52.03795,175,1261,-1748,540,3650,-126,343,670
52.03845,174,1261,-1748,540,3658,-126,343,670
52.03895,174,1261,-1748,540,3658,-127,342,670
52.03945,174,1261,-1748,540,3655,-126,341,669
52.03995,174,1261,-1749,540,3652,-127,342,668
52.04045,174,1261,-1748,540,3646,-128,341,668
52.04095,174,1261,-1749,540,3646,-128,341,667
52.04145,174,1261,-1749,541,3642,-128,342,667
52.04195,174,1261,-1749,541,3636,-128,341,668
52.04245,174,1260,-1749,540,3635,-128,342,668
52.04295,174,1260,-1749,541,3637,-128,342,668
52.04345,174,1260,-1749,540,3635,-127,342,668
52.04395,174,1260,-1748,541,3667,-127,342,668
52.04445,174,1260,-1749,540,3680,-127,342,667
52.04495,173,1260,-1748,540,3669,-128,342,667
52.04545,173,1260,-1748,540,3649,-128,343,666
52.04595,173,1261,-1749,540,3617,-127,344,665
52.04645,173,1261,-1748,540,3611,-127,344,666
52.04695,173,1260,-1748,540,3611,-127,345,665
52.04745,173,1260,-1748,540,3619,-128,346,665
52.04795,173,1260,-1749,540,3623,-128,348,664
52.04845,173,1260,-1749,540,3628,-128,349,664
52.04895,173,1260,-1749,541,3635,-128,351,664
52.04945,173,1260,-1750,541,3638,-128,352,664
52.04995,173,1260,-1750,542,3644,-128,352,663
52.05045,173,1260,-1750,541,3648,-128,352,663
52.05095,173,1259,-1750,542,3645,-127,351,663
52.05145,173,1260,-1750,542,3647,-128,350,663
52.05195,173,1259,-1750,541,3650,-128,349,663
52.05245,173,1259,-1750,541,3652,-128,348,663
52.05295,173,1259,-1750,541,3653,-129,347,662
52.05345,173,1259,-1750,542,3656,-129,345,661
52.05395,173,1259,-1750,542,3700,-129,343,661
52.05445,173,1259,-1749,541,3713,-129,342,660
52.05495,173,1259,-1749,541,3707,-129,340,659
52.05545,172,1259,-1749,541,3693,-129,339,658
52.05595,172,1259,-1749,540,3656,-129,338,657
52.05645,172,1259,-1748,540,3649,-129,338,657
52.05695,172,1259,-1749,540,3644,-130,337,656
52.05745,172,1259,-1748,540,3646,-130,337,656
52.05795,172,1259,-1748,539,3658,-130,338,655
52.05845,172,1259,-1747,539,3665,-130,338,656
52.05895,172,1259,-1747,539,3665,-130,338,656
52.05945,172,1259,-1747,539,3671,-130,338,656
52.05995,172,1259,-1747,539,3673,-130,338,656
52.06045,172,1259,-1747,538,3673,-130,339,656
52.06095,172,1259,-1747,538,3675,-130,339,656
52.06145,172,1258,-1747,539,3676,-131,339,657
52.06195,172,1259,-1747,539,3675,-131,340,657
52.06245,172,1258,-1747,538,3669,-131,341,657
52.06295,172,1258,-1747,538,3666,-131,341,656
52.06345,172,1258,-1747,539,3673,-131,342,656
52.06395,172,1258,-1748,539,3720,-131,341,658
52.06445,172,1258,-1748,539,3730,-130,341,659
52.06495,172,1258,-1748,539,3724,-130,341,659
52.06545,171,1258,-1748,539,3706,-130,340,659
52.06595,171,1258,-1748,539,3678,-129,340,658
52.06645,171,1258,-1748,539,3676,-129,339,659
52.06695,171,1258,-1748,539,3691,-128,339,658
52.06745,172,1258,-1748,539,3702,-128,338,658
52.06795,171,1258,-1748,539,3719,-127,339,658
52.06845,171,1258,-1748,539,3731,-127,338,657
52.06895,172,1258,-1748,539,3741,-127,339,656
52.06945,172,1258,-1748,539,3747,-128,339,655
52.06995,172,1257,-1748,539,3759,-129,339,654
52.07045,171,1257,-1748,539,3768,-129,339,654
52.07095,172,1257,-1748,539,3784,-129,339,654
52.07145,172,1257,-1748,539,3800,-129,339,654
52.07195,172,1257,-1748,539,3812,-129,339,654
52.07245,171,1257,-1748,539,3824,-129,339,653
52.07295,172,1257,-1747,539,3834,-129,338,653
52.07345,171,1258,-1747,539,3847,-130,338,652
52.07395,171,1257,-1747,538,3900,-130,337,652
52.07445,171,1258,-1747,538,3924,-130,337,651
52.07495,171,1258,-1747,538,3930,-130,337,651
52.07545,171,1258,-1747,539,3916,-130,338,651
52.07595,172,1257,-1747,539,3894,-130,339,651
52.07645,172,1257,-1748,539,3902,-131,340,650
52.07695,172,1257,-1748,540,3919,-131,341,650
52.07745,172,1257,-1748,540,3946,-131,342,650
52.07795,171,1257,-1748,540,3972,-131,343,649
52.07845,171,1257,-1748,540,3988,-131,344,649
52.07895,171,1257,-1749,540,3998,-131,345,647
52.07945,171,1257,-1748,539,4012,-132,346,647
52.07995,171,1258,-1748,539,4026,-131,346,647
52.08045,171,1258,-1748,540,4040,-131,347,646
52.08095,171,1257,-1748,539,4051,-132,348,646
52.08145,172,1258,-1748,540,4068,-132,348,644
52.08195,172,1257,-1748,540,4085,-132,348,644
52.08245,172,1257,-1748,539,4097,-133,348,643
52.08295,172,1257,-1748,539,4105,-133,347,643
52.08345,172,1257,-1748,540,4119,-133,347,642
52.08395,172,1257,-1748,540,4170,-134,346,641
52.08445,172,1257,-1748,539,4188,-134,346,640
52.08495,172,1257,-1748,539,4191,-135,346,639
52.08545,173,1257,-1748,539,4189,-135,346,638
52.08595,172,1257,-1748,539,4176,-135,345,638
52.08645,173,1257,-1748,540,4193,-134,345,639
52.08695,172,1257,-1748,540,4212,-134,344,640
52.08745,173,1257,-1748,539,4229,-135,344,639
52.08795,173,1257,-1748,540,4252,-135,345,638
52.08845,172,1257,-1748,539,4265,-136,345,638
52.08895,172,1257,-1748,539,4282,-136,344,638
52.08945,173,1257,-1748,540,4300,-135,344,639
52.08995,172,1257,-1748,539,4317,-134,343,640
52.09045,173,1257,-1748,539,4319,-134,343,641
52.09095,173,1257,-1748,539,4310,-134,342,640
52.09145,173,1257,-1748,539,4290,-134,342,640
52.09195,173,1257,-1748,539,4281,-135,341,638
52.09245,173,1257,-1748,539,4278,-137,340,635
52.09295,173,1257,-1748,539,4277,-137,340,634
52.09345,173,1258,-1748,540,4290,-136,339,634
52.09395,173,1258,-1748,539,4338,-136,338,634
52.094448,173,1258,-1748,539,4349,-136,338,635
52.09495,173,1258,-1747,539,4346,-135,339,635
52.09545,173,1258,-1748,539,4316,-135,340,635
52.09595,173,1258,-1747,539,4283,-134,341,635
52.09645,173,1258,-1747,538,4276,-134,342,636
52.09695,173,1258,-1747,538,4273,-135,343,636
52.09745,174,1258,-1747,538,4277,-135,343,635
52.09795,173,1257,-1747,538,4279,-135,344,635
52.09845,174,1257,-1747,538,4272,-135,344,634
52.09905,174,1258,-1747,538,4264,-135,344,634
52.09955,173,1258,-1747,537,4256,-135,344,634
52.10005,174,1258,-1747,538,4241,-135,344,634
52.10055,174,1258,-1747,538,4224,-135,344,634
52.10105,174,1258,-1747,538,4209,-136,344,633
52.10155,174,1258,-1747,538,4196,-136,344,632
52.10205,174,1258,-1747,538,4182,-136,344,632
52.10255,174,1258,-1748,538,4176,-136,343,632
52.10305,174,1258,-1747,538,4164,-136,343,632
52.10355,174,1258,-1747,539,4166,-136,343,632
52.10405,174,1258,-1748,538,4199,-136,343,632
52.10455,174,1258,-1747,538,4197,-136,343,632
52.10505,174,1258,-1747,538,4189,-136,343,633
52.10555,174,1259,-1747,537,4170,-136,342,633
52.10605,174,1258,-1747,538,4144,-137,340,633
52.10655,175,1258,-1747,538,4149,-136,339,633
52.10705,175,1258,-1747,537,4158,-136,338,633
52.10755,175,1258,-1747,538,4166,-136,338,632
52.10805,175,1258,-1747,537,4175,-137,338,631
52.10855,175,1258,-1747,538,4182,-137,338,629
52.10905,175,1258,-1746,537,4176,-137,339,629
52.10955,175,1258,-1747,537,4171,-137,339,629
52.11005,175,1258,-1747,537,4168,-137,340,629
52.11055,175,1258,-1747,538,4165,-137,340,630
52.11105,175,1258,-1747,538,4165,-137,341,629
52.11155,175,1258,-1747,537,4173,-138,341,628
52.11205,175,1258,-1747,537,4172,-138,341,628
52.11255,175,1258,-1747,537,4181,-139,342,628
52.11305,175,1258,-1747,538,4187,-139,342,628
52.11355,175,1258,-1747,537,4209,-138,342,629
52.11405,175,1258,-1747,538,4250,-138,343,630
52.11455,175,1258,-1747,537,4249,-138,344,631
52.11505,176,1258,-1747,538,4247,-138,344,631
52.11555,176,1258,-1747,537,4220,-138,345,631
52.11605,175,1258,-1747,537,4193,-138,346,631
52.11655,176,1258,-1747,538,4197,-138,346,631
52.11705,175,1258,-1747,538,4205,-138,347,630
52.11755,176,1258,-1747,538,4220,-138,348,631
52.11805,176,1258,-1748,538,4243,-138,350,633
52.11855,176,1258,-1747,538,4253,-137,351,635
52.11905,176,1258,-1748,538,4262,-137,352,637
52.11955,176,1258,-1747,538,4272,-136,354,639
52.12005,176,1258,-1748,538,4280,-135,354,640
52.12055,176,1258,-1748,538,4289,-135,354,642
52.12105,177,1258,-1748,538,4301,-135,354,642
52.12155,177,1258,-1748,538,4315,-135,353,642
52.12205,177,1258,-1748,538,4332,-135,352,641
52.12255,177,1258,-1748,538,4345,-136,351,641
52.12305,177,1258,-1748,538,4348,-136,349,641
52.12355,178,1257,-1748,539,4374,-137,347,640
52.12405,178,1257,-1747,538,4425,-137,345,639
52.12455,178,1257,-1747,538,4435,-138,346,637
52.12505,177,1257,-1747,538,4424,-138,346,636
52.12555,178,1257,-1747,537,4396,-138,347,635
52.12605,178,1257,-1746,537,4375,-138,347,636
52.12655,178,1257,-1747,537,4375,-138,347,636
52.12705,178,1257,-1746,537,4392,-139,346,637
52.12755,178,1257,-1747,537,4408,-139,344,638
52.12805,178,1257,-1746,537,4416,-139,343,638
52.12855,178,1257,-1747,537,4424,-139,342,639
52.12905,178,1257,-1746,537,4429,-140,341,639
52.12955,178,1258,-1746,537,4436,-139,340,639
52.13005,178,1257,-1746,537,4455,-139,340,640
52.13055,178,1257,-1747,537,4475,-138,339,640
52.13105,178,1257,-1746,537,4498,-138,339,641
52.13155,178,1257,-1746,537,4517,-139,340,641
52.13205,178,1257,-1746,537,4527,-139,340,642
52.13255,178,1257,-1746,536,4541,-139,341,641
52.13305,177,1257,-1746,537,4559,-139,343,642
52.13355,178,1257,-1746,538,4593,-139,343,642
52.13405,178,1257,-1746,537,4646,-139,344,642
52.13455,178,1257,-1746,537,4662,-138,345,642
52.13505,178,1257,-1746,537,4675,-137,346,643
52.13555,178,1256,-1745,536,4667,-136,348,643
52.13605,178,1257,-1746,537,4658,-136,348,643
52.13655,178,1256,-1746,537,4673,-136,349,643
52.13705,178,1256,-1745,537,4690,-136,349,643
52.13755,178,1256,-1745,537,4708,-137,350,642
52.13805,178,1256,-1745,536,4727,-137,350,642
52.13855,178,1256,-1745,536,4743,-137,350,641
52.13905,178,1256,-1745,536,4747,-137,349,641
52.13955,178,1256,-1746,536,4739,-137,348,642
52.14005,178,1256,-1746,536,4730,-137,348,641
52.14055,178,1256,-1746,537,4725,-138,347,641
52.14105,178,1255,-1746,536,4709,-138,347,642
52.14155,178,1256,-1746,537,4694,-138,347,642
52.14205,178,1256,-1746,536,4686,-138,346,643
52.14255,178,1256,-1746,537,4671,-137,346,643
52.14305,178,1256,-1746,536,4650,-137,345,643
52.14355,178,1256,-1746,537,4661,-137,344,644
52.14405,178,1255,-1746,536,4676,-137,345,644
52.14455,178,1254,-1746,536,4654,-136,345,645
52.14505,179,1254,-1746,536,4623,-136,345,646
52.14555,178,1254,-1746,536,4569,-136,345,646
52.14605,179,1254,-1746,536,4536,-136,345,646
52.14655,179,1254,-1745,536,4531,-136,346,645
52.14705,179,1253,-1745,536,4529,-137,347,645
52.14755,179,1253,-1745,536,4526,-137,348,645
52.14805,178,1253,-1745,536,4526,-139,349,645
52.14855,179,1253,-1745,536,4525,-139,349,644
52.14905,178,1253,-1745,536,4527,-140,350,644
52.14955,178,1253,-1745,536,4533,-141,351,644
52.15005,178,1253,-1745,536,4532,-141,351,643
52.15055,178,1253,-1745,536,4527,-142,352,643
52.15105,178,1253,-1745,536,4522,-142,352,643
52.15155,178,1253,-1745,536,4520,-142,352,642
52.15205,178,1253,-1745,536,4518,-142,352,642
52.15255,178,1253,-1745,536,4513,-141,351,643
52.15305,178,1253,-1745,536,4496,-139,350,644
52.15355,178,1252,-1745,537,4507,-139,349,645
52.15405,178,1252,-1745,537,4523,-138,349,645
52.15455,178,1252,-1745,536,4501,-138,348,646
52.15505,178,1252,-1746,537,4484,-138,348,646
52.15555,178,1252,-1745,536,4450,-138,346,646
52.15605,178,1252,-1745,536,4422,-137,345,647
52.15655,178,1251,-1745,536,4419,-137,345,648
52.15705,178,1252,-1745,536,4409,-136,346,648
52.15755,179,1251,-1745,536,4410,-136,347,649
52.15805,178,1251,-1745,537,4403,-137,348,649
52.15855,178,1250,-1745,536,4382,-137,348,649
52.15905,178,1251,-1745,536,4369,-137,349,648
52.15955,179,1250,-1745,536,4366,-138,348,649
52.16005,178,1250,-1745,536,4369,-138,348,648
52.16065,179,1250,-1745,536,4364,-138,348,648
52.161148,178,1250,-1745,536,4359,-138,348,648
52.16165,178,1250,-1745,537,4352,-138,347,648
52.16215,178,1250,-1745,536,4342,-138,346,648
52.16265,178,1250,-1745,536,4326,-138,345,648
52.16315,178,1250,-1745,536,4311,-138,345,648
52.16365,178,1249,-1745,537,4338,-137,344,649
52.16415,179,1249,-1745,536,4367,-136,346,651
52.16465,179,1249,-1745,536,4367,-136,346,651
52.16515,179,1249,-1745,536,4360,-136,347,651
52.16565,179,1248,-1745,536,4334,-137,347,651
52.16615,179,1248,-1745,536,4323,-138,348,651
52.16665,179,1248,-1745,536,4329,-138,349,651
52.16715,179,1248,-1745,536,4334,-140,350,650
52.16765,179,1248,-1745,536,4338,-139,349,649
52.16815,178,1248,-1745,537,4341,-139,350,649
52.16865,178,1248,-1745,536,4328,-139,349,649
52.16915,178,1248,-1745,537,4320,-139,349,648
52.16965,178,1248,-1745,537,4323,-139,348,649
52.17015,178,1248,-1745,537,4330,-139,346,649
52.17065,178,1248,-1745,536,4332,-140,346,649
52.17115,178,1248,-1745,537,4338,-140,346,649
52.17165,179,1248,-1745,537,4342,-140,346,649
52.17215,178,1247,-1745,537,4338,-140,346,650
52.17265,179,1247,-1745,537,4333,-140,346,650
52.17315,178,1247,-1745,537,4325,-140,346,651
52.17365,179,1246,-1745,538,4346,-140,346,652
52.17415,179,1246,-1746,538,4351,-141,346,651
52.17465,179,1246,-1747,538,4343,-141,347,651
52.17515,179,1246,-1747,537,4323,-141,348,651
52.17565,179,1246,-1747,537,4280,-141,348,650
52.17615,179,1245,-1747,537,4254,-139,346,651
52.17665,179,1246,-1746,537,4255,-139,345,652
52.17715,179,1246,-1745,537,4249,-138,344,652
52.17765,179,1245,-1744,537,4252,-138,343,653
52.17815,179,1245,-1744,536,4251,-138,342,653
52.17865,179,1245,-1744,536,4238,-139,342,654
52.17915,179,1245,-1744,536,4229,-140,343,654
52.17965,179,1245,-1745,537,4230,-141,343,654
52.18015,179,1244,-1745,537,4230,-141,345,655
52.18065,180,1244,-1745,538,4231,-142,345,655
52.18115,179,1244,-1747,539,4225,-142,346,656
52.18165,180,1244,-1747,539,4223,-141,347,655
52.18215,179,1244,-1746,539,4224,-142,349,655
52.18265,179,1244,-1746,539,4215,-142,349,654
52.18315,179,1244,-1745,539,4205,-143,351,653
52.18365,179,1245,-1745,538,4242,-143,350,652
52.18415,179,1245,-1745,538,4251,-143,351,653
52.18465,179,1245,-1745,538,4247,-143,351,655
52.18515,179,1245,-1745,537,4226,-142,350,657
52.18565,179,1245,-1745,536,4192,-141,350,659
52.18615,179,1244,-1745,537,4177,-140,349,661
52.18665,179,1244,-1745,537,4178,-139,349,663
52.18715,179,1243,-1745,537,4180,-139,349,664
52.18765,179,1243,-1745,537,4183,-139,348,664
52.18815,179,1243,-1745,537,4189,-139,348,664
52.18865,180,1243,-1745,537,4186,-139,347,665
52.18915,180,1243,-1745,537,4182,-138,347,665
52.18965,180,1243,-1745,537,4177,-139,346,665
52.19015,179,1243,-1745,537,4177,-139,346,664
52.19065,180,1243,-1745,537,4178,-140,346,663
52.19115,179,1243,-1745,537,4184,-141,346,663
52.19165,179,1243,-1745,537,4178,-141,345,661
52.19215,179,1243,-1745,537,4173,-142,345,661
52.19265,179,1242,-1745,537,4173,-143,344,662
52.19315,179,1242,-1744,538,4178,-144,343,661
52.19365,179,1242,-1744,538,4222,-144,342,661
52.19415,179,1243,-1744,538,4226,-144,342,661
52.19465,179,1242,-1744,537,4219,-143,341,663
52.19515,179,1242,-1744,537,4205,-142,341,665
52.19565,179,1242,-1744,537,4175,-141,341,665
52.19615,179,1242,-1745,538,4168,-141,341,665
52.19665,180,1241,-1745,538,4181,-141,341,663
52.19715,180,1241,-1745,538,4192,-141,341,662
52.19765,180,1241,-1745,539,4208,-142,341,662
52.19815,180,1241,-1745,538,4225,-143,342,661
52.19865,180,1241,-1745,538,4233,-143,341,661
52.19915,180,1241,-1746,538,4232,-144,341,661
52.19965,180,1241,-1746,539,4234,-144,340,662
52.20015,180,1241,-1745,540,4236,-143,339,662
52.20065,180,1241,-1745,541,4240,-143,338,663
52.20115,179,1241,-1744,541,4239,-142,338,664
52.20165,180,1241,-1744,540,4233,-143,339,665
52.20215,180,1240,-1744,539,4235,-143,339,665
52.20265,179,1240,-1744,538,4230,-144,340,664
52.20315,180,1240,-1744,538,4233,-144,340,664
52.20365,180,1240,-1745,539,4275,-144,341,666
52.20415,180,1240,-1745,538,4279,-143,341,667
52.20465,180,1240,-1745,538,4267,-142,342,668
52.20515,180,1240,-1745,537,4243,-142,342,669
52.20565,180,1240,-1745,537,4222,-142,343,670
52.20615,180,1240,-1744,536,4219,-142,343,669
52.20665,180,1240,-1744,537,4226,-141,344,670
52.20715,180,1240,-1745,537,4230,-142,344,670
52.20765,179,1240,-1745,537,4239,-142,345,670
52.20815,179,1240,-1745,537,4242,-142,346,670
52.20865,179,1240,-1745,537,4240,-142,346,669
52.20915,179,1240,-1746,537,4240,-142,346,669
52.20965,179,1240,-1747,537,4243,-142,347,671
52.21015,179,1240,-1747,538,4246,-142,348,671
52.21065,179,1240,-1748,539,4250,-142,348,671
52.21115,179,1240,-1748,539,4252,-142,348,672
52.21165,179,1240,-1747,539,4252,-142,348,671
52.21215,179,1239,-1746,539,4254,-142,348,671
52.21265,179,1240,-1745,538,4248,-143,348,671
52.21315,180,1239,-1744,539,4251,-143,347,671
52.21365,180,1239,-1744,538,4289,-143,346,671
52.21415,179,1239,-1743,538,4292,-144,346,671
52.21465,180,1239,-1743,538,4285,-144,346,670
52.21515,179,1239,-1743,537,4263,-145,347,670
52.21565,179,1239,-1744,537,4235,-145,348,669
52.21615,179,1239,-1744,537,4226,-145,348,669
52.21665,179,1239,-1745,537,4223,-145,349,669
52.21715,179,1239,-1746,538,4226,-145,349,670
52.21765,179,1238,-1746,539,4235,-145,349,669
52.21815,179,1239,-1746,540,4242,-145,349,669
52.21865,179,1239,-1747,540,4238,-144,350,669
52.21915,179,1238,-1747,541,4237,-143,350,669
52.21965,179,1239,-1747,541,4238,-143,351,669
52.22015,179,1238,-1747,542,4237,-143,351,670
52.22065,179,1238,-1747,542,4238,-143,352,670
52.22115,179,1238,-1747,542,4242,-143,352,670
52.22175,179,1238,-1746,542,4243,-144,351,670
52.222248,179,1238,-1745,542,4244,-145,350,670
52.22275,179,1238,-1745,542,4243,-146,350,670
52.22325,179,1238,-1745,542,4253,-146,348,670
52.22375,179,1238,-1745,541,4290,-145,347,670
52.22425,179,1238,-1745,540,4293,-145,346,670
52.22475,179,1238,-1744,538,4286,-145,346,670
52.22525,179,1238,-1744,537,4261,-145,346,670
52.22575,179,1238,-1744,537,4235,-146,346,670
52.22625,179,1238,-1744,536,4232,-147,347,671
52.22675,179,1237,-1745,537,4242,-148,347,671
52.22725,179,1237,-1745,537,4249,-149,347,671
52.22775,179,1237,-1745,538,4263,-149,347,672
52.22825,179,1237,-1745,538,4275,-149,346,672
52.22875,179,1237,-1745,538,4286,-149,346,673
52.22925,179,1237,-1745,538,4291,-148,346,673
52.22975,179,1237,-1745,538,4291,-147,347,673
52.23025,179,1237,-1745,538,4294,-147,347,673
52.23075,180,1237,-1745,538,4300,-148,347,672
52.23125,180,1237,-1745,539,4306,-148,347,671
52.23175,179,1237,-1745,540,4315,-149,347,671
52.23225,179,1237,-1745,539,4315,-148,347,670
52.23275,180,1237,-1744,539,4317,-148,347,670
52.23325,180,1236,-1745,539,4338,-148,347,671
52.23375,180,1237,-1745,539,4379,-148,346,671
52.23425,179,1236,-1745,539,4376,-147,347,671
52.23475,179,1237,-1745,538,4369,-147,347,672
52.23525,179,1237,-1745,538,4347,-146,347,672
52.23575,179,1237,-1745,539,4327,-146,348,673
52.23625,179,1237,-1745,540,4328,-146,348,674
52.23675,178,1237,-1745,539,4330,-147,348,675
52.23725,178,1237,-1745,539,4344,-147,347,676
52.23775,178,1237,-1744,539,4355,-148,347,676
52.23825,179,1237,-1744,539,4367,-148,347,676
52.23875,178,1237,-1745,539,4373,-148,347,676
52.23925,179,1237,-1745,540,4378,-148,347,676
52.23975,179,1236,-1745,540,4382,-148,347,677
52.24025,179,1237,-1745,540,4383,-147,346,677
52.24075,178,1237,-1745,540,4377,-147,346,679
52.24125,179,1237,-1745,540,4379,-148,346,679
52.24175,179,1237,-1745,540,4385,-148,346,679
52.24225,179,1237,-1745,539,4388,-148,347,679
52.24275,179,1237,-1745,538,4388,-147,348,679
52.24325,179,1237,-1745,538,4400,-148,348,679
52.24375,179,1237,-1745,539,4434,-148,349,678
52.24425,179,1237,-1745,539,4436,-149,350,677
52.24475,179,1237,-1745,539,4430,-149,351,677
52.24525,179,1237,-1745,539,4395,-149,351,677
52.24575,179,1237,-1745,539,4367,-150,353,677
52.24625,179,1237,-1745,539,4364,-149,354,677
52.24675,179,1237,-1744,539,4372,-149,356,677
52.24725,178,1237,-1744,539,4381,-149,358,678
52.24775,178,1237,-1744,540,4392,-149,360,678
52.24825,179,1238,-1745,540,4400,-150,362,678
52.24875,178,1238,-1745,539,4401,-149,363,678
52.24925,179,1237,-1745,539,4403,-149,364,678
52.24975,178,1237,-1745,540,4408,-149,365,679
52.25025,179,1238,-1745,539,4409,-149,365,679
52.25075,179,1238,-1745,539,4406,-149,364,680
52.25125,179,1238,-1745,539,4407,-149,363,680
52.25175,179,1237,-1745,539,4413,-149,361,681
52.25225,178,1238,-1745,539,4415,-149,359,681
52.25275,179,1238,-1745,539,4409,-149,357,681
52.25325,178,1238,-1745,539,4422,-150,355,681
52.25375,179,1239,-1745,540,4457,-149,353,680
52.25425,179,1239,-1745,539,4457,-149,351,680
52.25475,178,1239,-1745,539,4455,-150,349,679
52.25525,178,1239,-1745,539,4428,-150,348,678
52.25575,178,1239,-1745,539,4395,-150,346,679
52.25625,178,1239,-1745,539,4389,-151,345,679
52.25675,179,1239,-1744,539,4391,-151,343,679
52.25725,178,1239,-1744,539,4396,-151,341,680
52.25775,179,1239,-1744,538,4405,-151,340,681
52.25825,178,1239,-1744,538,4414,-150,340,682
52.25875,179,1239,-1744,538,4413,-150,339,683
52.25925,178,1239,-1744,538,4415,-150,339,684
52.25975,178,1239,-1744,538,4412,-150,340,684
52.26025,178,1239,-1744,538,4414,-151,340,684
52.26075,179,1240,-1743,538,4415,-151,341,684
52.26125,178,1240,-1743,538,4413,-151,341,684
52.26175,179,1240,-1743,538,4409,-152,341,684
52.26225,179,1240,-1743,538,4406,-151,342,684
52.26275,179,1240,-1743,538,4400,-151,343,683
52.26325,179,1241,-1743,539,4412,-151,343,683
52.26375,179,1241,-1744,539,4436,-151,343,683
52.26425,178,1241,-1744,539,4431,-152,343,682
52.26475,178,1242,-1744,538,4420,-152,344,682
52.26525,178,1241,-1744,538,4393,-152,344,682
52.26575,178,1242,-1744,538,4370,-152,345,682
52.26625,178,1241,-1743,538,4368,-152,345,683
52.26675,178,1242,-1744,538,4375,-151,344,684
52.26725,178,1241,-1743,538,4379,-151,345,685
52.26775,178,1242,-1744,539,4390,-151,344,685
52.26825,178,1242,-1744,538,4391,-151,345,685
52.26875,178,1242,-1744,538,4392,-151,344,685
52.26925,178,1242,-1744,539,4395,-151,344,684
52.26975,178,1242,-1744,539,4396,-151,343,683
52.27025,178,1242,-1743,539,4401,-151,343,683
52.27075,178,1242,-1743,538,4398,-151,342,682
52.27125,178,1242,-1744,539,4397,-151,343,683
52.27175,178,1242,-1743,538,4402,-151,344,683
52.27225,178,1243,-1743,538,4397,-151,345,683
52.27275,178,1243,-1743,538,4390,-151,345,682
52.27325,179,1242,-1743,539,4412,-151,346,682
52.27375,179,1243,-1743,538,4444,-151,347,683
52.27425,179,1243,-1743,539,4436,-151,348,683
52.27475,179,1243,-1744,539,4417,-151,348,684
52.27525,178,1243,-1744,539,4383,-152,349,683
52.27575,179,1243,-1744,539,4359,-153,349,683
52.27625,178,1243,-1744,539,4351,-153,349,684
52.27675,179,1243,-1744,539,4354,-152,348,685
52.27725,179,1243,-1744,539,4362,-152,348,686
52.27775,179,1243,-1744,539,4368,-152,347,688
52.27825,179,1243,-1744,539,4374,-151,347,690
52.27875,178,1244,-1744,539,4375,-150,347,691
52.27925,178,1244,-1744,539,4371,-150,347,693
52.27975,178,1244,-1744,539,4364,-150,348,693
52.28025,178,1244,-1744,539,4360,-150,349,693
52.28075,178,1244,-1744,539,4357,-150,350,694
52.28125,178,1244,-1744,539,4362,-150,350,694
52.28175,178,1244,-1743,539,4372,-149,349,695
52.28225,178,1244,-1743,538,4374,-150,349,694
52.28275,179,1244,-1743,538,4368,-150,347,694
52.283348,179,1244,-1743,539,4396,-150,347,693
52.28385,179,1245,-1743,538,4422,-150,346,693
52.28435,178,1245,-1743,538,4412,-150,347,693
52.28485,179,1245,-1743,538,4398,-150,348,694
52.28535,178,1245,-1743,538,4363,-150,348,694
52.28585,178,1245,-1743,538,4345,-150,348,694
52.28635,178,1245,-1742,538,4344,-149,348,694
52.28685,178,1245,-1743,538,4348,-149,348,694
52.28735,178,1245,-1743,538,4353,-150,348,693
52.28785,178,1245,-1743,538,4357,-150,349,694
52.28835,178,1245,-1743,538,4348,-151,349,694
52.28885,178,1245,-1743,538,4346,-151,349,695
52.28935,178,1245,-1743,538,4345,-151,349,696
52.28985,178,1245,-1743,538,4339,-151,349,697
52.29035,178,1245,-1743,539,4337,-151,348,698
52.29085,179,1245,-1743,538,4330,-150,347,699
52.29135,178,1246,-1743,539,4328,-149,347,698
52.29185,178,1246,-1744,539,4320,-149,346,698
52.29235,178,1246,-1744,539,4318,-149,346,697
52.29285,178,1246,-1744,539,4313,-150,345,696
52.29335,179,1246,-1743,539,4330,-150,345,696
52.29385,178,1246,-1744,539,4348,-150,345,695
52.29435,178,1246,-1744,539,4338,-149,346,696
52.29485,179,1247,-1743,539,4318,-150,347,696
52.29535,178,1247,-1743,538,4281,-149,348,696
52.29585,178,1247,-1743,539,4255,-150,349,695
52.29635,179,1247,-1743,539,4245,-150,350,695
52.29685,178,1247,-1743,539,4241,-151,351,694
52.29735,179,1247,-1743,539,4245,-151,352,694
52.29785,178,1247,-1743,538,4253,-150,352,693
52.29835,178,1247,-1743,539,4256,-150,352,693
52.29885,178,1248,-1743,539,4254,-150,352,694
52.29935,178,1247,-1744,538,4253,-150,351,694
52.29985,178,1247,-1743,539,4257,-150,351,696
52.30035,178,1247,-1743,539,4257,-149,350,698
52.30085,178,1247,-1744,539,4256,-149,350,700
52.30135,178,1248,-1744,540,4254,-149,349,701
52.30185,178,1247,-1744,541,4253,-148,349,702
52.30235,178,1248,-1744,541,4247,-147,349,703
52.30285,178,1248,-1745,541,4249,-147,349,702
52.30335,178,1247,-1745,541,4275,-147,348,701
52.30385,178,1248,-1745,540,4295,-147,349,700
52.30435,178,1248,-1744,540,4286,-147,348,700
52.30485,178,1248,-1744,539,4273,-147,348,699
52.30535,178,1248,-1744,538,4234,-147,348,698
52.30585,178,1248,-1744,538,4210,-147,347,698
52.30635,178,1248,-1743,539,4208,-149,346,698
52.30685,178,1248,-1743,539,4212,-149,345,697
52.30735,178,1248,-1743,539,4211,-150,345,695
52.30785,178,1248,-1743,539,4205,-151,345,695
52.30835,178,1248,-1743,539,4198,-151,345,695
52.30885,178,1249,-1743,539,4193,-151,345,696
52.30935,178,1248,-1743,538,4189,-150,344,698
52.30985,178,1248,-1743,538,4187,-150,344,699
52.31035,178,1248,-1743,538,4178,-150,343,700
52.31085,178,1248,-1743,539,4163,-150,342,700
52.31135,178,1248,-1743,538,4157,-150,341,700
52.31185,179,1248,-1743,538,4148,-150,341,700
52.31235,178,1248,-1743,539,4135,-150,340,700
52.31285,178,1248,-1743,538,4124,-150,341,701
52.31335,178,1248,-1743,539,4151,-148,340,703
52.31385,178,1248,-1743,538,4149,-148,342,702
52.31435,178,1249,-1743,538,4132,-149,343,702
52.31485,177,1249,-1743,539,4114,-149,344,701
52.31535,178,1249,-1743,538,4072,-150,345,699
52.31585,178,1249,-1743,538,4044,-151,346,699
52.31635,178,1249,-1743,538,4037,-150,346,699
52.31685,178,1249,-1743,539,4039,-150,347,700
52.31735,178,1249,-1743,539,4041,-149,347,701
52.31785,178,1248,-1744,539,4048,-149,347,703
52.31835,178,1249,-1743,539,4042,-149,346,704
52.31885,178,1248,-1743,539,4038,-148,346,705
52.31935,178,1249,-1743,539,4039,-148,347,705
52.31985,178,1249,-1743,539,4032,-147,347,705
52.32035,178,1248,-1742,538,4026,-147,347,705
52.32085,178,1249,-1743,538,4024,-147,347,705
52.32135,178,1248,-1743,538,4026,-146,347,705
52.32185,179,1248,-1743,538,4026,-146,347,705
52.32235,179,1248,-1743,538,4024,-146,347,704
52.32285,179,1248,-1743,539,4023,-147,347,704
52.32335,179,1248,-1743,539,4060,-147,346,703
52.32385,179,1248,-1743,539,4070,-147,347,703
52.32435,178,1248,-1744,539,4056,-146,348,703
52.32485,178,1248,-1744,539,4035,-146,349,703
52.32535,179,1249,-1744,539,3998,-146,350,702
52.32585,178,1248,-1744,539,3985,-146,349,703
52.32635,178,1248,-1745,540,3991,-147,349,703
52.32685,179,1248,-1744,540,3996,-147,348,704
52.32735,178,1249,-1744,540,4003,-146,348,704
52.32785,178,1248,-1744,539,4014,-146,347,706
52.32835,178,1248,-1744,539,4015,-146,347,705
52.32885,178,1248,-1744,539,4015,-146,347,706
52.32935,178,1248,-1743,539,4015,-147,347,706
52.32985,178,1248,-1744,539,4023,-147,347,705
52.33035,178,1247,-1743,539,4026,-147,347,704
52.33085,177,1248,-1743,538,4024,-148,347,702
52.33135,178,1248,-1743,538,4031,-148,347,701
52.33185,178,1248,-1744,539,4037,-147,347,701
52.33235,178,1248,-1744,539,4035,-147,347,701
52.33285,178,1248,-1744,539,4043,-147,348,701
52.33335,178,1247,-1744,540,4086,-147,348,700
52.33385,178,1247,-1743,539,4096,-147,349,698
52.33435,178,1247,-1744,539,4100,-147,349,697
52.33485,178,1247,-1744,539,4083,-148,349,696
52.33535,178,1247,-1744,539,4049,-148,349,696
52.33585,178,1247,-1744,539,4045,-147,349,696
52.33635,178,1247,-1744,539,4047,-147,348,697
52.33685,177,1247,-1745,540,4058,-146,349,698
52.33735,177,1247,-1745,540,4066,-146,349,698
52.33785,177,1247,-1745,540,4077,-146,350,700
52.33835,177,1247,-1745,540,4088,-146,350,701
52.33885,177,1247,-1745,540,4095,-146,350,701
52.33935,177,1246,-1745,540,4094,-146,351,701
52.33985,178,1246,-1745,540,4097,-146,351,701
52.34035,178,1246,-1745,540,4101,-145,350,702
52.34085,178,1246,-1745,540,4104,-145,351,703
52.34135,178,1245,-1744,540,4111,-145,351,703
52.34185,178,1246,-1744,539,4109,-146,352,704
52.34235,177,1245,-1744,539,4108,-146,352,703
52.34285,178,1245,-1745,539,4121,-146,352,704
52.34335,178,1244,-1745,540,4153,-146,352,703
52.34385,178,1244,-1745,539,4155,-146,352,702
52.34435,178,1244,-1746,539,4145,-145,351,702
52.34495,177,1244,-1746,539,4125,-145,352,701
52.34545,178,1244,-1745,539,4090,-146,352,699
52.34595,178,1244,-1745,539,4078,-146,351,699
52.34645,177,1244,-1745,539,4081,-147,350,698
52.34695,178,1244,-1744,539,4092,-147,349,697
52.34745,178,1244,-1744,539,4107,-147,348,696
52.34795,178,1243,-1744,539,4113,-146,348,694
52.34845,178,1244,-1744,539,4121,-146,347,694
52.34895,178,1243,-1744,539,4125,-145,347,694
52.34945,178,1243,-1744,539,4126,-144,347,695
52.34995,178,1243,-1744,539,4126,-144,346,697
52.35045,178,1243,-1744,539,4124,-143,346,698
52.35095,179,1243,-1744,539,4126,-143,346,698
52.35145,178,1242,-1744,539,4133,-144,346,699
52.35195,178,1242,-1744,539,4135,-144,345,699
52.35245,178,1242,-1744,539,4128,-144,344,698
52.35295,178,1242,-1745,539,4139,-143,343,698
52.35345,178,1242,-1745,539,4185,-143,342,698
52.35395,178,1242,-1744,539,4187,-143,343,697
52.35445,177,1242,-1745,538,4177,-143,343,697
52.35495,177,1242,-1745,538,4148,-144,344,696
52.35545,178,1241,-1745,539,4118,-145,344,695
52.35595,178,1241,-1744,539,4115,-146,344,694
52.35645,178,1240,-1744,538,4112,-147,344,693
52.35695,178,1240,-1745,539,4122,-147,344,692
52.35745,177,1240,-1745,539,4130,-147,345,691
52.35795,177,1240,-1745,539,4137,-147,345,691
52.35845,176,1240,-1745,539,4139,-146,345,692
52.35895,177,1239,-1745,539,4143,-145,345,692
52.35945,177,1239,-1745,539,4153,-145,345,693
52.35995,176,1239,-1745,539,4156,-145,345,692
52.36045,177,1238,-1745,539,4151,-146,345,692
52.36095,177,1238,-1745,539,4158,-146,346,693
52.36145,177,1237,-1745,539,4167,-146,347,692
52.36195,177,1238,-1745,539,4166,-146,347,692
52.36245,177,1237,-1745,539,4171,-146,347,691
52.36295,177,1237,-1745,539,4183,-146,347,691
52.36345,177,1237,-1745,539,4214,-146,347,691
52.36395,177,1237,-1745,539,4213,-146,348,691
52.36445,177,1236,-1745,538,4210,-145,349,692
52.36495,177,1236,-1745,538,4186,-145,350,692
52.36545,177,1235,-1745,538,4161,-145,351,693
52.36595,177,1235,-1745,539,4157,-145,352,693
52.36645,177,1235,-1745,540,4157,-144,353,693
52.36695,177,1235,-1746,539,4167,-144,353,694
52.36745,176,1235,-1746,540,4180,-144,353,695
52.36795,176,1235,-1746,540,4189,-143,355,697
52.36845,176,1235,-1746,540,4184,-143,355,697
52.36895,176,1234,-1746,541,4184,-142,357,697
52.36945,176,1234,-1746,541,4188,-142,357,695
52.36995,177,1233,-1746,541,4191,-142,358,694
52.37045,176,1233,-1746,540,4193,-143,357,693
52.37095,177,1233,-1746,540,4199,-143,356,693
52.37145,177,1232,-1746,539,4197,-143,355,692
52.37195,176,1232,-1746,539,4195,-144,354,692
52.37245,177,1232,-1746,539,4200,-144,353,692
52.37295,177,1231,-1745,540,4214,-144,353,692
52.37345,176,1231,-1746,541,4248,-144,352,692
52.37395,176,1231,-1747,541,4244,-144,353,691
52.37445,176,1231,-1748,542,4236,-144,353,691
52.37495,176,1231,-1748,542,4206,-144,353,690
52.37545,176,1230,-1748,542,4179,-144,352,690
52.37595,176,1230,-1749,541,4178,-144,351,688
52.37645,176,1230,-1748,541,4180,-143,351,688
52.37695,176,1230,-1748,540,4188,-144,350,687
52.37745,176,1229,-1747,540,4194,-144,349,686
52.37795,176,1229,-1747,538,4191,-145,349,687
52.37845,176,1228,-1746,537,4194,-145,348,686
52.37895,176,1228,-1745,536,4193,-145,348,685
52.37945,176,1228,-1745,537,4199,-145,348,685
52.37995,176,1227,-1745,537,4195,-145,348,685
52.38045,176,1227,-1745,537,4193,-145,348,686
52.38095,176,1226,-1746,538,4196,-145,348,686
52.38145,177,1226,-1746,538,4203,-144,348,688
52.38195,177,1225,-1746,538,4207,-144,347,688
52.38245,177,1225,-1746,539,4208,-144,347,689
52.38295,177,1224,-1746,539,4222,-144,347,690
52.38345,177,1224,-1746,539,4251,-144,347,690
52.38395,177,1223,-1747,539,4253,-144,347,690
52.38445,177,1223,-1746,539,4248,-144,346,689
52.38495,177,1223,-1746,538,4221,-143,347,689
52.38545,177,1223,-1746,538,4187,-143,347,688
52.38595,177,1222,-1745,538,4184,-143,347,687
52.38645,176,1222,-1745,538,4196,-144,348,687
52.38695,176,1222,-1746,539,4208,-144,348,686
52.38745,176,1222,-1745,539,4223,-144,348,684
52.38795,176,1222,-1746,538,4239,-143,348,682
52.38845,175,1222,-1746,538,4248,-143,348,683
52.38895,175,1222,-1746,539,4250,-144,348,681
52.38945,175,1221,-1746,538,4247,-145,349,680
52.38995,175,1221,-1746,538,4249,-145,349,680
52.39045,174,1221,-1746,538,4256,-145,350,680
52.39095,175,1220,-1747,538,4259,-144,350,680
52.39145,175,1220,-1746,538,4261,-144,350,681
52.39195,175,1219,-1747,538,4262,-143,350,681
52.39245,175,1219,-1747,538,4256,-142,349,680
52.39295,175,1218,-1746,539,4280,-143,348,681
52.39345,175,1218,-1746,539,4321,-143,347,681
52.39395,175,1217,-1746,539,4318,-143,346,681
52.39445,175,1217,-1747,538,4312,-144,345,682
52.39495,175,1217,-1747,538,4289,-144,345,682
52.39545,175,1216,-1747,538,4275,-144,345,682
52.39595,175,1216,-1747,539,4279,-144,344,683
52.39645,175,1216,-1747,539,4284,-144,344,685
52.39695,175,1215,-1746,539,4297,-143,343,688
52.39745,175,1215,-1747,539,4311,-142,344,690
52.39795,174,1215,-1747,539,4329,-140,344,692
52.39845,174,1214,-1748,540,4343,-140,344,692
52.39895,174,1215,-1748,540,4352,-140,345,692
52.39945,174,1214,-1748,540,4359,-140,346,691
52.39995,174,1214,-1747,540,4361,-141,346,692
52.40045,174,1214,-1747,538,4356,-141,347,693
52.40095,174,1213,-1747,538,4362,-141,347,694
52.40145,174,1213,-1747,538,4363,-140,348,695
52.40195,174,1212,-1748,538,4365,-141,348,694
52.40245,174,1212,-1748,538,4360,-141,349,692
52.40295,174,1212,-1748,539,4380,-141,349,692
52.40345,173,1212,-1748,539,4403,-142,349,690
52.40395,173,1212,-1748,539,4393,-142,350,689
52.40445,173,1212,-1748,538,4378,-142,351,688
52.40495,173,1211,-1748,538,4337,-141,353,688
52.40555,173,1211,-1749,539,4309,-141,353,687
52.40605,173,1210,-1748,539,4301,-141,353,686
52.40655,174,1210,-1749,539,4296,-142,353,685
52.40705,174,1209,-1748,538,4306,-142,352,685
52.40755,174,1209,-1747,538,4308,-142,351,685
52.40805,174,1209,-1747,537,4306,-142,350,684
52.40855,174,1208,-1746,537,4304,-142,350,685
52.40905,173,1208,-1746,537,4311,-141,349,684
52.40955,173,1208,-1746,536,4310,-142,349,685
52.41005,173,1208,-1746,537,4312,-142,348,685
52.41055,173,1208,-1746,537,4310,-142,348,685
52.41105,172,1208,-1747,537,4310,-141,348,687
52.41155,172,1207,-1747,538,4312,-140,348,689
52.41205,172,1207,-1748,537,4314,-140,348,689
52.41255,172,1207,-1748,538,4315,-141,348,689
52.41305,173,1207,-1748,538,4343,-141,349,689
52.41355,172,1207,-1748,538,4369,-140,349,688
52.41405,173,1206,-1748,538,4363,-140,350,687
52.41455,172,1206,-1748,537,4357,-141,351,687
52.41505,172,1205,-1748,538,4322,-141,352,686
52.41555,173,1205,-1748,538,4302,-141,352,687
52.41605,173,1204,-1748,538,4305,-141,352,686
52.41655,173,1204,-1747,538,4305,-141,352,685
52.41705,174,1204,-1747,538,4314,-142,351,684
52.41755,174,1204,-1747,537,4322,-142,351,684
52.41805,173,1203,-1747,537,4331,-142,350,684
52.41855,173,1203,-1747,537,4339,-142,350,684
52.41905,173,1202,-1748,537,4344,-142,351,684
52.41955,174,1202,-1748,537,4348,-142,351,683
52.42005,173,1202,-1748,538,4351,-143,351,683
52.42055,173,1203,-1748,538,4351,-142,350,682
52.42105,173,1203,-1748,538,4356,-142,349,681
52.42155,173,1203,-1748,538,4366,-142,347,681
52.42205,172,1202,-1747,538,4369,-141,346,681
52.42255,172,1202,-1747,538,4371,-140,345,682
52.42305,173,1202,-1747,538,4406,-140,344,683
52.42355,173,1201,-1747,537,4434,-140,344,684
52.42405,173,1201,-1747,537,4425,-139,343,684
52.42455,172,1201,-1747,537,4420,-139,341,684
52.42505,172,1201,-1747,536,4393,-139,341,684
52.42555,172,1201,-1747,537,4372,-139,340,684
52.42605,172,1200,-1747,537,4373,-140,339,683
52.42655,172,1200,-1747,538,4379,-140,339,682
52.42705,172,1200,-1747,538,4390,-141,339,682
52.42755,172,1200,-1747,537,4406,-141,340,682
52.42805,172,1200,-1747,538,4417,-141,341,684
52.42855,172,1199,-1747,537,4422,-141,342,685
52.42905,172,1199,-1747,537,4424,-141,343,685
52.42955,172,1199,-1748,538,4421,-142,343,683
52.43005,172,1199,-1748,537,4420,-142,345,682
52.43055,172,1199,-1748,538,4425,-142,345,680
52.43105,172,1199,-1748,538,4434,-142,346,679
52.43155,172,1198,-1748,538,4437,-141,347,679
52.43205,172,1198,-1747,537,4432,-140,348,680
52.43255,172,1198,-1748,537,4432,-140,349,680
52.43305,172,1198,-1747,538,4475,-139,349,682
52.43355,172,1198,-1747,537,4499,-139,350,683
52.43405,173,1197,-1748,537,4492,-138,350,684
52.43455,173,1197,-1747,537,4476,-137,350,686
52.43505,172,1197,-1748,537,4448,-137,351,687
52.43555,173,1197,-1748,537,4432,-136,350,689
52.43605,172,1197,-1748,538,4427,-134,350,690
52.43655,172,1197,-1748,537,4429,-134,351,689
52.43705,172,1197,-1749,538,4445,-135,350,689
52.43755,173,1197,-1749,538,4450,-135,350,689
52.43805,172,1197,-1748,537,4452,-135,351,688
52.43855,173,1197,-1749,537,4458,-136,351,687
52.43905,172,1197,-1748,537,4465,-136,351,685
52.43955,172,1197,-1747,537,4465,-137,351,683
52.44005,172,1197,-1747,537,4466,-139,350,681
52.44055,172,1197,-1747,537,4468,-141,351,680
52.44105,172,1198,-1747,537,4470,-142,351,680
52.44155,172,1197,-1747,537,4474,-141,350,681
52.44205,172,1198,-1748,537,4473,-140,350,681
52.44255,171,1198,-1747,537,4467,-139,349,682
52.44305,172,1197,-1748,537,4500,-137,348,682
52.44355,172,1197,-1747,537,4518,-137,348,683
52.44405,172,1196,-1747,537,4512,-137,348,683
52.44455,172,1196,-1748,537,4488,-137,347,683
52.44505,172,1196,-1747,537,4447,-137,347,683
52.44555,172,1196,-1748,537,4431,-137,346,683
52.44605,173,1196,-1748,537,4429,-137,347,683
52.44655,172,1196,-1748,538,4439,-137,346,682
52.44705,173,1196,-1748,538,4450,-137,347,681
52.44755,173,1196,-1748,537,4459,-137,348,681
52.44805,173,1196,-1748,537,4455,-138,348,682
52.44855,173,1196,-1748,538,4455,-138,348,683
52.44905,173,1196,-1748,538,4465,-137,349,684
52.44955,173,1196,-1748,537,4466,-137,350,683
52.45005,173,1196,-1748,537,4469,-138,350,682
52.45055,172,1197,-1748,537,4467,-138,350,681
52.45105,172,1196,-1747,537,4469,-137,350,681
52.45155,173,1197,-1747,537,4465,-137,350,682
52.45205,173,1197,-1748,537,4467,-136,350,681
52.45255,173,1196,-1748,538,4477,-136,349,680
52.45305,173,1197,-1747,538,4512,-135,350,680
52.45355,173,1197,-1747,537,4521,-136,350,679
52.45405,173,1197,-1747,537,4511,-135,350,680
52.45455,173,1197,-1748,537,4486,-135,350,681
52.45505,173,1197,-1748,537,4456,-135,350,682
52.45555,174,1197,-1747,537,4441,-134,350,683
52.45605,174,1197,-1748,538,4441,-133,350,684
52.45655,174,1197,-1748,537,4438,-132,351,685
52.45705,173,1197,-1748,538,4448,-132,351,685
52.45755,173,1197,-1748,537,4445,-132,351,684
52.45805,173,1197,-1748,537,4443,-132,351,683
52.45855,174,1197,-1748,537,4448,-132,352,683
52.45905,174,1197,-1747,537,4442,-133,351,683
52.45955,174,1197,-1748,537,4437,-133,351,683
52.46005,174,1197,-1747,537,4436,-134,351,684
52.46055,174,1197,-1747,536,4436,-133,349,684
52.46105,174,1198,-1747,537,4440,-133,349,684
52.46155,174,1198,-1747,537,4441,-132,349,684
52.46205,174,1198,-1747,537,4439,-132,349,684
52.46255,174,1198,-1748,537,4440,-131,349,684
52.46305,174,1198,-1747,537,4472,-131,349,683
52.46355,175,1198,-1747,537,4471,-132,350,682
52.46405,175,1199,-1747,537,4455,-132,350,681
52.46455,175,1199,-1747,536,4434,-133,351,681
52.46505,175,1199,-1748,537,4394,-134,351,681
52.46555,175,1199,-1748,537,4378,-134,351,682
52.46605,175,1199,-1748,537,4382,-134,350,684
52.46665,175,1199,-1748,537,4396,-134,350,684
52.46715,175,1199,-1748,537,4409,-133,350,684
52.46765,175,1200,-1748,537,4413,-133,349,683
52.46815,175,1200,-1747,537,4414,-133,349,682
52.46865,175,1200,-1748,536,4413,-133,348,680
52.46915,175,1200,-1748,536,4419,-133,347,679
52.46965,175,1201,-1748,537,4422,-133,346,679
52.47015,175,1201,-1747,536,4420,-133,345,680
52.47065,175,1201,-1747,537,4423,-133,344,680
52.47115,176,1201,-1747,537,4431,-133,343,680
52.47165,176,1201,-1747,537,4435,-132,343,681
52.47215,176,1201,-1747,537,4433,-132,343,680
52.47265,177,1200,-1747,537,4438,-131,343,681
52.47315,177,1200,-1747,537,4483,-131,345,682
52.473648,177,1200,-1748,537,4487,-130,346,682
52.47415,177,1201,-1749,538,4484,-130,347,682
52.47465,177,1201,-1748,538,4466,-131,348,681
52.47515,177,1201,-1748,538,4434,-131,348,681
52.47565,177,1201,-1748,537,4422,-131,348,681
52.47615,177,1202,-1748,537,4424,-132,349,681
52.47665,177,1202,-1747,537,4429,-132,349,681
52.47715,177,1202,-1748,537,4441,-132,349,681
52.47765,177,1202,-1748,537,4447,-132,351,682
52.47815,178,1202,-1748,538,4450,-133,351,682
52.47865,177,1202,-1748,538,4457,-133,352,681
52.47915,178,1202,-1749,538,4456,-133,352,682
52.47965,177,1203,-1748,538,4448,-132,352,682
52.48015,177,1203,-1748,538,4447,-132,352,682
52.48065,178,1203,-1747,537,4450,-131,352,682
52.48115,178,1203,-1747,537,4456,-131,351,683
52.48165,178,1203,-1748,537,4458,-131,350,682
52.48215,178,1203,-1748,537,4451,-131,350,682
52.48265,178,1203,-1747,538,4462,-130,350,682
52.48315,179,1203,-1748,538,4499,-131,350,682
52.48365,178,1203,-1748,538,4496,-131,350,680
52.48415,179,1204,-1748,538,4488,-132,350,680
52.48465,179,1203,-1748,538,4465,-132,351,680
52.48515,179,1203,-1748,537,4437,-132,351,682
52.48565,179,1204,-1748,538,4426,-133,351,683
52.48615,179,1204,-1748,538,4426,-133,351,683
52.48665,179,1204,-1748,538,4426,-134,351,683
52.48715,180,1204,-1748,538,4439,-134,352,682
52.48765,180,1205,-1748,538,4451,-133,352,682
52.48815,180,1205,-1748,538,4462,-131,353,682
52.48865,180,1205,-1748,538,4466,-130,352,682
52.48915,180,1206,-1748,537,4471,-130,352,682
52.48965,180,1205,-1748,538,4475,-130,353,681
52.49015,180,1206,-1748,538,4474,-131,352,680
52.49065,181,1206,-1748,538,4469,-132,352,678
52.49115,181,1205,-1748,538,4471,-133,352,677
52.49165,181,1205,-1748,539,4471,-133,352,676
52.49215,181,1206,-1747,539,4465,-133,352,675
52.49265,181,1206,-1748,540,4479,-132,351,676
52.49315,181,1206,-1748,540,4514,-132,350,677
52.49365,181,1207,-1749,540,4516,-132,351,678
52.49415,181,1206,-1749,540,4503,-133,351,679
52.49465,181,1206,-1749,539,4481,-132,350,680
52.49515,181,1206,-1749,538,4452,-131,350,681
52.49565,182,1206,-1749,537,4448,-131,350,681
52.49615,182,1207,-1749,536,4445,-130,350,683
52.49665,182,1207,-1748,534,4446,-130,351,685
52.49715,182,1207,-1747,534,4450,-129,351,687
52.49765,182,1206,-1747,534,4458,-128,351,688
52.49815,183,1207,-1747,535,4462,-127,351,689
52.49865,183,1207,-1747,536,4470,-127,351,690
52.49915,183,1207,-1748,536,4471,-126,351,689
52.49965,183,1208,-1748,536,4475,-126,351,688
52.50015,184,1208,-1748,536,4473,-126,350,686
52.50065,183,1208,-1748,536,4476,-126,350,685
52.50115,184,1208,-1748,536,4479,-128,350,683
52.50165,184,1208,-1748,536,4476,-129,350,682
52.50215,184,1209,-1748,536,4476,-130,350,682
52.50265,185,1208,-1748,537,4494,-129,351,681
52.50315,185,1209,-1748,537,4528,-129,352,682
52.50365,184,1209,-1748,537,4521,-128,353,682
52.50415,184,1210,-1748,538,4513,-129,354,683
52.50465,184,1210,-1748,538,4487,-131,355,683
52.50515,185,1210,-1748,539,4452,-131,355,683
52.50565,185,1210,-1748,539,4441,-130,354,684
52.50615,185,1210,-1749,539,4445,-130,354,685
52.50665,185,1210,-1749,539,4456,-129,354,687
52.50715,185,1210,-1749,538,4465,-129,354,688
52.50765,186,1210,-1749,538,4470,-128,353,689
52.50815,186,1211,-1750,537,4476,-127,353,690
52.50865,186,1211,-1749,537,4473,-126,352,692
52.50915,186,1211,-1750,537,4473,-125,352,693
52.50965,186,1212,-1749,536,4472,-123,351,694
52.51015,186,1211,-1749,536,4464,-123,350,696
52.51065,186,1212,-1748,536,4464,-123,350,695
52.51115,186,1212,-1748,536,4461,-123,349,696
52.51165,186,1212,-1748,536,4450,-124,349,696
52.51215,187,1212,-1748,537,4445,-123,349,696
52.51265,187,1212,-1749,537,4460,-122,348,696
52.51315,187,1213,-1748,537,4498,-122,348,695
52.51365,187,1213,-1748,537,4494,-121,348,695
52.51415,188,1213,-1748,538,4476,-121,348,693
52.51465,188,1213,-1748,538,4442,-122,349,691
52.51515,188,1213,-1748,537,4414,-122,349,689
52.51565,189,1213,-1748,537,4407,-123,349,688
52.51615,189,1213,-1748,536,4407,-123,350,686
52.51665,189,1214,-1748,536,4408,-124,350,685
52.51715,189,1214,-1748,536,4415,-124,350,684
52.51765,189,1214,-1748,535,4415,-124,350,684
52.51815,189,1214,-1748,536,4420,-124,350,685
52.51865,189,1214,-1748,536,4424,-124,350,686
52.51915,189,1215,-1749,536,4420,-123,351,688
52.51965,189,1215,-1749,536,4422,-123,351,689
52.52015,190,1215,-1749,536,4419,-122,352,691
52.52065,190,1215,-1749,536,4415,-121,352,691
52.52115,190,1215,-1748,536,4416,-121,352,690
52.52165,190,1216,-1749,536,4417,-122,352,688
52.52215,190,1215,-1749,537,4420,-122,352,688
52.52265,190,1216,-1749,537,4436,-122,352,688
52.52315,191,1216,-1749,537,4465,-121,352,689
52.52365,191,1216,-1750,538,4456,-120,352,690
52.52415,191,1217,-1749,538,4437,-119,352,690
52.52465,190,1217,-1749,538,4412,-118,353,691
52.52515,191,1217,-1749,538,4389,-116,354,692
52.52565,191,1217,-1750,538,4375,-116,355,693
52.52615,192,1217,-1750,539,4379,-116,356,694
52.52665,192,1218,-1750,539,4384,-115,356,694
52.52715,192,1218,-1750,538,4397,-115,357,693
52.52765,192,1218,-1750,537,4403,-116,357,692
52.52825,192,1218,-1749,536,4400,-117,357,689
52.52875,193,1218,-1749,536,4403,-118,356,688
52.52925,193,1219,-1749,537,4403,-118,356,687
52.52975,193,1219,-1749,537,4408,-118,356,686
52.53025,193,1219,-1749,537,4405,-119,355,687
52.53075,193,1220,-1750,537,4407,-119,355,687
52.53125,193,1221,-1749,537,4404,-119,355,687
52.53175,193,1221,-1750,537,4403,-119,354,687
52.53225,193,1220,-1750,537,4403,-118,354,689
52.53275,193,1220,-1750,537,4426,-116,353,690
52.53325,194,1220,-1750,536,4456,-115,353,692
52.53375,194,1220,-1750,536,4455,-115,353,693
52.53425,194,1221,-1750,535,4444,-114,353,693
52.534748,194,1221,-1750,535,4406,-115,354,693
52.53525,194,1221,-1750,535,4381,-115,353,693
52.53575,194,1222,-1750,535,4377,-115,352,693
52.53625,193,1222,-1749,535,4381,-114,351,693
52.53675,194,1223,-1749,535,4386,-115,350,693
52.53725,193,1223,-1749,535,4386,-115,351,693
52.53775,194,1223,-1749,535,4389,-116,351,694
52.53825,194,1223,-1750,536,4389,-116,350,694
52.53875,194,1223,-1750,536,4393,-116,351,695
52.53925,194,1223,-1750,536,4393,-117,351,694
52.53975,194,1223,-1751,536,4389,-117,351,692
52.54025,194,1223,-1750,536,4390,-117,351,691
52.54075,194,1224,-1751,536,4387,-117,351,691
52.54125,194,1224,-1751,536,4378,-116,351,692
52.54175,194,1225,-1751,537,4374,-116,351,693
52.54225,195,1225,-1751,536,4373,-116,350,694
52.54275,195,1224,-1751,536,4390,-116,350,695
52.54325,195,1225,-1751,536,4416,-117,350,694
52.54375,195,1225,-1751,536,4405,-117,351,694
52.54425,195,1225,-1751,535,4395,-117,351,692
52.54475,195,1225,-1751,535,4362,-118,352,691
52.54525,195,1225,-1751,535,4337,-118,352,691
52.54575,196,1226,-1751,535,4323,-119,352,691
52.54625,195,1226,-1750,534,4323,-120,352,690
52.54675,196,1226,-1750,534,4330,-120,351,690
52.54725,195,1226,-1751,534,4346,-121,351,690
52.54775,195,1227,-1751,535,4352,-120,351,691
52.54825,195,1226,-1751,535,4353,-119,351,692
52.54875,196,1227,-1751,535,4350,-118,351,690
52.54925,196,1227,-1751,536,4354,-117,351,691
52.54975,196,1227,-1751,536,4355,-117,350,691
52.55025,196,1227,-1752,536,4350,-117,350,691
52.55075,196,1227,-1752,536,4349,-116,350,691
52.55125,196,1227,-1752,536,4349,-117,349,691
52.55175,196,1228,-1752,536,4347,-117,349,692
52.55225,196,1228,-1752,536,4344,-118,349,692
52.55275,196,1228,-1752,536,4379,-118,349,694
52.55325,196,1228,-1753,536,4401,-119,349,693
52.55375,196,1228,-1752,536,4390,-120,349,693
52.55425,196,1228,-1752,536,4370,-121,350,693
52.55475,196,1228,-1753,536,4334,-121,351,693
52.55525,196,1228,-1753,536,4313,-122,351,694
52.55575,196,1229,-1753,537,4310,-122,351,697
52.55625,196,1229,-1753,537,4315,-122,352,696
52.55675,195,1229,-1754,536,4313,-122,352,696
52.55725,195,1230,-1755,537,4322,-123,352,695
52.55775,195,1230,-1755,537,4325,-123,351,694
52.55825,195,1231,-1756,536,4322,-123,351,695
52.55875,195,1231,-1755,537,4329,-122,351,695
52.55925,195,1231,-1755,537,4328,-120,351,696
52.55975,195,1232,-1755,537,4326,-118,351,695
52.56025,195,1231,-1755,537,4330,-118,351,694
52.56075,195,1231,-1754,537,4332,-120,351,692
52.56125,195,1231,-1755,537,4341,-122,351,691
52.56175,195,1231,-1754,537,4344,-122,351,690
52.56225,195,1232,-1754,537,4339,-123,351,690
52.56275,195,1231,-1754,537,4376,-123,351,689
52.56325,195,1232,-1755,537,4397,-124,352,688
52.56375,195,1232,-1755,537,4387,-125,353,686
52.56425,195,1232,-1754,536,4380,-127,354,685
52.56475,195,1233,-1753,535,4353,-127,354,684
52.56525,194,1233,-1752,536,4335,-127,354,684
52.56575,194,1234,-1753,536,4337,-127,354,686
52.56625,194,1234,-1753,536,4346,-126,354,687
52.56675,194,1234,-1753,536,4357,-125,353,689
52.56725,194,1234,-1754,536,4367,-124,353,690
52.56775,194,1234,-1754,536,4374,-123,352,691
52.56825,195,1234,-1754,535,4387,-123,353,692
52.56875,194,1234,-1754,536,4394,-124,353,691
52.56925,194,1234,-1754,536,4403,-125,353,691
52.56975,194,1234,-1755,537,4406,-125,353,692
52.57025,194,1234,-1755,537,4412,-125,353,692
52.57075,194,1234,-1756,537,4424,-124,353,693
52.57125,194,1235,-1756,537,4432,-125,353,693
52.57175,195,1235,-1757,537,4435,-125,353,691
52.57225,195,1235,-1757,537,4444,-125,352,690
52.57275,194,1235,-1757,537,4492,-126,351,688
52.57325,194,1235,-1757,536,4522,-127,350,686
52.57375,194,1235,-1756,536,4527,-128,349,685
52.57425,194,1236,-1756,535,4520,-128,348,685
52.57475,194,1235,-1756,535,4493,-129,348,684
52.57525,194,1236,-1756,535,4492,-128,348,683
52.57575,194,1236,-1755,536,4507,-128,348,683
52.57625,194,1236,-1755,535,4517,-128,348,683
52.57675,194,1236,-1755,536,4531,-127,349,684
52.57725,194,1236,-1755,536,4543,-128,350,684
52.57775,194,1236,-1756,536,4562,-128,351,684
52.57825,194,1236,-1756,537,4574,-128,351,683
52.57875,193,1237,-1755,537,4582,-129,351,682
52.57925,193,1238,-1755,537,4585,-130,351,682
52.57975,193,1238,-1756,536,4594,-130,351,681
52.58025,193,1237,-1756,536,4599,-130,352,683
52.58075,194,1237,-1756,536,4599,-130,352,683
52.58125,194,1237,-1756,536,4602,-131,352,685
52.58175,194,1237,-1756,536,4606,-130,353,687
52.58225,194,1237,-1757,536,4612,-129,353,690
52.58275,194,1237,-1757,536,4652,-128,353,693
52.58325,194,1237,-1757,536,4667,-127,354,694
52.58375,194,1237,-1757,536,4657,-126,354,694
52.58425,194,1238,-1757,536,4645,-125,355,693
52.58475,194,1238,-1757,536,4613,-124,354,691
52.58525,194,1238,-1756,536,4594,-124,354,690
52.58575,194,1238,-1757,536,4590,-125,354,687
52.58625,194,1239,-1756,536,4600,-125,354,685
52.58675,193,1239,-1757,536,4605,-126,354,683
52.58725,193,1239,-1757,536,4618,-127,355,682
52.58775,193,1239,-1757,536,4626,-129,355,680
52.58825,193,1239,-1757,536,4635,-130,355,679
52.58875,193,1239,-1757,536,4635,-130,355,680
52.58935,193,1240,-1758,536,4628,-129,355,682
52.58985,193,1240,-1758,535,4628,-129,356,682
52.59035,192,1241,-1758,536,4624,-129,356,682
52.59085,192,1241,-1757,536,4620,-130,356,681
52.59135,192,1241,-1757,535,4615,-130,356,681
52.59185,192,1241,-1756,535,4604,-131,356,682
52.59235,193,1241,-1757,536,4604,-132,356,683
52.59285,193,1241,-1757,536,4647,-132,355,685
52.59335,193,1240,-1758,536,4648,-132,355,687
52.59385,192,1241,-1757,536,4635,-131,356,690
52.59435,192,1241,-1758,536,4609,-129,357,693
52.59485,192,1241,-1758,536,4577,-128,357,695
52.59535,192,1241,-1758,536,4560,-126,358,698
52.595848,192,1241,-1758,536,4553,-125,360,700
52.59635,192,1241,-1758,536,4557,-125,361,701
52.59685,192,1241,-1758,535,4556,-125,361,699
52.59735,191,1241,-1758,535,4548,-126,361,696
52.59785,192,1242,-1758,535,4543,-126,362,694
52.59835,191,1242,-1758,535,4543,-127,362,691
52.59885,191,1242,-1758,535,4541,-128,361,688
52.59935,191,1243,-1758,535,4530,-129,362,686
52.59985,192,1242,-1758,535,4525,-130,361,685
52.60035,191,1243,-1758,535,4523,-130,361,683
52.60085,191,1243,-1757,535,4518,-130,361,682
52.60135,191,1244,-1757,535,4515,-129,361,679
52.60185,191,1243,-1758,535,4513,-128,359,678
52.60235,191,1243,-1758,536,4513,-127,358,679
52.60285,192,1243,-1758,536,4553,-127,358,680
52.60335,192,1242,-1758,535,4555,-127,357,682
52.60385,192,1242,-1759,535,4554,-128,357,683
52.60435,192,1242,-1758,535,4534,-128,356,684
52.60485,192,1243,-1758,535,4502,-129,355,685
52.60535,192,1243,-1758,535,4501,-129,354,685
52.60585,191,1243,-1758,535,4497,-130,353,685
52.60635,191,1243,-1758,535,4501,-131,352,684
52.60685,191,1243,-1758,535,4512,-132,352,682
52.60735,191,1243,-1758,535,4529,-133,351,681
52.60785,190,1244,-1758,535,4535,-133,350,682
52.60835,190,1244,-1758,535,4536,-133,350,682
52.60885,190,1244,-1758,535,4546,-134,349,683
52.60935,190,1244,-1758,535,4552,-134,350,684
52.60985,190,1244,-1759,535,4556,-133,351,686
52.61035,189,1244,-1758,535,4569,-132,352,688
52.61085,189,1244,-1758,534,4581,-131,352,690
52.61135,190,1244,-1758,534,4591,-131,353,691
52.61185,189,1244,-1758,535,4599,-131,353,692
52.61235,189,1245,-1758,535,4612,-131,352,694
52.61285,189,1244,-1757,535,4662,-132,352,695
52.61335,189,1245,-1758,535,4672,-132,352,695
52.61385,189,1245,-1758,535,4664,-133,352,694
52.61435,189,1245,-1758,534,4643,-135,352,691
52.61485,189,1246,-1758,534,4626,-137,352,687
52.61535,188,1246,-1758,535,4623,-139,352,685
52.61585,189,1246,-1758,534,4630,-141,351,683
52.61635,189,1246,-1758,534,4642,-142,351,683
52.61685,189,1245,-1758,534,4656,-143,350,683
52.61735,189,1245,-1758,534,4665,-145,350,683
52.61785,189,1246,-1757,534,4674,-145,349,684
52.61835,188,1246,-1757,535,4679,-146,350,685
52.61885,188,1246,-1757,534,4685,-147,350,685
52.61935,188,1246,-1758,534,4681,-147,350,684
52.61985,188,1246,-1758,534,4680,-148,350,683
52.62035,189,1246,-1758,534,4685,-148,350,683
52.62085,189,1245,-1759,534,4681,-149,350,681
52.62135,189,1245,-1758,534,4681,-149,351,681
52.62185,189,1246,-1758,534,4685,-150,352,680
52.62235,188,1246,-1757,534,4702,-151,352,680
52.62285,188,1246,-1757,534,4747,-152,352,680
52.62335,188,1246,-1757,534,4751,-152,352,680
52.62385,188,1246,-1757,534,4744,-152,353,679
52.62435,188,1247,-1758,534,4719,-152,353,679
52.62485,188,1247,-1757,534,4688,-153,354,679
52.62535,188,1247,-1757,534,4677,-154,353,679
52.62585,187,1247,-1757,535,4679,-154,353,680
52.62635,187,1247,-1757,535,4685,-154,353,681
52.62685,188,1247,-1757,535,4696,-155,352,681
52.62735,187,1246,-1757,535,4697,-158,352,680
52.62785,188,1247,-1757,535,4697,-160,351,679
52.62835,188,1247,-1757,534,4702,-163,352,676
52.62885,187,1247,-1758,535,4695,-164,352,675
52.62935,187,1247,-1758,534,4694,-166,352,675
52.62985,187,1247,-1758,535,4688,-166,353,676
52.63035,187,1247,-1758,535,4687,-166,353,677
52.63085,187,1247,-1758,534,4693,-166,353,676
52.63135,188,1246,-1758,534,4690,-166,354,675
52.63185,188,1246,-1758,535,4692,-167,354,674
52.63235,188,1246,-1758,535,4707,-166,354,674
52.63285,188,1246,-1758,534,4753,-165,355,674
52.63335,188,1246,-1757,534,4757,-163,355,675
52.63385,187,1247,-1757,534,4749,-162,355,675
52.63435,187,1247,-1757,534,4717,-160,356,675
52.63485,186,1248,-1757,534,4690,-160,356,673
52.63535,187,1248,-1757,534,4686,-161,356,672
52.63585,187,1248,-1757,534,4687,-162,355,671
52.63635,187,1247,-1757,534,4691,-163,355,671
52.63685,187,1247,-1757,533,4688,-165,354,671
52.63735,187,1248,-1757,534,4689,-166,353,673
52.63785,186,1248,-1757,533,4688,-166,352,674
52.63835,186,1248,-1757,534,4691,-167,351,675
52.63885,187,1248,-1757,534,4697,-167,349,676
52.63935,186,1248,-1757,534,4690,-168,347,677
52.63985,187,1248,-1757,533,4686,-167,347,677
52.64035,187,1248,-1757,534,4681,-167,346,678
52.64085,187,1248,-1757,533,4681,-169,346,678
52.64135,187,1248,-1757,533,4685,-169,346,678
52.64185,187,1248,-1757,533,4686,-171,347,678
52.64235,186,1248,-1757,534,4701,-171,347,679
52.64285,187,1248,-1757,533,4735,-171,348,679
52.64335,186,1248,-1757,533,4729,-171,348,679
52.64385,185,1248,-1756,533,4719,-171,349,679
52.64435,186,1248,-1756,532,4691,-171,349,678
52.64485,186,1249,-1756,532,4665,-171,349,678
52.64535,186,1248,-1756,532,4664,-171,349,677
52.64585,186,1248,-1757,532,4659,-171,349,676
52.64635,186,1248,-1757,533,4656,-171,349,675
52.64685,186,1248,-1756,533,4660,-172,349,675
52.64735,186,1248,-1757,534,4657,-174,349,674
52.64785,186,1248,-1757,534,4655,-174,349,673
52.64835,185,1248,-1757,534,4656,-174,349,672
52.64885,185,1249,-1757,533,4652,-173,348,672
52.64935,185,1249,-1757,533,4652,-173,348,672
52.64985,185,1248,-1757,534,4651,-173,348,672
52.65045,185,1248,-1757,533,4650,-174,348,672
52.65095,185,1247,-1757,533,4648,-175,348,672
52.65145,185,1247,-1757,533,4647,-175,349,671
52.65195,185,1248,-1757,533,4644,-175,350,671
52.65245,185,1248,-1757,533,4653,-175,350,671
52.65295,185,1248,-1757,533,4685,-176,350,671
52.65345,185,1248,-1756,533,4682,-176,351,670
52.65395,185,1249,-1756,533,4674,-175,351,670
52.65445,185,1249,-1756,533,4648,-175,352,671
52.65495,184,1249,-1756,534,4618,-174,352,672
52.65545,184,1248,-1756,534,4605,-174,352,673
52.65595,185,1249,-1757,534,4604,-173,353,674
52.65645,184,1248,-1756,534,4602,-172,353,675
52.656948,184,1249,-1756,533,4604,-171,353,676
52.65745,183,1249,-1757,533,4594,-171,353,677
52.65795,183,1249,-1756,533,4595,-171,353,678
52.65845,183,1250,-1757,533,4590,-172,353,678
52.65895,183,1249,-1757,533,4590,-173,353,677
52.65945,182,1249,-1757,533,4590,-174,353,677
52.65995,183,1249,-1756,533,4579,-174,353,677
52.66045,183,1249,-1756,533,4569,-174,352,675
52.66095,183,1248,-1756,533,4561,-174,352,673
52.66145,183,1248,-1756,533,4552,-174,353,671
52.66195,183,1248,-1756,533,4541,-174,353,670
52.66245,183,1248,-1756,534,4552,-174,353,669
52.66295,182,1248,-1757,535,4577,-174,353,669
52.66345,182,1248,-1756,535,4562,-173,353,669
52.66395,182,1248,-1756,534,4543,-172,353,671
52.66445,182,1248,-1756,533,4509,-171,353,672
52.66495,181,1249,-1756,533,4487,-171,353,672
52.66545,182,1249,-1756,533,4486,-172,352,672
52.66595,181,1249,-1756,534,4488,-172,351,673
52.66645,181,1249,-1756,533,4492,-172,351,672
52.66695,181,1248,-1756,533,4494,-172,350,672
52.66745,181,1248,-1756,533,4503,-171,351,673
52.66795,180,1248,-1756,534,4506,-170,350,674
52.66845,180,1248,-1756,533,4502,-169,351,675
52.66895,180,1247,-1756,533,4502,-167,351,677
52.66945,180,1248,-1756,533,4494,-166,351,678
52.66995,180,1247,-1756,533,4490,-165,351,679
52.67045,179,1247,-1756,533,4490,-163,351,679
52.67095,179,1248,-1756,533,4485,-162,352,680
52.67145,179,1248,-1756,533,4479,-161,351,680
52.67195,179,1248,-1756,533,4480,-161,351,680
52.67245,179,1247,-1756,534,4506,-161,351,680
52.67295,179,1248,-1755,533,4530,-161,351,680
52.67345,178,1248,-1756,533,4521,-161,352,679
52.67395,178,1248,-1755,533,4504,-161,352,680
52.67445,177,1249,-1755,533,4463,-160,352,681
52.67495,177,1249,-1756,534,4445,-161,352,682
52.67545,177,1248,-1756,534,4438,-161,352,681
52.67595,176,1248,-1756,534,4442,-161,352,680
52.67645,176,1248,-1757,534,4444,-161,352,679
52.67695,176,1249,-1757,535,4450,-160,352,679
52.67745,175,1248,-1758,535,4453,-160,351,679
52.67795,175,1248,-1757,535,4453,-159,351,679
52.67845,175,1248,-1757,535,4457,-158,351,680
52.67895,175,1247,-1757,535,4460,-158,351,681
52.67945,175,1247,-1757,535,4460,-158,351,681
52.67995,174,1247,-1757,535,4453,-158,351,681
52.68045,175,1247,-1756,536,4452,-158,352,681
52.68095,174,1247,-1756,535,4453,-158,352,681
52.68145,174,1247,-1755,534,4451,-158,351,680
52.68195,174,1247,-1755,533,4449,-157,351,679
52.68245,174,1247,-1755,533,4479,-157,350,678
52.68295,173,1247,-1755,533,4499,-157,350,677
52.68345,173,1247,-1755,533,4497,-156,350,676
52.68395,173,1247,-1755,533,4483,-156,350,675
52.68445,173,1247,-1756,532,4454,-156,350,674
52.68495,172,1248,-1755,532,4434,-156,350,674
52.68545,172,1247,-1756,533,4438,-156,350,673
52.68595,172,1248,-1756,533,4440,-156,350,673
52.68645,172,1247,-1756,533,4443,-156,351,673
52.68695,172,1248,-1755,533,4451,-155,350,673
52.68745,172,1247,-1755,533,4464,-155,350,672
52.68795,171,1247,-1755,533,4474,-155,350,673
52.68845,171,1247,-1755,533,4485,-154,350,675
52.68895,171,1247,-1754,533,4487,-154,350,678
52.68945,171,1246,-1755,533,4488,-154,351,681
52.68995,170,1246,-1755,533,4494,-154,351,680
52.69045,170,1246,-1755,533,4493,-155,352,679
52.69095,170,1246,-1756,533,4496,-155,352,678
52.69145,170,1246,-1756,533,4494,-155,352,678
52.69195,169,1246,-1756,533,4495,-155,353,677
52.69245,168,1246,-1756,534,4523,-155,352,677
52.69295,168,1246,-1756,533,4536,-155,352,675
52.69345,167,1247,-1756,534,4527,-156,352,673
52.69395,167,1247,-1756,534,4513,-157,352,671
52.69445,167,1247,-1756,533,4480,-157,352,671
52.69495,166,1247,-1755,534,4463,-157,352,671
52.69545,166,1246,-1755,534,4463,-157,351,674
52.69595,166,1247,-1755,534,4466,-156,351,676
52.69645,165,1247,-1755,534,4478,-154,351,679
52.69695,165,1247,-1755,535,4485,-154,352,679
52.69745,165,1247,-1756,535,4482,-153,352,679
52.69795,165,1246,-1756,534,4488,-153,352,679
52.69845,165,1247,-1756,534,4494,-152,352,680
52.69895,165,1246,-1756,533,4500,-151,351,681
52.69945,165,1246,-1755,532,4511,-150,351,681
52.69995,164,1246,-1756,533,4510,-150,351,680
52.70045,164,1246,-1756,534,4511,-150,352,679
52.70095,164,1246,-1756,534,4516,-150,352,678
52.70145,164,1246,-1756,534,4515,-151,352,677
52.70195,164,1245,-1756,535,4519,-150,352,676
52.70245,164,1245,-1755,536,4550,-151,351,676
52.70295,163,1245,-1755,534,4572,-151,352,675
52.70345,163,1245,-1755,533,4567,-151,351,675
52.70395,163,1245,-1755,532,4549,-151,351,675
52.70445,162,1245,-1755,532,4517,-150,351,677
52.70495,162,1245,-1754,532,4507,-149,351,678
52.70545,162,1245,-1754,532,4505,-149,351,678
52.70595,161,1245,-1754,532,4513,-149,351,678
52.70645,161,1245,-1754,532,4522,-150,351,678
52.70695,161,1245,-1755,532,4529,-150,351,680
52.70745,160,1244,-1755,532,4533,-150,351,681
52.70795,160,1244,-1755,532,4534,-150,351,682
52.70845,160,1244,-1755,532,4531,-151,351,682
52.70895,160,1244,-1755,533,4533,-150,351,681
52.70945,160,1245,-1755,533,4532,-148,351,680
52.70995,159,1245,-1755,533,4526,-148,351,681
52.71045,159,1244,-1755,534,4528,-146,351,681
52.71095,159,1245,-1755,534,4523,-147,350,681
52.71155,159,1245,-1755,534,4519,-146,350,682
52.71205,159,1244,-1754,534,4522,-146,350,682
52.71255,160,1244,-1755,534,4566,-147,350,682
52.71305,160,1242,-1755,534,4582,-147,350,681
52.71355,161,1242,-1755,534,4576,-147,351,681
52.71405,161,1242,-1755,534,4555,-146,351,680
52.71455,160,1242,-1756,534,4523,-145,351,681
52.71505,159,1242,-1755,534,4520,-142,350,682
52.71555,159,1243,-1755,534,4522,-141,350,682
52.71605,159,1242,-1755,534,4535,-142,350,682
52.71655,159,1242,-1755,533,4550,-142,350,681
52.71705,158,1242,-1755,533,4555,-143,350,680
52.71755,158,1242,-1754,533,4562,-144,350,680
52.71805,158,1242,-1754,533,4574,-145,351,680
52.71855,157,1242,-1754,533,4584,-145,351,681
52.71905,157,1242,-1754,534,4590,-146,351,682
52.71955,156,1243,-1754,534,4588,-146,351,681
52.72005,155,1243,-1755,536,4596,-147,352,680
52.72055,154,1244,-1756,536,4601,-147,351,679
52.72105,154,1244,-1756,537,4609,-147,352,679
52.72155,154,1244,-1756,537,4609,-146,352,679
52.72205,155,1244,-1756,536,4614,-146,351,680
52.72255,155,1243,-1755,535,4653,-145,350,681
52.72305,154,1243,-1755,533,4665,-144,350,681
52.72355,155,1243,-1755,531,4655,-144,350,681
52.72405,154,1243,-1754,528,4633,-144,350,679
52.72455,155,1243,-1754,527,4600,-144,351,677
52.72505,155,1243,-1754,528,4591,-144,350,675
52.72555,154,1243,-1753,529,4594,-144,351,674
52.72605,155,1243,-1753,530,4596,-143,350,675
52.72655,154,1243,-1754,531,4609,-143,350,675
52.72705,154,1243,-1755,533,4613,-143,351,675
52.72755,154,1243,-1755,534,4620,-144,350,675
52.72805,154,1243,-1755,533,4628,-145,351,676
52.72855,154,1242,-1755,533,4634,-144,350,678
52.72905,153,1242,-1754,532,4643,-143,350,680
52.72955,153,1242,-1755,533,4645,-141,350,681
52.73005,153,1242,-1755,532,4644,-141,350,681
52.73055,154,1241,-1755,532,4638,-141,350,681
52.73105,154,1241,-1755,533,4636,-141,351,682
52.73155,155,1241,-1755,533,4636,-141,351,685
52.73205,155,1241,-1755,534,4645,-141,351,687
52.73255,155,1241,-1755,534,4678,-141,351,689
52.73305,155,1241,-1755,535,4680,-141,351,689
52.73355,155,1241,-1756,535,4673,-140,351,690
52.73405,154,1241,-1757,535,4653,-139,352,690
52.73455,154,1242,-1757,535,4626,-139,351,689
52.73505,154,1242,-1757,535,4618,-139,351,687
52.73555,153,1242,-1756,534,4615,-139,351,685
52.73605,154,1243,-1755,532,4619,-139,351,683
52.73655,153,1243,-1754,531,4628,-140,350,681
52.73705,154,1243,-1753,530,4633,-140,351,681
52.73755,154,1242,-1753,530,4634,-140,351,680
52.73805,154,1242,-1753,531,4640,-140,352,680
52.73855,155,1242,-1754,533,4648,-139,352,681
52.73905,154,1242,-1754,533,4651,-138,352,681
52.73955,155,1242,-1754,533,4649,-137,352,681
52.74005,155,1241,-1755,532,4648,-135,352,681
52.74055,155,1241,-1755,532,4647,-135,352,681
52.74105,156,1241,-1754,532,4645,-136,352,681
52.74155,156,1241,-1755,532,4643,-136,352,682
52.74205,157,1240,-1755,532,4650,-136,351,682
52.74255,157,1240,-1755,533,4690,-137,351,682
52.74305,157,1240,-1755,532,4691,-137,351,681
52.74355,157,1241,-1755,532,4678,-136,351,681
52.74405,157,1241,-1756,532,4648,-135,352,681
52.74455,156,1241,-1756,533,4616,-135,352,682
52.74505,157,1241,-1757,534,4607,-134,352,682
52.74555,156,1242,-1758,535,4611,-133,352,682
52.74605,156,1242,-1758,535,4614,-134,352,680
52.74655,155,1243,-1759,536,4613,-134,352,680
52.74705,154,1243,-1760,536,4613,-135,352,678
52.74755,155,1243,-1759,536,4613,-136,351,678
52.74805,155,1242,-1756,535,4619,-137,351,678
52.74855,155,1242,-1754,535,4623,-137,350,679
52.74905,155,1242,-1753,534,4626,-136,351,681
52.74955,155,1242,-1752,532,4622,-135,350,682
52.75005,155,1242,-1752,530,4622,-134,350,684
52.75055,155,1242,-1752,530,4628,-133,350,686
52.75105,154,1242,-1751,531,4629,-134,349,686
52.75155,154,1242,-1752,531,4626,-134,349,686
52.75205,154,1241,-1752,531,4638,-133,349,686
52.75255,154,1240,-1753,531,4676,-132,349,687
52.75305,154,1239,-1754,530,4676,-132,350,687
52.75355,154,1239,-1755,531,4663,-132,349,687
52.75405,153,1240,-1755,532,4637,-132,350,684
52.75455,153,1240,-1757,533,4611,-132,350,683
52.75505,153,1241,-1757,534,4611,-132,349,682
52.75555,153,1241,-1756,535,4609,-132,350,681
52.75605,153,1242,-1755,535,4617,-131,350,681
52.75655,153,1242,-1754,536,4622,-131,350,681
52.75705,153,1242,-1755,535,4622,-131,350,681
52.75755,154,1242,-1754,534,4624,-131,350,681
52.75805,154,1241,-1754,532,4629,-132,350,681
52.75855,155,1241,-1752,530,4630,-132,349,680
52.75905,154,1241,-1752,531,4631,-134,349,678
52.75955,154,1241,-1753,532,4637,-134,350,677
52.76005,154,1241,-1753,532,4641,-134,349,676
52.76055,155,1241,-1753,531,4638,-134,350,675
52.76105,155,1241,-1753,529,4641,-135,349,675
52.76155,156,1241,-1753,527,4638,-135,349,675
52.76205,156,1241,-1754,528,4646,-135,349,676
52.76255,157,1241,-1753,529,4682,-134,349,677
52.76305,156,1241,-1754,529,4686,-134,349,678
52.76355,156,1241,-1754,530,4676,-133,350,680
52.76405,156,1241,-1754,530,4655,-132,350,680
52.76455,156,1241,-1754,531,4631,-130,350,681
52.76505,156,1241,-1754,532,4628,-129,350,681
52.76555,156,1241,-1754,531,4630,-128,350,682
52.76605,157,1242,-1754,532,4636,-126,350,683
52.76655,157,1241,-1755,533,4649,-126,350,684
52.76705,158,1241,-1755,533,4655,-126,350,683
52.76755,158,1241,-1755,533,4667,-128,350,683
52.76805,159,1240,-1755,534,4675,-129,350,682
52.76855,160,1239,-1756,534,4682,-130,349,683
52.76905,160,1239,-1756,533,4695,-129,349,682
52.76955,159,1239,-1755,531,4698,-129,349,683
52.77005,158,1240,-1755,531,4705,-129,349,683
52.77055,157,1241,-1755,532,4708,-128,349,683
52.77105,156,1241,-1755,532,4712,-128,349,683
52.77155,156,1241,-1754,532,4717,-126,349,682
52.77205,156,1241,-1754,533,4737,-126,349,683
52.77255,157,1241,-1753,533,4778,-126,349,682
52.77315,157,1241,-1753,532,4774,-126,349,681
52.77365,158,1241,-1754,531,4770,-126,348,680
52.77415,159,1240,-1754,530,4741,-126,349,679
52.77465,159,1241,-1755,530,4718,-126,348,679
52.77515,159,1242,-1754,529,4710,-125,348,679
52.77565,159,1243,-1753,528,4712,-125,347,678
52.77615,159,1243,-1753,529,4720,-124,347,677
52.77665,159,1243,-1753,530,4733,-123,348,676
52.77715,159,1243,-1753,530,4735,-123,348,675
52.77765,159,1243,-1754,530,4739,-123,348,674
52.77815,159,1243,-1754,530,4742,-124,348,674
52.77865,159,1243,-1755,530,4751,-125,349,674
52.77915,158,1244,-1755,531,4757,-125,349,675
52.77965,159,1243,-1755,530,4763,-126,349,677
52.78015,159,1243,-1755,530,4763,-127,350,677
52.78065,159,1242,-1755,531,4765,-127,350,677
52.78115,160,1242,-1755,531,4769,-126,350,680
52.78165,160,1242,-1755,531,4774,-125,350,682
52.78215,160,1242,-1755,532,4801,-124,350,684
52.78265,160,1241,-1756,532,4846,-122,350,686
52.78315,161,1241,-1756,532,4843,-121,350,688
52.78365,161,1241,-1756,532,4833,-120,350,689
52.78415,161,1242,-1756,531,4811,-120,351,687
52.78465,161,1242,-1755,531,4785,-120,350,686
52.78515,161,1242,-1754,530,4783,-121,350,686
52.78565,162,1241,-1754,531,4798,-121,350,686
52.786148,162,1242,-1753,531,4810,-121,350,686
52.78665,161,1242,-1754,530,4819,-122,350,683
52.78715,160,1242,-1754,531,4830,-123,350,681
52.78765,160,1242,-1754,531,4839,-123,350,678
52.78815,159,1243,-1755,531,4860,-124,350,676
52.78865,159,1245,-1755,531,4881,-125,350,674
52.78915,158,1245,-1756,531,4896,-126,350,673
52.78965,158,1245,-1756,531,4905,-127,350,673
52.79015,160,1244,-1756,530,4909,-127,350,673
52.79065,160,1244,-1756,531,4918,-127,350,674
52.79115,161,1243,-1756,530,4926,-125,350,676
52.79165,162,1243,-1756,531,4939,-124,350,677
52.79215,163,1242,-1756,531,4973,-123,350,679
52.79265,163,1242,-1756,531,5007,-122,349,681
52.79315,163,1242,-1756,531,5009,-121,350,684
52.79365,163,1242,-1755,530,5007,-120,349,685
52.79415,163,1243,-1753,530,4988,-119,349,686
52.79465,163,1243,-1753,530,4964,-119,349,685
52.79515,163,1243,-1754,530,4955,-119,349,683
52.79565,164,1243,-1755,530,4937,-120,348,683
52.79615,164,1243,-1755,530,4916,-121,348,683
52.79665,164,1243,-1755,530,4902,-122,348,683
52.79715,164,1242,-1753,529,4888,-122,347,684
52.79765,165,1242,-1753,529,4878,-122,348,686
52.79815,165,1242,-1753,530,4881,-121,348,688
52.79865,165,1241,-1753,530,4879,-121,348,689
52.79915,165,1241,-1754,531,4876,-122,349,688
52.79965,164,1241,-1755,532,4867,-122,349,688
52.80015,164,1241,-1755,532,4870,-123,349,687
52.80065,164,1243,-1755,532,4876,-124,349,684
52.80115,163,1243,-1756,532,4874,-125,349,682
52.80165,163,1243,-1756,531,4881,-125,349,679
52.80215,164,1243,-1757,531,4913,-126,349,678
52.80265,164,1243,-1757,530,4942,-127,349,677
52.80315,164,1242,-1756,529,4948,-128,349,677
52.80365,164,1242,-1754,528,4944,-129,349,677
52.80415,163,1242,-1752,526,4915,-128,349,678
52.80465,163,1242,-1751,525,4894,-129,348,679
52.80515,162,1243,-1751,525,4888,-129,348,681
52.80565,162,1243,-1752,526,4875,-130,348,680
52.80615,162,1244,-1753,526,4860,-131,348,678
52.80665,163,1244,-1753,527,4847,-132,348,678
52.80715,163,1245,-1753,527,4824,-131,348,678
52.80765,163,1245,-1753,527,4800,-130,348,679
52.80815,163,1245,-1752,527,4775,-129,348,680
52.80865,164,1245,-1752,528,4741,-129,349,681
52.80915,164,1244,-1752,528,4717,-129,350,682
52.80965,165,1244,-1752,528,4687,-130,350,684
52.81015,166,1243,-1753,527,4662,-131,350,685
52.81065,166,1243,-1753,527,4635,-132,350,687
52.81115,166,1243,-1753,527,4600,-131,350,688
52.81165,166,1244,-1753,528,4567,-131,350,688
52.81215,166,1243,-1753,529,4568,-130,350,689
52.81265,166,1243,-1754,528,4559,-130,350,689
52.81315,166,1243,-1753,528,4515,-130,350,689
52.81365,166,1242,-1753,527,4467,-129,350,690
52.81415,166,1242,-1752,527,4399,-130,350,689
52.81465,167,1242,-1752,528,4348,-131,350,689
52.81515,167,1241,-1752,528,4309,-131,350,689
52.81565,167,1242,-1752,529,4280,-131,350,690
52.81615,166,1243,-1753,528,4261,-130,350,691
52.81665,166,1243,-1754,529,4249,-131,350,690
52.81715,167,1244,-1754,529,4228,-132,351,688
52.81765,166,1243,-1754,530,4212,-133,351,686
52.81815,167,1244,-1755,530,4205,-134,351,684
52.81865,166,1243,-1755,530,4200,-135,351,682
52.81915,166,1244,-1755,530,4200,-135,351,682
52.81965,166,1243,-1754,530,4210,-135,350,682
52.82015,166,1243,-1750,530,4224,-135,350,682
52.82065,166,1243,-1749,530,4239,-136,350,683
52.82115,167,1242,-1750,531,4251,-136,350,683
52.82165,167,1242,-1751,531,4253,-135,350,685
52.82215,167,1242,-1751,532,4288,-135,350,685
52.82265,167,1242,-1752,531,4317,-136,350,684
52.82315,168,1242,-1752,531,4321,-137,350,683
52.82365,168,1242,-1752,530,4326,-137,350,682
52.82415,169,1242,-1752,530,4307,-139,350,681
52.82465,169,1242,-1752,530,4300,-139,349,679
52.82515,169,1242,-1753,531,4308,-140,350,678
52.82565,169,1241,-1753,531,4325,-141,349,677
52.82615,170,1242,-1753,531,4345,-141,349,677
52.82665,169,1241,-1752,531,4358,-142,350,677
52.82715,169,1243,-1751,532,4372,-143,349,675
52.82765,168,1243,-1751,532,4389,-144,349,674
52.82815,168,1243,-1750,532,4405,-144,349,673
52.82865,168,1243,-1750,531,4422,-144,349,676
52.82915,168,1243,-1749,531,4423,-142,350,679
52.82965,168,1243,-1749,530,4427,-142,349,681
52.83015,168,1243,-1749,530,4425,-141,350,683
52.83065,168,1243,-1749,531,4421,-141,350,684
52.83115,168,1243,-1749,533,4415,-141,350,684
52.83165,168,1243,-1750,534,4417,-141,350,684
52.83215,167,1243,-1751,534,4461,-142,350,684
52.83265,167,1243,-1750,533,4488,-142,350,683
52.83315,167,1244,-1750,532,4489,-143,351,683
52.83365,167,1243,-1749,531,4474,-144,350,682
52.83415,167,1244,-1750,530,4443,-145,351,682
52.83465,168,1243,-1749,530,4436,-145,350,682
52.83525,168,1244,-1748,531,4437,-144,350,683
52.83575,169,1243,-1748,532,4440,-143,350,684
52.83625,169,1243,-1749,533,4445,-142,350,684
52.83675,169,1242,-1750,533,4463,-141,350,685
52.83725,169,1242,-1750,532,4477,-141,350,684
52.83775,169,1242,-1749,532,4481,-141,349,683
52.83825,169,1242,-1748,531,4496,-142,348,681
52.83875,168,1242,-1748,530,4503,-144,348,678
52.83925,168,1242,-1748,531,4515,-144,348,676
52.83975,167,1242,-1749,531,4536,-145,348,675
52.84025,167,1243,-1750,532,4547,-146,349,674
52.84075,167,1244,-1750,532,4548,-148,349,673
52.84125,167,1244,-1750,532,4553,-149,348,672
52.84175,167,1244,-1750,532,4545,-149,348,673
52.84225,167,1244,-1749,533,4582,-148,347,674
52.84275,168,1244,-1750,532,4597,-147,348,675
52.84325,168,1244,-1750,532,4602,-146,348,677
52.84375,168,1243,-1751,533,4595,-146,349,678
52.84425,169,1243,-1751,532,4571,-145,350,678
52.84475,169,1242,-1750,532,4573,-147,349,678
52.84525,169,1242,-1748,532,4582,-147,350,678
52.84575,169,1242,-1748,531,4595,-148,350,679
52.84625,169,1242,-1748,531,4602,-147,350,682
52.84675,169,1243,-1748,530,4606,-146,350,686
52.847248,169,1242,-1749,530,4613,-144,350,689
52.84775,169,1243,-1749,531,4619,-143,350,691
52.84825,168,1243,-1750,532,4622,-143,349,690
52.84875,168,1244,-1750,532,4627,-143,349,688
52.84925,167,1244,-1750,532,4634,-144,350,685
52.84975,167,1244,-1750,532,4632,-145,350,685
52.85025,168,1244,-1751,532,4621,-145,350,685
52.85075,168,1244,-1751,531,4615,-144,350,685
52.85125,168,1244,-1751,530,4610,-144,350,685
52.85175,168,1243,-1749,529,4611,-144,349,686
52.85225,168,1243,-1747,529,4651,-143,348,687
52.85275,169,1243,-1746,530,4665,-143,349,687
52.85325,168,1244,-1747,532,4657,-142,349,688
52.85375,168,1244,-1747,532,4639,-142,349,688
52.85425,168,1244,-1747,532,4611,-142,349,688
52.85475,169,1243,-1747,532,4599,-143,349,686
52.85525,169,1243,-1748,531,4597,-143,349,685
52.85575,169,1243,-1748,530,4600,-143,349,685
52.85625,169,1243,-1748,529,4600,-143,350,685
52.85675,169,1243,-1748,528,4602,-143,351,685
52.85725,169,1243,-1748,527,4605,-143,351,685
52.85775,169,1243,-1748,528,4606,-143,351,685
52.85825,170,1243,-1748,529,4608,-144,351,684
52.85875,169,1244,-1748,530,4610,-145,351,683
52.85925,169,1244,-1749,530,4615,-145,351,683
52.85975,169,1244,-1748,530,4615,-144,351,683
52.86025,169,1245,-1748,530,4610,-144,351,683
52.86075,168,1245,-1748,531,4598,-143,351,684
52.86125,168,1244,-1748,531,4585,-141,350,684
52.86175,168,1245,-1749,532,4578,-140,350,685
52.86225,168,1245,-1749,532,4595,-139,350,685
52.86275,168,1245,-1749,531,4575,-138,350,685
52.86325,169,1245,-1749,531,4550,-137,350,687
52.86375,168,1245,-1749,531,4520,-136,350,687
52.86425,168,1245,-1749,531,4485,-136,350,687
52.86475,169,1245,-1749,531,4472,-137,350,686
52.86525,168,1245,-1749,532,4471,-138,350,685
52.86575,168,1245,-1749,533,4474,-138,350,684
52.86625,168,1245,-1749,534,4467,-139,350,683
52.86675,168,1245,-1750,534,4464,-139,350,682
52.86725,167,1246,-1749,533,4456,-138,350,682
52.86775,167,1246,-1750,533,4454,-137,351,682
52.86825,166,1246,-1749,532,4453,-136,351,682
52.86875,166,1246,-1749,532,4448,-135,352,683
52.86925,165,1247,-1749,533,4439,-134,352,684
52.86975,164,1247,-1749,533,4425,-134,352,685
52.87025,164,1247,-1748,534,4419,-134,352,685
52.87075,164,1247,-1748,533,4404,-134,352,685
52.87125,164,1247,-1748,533,4382,-135,352,685
52.87175,163,1247,-1748,532,4374,-135,351,686
52.87225,163,1247,-1747,532,4402,-135,351,686
52.87275,163,1247,-1748,533,4395,-136,351,686
52.87325,163,1247,-1749,533,4370,-135,352,687
52.87375,162,1247,-1749,533,4329,-135,352,687
52.87425,162,1247,-1749,533,4276,-135,352,687
52.87475,162,1247,-1749,534,4249,-134,352,688
52.87525,162,1247,-1749,533,4231,-134,352,688
52.87575,162,1247,-1748,533,4224,-134,352,689
52.87625,162,1247,-1748,533,4215,-135,352,688
52.87675,161,1247,-1748,533,4195,-136,352,688
52.87725,161,1247,-1748,533,4180,-137,352,687
52.87775,161,1247,-1748,534,4163,-138,351,687
52.87825,160,1247,-1749,534,4144,-139,351,685
52.87875,160,1248,-1749,534,4126,-139,351,685
52.87925,160,1248,-1749,535,4109,-139,350,685
52.87975,159,1248,-1750,536,4096,-140,350,685
52.88025,160,1248,-1750,537,4085,-141,349,685
52.88075,159,1248,-1750,537,4072,-141,348,684
52.88125,160,1248,-1750,537,4061,-142,348,684
52.88175,159,1248,-1750,537,4065,-143,347,683
52.88225,159,1248,-1749,535,4090,-143,347,683
52.88275,159,1248,-1748,534,4073,-144,347,681
52.88325,159,1248,-1747,533,4054,-144,347,681
52.88375,160,1247,-1747,533,4026,-145,347,679
52.88425,160,1247,-1748,532,3988,-144,347,678
52.88475,160,1247,-1748,533,3966,-144,346,677
52.88525,160,1247,-1747,533,3957,-144,346,677
52.88575,161,1248,-1745,533,3945,-144,346,678
52.88625,160,1248,-1745,533,3936,-144,346,679
52.88675,161,1247,-1746,533,3930,-145,346,680
52.88725,160,1248,-1746,534,3926,-145,346,681
52.88775,160,1248,-1747,534,3931,-145,347,681
52.88825,160,1248,-1748,535,3927,-146,347,682
52.88875,160,1248,-1748,535,3916,-146,347,681
52.88925,160,1248,-1748,535,3903,-146,348,681
52.88975,160,1248,-1747,535,3874,-146,348,681
52.89025,160,1248,-1748,535,3845,-147,348,682
52.89075,159,1248,-1748,535,3820,-147,348,683
52.89125,159,1248,-1747,535,3801,-147,348,685
52.89175,159,1248,-1747,535,3789,-147,347,687
52.89225,159,1248,-1746,533,3801,-147,347,688
52.89275,159,1248,-1746,532,3783,-146,347,689
52.89325,159,1248,-1746,532,3765,-146,346,690
52.89375,159,1249,-1748,533,3726,-145,347,692
52.89425,159,1249,-1748,534,3690,-144,347,694
52.89475,159,1249,-1749,535,3670,-144,347,694
52.89525,159,1249,-1749,536,3656,-145,347,694
52.89575,159,1249,-1749,536,3651,-146,347,693
52.89635,159,1249,-1749,536,3646,-147,348,691
52.89685,159,1249,-1748,535,3631,-148,347,691
52.89735,159,1248,-1748,534,3617,-149,347,691
52.89785,158,1247,-1748,534,3597,-150,347,693
52.89835,158,1247,-1748,534,3587,-150,346,693
52.89885,157,1247,-1748,534,3584,-151,347,692
52.89935,157,1247,-1748,535,3588,-151,347,691
52.89985,157,1247,-1748,535,3598,-151,346,688
52.90035,157,1247,-1748,536,3600,-151,347,686
52.90085,157,1247,-1747,536,3603,-151,347,686
52.90135,157,1248,-1748,536,3598,-152,347,685
52.90185,157,1248,-1747,537,3607,-153,346,686
52.90235,158,1248,-1748,537,3635,-154,346,686
52.90285,157,1248,-1748,537,3632,-154,346,686
52.90335,158,1247,-1748,537,3619,-155,346,688
52.90385,158,1247,-1748,535,3599,-155,346,688
52.90435,159,1246,-1748,533,3579,-156,347,687
52.90485,158,1246,-1748,533,3570,-157,346,685
52.90535,158,1246,-1749,533,3566,-158,346,684
52.90585,157,1247,-1749,534,3574,-159,346,685
52.90635,156,1248,-1749,536,3586,-160,347,685
52.90685,155,1249,-1749,537,3585,-160,347,685
52.90735,156,1248,-1749,537,3582,-161,347,686
52.90785,155,1248,-1749,536,3579,-161,347,687
52.908348,156,1248,-1748,535,3593,-161,346,687
52.90885,156,1248,-1748,534,3596,-161,346,687
52.90935,155,1248,-1748,533,3600,-161,346,688
52.90985,155,1249,-1747,533,3607,-161,346,689
52.91035,155,1249,-1748,534,3618,-161,346,689
52.91085,154,1249,-1748,535,3620,-161,346,688
52.91135,154,1249,-1748,535,3630,-161,346,688
52.91185,153,1249,-1748,536,3660,-161,346,689
52.91235,154,1249,-1748,537,3708,-162,346,688
52.91285,153,1248,-1748,537,3719,-162,346,686
52.91335,153,1248,-1748,537,3730,-162,347,684
52.91385,152,1248,-1749,537,3725,-163,347,683
52.91435,153,1248,-1750,538,3714,-163,347,681
52.91485,153,1249,-1751,539,3718,-164,347,681
52.91535,153,1248,-1751,539,3731,-165,347,679
52.91585,154,1248,-1750,537,3749,-166,347,679
52.91635,154,1248,-1750,536,3769,-167,346,679
52.91685,154,1248,-1750,536,3794,-167,346,680
52.91735,154,1249,-1751,537,3818,-167,346,680
52.91785,153,1249,-1750,537,3841,-167,346,681
52.91835,153,1249,-1750,536,3860,-167,346,681
52.91885,154,1248,-1748,535,3866,-165,346,683
52.91935,154,1248,-1747,535,3873,-164,346,686
52.91985,154,1248,-1747,536,3880,-162,346,689
52.92035,154,1248,-1749,537,3891,-161,346,691
52.92085,154,1248,-1749,537,3890,-159,346,692
52.92135,155,1248,-1750,536,3888,-158,346,693
52.92185,154,1248,-1750,537,3910,-157,345,694
52.92235,154,1249,-1751,536,3936,-157,345,693
52.92285,154,1249,-1751,536,3931,-158,346,693
52.92335,154,1249,-1751,536,3916,-159,346,692
52.92385,154,1249,-1750,536,3886,-160,346,690
52.92435,154,1249,-1749,536,3868,-161,346,689
52.92485,154,1249,-1747,536,3865,-161,345,687
52.92535,154,1248,-1746,536,3864,-162,345,686
52.92585,155,1249,-1746,536,3874,-162,345,685
52.92635,155,1249,-1747,535,3889,-161,345,684
52.92685,154,1249,-1747,535,3894,-160,346,684
52.92735,153,1250,-1748,535,3907,-159,346,684
52.92785,152,1251,-1748,535,3916,-158,347,684
52.92835,151,1251,-1748,536,3925,-158,347,683
52.92885,152,1251,-1748,536,3935,-159,347,683
52.92935,152,1250,-1748,536,3939,-161,348,683
52.92985,153,1249,-1748,537,3945,-162,347,683
52.93035,153,1249,-1750,538,3952,-162,347,683
52.93085,154,1248,-1751,538,3957,-161,347,684
52.93135,154,1249,-1752,538,3962,-160,347,684
52.93185,154,1248,-1751,538,3995,-160,346,684
52.93235,154,1248,-1751,538,4028,-161,346,684
52.93285,153,1249,-1751,539,4028,-162,346,684
52.93335,154,1249,-1751,540,4022,-162,345,684
52.93385,153,1249,-1750,541,3996,-162,345,683
52.93435,154,1250,-1749,541,3980,-162,345,683
52.93485,153,1249,-1750,540,3975,-162,345,683
52.93535,154,1250,-1752,540,3980,-162,345,682
52.93585,154,1250,-1752,540,3992,-162,345,682
52.93635,154,1249,-1750,540,4008,-162,345,682
52.93685,154,1249,-1749,537,4016,-162,344,682
52.93735,154,1249,-1747,535,4022,-161,344,682
52.93785,154,1249,-1747,535,4023,-161,344,682
52.93835,154,1249,-1748,535,4028,-162,344,681
52.93885,154,1249,-1749,535,4033,-162,344,681
52.93935,154,1249,-1750,535,4035,-162,343,680
52.93985,154,1249,-1750,535,4044,-162,344,679
52.94035,154,1249,-1750,534,4053,-162,344,679
52.94085,154,1250,-1749,534,4050,-163,344,678
52.94135,154,1249,-1749,535,4051,-162,344,678
52.94185,154,1249,-1749,537,4085,-162,344,678
52.94235,155,1249,-1749,538,4113,-161,344,677
52.94285,155,1249,-1750,540,4106,-161,345,676
52.94335,155,1248,-1750,540,4093,-161,345,675
52.94385,155,1248,-1749,541,4071,-161,345,673
52.94435,154,1249,-1749,541,4055,-162,345,672
52.94485,154,1249,-1749,540,4052,-162,345,672
52.94535,153,1249,-1749,537,4059,-161,345,673
52.94585,153,1250,-1749,536,4065,-161,345,673
52.94635,153,1249,-1750,536,4063,-161,345,673
52.94685,153,1249,-1751,536,4064,-161,345,673
52.94735,153,1249,-1750,535,4066,-161,346,674
52.94785,153,1248,-1749,534,4067,-161,346,674
52.94835,153,1248,-1749,534,4077,-162,346,674
52.94885,153,1247,-1749,536,4084,-163,346,673
52.94935,153,1247,-1749,537,4086,-164,346,672
52.94985,154,1247,-1749,538,4083,-163,346,671
52.95035,153,1247,-1749,539,4084,-164,346,671
52.95085,153,1248,-1749,540,4076,-163,346,670
52.95135,153,1248,-1749,540,4070,-163,346,670
52.95185,153,1248,-1749,541,4101,-162,345,671
52.95235,153,1248,-1750,540,4115,-161,345,671
52.95285,153,1247,-1750,539,4094,-159,346,672
52.95335,154,1247,-1751,539,4074,-158,346,672
52.95385,154,1247,-1752,540,4039,-157,346,673
52.95435,153,1246,-1752,539,4014,-157,347,674
52.95485,153,1246,-1752,535,3996,-157,346,674
52.95535,152,1246,-1751,532,3993,-158,346,675
52.95585,152,1246,-1751,532,3996,-158,346,675
52.95635,152,1246,-1750,532,3993,-159,346,675
52.95695,152,1246,-1748,533,3990,-160,345,674
52.95735,152,1246,-1745,534,3989,-160,345,674
52.95795,152,1246,-1746,536,3991,-160,346,674
52.95845,152,1245,-1747,538,3993,-160,346,673
52.95895,152,1245,-1749,539,3990,-160,346,672
52.95945,152,1245,-1749,539,3987,-160,346,672
52.95995,152,1245,-1749,538,3991,-160,346,672
52.96045,152,1246,-1749,536,3991,-160,346,671
52.96095,151,1246,-1749,536,3987,-160,346,670
52.96145,151,1246,-1750,537,3978,-160,346,668
52.96195,151,1245,-1750,538,4010,-160,346,667
52.96245,151,1246,-1750,538,4026,-160,346,666
52.96295,150,1245,-1751,537,4013,-160,347,664
52.96345,150,1245,-1751,537,4005,-160,347,664
52.96395,150,1246,-1752,537,3977,-160,347,662
52.96445,150,1245,-1751,537,3963,-161,347,662
52.96495,150,1245,-1750,537,3958,-160,347,662
52.96545,150,1244,-1749,537,3959,-160,347,664
52.96595,150,1244,-1749,537,3965,-160,346,665
52.96645,150,1243,-1749,537,3967,-159,346,665
52.96695,151,1243,-1750,537,3963,-159,346,665
52.96745,151,1243,-1750,537,3967,-160,346,664
52.96795,151,1242,-1751,538,3975,-159,345,664
52.96845,151,1242,-1750,537,3989,-159,346,664
52.96895,151,1242,-1750,537,3997,-159,345,664
52.969448,151,1242,-1751,538,4005,-158,345,665
52.96995,151,1242,-1750,538,4011,-158,345,665
52.97045,150,1241,-1751,539,4012,-157,345,666
52.97095,150,1241,-1751,539,4016,-157,345,667
52.97145,150,1241,-1751,540,4026,-157,345,668
52.97195,150,1241,-1751,541,4064,-155,344,670
52.97245,150,1241,-1751,541,4084,-154,345,671
52.97295,150,1241,-1751,542,4082,-155,345,670
52.97345,150,1240,-1752,542,4065,-154,345,670
52.97395,150,1240,-1751,541,4037,-155,346,668
52.97445,150,1240,-1751,540,4027,-156,345,667
52.97495,150,1240,-1751,538,4024,-156,345,666
52.97545,150,1240,-1750,536,4023,-157,345,664
52.97595,150,1239,-1750,535,4033,-157,345,664
52.97645,149,1240,-1750,534,4039,-157,345,664
52.97695,149,1240,-1750,535,4041,-157,345,663
52.97745,148,1240,-1750,536,4040,-158,345,662
52.97795,148,1240,-1750,538,4033,-158,345,662
52.97845,148,1240,-1750,539,4041,-157,345,663
52.97895,148,1239,-1750,539,4041,-157,345,664
52.97945,148,1238,-1750,538,4035,-156,345,664
52.97995,148,1238,-1750,538,4039,-156,345,666
52.98045,148,1237,-1750,537,4038,-156,345,666
52.98095,149,1237,-1750,536,4034,-155,345,667
52.98145,149,1237,-1750,537,4031,-155,345,666
52.98195,149,1236,-1750,537,4059,-154,344,666
52.98245,149,1236,-1751,537,4067,-155,345,665
52.98295,149,1237,-1751,537,4055,-154,345,663
52.98345,149,1236,-1751,537,4028,-155,345,662
52.98395,149,1236,-1752,537,3992,-155,345,660
52.98445,148,1236,-1752,537,3980,-156,345,659
52.98495,148,1236,-1753,538,3970,-155,345,659
52.98545,148,1236,-1753,538,3960,-154,345,659
52.98595,148,1236,-1752,538,3960,-154,344,660
52.98645,148,1236,-1751,538,3957,-154,345,660
52.98695,148,1236,-1750,538,3955,-154,344,660
52.98745,148,1236,-1749,538,3952,-154,345,660
52.98795,148,1236,-1749,538,3950,-153,345,661
52.98845,148,1235,-1749,538,3949,-153,345,661
52.98895,148,1235,-1750,538,3940,-152,345,662
52.98945,148,1234,-1750,538,3934,-152,345,663
52.98995,148,1234,-1751,538,3930,-152,345,663
52.99045,148,1234,-1751,538,3916,-152,345,664
52.99095,147,1234,-1751,538,3903,-152,345,663
52.99145,147,1234,-1751,538,3905,-152,345,663
52.99195,147,1233,-1751,539,3933,-152,345,662
52.99245,147,1234,-1750,538,3930,-152,345,663
52.99295,147,1234,-1750,538,3921,-152,345,663
52.99345,147,1234,-1750,539,3891,-152,345,664
52.99395,147,1234,-1751,539,3853,-152,345,664
52.99445,146,1234,-1751,539,3845,-152,346,663
52.99495,146,1234,-1751,539,3839,-151,345,663
52.99545,146,1234,-1751,539,3830,-151,345,663
52.99595,146,1234,-1750,539,3831,-151,345,662
52.99645,146,1234,-1751,538,3832,-151,345,662
52.99695,146,1233,-1750,538,3838,-152,344,661
52.99745,146,1233,-1751,538,3837,-152,344,661
52.99795,146,1233,-1751,539,3827,-152,345,660
52.99845,146,1233,-1751,539,3828,-152,345,661
52.99895,147,1232,-1751,539,3833,-152,345,662
52.99945,146,1233,-1752,540,3832,-152,345,662
52.99995,147,1232,-1751,540,3838,-152,345,662
53.00045,147,1232,-1751,540,3840,-151,345,661
53.00095,147,1232,-1751,539,3837,-152,345,661
53.00145,147,1232,-1751,539,3838,-152,345,661
53.00195,147,1232,-1752,540,3872,-152,345,661
53.00245,147,1232,-1752,540,3873,-152,345,660
53.00295,146,1232,-1752,540,3866,-153,345,660
53.00345,146,1233,-1751,539,3848,-152,345,660
53.00395,146,1233,-1751,539,3819,-152,345,659
53.00445,146,1232,-1751,538,3808,-151,345,659
53.00495,146,1233,-1751,538,3802,-151,345,659
53.00545,146,1233,-1751,539,3802,-151,345,659
53.00595,146,1233,-1751,539,3810,-152,345,658
53.00645,146,1233,-1751,538,3813,-153,345,657
53.00695,146,1234,-1751,538,3816,-155,345,657
53.00745,146,1234,-1751,539,3815,-155,345,656
53.00795,146,1233,-1751,539,3816,-155,346,657
53.00845,146,1233,-1751,539,3823,-154,346,658
53.00895,146,1233,-1751,539,3822,-154,345,659
53.00945,146,1233,-1751,538,3825,-153,345,661
53.00995,146,1232,-1751,539,3820,-152,345,662
53.01045,146,1232,-1751,539,3815,-152,345,663
53.01095,147,1233,-1751,539,3815,-151,345,664
53.01145,147,1232,-1751,540,3819,-151,344,665
53.01195,147,1232,-1751,539,3854,-152,344,665
53.01245,147,1232,-1751,539,3846,-153,344,663
53.01295,147,1233,-1751,539,3832,-154,344,663
53.01345,147,1233,-1752,539,3804,-155,344,662
53.01395,147,1233,-1751,539,3771,-156,344,661
53.01445,148,1233,-1752,539,3765,-156,345,662
53.01495,148,1233,-1752,540,3760,-156,345,662
53.01545,148,1234,-1752,540,3765,-157,344,663
53.01595,148,1234,-1753,541,3769,-157,345,664
53.01645,148,1234,-1753,541,3764,-157,345,664
53.01705,148,1234,-1753,541,3767,-157,345,664
53.01745,148,1235,-1752,541,3765,-158,345,664
53.01795,148,1235,-1751,541,3759,-158,345,663
53.01845,148,1235,-1751,541,3757,-157,345,662
53.01905,148,1236,-1750,540,3749,-157,344,662
53.01955,148,1236,-1750,539,3752,-157,344,662
53.02005,147,1236,-1750,538,3753,-156,344,662
53.02055,147,1236,-1750,537,3748,-157,344,662
53.02105,148,1237,-1751,537,3741,-158,344,662
53.02155,148,1237,-1752,538,3748,-158,344,662
53.02205,148,1237,-1752,539,3780,-158,344,662
53.02255,148,1237,-1752,539,3775,-157,344,662
53.02305,149,1237,-1752,539,3760,-157,343,662
53.02355,149,1238,-1752,539,3732,-157,344,662
53.02405,149,1238,-1752,539,3703,-157,343,661
53.02455,149,1238,-1751,539,3692,-157,344,661
53.02505,150,1239,-1751,539,3679,-158,343,661
53.02555,150,1239,-1751,539,3678,-158,343,661
53.02605,150,1239,-1751,539,3684,-159,343,660
53.02655,150,1239,-1751,539,3684,-159,343,660
53.02705,150,1239,-1751,539,3685,-159,343,661
53.02755,150,1239,-1751,540,3685,-159,343,661
53.02805,151,1239,-1751,539,3680,-159,343,661
53.02855,151,1239,-1751,540,3681,-159,343,662
53.02905,151,1240,-1751,540,3682,-158,343,664
53.02955,151,1240,-1751,540,3687,-158,343,665
53.03005,151,1240,-1751,540,3684,-159,344,667
53.03055,151,1241,-1752,541,3674,-159,344,667
53.03105,150,1243,-1753,540,3668,-160,344,667
53.03155,150,1243,-1753,541,3683,-159,344,667
53.03205,149,1244,-1752,540,3717,-160,344,666
53.03255,149,1245,-1751,540,3714,-160,345,666
53.03305,149,1245,-1751,539,3707,-160,345,666
53.03355,149,1245,-1751,539,3677,-160,345,665
53.03405,150,1245,-1752,539,3646,-161,346,665
53.03455,150,1246,-1752,540,3633,-161,346,665
53.03505,151,1245,-1752,540,3628,-162,346,665
53.03555,151,1246,-1752,540,3630,-162,346,665
53.03605,151,1246,-1752,540,3635,-162,346,664
53.03655,151,1247,-1752,539,3638,-162,346,664
53.03705,152,1248,-1752,538,3645,-162,346,664
53.03755,152,1249,-1751,538,3647,-162,345,664
53.03805,151,1250,-1751,539,3644,-163,345,664
53.03855,151,1251,-1751,540,3647,-162,345,663
53.03905,152,1252,-1751,539,3648,-163,345,663
53.03955,152,1252,-1752,540,3645,-163,346,663
53.04005,152,1253,-1752,540,3648,-163,345,662
53.04055,153,1253,-1752,540,3651,-163,345,662
53.04105,153,1254,-1752,540,3657,-164,345,661
53.04155,153,1255,-1752,540,3672,-164,345,661
53.04205,153,1256,-1752,540,3701,-165,345,661
53.04255,152,1257,-1752,540,3699,-166,344,661
53.04305,152,1258,-1752,540,3693,-165,345,661
53.04355,152,1258,-1752,539,3667,-166,345,661
53.04405,153,1258,-1752,540,3643,-166,345,661
53.04455,153,1258,-1752,540,3640,-165,345,662
53.04505,154,1259,-1752,540,3640,-165,344,663
53.04555,153,1259,-1752,540,3649,-164,345,664
53.04605,154,1260,-1752,540,3653,-164,345,664
53.04655,154,1261,-1752,539,3657,-164,344,664
53.04705,153,1261,-1752,539,3657,-164,345,664
53.04755,154,1262,-1752,539,3659,-164,344,665
53.04805,153,1263,-1752,540,3662,-164,345,666
53.04855,153,1264,-1752,539,3666,-164,344,666
53.04905,152,1264,-1752,540,3675,-163,344,667
53.04955,152,1265,-1753,541,3681,-163,345,667
53.05005,152,1265,-1753,542,3680,-163,344,666
53.05055,152,1266,-1753,542,3682,-163,345,665
53.05105,152,1266,-1753,543,3688,-163,345,664
53.05155,152,1267,-1753,544,3707,-163,344,662
53.05205,151,1269,-1753,543,3744,-163,344,661
53.05255,151,1269,-1753,542,3744,-163,344,660
53.05305,151,1270,-1754,542,3734,-164,344,660
53.05355,152,1270,-1754,542,3713,-165,344,659
53.05405,153,1270,-1754,542,3694,-166,344,658
53.05455,153,1270,-1753,541,3688,-166,344,659
53.05505,153,1270,-1752,539,3696,-166,344,660
53.05555,153,1270,-1750,537,3703,-167,344,661
53.05605,153,1270,-1750,536,3715,-166,344,662
53.05655,153,1271,-1750,537,3717,-166,343,663
53.05705,153,1271,-1751,538,3724,-166,344,662
53.05755,153,1272,-1752,539,3721,-166,344,662
53.05805,153,1272,-1752,539,3725,-166,344,662
53.05855,152,1272,-1752,539,3730,-167,344,662
53.05905,153,1272,-1752,540,3730,-168,344,663
53.05955,153,1272,-1752,540,3733,-168,344,664
53.06005,153,1272,-1751,540,3732,-168,344,666
53.06055,153,1271,-1751,539,3736,-168,344,668
53.06105,154,1272,-1751,538,3736,-166,343,670
53.06155,154,1271,-1752,540,3758,-164,343,671
53.06205,155,1271,-1752,540,3785,-163,343,671
53.06255,155,1272,-1753,541,3776,-163,343,670
53.06305,155,1272,-1752,542,3767,-163,343,669
53.06355,155,1272,-1753,541,3748,-164,343,667
53.06405,156,1273,-1753,541,3729,-166,343,667
53.06455,156,1272,-1754,540,3731,-166,342,667
53.06505,156,1272,-1754,538,3735,-166,342,668
53.06555,156,1272,-1752,537,3745,-166,343,669
53.06605,156,1271,-1753,538,3764,-166,343,670
53.06655,155,1272,-1753,539,3768,-166,343,671
53.06705,155,1272,-1753,539,3775,-165,343,672
53.06755,154,1273,-1752,539,3781,-164,343,674
53.06805,154,1273,-1751,539,3794,-163,344,674
53.06855,154,1273,-1752,539,3810,-163,344,674
53.06905,155,1272,-1752,539,3822,-163,344,673
53.06955,155,1272,-1753,539,3831,-163,344,672
53.07005,155,1272,-1753,540,3835,-163,344,671
53.07055,155,1273,-1753,539,3845,-163,344,671
53.07105,155,1273,-1753,539,3850,-164,344,670
53.07155,155,1273,-1752,540,3889,-164,344,670
53.07205,155,1273,-1752,539,3930,-164,344,669
53.07255,156,1273,-1752,539,3934,-165,345,669
53.07305,156,1272,-1752,539,3926,-165,345,668
53.07355,156,1272,-1752,539,3901,-166,346,667
53.07405,157,1272,-1752,539,3896,-166,346,667
53.07455,158,1271,-1752,540,3896,-166,346,667
53.07505,158,1271,-1752,540,3901,-166,345,667
53.07555,158,1270,-1753,540,3911,-166,345,668
53.07605,158,1271,-1753,540,3922,-165,345,668
53.07655,158,1271,-1753,540,3934,-165,344,668
53.07705,158,1271,-1753,541,3940,-165,344,668
53.07755,158,1271,-1754,542,3943,-165,344,668
53.07805,158,1272,-1754,541,3943,-165,343,669
53.07855,158,1272,-1753,541,3949,-165,343,668
53.07905,159,1271,-1753,540,3947,-166,343,668
53.07955,159,1271,-1753,540,3954,-166,343,668
53.08005,159,1271,-1752,540,3960,-166,343,668
53.08065,160,1271,-1753,541,3961,-166,343,669
53.08115,159,1271,-1754,541,3960,-166,343,669
53.08165,160,1271,-1755,541,3985,-166,343,669
53.08215,160,1272,-1755,540,4008,-166,343,670
53.08265,159,1271,-1755,540,4005,-165,343,670
53.08315,159,1271,-1755,539,3998,-166,343,670
53.08365,159,1271,-1755,539,3967,-166,343,669
53.08415,160,1271,-1754,539,3949,-166,343,670
53.08465,160,1271,-1752,538,3940,-166,342,669
53.08515,160,1270,-1750,538,3942,-167,342,669
53.08565,161,1270,-1750,539,3943,-167,342,669
53.08615,161,1269,-1750,539,3948,-167,342,668
53.08665,160,1270,-1749,538,3949,-167,344,666
53.08715,160,1271,-1750,538,3953,-167,344,665
53.08765,160,1271,-1751,538,3956,-167,344,664
53.08815,160,1272,-1753,539,3953,-167,343,666
53.08865,160,1272,-1755,542,3963,-166,343,666
53.08915,160,1271,-1755,545,3969,-166,344,667
53.08965,161,1271,-1755,546,3968,-166,344,667
53.09015,161,1271,-1754,544,3963,-166,344,668
53.09065,161,1271,-1753,542,3962,-166,343,668
53.09115,161,1271,-1752,539,3965,-167,343,669
53.09165,162,1270,-1752,539,3994,-166,343,669
53.09215,162,1270,-1752,538,4007,-166,343,667
53.09265,162,1270,-1751,537,3999,-165,343,666
53.09315,162,1270,-1751,534,3987,-166,344,666
53.09365,163,1270,-1750,532,3958,-166,344,665
53.09415,163,1269,-1750,533,3941,-166,344,665
53.09465,163,1270,-1750,534,3931,-166,344,665
53.09515,162,1270,-1752,536,3932,-166,345,665
53.09565,162,1269,-1752,538,3939,-167,344,665
53.09615,163,1270,-1752,538,3944,-167,344,666
53.09665,163,1270,-1750,536,3947,-167,343,666
53.09715,163,1270,-1749,536,3953,-167,343,666
53.09765,164,1270,-1750,537,3953,-167,343,666
53.09815,164,1269,-1751,539,3957,-167,343,666
53.098648,164,1270,-1752,540,3961,-167,344,666
53.09915,164,1269,-1753,540,3962,-167,344,667
53.09965,164,1269,-1753,540,3963,-167,344,667
53.10015,164,1269,-1754,540,3961,-166,344,669
53.10065,164,1270,-1753,540,3963,-165,344,671
53.10115,164,1270,-1752,540,3967,-163,344,673
53.10165,163,1269,-1753,541,4005,-164,343,673
53.10215,163,1270,-1754,540,4021,-164,344,673
53.10265,162,1270,-1755,540,4019,-164,344,673
53.10315,162,1270,-1756,539,4008,-164,344,673
53.10365,161,1270,-1756,539,3979,-163,345,672
53.10415,161,1270,-1755,537,3971,-163,344,672
53.10465,161,1270,-1754,535,3979,-163,343,671
53.10515,161,1269,-1753,534,3986,-164,343,671
53.10565,162,1269,-1751,537,3984,-164,343,671
53.10615,163,1268,-1750,539,3986,-163,344,671
53.10665,164,1267,-1750,541,3988,-163,344,671
53.10715,164,1266,-1752,540,3985,-162,345,671
53.10765,165,1266,-1754,540,3984,-163,345,671
53.10815,165,1265,-1755,541,3985,-163,344,671
53.10865,165,1265,-1755,541,3992,-164,345,670
53.10915,165,1265,-1755,541,3998,-163,344,670
53.10965,165,1265,-1755,540,4008,-164,344,669
53.11015,166,1266,-1755,538,4009,-165,345,668
53.11065,165,1265,-1754,535,4001,-165,344,668
53.11115,166,1266,-1751,534,4009,-164,344,669
53.11165,166,1265,-1749,535,4048,-164,344,668
53.11215,166,1265,-1747,536,4050,-164,344,668
53.11265,166,1265,-1748,536,4045,-164,344,668
53.11315,166,1265,-1749,535,4027,-164,345,668
53.11365,166,1265,-1750,536,3994,-165,345,667
53.11415,166,1265,-1750,538,3983,-165,345,666
53.11465,166,1264,-1751,540,3980,-165,345,665
53.11515,166,1265,-1753,541,3986,-166,345,665
53.11565,166,1264,-1754,542,3991,-166,345,664
53.11615,167,1264,-1757,543,3996,-166,345,665
53.11665,166,1265,-1759,544,4005,-167,345,665
53.11715,166,1265,-1760,545,4006,-166,345,666
53.11765,165,1266,-1760,545,4009,-165,345,668
53.11815,164,1266,-1760,545,4013,-164,345,670
53.11865,164,1266,-1757,540,4019,-163,345,672
53.11915,164,1266,-1754,534,4021,-162,344,673
53.11965,165,1265,-1750,532,4022,-162,345,673
53.12015,164,1266,-1746,534,4020,-161,344,672
53.12065,164,1265,-1745,534,4023,-161,344,672
53.12115,164,1265,-1747,535,4033,-161,344,671
53.12165,165,1265,-1749,536,4071,-162,344,671
53.12215,165,1264,-1750,537,4072,-162,344,672
53.12265,165,1264,-1751,537,4065,-161,345,673
53.12315,165,1263,-1752,536,4053,-161,345,674
53.12365,164,1263,-1752,535,4022,-161,345,675
53.12415,164,1263,-1751,533,4017,-161,345,677
53.12465,163,1263,-1749,533,4014,-161,345,678
53.12515,163,1263,-1748,533,4015,-160,345,679
53.12565,162,1263,-1749,535,4025,-159,345,678
53.12615,162,1263,-1750,539,4029,-160,344,677
53.12665,162,1264,-1752,540,4034,-160,345,675
53.12715,162,1263,-1752,539,4030,-160,345,674
53.12765,162,1263,-1753,539,4032,-161,345,673
53.12815,162,1262,-1753,538,4040,-161,345,672
53.12865,162,1262,-1754,539,4045,-160,345,673
53.12915,162,1261,-1754,538,4053,-160,345,673
53.12965,163,1262,-1754,538,4055,-160,345,673
53.13015,163,1261,-1753,537,4057,-160,345,674
53.13065,163,1261,-1751,536,4061,-160,345,674
53.13115,164,1261,-1751,537,4076,-159,345,674
53.13165,164,1260,-1751,537,4116,-159,345,675
53.13215,165,1259,-1751,536,4120,-159,345,675
53.13265,165,1258,-1750,536,4111,-159,345,675
53.13315,165,1258,-1749,535,4091,-160,345,674
53.13365,165,1257,-1750,535,4067,-160,345,674
53.13415,165,1257,-1751,536,4068,-160,345,673
53.13465,165,1257,-1752,538,4073,-161,345,673
53.13515,165,1257,-1753,538,4077,-161,345,672
53.13565,164,1258,-1752,539,4087,-162,346,672
53.13615,164,1259,-1752,539,4098,-161,346,672
53.13665,164,1258,-1752,539,4104,-161,345,673
53.13715,164,1257,-1753,541,4105,-160,345,674
53.13765,165,1256,-1753,541,4101,-159,345,674
53.13815,165,1256,-1754,540,4109,-159,345,675
53.13865,165,1256,-1753,540,4117,-159,344,675
53.13915,164,1257,-1752,539,4116,-159,345,676
53.13965,163,1258,-1751,539,4120,-159,345,677
53.14015,162,1258,-1751,540,4127,-159,345,677
53.14065,161,1257,-1751,541,4122,-159,346,677
53.14115,161,1257,-1752,541,4128,-159,346,678
53.14165,161,1256,-1752,540,4162,-159,346,677
53.14225,162,1256,-1751,539,4165,-159,347,677
53.14275,162,1256,-1750,539,4151,-160,347,677
53.14325,163,1255,-1750,540,4128,-160,347,675
53.14375,162,1255,-1751,539,4104,-161,347,675
53.14425,163,1255,-1752,536,4102,-160,347,675
53.14475,163,1254,-1752,534,4102,-160,347,676
53.14525,163,1255,-1753,535,4102,-159,347,676
53.14575,163,1254,-1753,535,4112,-159,346,676
53.14625,163,1254,-1753,535,4116,-159,346,676
53.14675,162,1254,-1753,536,4114,-159,346,676
53.14725,162,1253,-1753,537,4110,-159,346,676
53.14775,163,1253,-1753,537,4110,-159,346,677
53.14825,162,1252,-1752,538,4111,-159,345,676
53.14875,162,1253,-1751,537,4112,-159,345,676
53.14925,161,1252,-1750,536,4120,-159,345,675
53.14975,161,1252,-1749,536,4124,-159,345,675
53.15025,161,1253,-1750,537,4118,-159,346,675
53.15075,161,1252,-1751,537,4113,-160,346,674
53.15125,161,1252,-1751,538,4125,-161,346,675
53.15175,161,1252,-1751,538,4165,-161,346,674
53.15225,160,1252,-1752,538,4161,-162,346,674
53.15275,160,1253,-1752,538,4154,-162,347,673
53.15325,160,1253,-1752,537,4128,-162,347,673
53.15375,160,1253,-1751,537,4093,-162,346,673
53.15425,159,1253,-1752,537,4088,-161,346,673
53.15475,159,1253,-1751,537,4089,-161,346,673
53.15525,159,1253,-1752,537,4092,-161,346,673
53.15575,159,1253,-1752,538,4098,-161,346,673
53.15625,159,1252,-1752,538,4100,-162,346,673
53.15675,159,1252,-1752,538,4100,-161,346,674
53.15725,160,1251,-1752,538,4100,-161,346,676
53.15775,159,1250,-1752,539,4105,-160,346,677
53.15825,160,1250,-1752,539,4102,-159,347,679
53.15875,160,1250,-1752,539,4097,-157,346,681
53.15925,160,1250,-1752,539,4099,-157,346,682
53.159748,160,1250,-1751,538,4100,-156,347,682
53.16025,160,1250,-1750,538,4106,-157,346,683
53.16075,159,1250,-1750,538,4107,-156,347,684
53.16125,159,1250,-1751,538,4112,-156,346,685
53.16175,158,1250,-1752,538,4146,-157,346,683
53.16225,158,1249,-1754,538,4139,-157,346,682
53.16275,158,1249,-1755,538,4128,-158,347,681
53.16325,159,1248,-1754,538,4107,-159,348,679
53.16375,159,1248,-1751,539,4078,-159,348,678
53.16425,159,1247,-1750,539,4073,-159,348,678
53.16475,160,1247,-1749,540,4080,-159,347,676
53.16525,160,1247,-1751,541,4085,-159,347,676
53.16575,160,1246,-1752,541,4090,-158,347,676
53.16625,160,1246,-1752,541,4095,-158,347,678
53.16675,160,1246,-1752,540,4098,-158,347,679
53.16725,159,1246,-1753,540,4096,-159,346,679
53.16775,159,1246,-1753,539,4094,-159,347,680
53.16825,158,1246,-1754,539,4098,-159,347,681
53.16875,157,1246,-1754,539,4110,-159,347,681
53.16925,157,1246,-1754,539,4113,-158,348,682
53.16975,156,1246,-1753,539,4118,-157,348,684
53.17025,156,1246,-1754,538,4129,-157,348,684
53.17075,157,1246,-1755,538,4132,-157,348,684
53.17125,157,1245,-1755,539,4149,-156,348,684
53.17175,157,1244,-1755,539,4184,-156,348,684
53.17225,156,1244,-1754,538,4183,-157,348,683
53.17275,156,1244,-1752,538,4176,-157,348,682
53.17325,156,1244,-1750,536,4146,-157,348,681
53.17375,156,1243,-1750,536,4125,-158,348,680
53.17425,156,1243,-1750,537,4118,-158,348,680
53.17475,156,1242,-1750,537,4124,-158,348,681
53.17525,156,1242,-1750,537,4137,-158,348,680
53.17575,156,1241,-1750,537,4141,-158,349,681
53.17625,156,1241,-1751,537,4150,-159,349,681
53.17675,156,1241,-1751,538,4153,-159,349,681
53.17725,156,1241,-1751,538,4157,-160,349,680
53.17775,155,1241,-1751,537,4164,-161,349,681
53.17825,155,1241,-1751,537,4171,-161,349,681
53.17875,154,1242,-1751,537,4171,-161,348,682
53.17925,155,1241,-1752,537,4177,-161,348,682
53.17975,155,1240,-1752,537,4188,-161,348,683
53.18025,154,1240,-1753,538,4196,-161,348,683
53.18075,155,1240,-1753,538,4196,-161,348,683
53.18125,155,1240,-1753,538,4214,-161,348,683
53.18175,154,1239,-1754,538,4249,-161,348,681
53.18225,154,1239,-1753,538,4248,-162,348,680
53.18275,154,1240,-1753,539,4244,-162,348,680
53.18325,153,1240,-1753,539,4228,-162,348,679
53.18375,153,1240,-1752,540,4210,-162,348,680
53.18425,152,1239,-1752,540,4204,-162,347,680
53.18475,152,1240,-1753,540,4213,-161,348,680
53.18525,152,1239,-1754,540,4221,-161,347,680
53.18575,153,1239,-1755,540,4228,-161,347,680
53.18625,152,1239,-1754,540,4234,-161,348,679
53.18675,153,1238,-1754,541,4238,-160,348,680
53.18725,153,1238,-1755,541,4234,-160,348,680
53.18775,152,1238,-1755,541,4244,-160,349,680
53.18825,152,1238,-1754,540,4251,-159,348,680
53.18875,152,1238,-1753,539,4261,-160,349,680
53.18925,152,1238,-1752,537,4268,-160,349,679
53.18975,152,1238,-1752,537,4272,-161,348,678
53.19025,151,1237,-1751,538,4269,-162,348,677
53.19075,152,1237,-1751,538,4273,-162,348,676
53.19125,152,1236,-1750,539,4295,-162,347,676
53.19175,152,1237,-1750,538,4330,-162,348,676
53.19225,151,1236,-1751,539,4329,-162,348,676
53.19275,152,1236,-1751,539,4321,-161,348,678
53.19325,151,1236,-1751,538,4293,-162,348,678
53.19375,151,1236,-1752,538,4273,-162,348,678
53.19425,151,1236,-1752,538,4271,-162,348,680
53.19475,151,1235,-1751,537,4275,-161,348,681
53.19525,151,1235,-1752,537,4281,-162,348,681
53.19575,151,1235,-1752,538,4283,-162,349,682
53.19625,151,1234,-1752,537,4286,-162,349,683
53.19675,151,1234,-1752,537,4296,-162,349,683
53.19725,151,1234,-1751,537,4298,-162,349,683
53.19775,151,1233,-1751,538,4301,-162,349,683
53.19825,150,1234,-1751,538,4305,-162,349,684
53.19875,150,1234,-1751,538,4313,-161,348,685
53.19925,149,1234,-1752,538,4327,-161,349,685
53.19975,150,1234,-1752,538,4330,-161,349,685
53.20025,149,1233,-1752,538,4337,-161,349,684
53.20075,149,1233,-1752,538,4345,-161,349,683
53.20125,149,1232,-1752,539,4377,-161,349,683
53.20175,149,1233,-1752,538,4405,-160,349,683
53.20225,149,1232,-1752,538,4403,-161,350,683
53.20275,149,1232,-1752,538,4400,-161,350,683
53.20335,149,1232,-1752,538,4375,-161,350,682
53.20385,149,1231,-1752,538,4363,-161,350,682
53.20435,149,1231,-1753,539,4372,-162,350,681
53.20485,148,1231,-1753,539,4379,-162,350,681
53.20535,149,1230,-1753,539,4382,-162,350,681
53.20585,148,1231,-1753,539,4391,-163,349,681
53.20635,148,1231,-1752,538,4400,-162,349,681
53.20685,148,1231,-1752,538,4407,-163,349,682
53.20735,148,1230,-1752,538,4410,-164,349,682
53.20785,148,1230,-1752,538,4420,-164,349,682
53.20835,148,1230,-1752,538,4428,-163,349,682
53.20885,147,1230,-1752,537,4438,-164,349,682
53.20935,147,1230,-1752,538,4447,-164,349,681
53.20985,147,1230,-1753,538,4454,-163,349,681
53.21035,147,1230,-1752,538,4456,-163,349,680
53.21085,147,1230,-1752,538,4460,-163,349,680
53.21135,147,1229,-1752,539,4498,-163,348,681
53.21185,147,1229,-1752,539,4525,-163,349,681
53.21235,147,1228,-1752,539,4519,-163,349,682
53.21285,147,1229,-1752,538,4511,-163,349,682
53.21335,147,1228,-1752,538,4490,-163,350,682
53.21385,147,1228,-1752,538,4477,-163,349,682
53.21435,147,1228,-1752,538,4480,-163,349,683
53.21485,146,1227,-1753,538,4488,-162,349,684
53.21535,146,1227,-1752,538,4501,-162,349,685
53.21585,146,1227,-1752,538,4517,-162,349,685
53.21635,146,1226,-1752,539,4523,-162,349,685
53.21685,147,1226,-1752,538,4531,-162,349,684
53.21735,146,1226,-1752,539,4541,-162,350,683
53.21785,146,1226,-1752,539,4553,-162,349,682
53.21835,146,1226,-1752,539,4554,-162,350,681
53.21885,146,1226,-1752,538,4565,-162,350,681
53.21935,146,1225,-1752,538,4571,-162,350,680
53.21985,146,1226,-1752,539,4577,-162,350,679
53.22035,145,1225,-1752,538,4591,-162,350,679
53.220848,145,1226,-1752,538,4594,-163,350,678
53.22135,144,1226,-1752,539,4628,-163,350,678
53.22185,144,1226,-1752,539,4655,-163,351,678
53.22235,144,1226,-1753,538,4652,-162,351,679
53.22285,144,1226,-1753,538,4642,-162,352,680
53.22335,144,1226,-1753,538,4612,-163,352,680
53.22385,144,1226,-1753,539,4604,-162,353,681
53.22435,144,1226,-1753,539,4605,-162,353,682
53.22485,144,1225,-1752,538,4606,-162,353,684
53.22535,144,1225,-1752,538,4616,-161,353,685
53.22585,144,1225,-1752,537,4622,-161,352,685
53.22635,144,1224,-1752,537,4624,-161,352,686
53.22685,145,1224,-1752,537,4630,-161,351,686
53.22735,145,1223,-1752,536,4636,-161,351,686
53.22785,144,1223,-1752,536,4641,-160,350,686
53.22835,144,1224,-1752,537,4645,-160,350,686
53.22885,143,1224,-1753,538,4652,-160,351,685
53.22935,143,1224,-1753,538,4656,-160,351,684
53.22985,143,1224,-1753,538,4656,-160,351,683
53.23035,143,1223,-1753,538,4658,-160,351,681
53.23085,144,1223,-1753,538,4659,-160,351,680
53.23135,143,1223,-1752,538,4697,-161,351,679
53.23185,144,1223,-1752,538,4717,-161,350,678
53.23235,143,1222,-1752,537,4709,-161,351,677
53.23285,142,1223,-1752,537,4698,-162,350,676
53.23335,142,1223,-1752,536,4663,-162,351,675
53.23385,141,1223,-1751,537,4654,-161,351,675
53.23435,141,1223,-1751,536,4651,-161,351,677
53.23485,141,1223,-1751,537,4653,-161,351,678
53.23535,141,1222,-1752,536,4658,-161,352,678
53.23585,141,1222,-1751,537,4667,-160,352,678
53.23635,141,1221,-1752,536,4671,-161,352,679
53.23685,141,1221,-1752,537,4672,-160,353,679
53.23735,141,1222,-1752,537,4669,-160,353,679
53.23785,141,1221,-1752,537,4671,-159,353,679
53.23835,141,1222,-1752,537,4671,-159,354,680
53.23885,141,1221,-1752,537,4675,-159,354,681
53.23935,141,1220,-1752,537,4683,-159,356,684
53.23985,141,1220,-1752,537,4681,-159,356,686
53.24035,141,1221,-1752,537,4687,-159,357,687
53.24085,141,1220,-1752,538,4692,-158,358,688
53.24135,140,1220,-1753,538,4723,-158,359,688
53.24185,141,1220,-1752,537,4735,-157,360,687
53.24235,140,1220,-1752,537,4730,-157,360,686
53.24285,140,1220,-1752,537,4710,-157,360,685
53.24335,140,1220,-1752,537,4682,-157,360,683
53.24385,140,1220,-1752,537,4670,-157,360,682
53.24435,140,1220,-1752,537,4672,-157,359,681
53.24485,140,1220,-1752,537,4681,-157,359,681
53.24535,140,1219,-1752,537,4683,-157,358,681
53.24585,140,1219,-1752,537,4684,-157,357,681
53.24635,139,1219,-1752,537,4688,-157,356,681
53.24685,140,1219,-1752,537,4692,-157,356,682
53.24735,139,1219,-1752,537,4692,-157,355,681
53.24785,139,1219,-1752,537,4699,-157,353,681
53.24835,139,1219,-1752,537,4699,-158,352,680
53.24885,139,1219,-1752,537,4706,-159,352,678
53.24935,139,1219,-1752,537,4718,-159,352,678
53.24985,139,1218,-1752,537,4724,-158,352,679
53.25035,139,1218,-1752,537,4726,-158,352,679
53.25085,140,1218,-1752,537,4726,-157,352,679
53.25135,140,1217,-1752,538,4762,-157,351,678
53.25185,140,1217,-1752,537,4770,-157,353,677
53.25235,141,1217,-1752,537,4769,-158,353,677
53.25285,141,1217,-1752,537,4746,-157,354,677
53.25335,141,1216,-1752,537,4713,-156,355,679
53.25385,140,1217,-1752,537,4707,-155,354,680
53.25435,141,1216,-1752,537,4709,-155,355,682
53.25485,141,1216,-1752,537,4723,-154,355,682
53.25535,141,1215,-1752,537,4736,-155,355,683
53.25585,141,1215,-1752,537,4739,-155,356,683
53.25635,141,1215,-1752,538,4737,-155,357,683
53.25685,140,1215,-1753,538,4740,-155,358,684
53.25735,140,1215,-1753,538,4744,-155,357,684
53.25785,139,1216,-1754,538,4751,-155,358,684
53.25835,138,1216,-1754,538,4751,-155,358,685
53.25885,138,1216,-1754,538,4752,-154,358,686
53.25935,138,1216,-1754,538,4752,-154,358,687
53.25985,138,1215,-1754,538,4757,-154,359,686
53.26035,139,1215,-1753,538,4757,-154,359,685
53.26085,139,1214,-1753,538,4768,-153,359,686
53.26135,139,1214,-1753,538,4802,-153,360,686
53.26185,138,1215,-1753,537,4807,-152,360,686
53.26235,136,1216,-1753,538,4799,-152,360,686
53.26285,135,1217,-1753,537,4778,-151,359,685
53.26335,135,1216,-1753,537,4749,-151,359,684
53.26385,135,1216,-1753,537,4740,-150,358,684
53.26435,136,1215,-1753,537,4744,-150,356,684
53.26495,137,1214,-1753,537,4749,-149,355,684
53.26545,137,1214,-1753,537,4753,-149,355,684
53.26595,137,1214,-1752,537,4754,-148,355,685
53.26645,137,1214,-1753,537,4755,-147,355,685
53.26695,137,1214,-1753,537,4750,-148,354,683
53.26745,137,1214,-1753,537,4744,-149,354,682
53.26795,137,1214,-1752,537,4743,-149,354,681
53.26845,137,1213,-1753,537,4746,-149,354,681
53.26895,137,1213,-1753,537,4745,-149,354,680
53.26945,136,1213,-1753,537,4744,-149,355,680
53.26995,137,1213,-1754,537,4746,-149,355,680
53.27045,137,1213,-1753,537,4739,-150,355,679
53.27095,136,1213,-1754,538,4743,-150,356,679
53.27145,136,1212,-1753,538,4768,-150,356,679
53.27195,136,1212,-1753,537,4760,-150,356,679
53.27245,136,1212,-1754,537,4744,-149,357,679
53.27295,136,1212,-1753,537,4711,-149,358,680
53.27345,136,1212,-1754,537,4673,-149,358,680
53.27395,136,1211,-1754,537,4661,-148,358,681
53.27445,136,1211,-1754,537,4651,-147,357,683
53.27495,136,1210,-1754,537,4637,-146,357,684
53.27545,137,1210,-1754,537,4631,-146,356,685
53.27595,136,1210,-1754,537,4625,-145,356,686
53.27645,136,1209,-1754,538,4613,-145,356,687
53.27695,137,1209,-1755,538,4605,-145,356,686
53.27745,137,1210,-1754,538,4592,-145,355,685
53.27795,137,1210,-1755,538,4583,-145,355,684
53.27845,137,1210,-1754,537,4567,-145,355,683
53.27895,137,1210,-1754,537,4557,-145,355,683
53.27945,137,1209,-1754,537,4545,-145,355,682
53.27995,137,1210,-1754,537,4532,-145,356,682
53.28045,136,1210,-1754,537,4528,-145,356,681
53.28095,136,1210,-1754,537,4530,-145,356,680
53.28145,136,1210,-1754,537,4549,-144,357,680
53.281948,137,1210,-1753,537,4541,-144,358,680
53.28245,136,1209,-1754,537,4524,-144,359,681
53.28295,136,1210,-1754,537,4489,-143,361,682
53.28345,137,1209,-1754,537,4446,-142,363,684
53.28395,136,1209,-1754,537,4436,-143,364,686
53.28445,137,1209,-1754,537,4429,-142,365,686
53.28495,137,1208,-1754,537,4423,-141,366,686
53.28545,136,1208,-1754,537,4418,-141,367,687
53.28595,137,1208,-1754,537,4409,-141,368,686
53.28645,136,1208,-1754,537,4399,-141,368,686
53.28695,137,1208,-1754,537,4399,-141,368,685
53.28745,137,1208,-1755,538,4393,-141,368,685
53.28795,137,1208,-1755,538,4385,-141,368,685
53.28845,137,1208,-1755,538,4383,-141,368,685
53.28895,137,1208,-1755,538,4387,-141,368,684
53.28945,137,1208,-1755,538,4392,-141,368,685
53.28995,137,1207,-1756,539,4399,-140,368,685
53.29045,137,1207,-1756,539,4397,-140,368,685
53.29095,138,1208,-1756,539,4408,-140,367,685
53.29145,138,1208,-1756,539,4443,-141,365,684
53.29195,137,1207,-1756,539,4446,-141,365,683
53.29245,137,1208,-1756,538,4445,-141,363,683
53.29295,138,1207,-1756,538,4418,-141,362,683
53.29345,137,1207,-1755,538,4394,-141,360,683
53.29395,137,1207,-1755,538,4394,-140,358,683
53.29445,138,1207,-1755,538,4399,-140,357,683
53.29495,137,1207,-1755,538,4412,-139,356,683
53.29545,137,1206,-1755,537,4426,-139,354,683
53.29595,137,1207,-1755,538,4434,-138,353,683
53.29645,137,1206,-1754,537,4441,-138,352,682
53.29695,137,1206,-1754,538,4449,-138,351,682
53.29745,137,1206,-1754,537,4461,-138,350,682
53.29795,137,1206,-1754,537,4468,-138,351,682
53.29845,136,1206,-1754,537,4471,-138,351,682
53.29895,136,1206,-1754,537,4479,-138,351,682
53.29945,135,1207,-1754,537,4489,-138,351,682
53.29995,136,1206,-1754,536,4497,-138,352,682
53.30045,136,1206,-1754,536,4506,-138,352,683
53.30095,136,1206,-1754,536,4526,-137,352,684
53.30145,136,1205,-1754,537,4561,-137,351,685
53.30195,136,1205,-1754,537,4566,-136,351,686
53.30245,135,1205,-1754,537,4560,-137,351,685
53.30295,136,1205,-1755,537,4543,-137,352,686
53.30345,136,1204,-1755,537,4521,-136,351,685
53.30395,137,1204,-1755,537,4524,-136,351,686
53.30445,137,1203,-1755,538,4527,-135,352,685
53.30495,137,1203,-1755,537,4538,-135,352,685
53.30545,138,1202,-1755,537,4541,-135,352,685
53.30595,138,1202,-1755,537,4543,-135,352,685
53.30645,138,1201,-1755,537,4549,-135,352,686
53.30695,138,1201,-1755,537,4555,-136,353,686
53.30745,138,1201,-1755,537,4559,-136,352,685
53.30795,138,1200,-1755,537,4563,-136,352,685
53.30845,138,1200,-1755,537,4562,-136,352,685
53.30895,139,1199,-1755,538,4571,-135,353,685
53.30945,138,1198,-1755,537,4578,-135,353,685
53.30995,139,1198,-1755,537,4583,-135,353,685
53.31045,139,1198,-1755,537,4585,-135,353,685
53.31095,138,1198,-1755,537,4606,-134,353,685
53.31145,137,1199,-1755,537,4644,-135,352,685
53.31195,137,1199,-1754,536,4645,-135,351,685
53.31245,136,1199,-1755,537,4639,-135,350,684
53.31295,136,1199,-1755,536,4613,-134,350,684
53.31345,136,1198,-1755,537,4598,-135,349,684
53.31395,136,1198,-1755,536,4600,-136,350,683
53.31445,137,1197,-1755,536,4606,-136,350,682
53.31495,137,1196,-1755,536,4613,-137,350,681
53.31545,137,1196,-1755,536,4625,-137,350,680
53.31595,137,1195,-1754,536,4629,-137,350,680
53.31645,137,1194,-1755,536,4639,-138,350,680
53.31695,137,1194,-1755,536,4648,-137,350,680
53.31745,138,1194,-1755,536,4654,-136,350,681
53.31795,137,1193,-1755,537,4659,-136,350,682
53.31845,138,1192,-1756,537,4660,-135,350,682
53.31895,138,1192,-1755,537,4668,-135,350,684
53.31945,138,1192,-1756,537,4679,-134,350,684
53.31995,138,1191,-1756,537,4685,-134,351,685
53.32045,138,1191,-1755,537,4689,-133,351,686
53.32095,138,1190,-1755,538,4713,-133,351,686
53.32145,138,1190,-1755,537,4749,-133,351,686
53.32195,138,1189,-1755,537,4749,-133,352,686
53.32245,138,1189,-1755,536,4743,-133,352,686
53.32295,137,1189,-1755,536,4715,-133,353,687
53.32345,138,1188,-1755,536,4696,-133,353,687
53.32395,137,1188,-1755,536,4692,-134,354,687
53.32445,137,1188,-1755,536,4694,-134,354,687
53.32495,137,1187,-1755,536,4701,-134,355,688
53.32545,137,1187,-1755,536,4709,-134,356,688
53.32595,137,1186,-1755,536,4716,-134,356,687
53.32655,137,1186,-1755,536,4721,-134,356,686
53.32705,137,1185,-1755,537,4721,-134,356,685
53.32755,137,1185,-1755,536,4722,-134,356,682
53.32805,137,1184,-1755,536,4719,-135,356,681
53.32855,137,1183,-1755,536,4723,-135,356,680
53.32905,137,1183,-1755,536,4725,-135,356,680
53.32955,138,1182,-1755,536,4732,-135,356,680
53.33005,138,1181,-1756,537,4736,-134,357,680
53.33055,138,1181,-1756,537,4735,-134,357,681
53.33105,138,1181,-1756,538,4757,-134,356,682
53.33155,138,1180,-1756,537,4776,-134,357,683
53.33205,138,1180,-1757,537,4773,-133,357,684
53.33255,138,1180,-1757,537,4761,-133,357,685
53.33305,138,1179,-1756,536,4733,-132,357,685
53.33355,138,1179,-1756,536,4708,-132,356,686
53.33405,139,1178,-1756,536,4704,-131,356,686
53.33455,139,1178,-1756,537,4711,-131,356,687
53.33505,139,1178,-1756,537,4721,-131,356,688
53.33555,139,1177,-1756,537,4722,-131,357,688
53.33605,139,1176,-1756,537,4726,-130,357,688
53.33655,139,1176,-1756,536,4730,-130,357,688
53.33705,139,1175,-1756,536,4731,-129,356,688
53.33755,139,1175,-1756,537,4733,-129,356,689
53.33805,138,1175,-1756,536,4733,-128,355,689
53.33855,139,1175,-1756,536,4725,-128,355,689
53.33905,138,1175,-1756,536,4725,-128,355,688
53.33955,139,1175,-1756,536,4728,-129,355,687
53.34005,140,1174,-1756,536,4731,-129,355,686
53.34055,140,1174,-1756,536,4726,-129,355,686
53.34105,141,1174,-1756,537,4753,-130,354,686
53.34155,141,1174,-1756,536,4771,-130,354,686
53.34205,141,1173,-1756,536,4759,-129,354,685
53.34255,141,1173,-1756,536,4744,-129,353,685
53.34305,141,1173,-1756,536,4706,-129,353,685
53.34355,141,1172,-1756,536,4685,-129,353,686
53.34405,141,1172,-1756,536,4682,-129,353,686
53.34455,141,1172,-1756,536,4686,-129,354,686
53.34505,142,1172,-1757,536,4689,-129,354,686
53.34555,142,1172,-1756,536,4685,-129,354,686
53.34605,142,1172,-1756,536,4680,-129,355,686
53.34655,141,1172,-1757,536,4680,-129,354,686
53.34705,141,1172,-1756,536,4680,-129,355,686
53.34755,141,1171,-1757,536,4675,-129,355,686
53.34805,141,1171,-1757,536,4674,-128,355,686
53.34855,141,1171,-1757,536,4674,-128,355,686
53.34905,141,1171,-1757,537,4679,-128,355,687
53.34955,140,1172,-1757,536,4681,-128,356,687
53.35005,140,1172,-1757,536,4676,-127,355,687
53.35055,139,1172,-1757,536,4672,-127,356,686
53.35105,139,1172,-1757,537,4705,-127,355,686
53.35155,139,1172,-1757,536,4730,-127,355,686
53.35205,139,1172,-1757,536,4723,-126,355,686
53.35255,139,1171,-1757,536,4708,-125,355,686
53.35305,140,1171,-1757,535,4672,-126,354,685
53.35355,141,1171,-1756,535,4653,-127,354,684
53.35405,141,1171,-1757,535,4646,-126,353,684
53.35455,142,1171,-1757,536,4651,-126,354,684
53.35505,141,1171,-1757,536,4657,-126,354,684
53.35555,142,1171,-1757,536,4660,-126,354,685
53.35605,142,1171,-1757,536,4656,-126,353,685
53.35655,142,1170,-1757,535,4650,-126,353,685
53.35705,142,1171,-1756,535,4647,-125,352,686
53.35755,142,1171,-1756,535,4647,-125,352,686
53.35805,143,1171,-1756,535,4650,-125,353,686
53.35855,143,1171,-1757,535,4649,-125,352,686
53.35905,143,1171,-1757,534,4642,-125,353,686
53.35955,143,1171,-1757,535,4643,-125,354,686
53.36005,143,1171,-1756,535,4642,-125,354,686
53.36055,143,1171,-1756,535,4641,-125,354,686
53.36105,143,1171,-1756,535,4674,-124,354,686
53.36155,143,1171,-1757,535,4685,-125,354,686
53.36205,143,1171,-1757,535,4673,-125,355,686
53.36255,143,1172,-1758,535,4652,-124,355,686
53.36305,144,1172,-1757,535,4613,-124,356,685
53.36355,144,1171,-1758,536,4595,-124,355,686
53.36405,144,1172,-1758,536,4587,-124,356,685
53.36455,144,1172,-1758,536,4591,-124,356,686
53.36505,145,1171,-1758,536,4593,-124,356,685
53.36555,145,1172,-1758,536,4595,-124,356,684
53.36605,145,1172,-1758,536,4588,-124,356,684
53.36655,145,1172,-1758,536,4590,-124,356,685
53.36705,145,1172,-1758,535,4587,-123,356,685
53.36755,145,1172,-1758,535,4572,-123,355,685
53.36805,146,1172,-1758,535,4563,-123,355,685
53.36855,145,1172,-1758,536,4560,-124,355,685
53.36905,145,1172,-1758,535,4561,-123,355,685
53.36955,145,1172,-1758,536,4562,-123,355,685
53.37005,146,1172,-1758,535,4559,-123,355,685
53.37055,146,1172,-1758,536,4559,-124,355,684
53.37105,146,1172,-1758,536,4591,-124,355,685
53.37155,146,1173,-1758,535,4599,-124,355,685
53.37205,146,1173,-1758,536,4582,-124,355,685
53.37255,146,1173,-1758,535,4559,-124,355,684
53.37305,146,1173,-1758,535,4522,-124,355,684
53.37355,146,1174,-1758,535,4511,-124,354,684
53.37405,145,1174,-1758,535,4504,-123,354,685
53.37455,145,1175,-1758,535,4503,-123,354,685
53.37505,145,1174,-1759,535,4503,-123,354,685
53.37555,145,1174,-1759,536,4501,-123,354,685
53.37605,146,1174,-1759,535,4499,-123,354,686
53.37655,146,1174,-1759,535,4498,-123,354,685
53.37705,146,1174,-1759,535,4501,-123,354,685
53.37755,146,1174,-1758,535,4495,-123,354,685
53.37805,146,1174,-1757,535,4490,-123,354,685
53.37855,146,1174,-1757,534,4485,-122,354,684
53.37905,146,1175,-1758,535,4484,-122,354,685
53.37955,147,1174,-1758,535,4488,-122,354,684
53.38005,146,1175,-1758,535,4484,-122,354,685
53.38055,147,1175,-1759,536,4493,-121,354,685
53.38105,146,1174,-1759,536,4527,-121,354,687
53.38155,147,1174,-1759,535,4531,-121,354,688
53.38205,147,1174,-1759,535,4525,-121,354,687
53.38255,147,1174,-1759,535,4513,-121,354,687
53.38305,147,1174,-1759,535,4482,-121,355,688
53.38355,147,1175,-1759,535,4475,-121,354,688
53.38405,148,1174,-1759,535,4481,-121,354,687
53.38455,148,1174,-1759,535,4485,-121,354,687
53.38505,148,1174,-1759,535,4485,-121,354,686
53.38555,148,1174,-1759,535,4487,-121,354,686
53.38605,148,1174,-1759,535,4491,-121,354,686
53.38655,148,1174,-1759,534,4495,-121,354,686
53.38705,148,1174,-1759,535,4495,-121,354,686
53.38765,148,1174,-1759,535,4492,-121,354,686
53.38815,148,1174,-1759,535,4491,-120,354,686
53.38865,148,1174,-1759,535,4491,-120,354,686
53.38915,148,1174,-1759,535,4495,-120,354,687
53.38965,149,1174,-1759,535,4494,-121,354,686
53.39015,148,1175,-1759,535,4489,-120,353,686
53.39065,148,1174,-1759,535,4499,-120,353,686
53.39115,148,1174,-1759,535,4535,-120,353,686
53.39165,149,1174,-1759,535,4535,-120,354,686
53.39215,148,1174,-1760,535,4525,-120,354,686
53.39265,148,1174,-1760,535,4501,-121,354,685
53.39315,149,1174,-1759,535,4466,-120,354,685
53.39365,148,1174,-1760,535,4451,-121,354,684
53.39415,148,1174,-1760,535,4450,-121,354,685
53.39465,149,1174,-1760,535,4455,-120,354,684
53.39515,149,1174,-1760,535,4457,-120,354,684
53.39565,149,1174,-1760,535,4460,-119,354,684
53.39615,149,1173,-1760,535,4458,-119,354,684
53.39665,149,1173,-1760,535,4456,-119,354,684
53.39715,150,1173,-1760,535,4454,-119,354,684
53.39765,149,1173,-1760,535,4453,-119,354,684
53.39815,150,1173,-1761,535,4453,-120,354,683
53.39865,149,1173,-1761,535,4453,-120,354,682
53.39915,150,1174,-1761,535,4446,-121,354,682
53.39965,150,1173,-1760,535,4452,-120,354,682
53.40015,150,1174,-1760,535,4454,-120,354,682
53.40065,150,1174,-1761,536,4463,-120,354,683
53.40115,150,1173,-1760,536,4498,-119,354,683
53.40165,150,1174,-1760,536,4494,-120,354,683
53.40215,150,1173,-1760,535,4483,-120,354,682
53.40265,150,1174,-1760,534,4459,-120,353,681
53.40315,150,1174,-1760,534,4432,-120,353,681
53.40365,150,1174,-1760,534,4422,-120,353,682
53.40415,149,1174,-1760,534,4420,-120,353,683
53.40465,149,1174,-1761,534,4428,-119,353,683
53.40515,148,1174,-1760,535,4429,-119,353,684
53.40565,149,1174,-1760,534,4427,-119,354,685
53.40615,149,1174,-1760,534,4428,-119,353,685
53.40665,149,1174,-1761,535,4423,-119,353,685
53.40715,149,1174,-1761,535,4420,-119,353,684
53.40765,149,1174,-1760,535,4416,-119,354,683
53.40815,149,1174,-1761,535,4416,-119,354,683
53.40865,149,1174,-1761,535,4411,-119,354,682
53.40915,149,1174,-1761,535,4411,-120,354,681
53.40965,149,1175,-1760,535,4419,-120,354,681
53.41015,149,1175,-1760,535,4416,-120,355,680
53.41065,149,1175,-1760,535,4424,-120,355,681
53.411148,149,1175,-1760,534,4462,-119,355,682
53.41165,149,1175,-1760,535,4456,-120,355,682
53.41215,149,1175,-1760,534,4450,-120,356,682
53.41265,149,1175,-1760,534,4423,-120,355,682
53.41315,149,1175,-1760,534,4393,-120,355,681
53.41365,149,1176,-1761,535,4383,-120,354,681
53.41415,149,1176,-1762,536,4376,-121,353,681
53.41465,149,1176,-1763,536,4383,-120,352,682
53.41515,149,1176,-1763,537,4391,-121,353,682
53.41565,149,1176,-1763,537,4397,-120,352,682
53.41615,148,1177,-1762,537,4397,-120,353,683
53.41665,148,1177,-1761,537,4394,-120,353,684
53.41715,147,1178,-1761,536,4387,-120,353,685
53.41765,147,1177,-1761,535,4387,-120,353,686
53.41815,146,1178,-1761,536,4381,-119,353,687
53.41865,146,1178,-1762,536,4377,-119,352,688
53.41915,147,1178,-1762,535,4370,-118,353,688
53.41965,147,1178,-1761,534,4373,-119,352,687
53.42015,146,1179,-1760,534,4368,-119,353,687
53.42065,147,1179,-1760,535,4371,-119,353,686
53.42115,146,1179,-1761,534,4400,-119,353,685
53.42165,146,1179,-1761,534,4395,-120,352,684
53.42215,146,1180,-1763,534,4376,-120,351,684
53.42265,145,1180,-1764,534,4348,-120,352,684
53.42315,145,1181,-1764,534,4316,-120,352,684
53.42365,145,1181,-1762,534,4303,-120,352,684
53.42415,145,1181,-1761,533,4295,-120,352,684
53.42465,145,1182,-1760,533,4291,-120,353,685
53.42515,145,1182,-1761,533,4289,-120,352,685
53.42565,145,1182,-1762,533,4278,-120,353,684
53.42615,144,1183,-1762,533,4270,-121,353,684
53.42665,144,1183,-1762,533,4272,-121,352,682
53.42715,144,1183,-1762,534,4270,-122,352,680
53.42765,144,1183,-1763,535,4262,-123,353,679
53.42815,144,1184,-1763,537,4255,-123,352,678
53.42865,144,1184,-1763,538,4246,-123,353,678
53.42915,144,1184,-1763,538,4250,-123,353,679
53.42965,144,1184,-1764,538,4249,-123,353,678
53.43015,144,1184,-1764,540,4242,-123,353,679
53.43065,145,1185,-1763,541,4260,-123,352,679
53.43115,144,1185,-1762,540,4288,-123,353,680
53.43165,145,1185,-1761,537,4284,-123,353,681
53.43215,145,1185,-1761,533,4280,-123,352,682
53.43265,144,1186,-1762,532,4250,-123,352,682
53.43315,144,1186,-1764,533,4228,-123,352,682
53.43365,145,1186,-1767,536,4226,-124,353,682
53.43415,145,1187,-1768,538,4226,-123,352,683
53.43465,145,1187,-1767,538,4229,-124,352,684
53.43515,145,1187,-1765,538,4230,-124,353,685
53.43565,146,1187,-1763,537,4234,-124,353,685
53.43615,146,1187,-1762,536,4230,-124,353,685
53.43665,146,1188,-1762,536,4231,-125,353,685
53.43715,146,1188,-1761,535,4235,-124,352,685
53.43765,145,1188,-1758,534,4239,-124,352,684
53.43815,146,1188,-1758,533,4241,-124,352,684
53.43865,146,1188,-1761,534,4247,-123,353,684
53.43915,146,1188,-1764,536,4245,-124,354,683
53.43965,146,1188,-1766,538,4245,-124,353,683
53.44015,146,1188,-1765,538,4239,-124,353,682
53.44065,147,1188,-1764,539,4252,-124,353,682
53.44115,147,1188,-1764,540,4290,-124,352,682
53.44165,147,1188,-1764,541,4287,-124,352,681
53.44215,147,1188,-1765,543,4274,-124,352,681
53.44265,147,1189,-1767,541,4238,-125,352,681
53.44315,147,1188,-1766,537,4210,-125,352,680
53.44365,148,1189,-1763,532,4207,-125,352,680
53.44415,148,1189,-1760,529,4211,-125,351,680
53.44465,148,1189,-1758,527,4217,-125,350,681
53.44515,148,1189,-1758,528,4216,-125,351,680
53.44565,148,1189,-1760,529,4206,-125,351,680
53.44615,149,1189,-1762,532,4205,-125,351,680
53.44665,149,1189,-1762,533,4206,-125,352,680
53.44715,149,1189,-1761,532,4204,-125,352,680
53.44765,149,1190,-1761,531,4198,-125,353,680
53.44815,149,1190,-1761,531,4196,-126,352,680
53.44865,149,1190,-1762,531,4196,-127,352,680
53.44925,148,1191,-1762,533,4202,-127,352,680
53.44975,148,1191,-1763,535,4205,-127,352,680
53.45025,148,1191,-1763,535,4205,-128,352,680
53.45075,148,1191,-1763,535,4225,-127,352,680
53.45125,148,1191,-1762,534,4251,-128,352,680
53.45175,148,1192,-1762,533,4245,-128,352,681
53.45225,148,1191,-1762,532,4232,-128,352,681
53.45275,148,1192,-1761,532,4195,-128,352,682
53.45325,148,1193,-1760,532,4171,-126,352,683
53.45375,149,1192,-1759,533,4171,-126,351,684
53.45425,148,1193,-1760,534,4170,-126,351,684
53.45475,148,1193,-1761,534,4181,-127,352,683
53.45525,149,1193,-1761,534,4190,-126,352,683
53.45575,149,1193,-1762,534,4186,-127,352,682
53.45625,148,1193,-1761,533,4184,-127,352,680
53.45675,149,1193,-1761,532,4189,-127,351,680
53.45725,149,1194,-1761,532,4190,-127,351,680
53.45775,149,1194,-1761,532,4189,-128,350,680
53.45825,150,1194,-1762,533,4186,-128,350,680
53.45875,150,1194,-1763,533,4183,-129,350,680
53.45925,150,1195,-1763,535,4181,-129,350,679
53.45975,150,1195,-1763,534,4183,-130,350,679
53.46025,150,1195,-1763,534,4176,-130,350,679
53.46075,150,1196,-1762,535,4197,-130,350,678
53.46125,150,1196,-1762,535,4225,-131,350,678
53.46175,150,1196,-1763,535,4223,-131,350,678
53.46225,150,1196,-1763,534,4212,-130,350,679
53.46275,150,1197,-1763,534,4181,-130,350,680
53.46325,150,1196,-1763,534,4155,-129,350,680
53.46375,151,1197,-1763,534,4156,-130,351,680
53.46425,151,1197,-1762,534,4159,-130,350,680
53.46475,151,1197,-1763,534,4163,-130,351,680
53.46525,152,1197,-1763,534,4169,-130,351,680
53.46575,151,1197,-1763,535,4169,-130,351,681
53.46625,152,1197,-1764,535,4168,-130,351,681
53.46675,152,1197,-1764,535,4166,-131,351,681
53.46725,152,1197,-1764,535,4168,-131,351,681
53.46775,152,1198,-1764,534,4166,-131,351,681
53.46825,152,1198,-1764,534,4167,-131,351,681
53.46875,152,1198,-1764,535,4170,-131,351,680
53.46925,153,1198,-1763,534,4177,-131,351,680
53.46975,153,1198,-1763,534,4186,-132,351,679
53.47025,153,1199,-1762,534,4188,-133,351,678
53.47075,153,1199,-1762,535,4214,-133,350,679
53.47125,153,1199,-1762,535,4241,-133,350,678
53.47175,153,1200,-1763,535,4233,-133,351,678
53.472248,153,1200,-1763,535,4225,-133,351,678
53.47275,153,1200,-1764,535,4194,-134,351,678
53.47325,153,1200,-1764,536,4174,-133,352,679
53.47375,153,1200,-1765,536,4172,-133,351,679
53.47425,154,1200,-1765,537,4168,-133,351,680
53.47475,154,1200,-1764,536,4172,-133,351,680
53.47525,154,1200,-1763,536,4182,-133,351,680
53.47575,154,1200,-1762,534,4186,-134,351,680
53.47625,154,1201,-1762,533,4185,-134,351,680
53.47675,154,1201,-1762,533,4185,-134,350,680
53.47725,154,1201,-1763,534,4187,-134,351,680
53.47775,154,1201,-1763,534,4188,-135,350,679
53.47825,154,1201,-1763,534,4188,-134,351,679
53.47875,154,1202,-1764,534,4182,-135,351,678
53.47925,154,1202,-1763,535,4178,-135,351,678
53.47975,155,1202,-1763,535,4187,-135,351,678
53.48025,155,1202,-1763,535,4189,-135,351,678
53.48075,155,1202,-1763,536,4221,-136,351,678
53.48125,155,1202,-1763,536,4242,-136,351,678
53.48175,155,1202,-1764,536,4237,-137,351,679
53.48225,155,1202,-1763,535,4225,-136,351,679
53.48275,155,1202,-1763,535,4190,-136,351,679
53.48325,155,1203,-1763,534,4174,-136,351,679
53.48375,155,1203,-1763,535,4176,-136,351,679
53.48425,155,1203,-1764,535,4179,-136,351,679
53.48475,155,1203,-1763,535,4187,-135,351,679
53.48525,155,1203,-1763,535,4190,-135,351,679
53.48575,155,1203,-1764,535,4190,-135,351,679
53.48625,155,1203,-1764,535,4190,-136,351,678
53.48675,156,1203,-1764,535,4193,-136,351,678
53.48725,156,1203,-1763,535,4198,-137,351,678
53.48775,156,1204,-1764,535,4197,-137,351,678
53.48825,156,1204,-1763,535,4198,-137,351,678
53.48875,156,1204,-1764,535,4200,-137,351,678
53.48925,156,1204,-1763,535,4205,-137,351,679
53.48975,156,1204,-1764,535,4206,-137,351,679
53.49025,156,1204,-1763,535,4202,-136,351,679
53.49075,156,1205,-1764,536,4232,-137,350,680
53.49125,156,1205,-1764,535,4249,-137,351,679
53.49175,156,1205,-1764,535,4246,-137,351,679
53.49225,156,1205,-1764,535,4226,-138,351,678
53.49275,156,1205,-1763,535,4192,-139,351,677
53.49325,156,1206,-1764,535,4180,-139,352,677
53.49375,156,1206,-1763,536,4173,-139,352,677
53.49425,156,1206,-1763,535,4176,-138,352,677
53.49475,156,1206,-1764,536,4186,-138,351,676
53.49525,157,1206,-1763,535,4190,-139,351,676
53.49575,156,1206,-1764,536,4195,-138,351,676
53.49625,156,1206,-1763,535,4194,-139,351,676
53.49675,157,1207,-1764,535,4193,-139,351,676
53.49725,157,1207,-1764,535,4194,-139,351,676
53.49775,157,1206,-1763,535,4194,-140,351,676
53.49825,157,1206,-1763,535,4195,-140,350,676
53.49875,157,1206,-1763,535,4194,-140,350,676
53.49925,157,1207,-1763,535,4196,-140,350,676
53.49975,157,1207,-1763,535,4201,-140,350,677
53.50025,157,1207,-1763,536,4203,-140,350,677
53.50075,157,1207,-1764,536,4236,-140,350,677
53.50125,157,1207,-1764,535,4246,-140,350,678
53.50175,157,1208,-1764,535,4239,-139,350,677
53.50225,157,1208,-1764,535,4229,-139,350,678
53.50275,157,1208,-1763,536,4195,-139,350,677
53.50325,157,1208,-1764,535,4187,-139,350,677
53.50375,157,1208,-1764,535,4186,-140,350,677
53.50425,158,1208,-1763,535,4188,-139,350,677
53.50475,158,1208,-1764,535,4196,-140,349,677
53.50525,158,1208,-1763,535,4199,-140,348,676
53.50575,158,1209,-1764,535,4200,-140,348,676
53.50625,158,1209,-1764,535,4203,-141,348,676
53.50675,158,1209,-1764,535,4206,-140,348,676
53.50725,157,1209,-1764,535,4206,-141,348,676
53.50775,157,1209,-1764,536,4201,-140,348,676
53.50825,158,1210,-1763,535,4200,-141,348,675
53.50875,157,1210,-1764,536,4198,-141,348,673
53.50925,158,1210,-1764,535,4197,-141,348,673
53.50975,158,1210,-1763,535,4198,-141,348,672
53.51035,158,1210,-1763,535,4204,-141,348,672
53.51085,158,1210,-1763,535,4247,-141,347,672
53.51135,158,1210,-1763,535,4254,-141,348,672
53.51185,159,1210,-1763,535,4244,-142,348,672
53.51235,158,1210,-1763,535,4222,-142,348,673
53.51285,158,1210,-1763,535,4185,-142,349,673
53.51335,159,1210,-1763,535,4169,-142,349,674
53.51385,159,1210,-1763,535,4169,-142,350,675
53.51435,159,1210,-1763,535,4174,-142,351,675
53.51485,159,1211,-1763,535,4174,-142,352,675
53.51535,159,1210,-1763,536,4178,-142,352,675
53.51585,159,1211,-1763,536,4179,-142,353,674
53.51635,159,1211,-1763,535,4180,-142,353,676
53.51685,159,1211,-1763,535,4185,-142,353,677
53.51735,159,1211,-1763,535,4187,-142,353,677
53.51785,158,1212,-1764,535,4182,-143,353,678
53.51835,159,1212,-1763,536,4181,-142,353,678
53.51885,158,1212,-1763,535,4187,-142,353,678
53.51935,158,1212,-1763,535,4186,-142,353,678
53.51985,158,1212,-1763,535,4185,-142,352,677
53.52035,158,1212,-1763,535,4193,-143,352,676
53.52085,158,1212,-1763,536,4226,-143,352,677
53.52135,157,1213,-1764,536,4236,-143,352,676
53.52185,157,1213,-1764,536,4229,-143,352,677
53.52235,156,1213,-1764,535,4211,-142,352,677
53.52285,157,1213,-1764,536,4176,-143,352,676
53.52335,157,1213,-1764,536,4167,-143,351,676
53.52385,158,1213,-1764,536,4171,-143,350,676
53.52435,158,1213,-1764,536,4174,-143,350,676
53.52485,158,1213,-1764,535,4178,-143,349,676
53.52535,158,1213,-1764,536,4178,-143,349,676
53.52585,159,1213,-1763,536,4176,-143,349,676
53.52635,158,1213,-1764,536,4178,-144,350,676
53.52685,158,1213,-1764,536,4181,-144,351,676
53.52735,159,1214,-1764,536,4180,-144,351,676
53.52785,158,1213,-1764,536,4178,-145,352,676
53.52835,159,1213,-1764,536,4180,-145,353,676
53.52885,159,1214,-1764,536,4183,-145,353,676
53.52935,159,1214,-1763,536,4188,-145,353,676
53.52985,158,1214,-1764,536,4191,-145,354,676
53.53035,159,1214,-1763,536,4201,-145,354,676
53.53085,159,1214,-1763,536,4238,-145,353,675
53.53135,159,1214,-1763,536,4241,-145,353,676
53.53185,159,1214,-1763,536,4232,-145,352,675
53.53235,159,1215,-1763,535,4215,-146,353,675
53.53285,159,1215,-1763,535,4185,-146,352,675
53.533348,159,1215,-1763,535,4178,-146,352,674
53.53385,159,1215,-1763,535,4184,-146,351,674
53.53435,159,1215,-1763,536,4198,-146,351,674
53.53485,159,1215,-1764,536,4211,-146,352,674
53.53535,159,1216,-1763,536,4214,-146,351,675
53.53585,158,1216,-1764,536,4215,-147,351,675
53.53635,158,1216,-1764,536,4209,-147,351,675
53.53685,158,1216,-1764,536,4209,-147,351,675
53.53735,159,1216,-1764,536,4212,-147,350,675
53.53785,159,1216,-1764,536,4214,-147,349,675
53.53835,159,1216,-1763,536,4215,-147,349,675
53.53885,159,1216,-1764,536,4214,-147,348,675
53.53935,159,1217,-1763,536,4216,-147,348,675
53.53985,160,1216,-1763,536,4217,-147,348,675
53.54035,160,1216,-1763,536,4228,-147,347,675
53.54085,160,1216,-1764,536,4264,-148,347,675
53.54135,160,1217,-1763,536,4262,-147,347,674
53.54185,160,1217,-1763,536,4253,-148,347,674
53.54235,160,1217,-1763,535,4236,-148,347,675
53.54285,160,1217,-1763,536,4210,-148,347,674
53.54335,160,1217,-1763,536,4199,-148,348,675
53.54385,160,1218,-1763,536,4203,-148,348,674
53.54435,160,1218,-1763,536,4205,-148,349,674
53.54485,160,1218,-1763,536,4215,-148,350,673
53.54535,160,1218,-1762,535,4218,-149,350,673
53.54585,160,1217,-1762,536,4212,-148,350,674
53.54635,160,1218,-1762,535,4211,-149,350,674
53.54685,160,1218,-1763,536,4219,-149,351,674
53.54735,160,1218,-1763,536,4224,-148,352,675
53.54785,160,1218,-1763,536,4221,-149,353,674
53.54835,160,1218,-1762,536,4218,-148,353,674
53.54885,160,1219,-1763,535,4225,-149,353,673
53.54935,160,1219,-1762,536,4232,-149,354,673
53.54985,160,1219,-1763,536,4233,-149,354,673
53.55035,160,1219,-1762,536,4247,-148,354,674
53.55085,160,1219,-1763,536,4287,-148,355,674
53.55135,160,1219,-1762,536,4295,-149,355,674
53.55185,160,1219,-1763,536,4289,-148,355,673
53.55235,161,1219,-1762,535,4263,-149,354,673
53.55285,161,1219,-1762,536,4231,-148,354,673
53.55335,161,1220,-1762,536,4226,-149,354,673
53.55385,161,1220,-1762,536,4231,-149,354,674
53.55435,161,1220,-1763,536,4241,-149,353,673
53.55485,161,1220,-1763,536,4253,-150,353,673
53.55535,161,1220,-1763,536,4254,-150,352,673
53.55585,161,1220,-1763,536,4256,-150,353,673
53.55635,161,1220,-1763,536,4257,-150,352,673
53.55685,161,1221,-1762,536,4260,-150,351,673
53.55735,161,1221,-1762,536,4263,-149,350,673
53.55785,161,1221,-1763,536,4265,-150,349,673
53.55835,161,1221,-1763,536,4266,-150,348,673
53.55885,161,1221,-1763,536,4268,-149,347,673
53.55935,161,1221,-1763,536,4269,-150,347,673
53.55985,161,1221,-1763,536,4271,-150,347,673
53.56035,161,1221,-1762,536,4289,-150,346,673
53.56085,162,1221,-1762,536,4324,-150,347,674
53.56135,162,1221,-1762,536,4326,-150,347,674
53.56185,161,1221,-1762,536,4325,-150,348,674
53.56235,161,1222,-1762,536,4300,-150,349,674
53.56285,161,1221,-1763,536,4273,-150,349,673
53.56335,162,1222,-1762,536,4269,-150,349,674
53.56385,162,1222,-1763,536,4268,-150,350,673
53.56435,162,1222,-1763,537,4278,-150,350,673
53.56485,162,1222,-1762,536,4282,-150,350,673
53.56535,162,1222,-1762,536,4283,-150,350,674
53.56585,162,1222,-1762,536,4286,-150,351,674
53.56635,162,1223,-1762,536,4296,-150,351,674
53.56685,162,1223,-1762,536,4302,-150,351,674
53.56735,162,1223,-1762,536,4302,-150,351,674
53.56785,162,1223,-1762,536,4301,-150,351,674
53.56835,162,1223,-1762,536,4303,-150,351,674
53.56885,162,1223,-1762,535,4308,-150,351,675
53.56935,162,1223,-1761,535,4315,-150,351,675
53.56985,162,1223,-1761,536,4315,-150,351,675
53.57035,162,1223,-1761,536,4335,-150,351,675
53.57085,162,1223,-1762,536,4374,-150,352,675
53.57135,162,1223,-1761,536,4376,-150,352,675
53.57195,163,1224,-1761,536,4372,-150,352,675
53.57245,162,1224,-1761,536,4348,-151,353,675
53.57295,163,1224,-1762,536,4326,-151,353,674
53.57345,163,1224,-1762,536,4324,-151,354,675
53.57395,163,1224,-1762,536,4334,-151,353,674
53.57445,162,1224,-1762,536,4340,-151,353,674
53.57495,163,1224,-1761,536,4354,-151,352,674
53.57545,163,1224,-1762,536,4361,-151,351,674
53.57595,163,1225,-1761,536,4363,-151,350,674
53.57645,163,1225,-1761,536,4366,-151,350,674
53.57695,163,1225,-1761,536,4369,-152,348,674
53.57745,163,1225,-1761,535,4375,-152,348,674
53.57795,163,1225,-1761,535,4379,-152,347,674
53.57845,163,1225,-1761,535,4382,-152,347,673
53.57895,163,1225,-1761,535,4383,-152,347,674
53.57945,163,1225,-1761,535,4385,-152,347,674
53.57995,163,1225,-1761,535,4394,-151,348,674
53.58045,164,1225,-1761,536,4421,-152,347,674
53.58095,163,1225,-1761,535,4458,-152,348,674
53.58145,164,1225,-1761,535,4459,-152,348,674
53.58195,164,1225,-1761,535,4454,-152,348,674
53.58245,164,1226,-1761,535,4433,-153,349,673
53.58295,164,1225,-1761,535,4414,-152,349,673
53.58345,164,1226,-1761,535,4412,-153,349,673
53.58395,164,1225,-1761,535,4417,-153,349,673
53.58445,164,1226,-1760,535,4427,-153,349,674
53.58495,164,1226,-1760,535,4439,-152,348,674
53.58545,165,1226,-1760,535,4447,-153,348,673
53.58595,165,1226,-1760,535,4442,-153,348,674
53.58645,164,1226,-1761,535,4421,-153,347,674
53.58695,164,1226,-1761,536,4404,-153,347,675
53.58745,164,1226,-1760,535,4380,-153,347,675
53.58795,164,1226,-1760,535,4343,-153,347,676
53.58845,164,1226,-1760,535,4314,-153,347,676
53.58895,164,1226,-1760,535,4295,-153,347,675
53.58945,163,1227,-1760,535,4280,-152,347,675
53.58995,164,1227,-1760,535,4262,-153,347,675
53.59045,164,1227,-1760,535,4276,-153,346,675
53.59095,164,1226,-1760,535,4300,-153,347,675
53.59145,164,1226,-1760,535,4293,-153,348,675
53.59195,164,1226,-1760,535,4284,-154,348,675
53.59245,164,1226,-1760,534,4256,-153,349,676
53.59295,163,1226,-1760,535,4239,-154,349,676
53.59345,163,1226,-1760,535,4247,-154,350,676
53.59395,163,1226,-1760,535,4252,-153,351,676
53.594448,163,1226,-1760,535,4259,-154,351,676
53.59495,163,1226,-1760,535,4265,-154,352,677
53.59545,163,1226,-1760,535,4267,-154,352,676
53.59595,163,1227,-1759,535,4263,-153,352,677
53.59645,163,1227,-1759,535,4266,-153,352,676
53.59695,163,1226,-1759,534,4264,-153,353,676
53.59745,163,1227,-1759,534,4270,-154,352,676
53.59795,163,1227,-1759,534,4275,-154,353,676
53.59845,163,1227,-1760,535,4279,-154,353,676
53.59895,163,1226,-1760,535,4285,-154,353,677
53.59945,163,1227,-1760,535,4287,-154,354,677
53.59995,163,1226,-1760,535,4289,-154,353,676
53.60045,164,1226,-1760,535,4323,-154,353,677
53.60095,164,1226,-1759,535,4357,-154,354,676
53.60145,164,1226,-1760,535,4356,-154,354,676
53.60195,164,1226,-1760,535,4354,-154,353,676
53.60245,164,1226,-1759,535,4328,-154,352,675
53.60295,165,1226,-1760,535,4313,-154,351,676
53.60345,164,1226,-1759,535,4313,-155,350,676
53.60395,164,1226,-1759,535,4325,-155,349,676
53.60445,164,1225,-1759,534,4338,-155,347,677
53.60495,164,1226,-1759,535,4345,-154,346,677
53.60545,164,1226,-1759,535,4344,-154,346,677
53.60595,164,1226,-1759,535,4350,-154,346,678
53.60645,165,1226,-1759,535,4357,-154,347,677
53.60695,164,1226,-1760,535,4365,-155,347,677
53.60745,165,1226,-1759,535,4366,-156,347,676
53.60795,165,1226,-1759,535,4367,-156,347,676
53.60845,165,1226,-1759,535,4371,-155,347,676
53.60895,165,1226,-1759,535,4373,-155,347,676
53.60945,165,1226,-1759,535,4375,-155,347,677
53.60995,165,1225,-1759,535,4378,-155,347,677
53.61045,165,1225,-1759,535,4404,-156,346,677
53.61095,165,1225,-1759,535,4425,-155,346,677
53.61145,165,1225,-1758,535,4419,-156,346,676
53.61195,165,1225,-1759,534,4407,-156,346,676
53.61245,165,1226,-1759,534,4377,-155,346,676
53.61295,165,1225,-1759,535,4358,-156,346,677
53.61345,166,1225,-1759,535,4352,-156,347,677
53.61395,165,1225,-1758,535,4349,-156,346,677
53.61445,166,1225,-1759,534,4357,-155,347,677
53.61495,166,1225,-1758,535,4363,-156,347,677
53.61545,166,1225,-1758,535,4365,-156,347,677
53.61595,166,1226,-1758,535,4365,-155,347,677
53.61645,165,1225,-1759,535,4366,-156,347,677
53.61695,165,1225,-1758,535,4366,-156,347,677
53.61745,165,1225,-1758,535,4368,-156,347,677
53.61795,165,1225,-1758,535,4369,-156,347,676
53.61845,165,1224,-1758,535,4369,-156,347,677
53.61895,166,1224,-1758,535,4372,-156,348,676
53.61945,167,1224,-1758,535,4365,-156,349,677
53.61995,167,1224,-1758,535,4368,-156,349,677
53.62045,167,1224,-1758,535,4396,-156,349,677
53.62095,167,1223,-1758,535,4412,-156,350,677
53.62145,167,1224,-1758,534,4405,-156,350,677
53.62195,167,1223,-1758,534,4391,-156,350,677
53.62245,167,1223,-1758,534,4359,-156,351,677
53.62295,167,1223,-1758,534,4343,-156,350,678
53.62345,168,1223,-1758,535,4341,-157,350,678
53.62395,168,1223,-1758,534,4346,-157,350,678
53.62445,168,1223,-1758,535,4351,-157,350,677
53.62495,168,1223,-1758,535,4351,-156,349,677
53.62545,168,1223,-1758,535,4345,-156,349,678
53.62595,168,1223,-1758,535,4343,-157,348,677
53.62645,167,1223,-1758,535,4345,-157,348,678
53.62695,167,1223,-1758,535,4342,-157,348,678
53.62745,166,1223,-1758,535,4347,-157,348,677
53.62795,166,1223,-1758,535,4345,-157,348,678
53.62845,166,1223,-1758,535,4338,-157,348,677
53.62895,166,1223,-1758,534,4342,-157,348,677
53.62945,166,1223,-1757,534,4341,-157,348,678
53.62995,166,1223,-1758,534,4346,-157,347,678
53.63045,166,1223,-1757,535,4388,-157,346,678
53.63095,166,1223,-1757,534,4403,-157,346,678
53.63145,166,1223,-1757,534,4398,-157,347,678
53.63195,166,1223,-1757,534,4383,-157,347,678
53.63245,166,1223,-1757,534,4352,-157,348,678
53.63305,165,1223,-1757,534,4340,-157,348,678
53.63355,165,1223,-1757,534,4344,-157,348,678
53.63405,165,1223,-1757,534,4347,-157,349,679
53.63455,165,1222,-1757,534,4353,-157,349,679
53.63505,166,1222,-1758,535,4354,-157,349,679
53.63555,166,1222,-1758,534,4358,-157,349,679
53.63605,166,1222,-1758,534,4362,-157,350,679
53.63655,167,1222,-1758,534,4364,-158,350,679
53.63705,167,1221,-1758,534,4367,-158,350,679
53.63755,167,1221,-1758,534,4371,-158,350,679
53.63805,167,1221,-1758,534,4375,-158,350,679
53.63855,167,1221,-1757,534,4377,-158,350,679
53.63905,167,1221,-1757,534,4379,-158,349,679
53.63955,168,1221,-1757,534,4378,-158,349,678
53.64005,168,1221,-1757,534,4384,-158,349,678
53.64055,168,1221,-1757,535,4428,-158,348,679
53.64105,168,1221,-1757,534,4436,-158,348,679
53.64155,169,1221,-1757,534,4425,-158,348,679
53.64205,168,1221,-1757,534,4407,-158,349,679
53.64255,169,1221,-1757,534,4375,-158,349,678
53.64305,169,1221,-1758,534,4365,-158,349,679
53.64355,169,1221,-1757,534,4371,-158,350,678
53.64405,169,1220,-1757,535,4370,-158,350,679
53.64455,170,1220,-1758,534,4378,-159,350,678
53.64505,170,1220,-1757,535,4376,-159,350,679
53.64555,169,1220,-1757,535,4377,-158,350,679
53.64605,169,1220,-1757,534,4375,-158,349,679
53.64655,169,1221,-1757,534,4373,-158,349,679
53.64705,169,1220,-1757,534,4373,-158,349,679
53.64755,168,1220,-1757,534,4375,-158,349,680
53.64805,168,1220,-1757,533,4373,-158,349,679
53.64855,168,1221,-1757,534,4375,-158,349,680
53.64905,168,1221,-1757,534,4372,-158,349,680
53.64955,168,1221,-1757,534,4377,-158,349,680
53.65005,167,1220,-1758,534,4389,-158,348,680
53.65055,167,1220,-1758,535,4428,-158,348,680
53.65105,167,1220,-1758,534,4431,-158,348,680
53.65155,168,1219,-1757,533,4423,-158,348,680
53.65205,168,1219,-1757,534,4400,-159,348,680
53.65255,169,1219,-1756,533,4369,-159,348,679
53.65305,169,1219,-1755,533,4357,-159,349,680
53.65355,169,1219,-1756,533,4354,-159,348,680
53.65405,169,1220,-1756,534,4364,-159,349,680
53.65455,169,1219,-1757,534,4375,-159,348,680
53.65505,170,1219,-1757,534,4378,-160,349,680
53.65555,169,1219,-1757,534,4378,-160,349,680
53.65605,170,1219,-1757,534,4378,-160,349,679
53.65655,169,1218,-1757,534,4375,-160,349,679
53.65705,169,1219,-1757,534,4369,-159,349,679
53.65755,168,1220,-1757,534,4367,-159,349,680
53.65805,167,1221,-1757,534,4368,-159,350,680
53.65855,166,1222,-1757,534,4373,-159,350,680
53.65905,166,1222,-1757,534,4373,-159,350,680
53.65955,166,1221,-1757,534,4369,-159,350,680
53.66005,167,1221,-1757,534,4380,-159,350,681
53.66055,167,1221,-1757,534,4415,-159,350,680
53.66105,168,1221,-1757,534,4412,-159,350,680
53.66155,168,1221,-1757,534,4411,-159,350,680
53.66205,168,1221,-1757,533,4392,-159,351,681
53.66255,168,1221,-1757,533,4360,-159,350,681
53.66305,168,1221,-1757,533,4348,-159,350,681
53.66355,168,1220,-1756,533,4348,-159,350,681
53.66405,168,1220,-1756,533,4353,-159,351,681
53.66455,168,1220,-1756,533,4362,-159,350,681
53.66505,168,1220,-1756,533,4366,-159,350,681
53.66555,168,1220,-1756,533,4371,-160,350,679
53.66605,168,1220,-1757,534,4375,-160,350,678
53.66655,168,1220,-1757,534,4377,-160,350,678
53.66705,169,1220,-1757,535,4385,-160,350,678
53.66755,168,1220,-1757,535,4391,-160,351,678
53.66805,168,1220,-1757,535,4390,-161,350,678
53.66855,168,1220,-1757,535,4390,-161,350,678
53.66905,168,1220,-1757,534,4393,-161,351,678
53.66955,168,1221,-1757,534,4397,-161,350,679
53.67005,167,1222,-1757,533,4415,-161,350,679
53.67055,167,1222,-1757,534,4450,-161,350,681
53.67105,167,1223,-1757,533,4454,-161,350,681
53.67155,167,1222,-1756,533,4450,-161,350,681
53.67205,167,1222,-1757,533,4427,-161,351,680
53.67255,168,1221,-1756,534,4401,-162,351,681
53.67305,168,1221,-1756,534,4401,-162,350,682
53.67355,169,1221,-1756,534,4402,-162,350,682
53.67405,169,1220,-1756,533,4410,-161,350,683
53.67455,169,1221,-1755,533,4418,-161,350,684
53.67505,169,1221,-1755,533,4417,-160,350,684
53.67555,169,1221,-1756,533,4424,-160,351,685
53.67605,169,1221,-1757,534,4429,-160,351,685
53.67655,169,1221,-1757,535,4425,-160,351,684
53.67705,169,1221,-1757,534,4426,-160,350,684
53.67755,169,1221,-1757,534,4434,-161,351,683
53.67805,169,1220,-1757,535,4436,-161,350,682
53.67855,170,1220,-1757,537,4432,-162,350,682
53.67905,170,1221,-1758,538,4435,-162,350,682
53.67955,170,1221,-1759,538,4433,-162,350,682
53.68005,170,1220,-1759,539,4443,-162,350,682
53.68055,169,1221,-1758,538,4481,-162,349,682
53.68105,169,1221,-1758,536,4483,-163,349,682
53.68155,169,1221,-1758,534,4480,-163,349,682
53.68205,168,1221,-1759,533,4458,-163,350,681
53.68255,167,1222,-1759,534,4431,-163,350,682
53.68305,167,1222,-1758,533,4425,-163,350,682
53.68355,168,1222,-1756,532,4434,-163,351,682
53.68405,168,1222,-1754,533,4443,-163,351,682
53.68455,168,1222,-1754,534,4451,-163,351,682
53.68505,168,1222,-1756,534,4453,-164,351,682
53.68555,168,1222,-1756,534,4456,-164,351,682
53.68605,168,1222,-1756,533,4462,-164,351,682
53.68655,168,1222,-1755,533,4465,-164,350,682
53.68705,168,1222,-1754,531,4468,-164,350,682
53.68755,169,1222,-1755,530,4474,-164,350,682
53.68805,169,1221,-1756,531,4475,-164,351,682
53.68855,170,1221,-1757,533,4475,-165,351,682
53.68905,170,1221,-1758,535,4479,-165,352,682
53.68955,170,1221,-1759,537,4484,-165,353,682
53.69005,170,1221,-1759,537,4505,-164,353,682
53.69055,170,1221,-1760,537,4544,-164,352,682
53.69105,170,1221,-1760,538,4546,-165,353,682
53.69155,169,1221,-1760,540,4540,-165,352,682
53.69205,169,1222,-1760,540,4516,-165,352,682
53.69255,169,1222,-1759,538,4493,-165,352,682
53.69305,170,1222,-1757,535,4490,-165,352,682
53.69355,169,1222,-1756,535,4494,-165,352,681
53.69405,169,1222,-1755,533,4503,-166,353,681
53.69465,170,1222,-1753,532,4509,-166,351,682
53.69515,169,1222,-1752,528,4515,-166,351,681
53.69565,169,1223,-1753,525,4525,-167,351,681
53.69615,169,1222,-1753,525,4526,-167,350,681
53.69665,169,1222,-1754,527,4528,-167,350,681
53.69715,169,1222,-1754,528,4532,-167,350,681
53.69765,169,1222,-1752,529,4537,-167,349,681
53.69815,169,1223,-1753,532,4542,-168,349,682
53.69865,169,1223,-1753,533,4548,-167,349,682
53.69915,169,1223,-1754,533,4557,-167,350,683
53.69965,169,1223,-1754,533,4560,-167,350,683
53.70015,169,1223,-1754,532,4578,-167,350,684
53.70065,169,1223,-1755,531,4616,-167,351,684
53.70115,169,1223,-1755,530,4623,-167,351,684
53.70165,169,1223,-1754,529,4622,-167,351,684
53.70215,170,1224,-1754,528,4601,-167,351,684
53.70265,170,1223,-1754,529,4577,-168,351,684
53.70315,169,1223,-1754,530,4576,-168,350,684
53.70365,170,1223,-1753,531,4581,-168,351,683
53.70415,169,1224,-1753,532,4589,-168,351,683
53.70465,170,1224,-1754,534,4594,-169,350,683
53.70515,169,1223,-1757,535,4599,-169,350,683
53.70565,170,1224,-1759,534,4605,-169,350,683
53.70615,169,1224,-1758,533,4608,-169,350,683
53.70665,170,1224,-1755,533,4608,-169,350,683
53.70715,170,1224,-1753,533,4609,-169,350,683
53.70765,170,1224,-1754,533,4612,-169,350,683
53.70815,170,1224,-1755,532,4613,-169,350,684
53.70865,170,1225,-1757,532,4613,-169,350,684
53.70915,170,1225,-1759,531,4622,-169,349,683
53.70965,170,1225,-1760,531,4623,-169,350,683
53.71015,170,1225,-1760,532,4641,-169,349,684
53.71065,170,1225,-1761,532,4675,-170,350,684
53.71115,170,1225,-1761,531,4681,-170,350,683
53.71165,170,1225,-1761,531,4674,-171,351,683
53.71215,170,1226,-1760,532,4639,-171,351,683
53.71265,170,1226,-1757,533,4613,-171,351,683
53.71315,170,1226,-1754,534,4610,-171,351,683
53.71365,170,1226,-1752,535,4614,-171,352,683
53.71415,170,1226,-1750,534,4619,-171,352,683
53.71465,170,1227,-1749,535,4626,-171,352,683
53.71515,170,1227,-1751,536,4631,-171,352,683
53.71565,170,1227,-1753,535,4636,-171,352,683
53.71615,170,1227,-1754,534,4642,-171,351,683
53.71665,170,1227,-1754,533,4644,-171,351,683
53.71715,170,1227,-1753,533,4646,-171,351,683
53.71765,170,1227,-1752,533,4651,-171,351,684
53.71815,170,1228,-1751,532,4655,-171,351,683
53.71865,170,1228,-1752,531,4662,-172,351,684
53.71915,170,1228,-1752,530,4662,-171,350,684
53.71965,170,1228,-1753,530,4664,-171,350,684
53.72015,170,1228,-1752,528,4687,-171,350,684
53.72065,170,1228,-1753,527,4719,-172,349,684
53.72115,170,1229,-1753,527,4716,-172,350,684
53.72165,170,1229,-1754,529,4708,-172,350,683
53.72215,169,1229,-1755,530,4679,-173,351,683
53.72265,170,1229,-1755,531,4653,-173,351,682
53.72315,170,1229,-1754,531,4648,-173,351,682
53.723648,170,1229,-1753,530,4653,-173,351,682
53.72415,170,1229,-1752,530,4659,-173,351,682
53.72465,170,1229,-1752,530,4661,-173,351,682
53.72515,170,1230,-1753,532,4659,-173,351,683
53.72565,170,1230,-1754,533,4661,-173,351,683
53.72615,170,1229,-1755,533,4662,-173,351,682
53.72665,170,1230,-1756,533,4662,-173,351,682
53.72715,170,1230,-1756,533,4669,-173,351,682
53.72765,170,1230,-1757,533,4672,-173,351,682
53.72815,170,1230,-1756,532,4669,-173,351,682
53.72865,170,1230,-1755,532,4666,-173,351,682
53.72915,170,1231,-1755,532,4665,-173,351,682
53.72965,170,1231,-1754,531,4666,-173,351,682
53.73015,170,1231,-1753,531,4696,-173,351,682
53.73065,170,1231,-1751,530,4722,-173,351,682
53.73115,170,1231,-1751,530,4717,-173,351,682
53.73165,170,1231,-1751,530,4705,-173,351,682
53.73215,170,1231,-1751,530,4673,-173,351,681
53.73265,170,1232,-1752,530,4652,-173,351,681
53.73315,170,1232,-1752,531,4643,-173,351,681
53.73365,170,1232,-1752,531,4647,-173,351,682
53.73415,170,1232,-1752,531,4659,-173,351,681
53.73465,171,1232,-1752,531,4671,-173,351,681
53.73515,171,1232,-1752,531,4670,-173,351,681
53.73565,170,1232,-1752,531,4673,-173,351,681
53.73615,171,1232,-1752,531,4677,-173,351,681
53.73665,171,1232,-1752,531,4680,-173,351,680
53.73715,171,1232,-1752,531,4684,-173,351,680
53.73765,171,1232,-1752,532,4693,-173,351,679
53.73815,171,1232,-1752,532,4695,-173,351,679
53.73865,171,1232,-1752,531,4689,-173,351,679
53.73915,171,1232,-1753,531,4687,-173,350,679
53.73965,171,1232,-1753,531,4682,-173,351,680
53.74015,171,1233,-1754,532,4715,-173,350,680
53.74065,171,1233,-1754,532,4741,-172,351,680
53.74115,171,1233,-1753,531,4735,-172,351,680
53.74165,171,1233,-1753,531,4724,-173,351,680
53.74215,170,1233,-1752,531,4693,-172,351,680
53.74265,171,1233,-1753,531,4675,-173,351,680
53.74315,171,1233,-1753,531,4675,-172,351,680
53.74365,171,1234,-1753,533,4676,-172,351,680
53.74415,171,1234,-1754,534,4681,-172,351,680
53.74465,171,1233,-1754,535,4684,-172,351,680
53.74515,171,1234,-1754,534,4685,-172,352,681
53.74565,171,1234,-1754,534,4683,-172,352,680
53.74615,172,1234,-1754,534,4676,-172,352,680
53.74665,171,1233,-1754,533,4675,-171,352,680
53.74715,172,1234,-1754,533,4675,-171,351,680
53.74765,171,1234,-1754,532,4676,-171,352,680
53.74815,171,1234,-1754,531,4673,-170,351,680
53.74865,171,1234,-1754,531,4670,-170,352,680
53.74915,171,1234,-1754,531,4672,-170,352,680
53.74965,171,1234,-1754,531,4674,-170,352,680
53.75015,171,1234,-1753,531,4705,-170,351,680
53.75065,171,1234,-1754,531,4727,-170,351,680
53.75115,172,1234,-1754,531,4724,-170,352,679
53.75165,171,1235,-1754,531,4713,-170,351,679
53.75215,172,1235,-1753,532,4677,-170,351,679
53.75265,172,1235,-1753,533,4660,-169,351,678
53.75315,172,1235,-1752,533,4663,-169,351,678
53.75365,172,1235,-1753,533,4676,-169,352,678
53.75415,172,1235,-1753,532,4685,-169,351,678
53.75465,172,1235,-1752,532,4693,-169,351,678
53.75515,172,1235,-1752,531,4698,-169,351,678
53.75565,172,1235,-1752,531,4701,-169,351,678
53.75625,172,1235,-1752,531,4703,-169,351,678
53.75675,172,1235,-1752,531,4702,-168,351,678
53.75725,172,1235,-1752,532,4702,-168,351,678
53.75775,172,1235,-1752,532,4702,-168,351,678
53.75825,173,1235,-1752,532,4702,-167,352,678
53.75875,173,1235,-1753,532,4702,-168,352,678
53.75925,172,1235,-1753,531,4702,-168,352,678
53.75975,173,1235,-1753,531,4703,-167,352,678
53.76025,173,1236,-1753,532,4741,-167,352,677
53.76075,172,1236,-1753,532,4756,-167,351,678
53.76125,173,1236,-1753,532,4749,-167,352,677
53.76175,173,1236,-1754,532,4742,-167,352,677
53.76225,173,1236,-1754,533,4708,-166,352,677
53.76275,173,1236,-1753,533,4697,-166,352,677
53.76325,173,1236,-1753,533,4701,-166,352,677
53.76375,173,1236,-1753,533,4708,-166,352,677
53.76425,173,1236,-1754,533,4718,-165,352,677
53.76475,173,1237,-1754,534,4725,-165,352,678
53.76525,174,1236,-1754,534,4728,-165,352,678
53.76575,174,1236,-1754,535,4738,-165,352,677
53.76625,174,1236,-1754,534,4741,-164,352,678
53.76675,174,1237,-1755,533,4731,-164,352,677
53.76725,173,1237,-1755,531,4732,-164,351,678
53.76775,174,1237,-1755,531,4731,-164,352,677
53.76825,173,1237,-1755,531,4732,-164,351,677
53.76875,174,1237,-1755,531,4727,-164,352,677
53.76925,174,1237,-1754,533,4727,-164,352,677
53.76975,174,1238,-1752,533,4737,-163,351,677
53.77025,174,1237,-1751,532,4782,-163,351,677
53.77075,174,1238,-1750,531,4792,-163,351,677
53.77125,174,1238,-1750,530,4786,-163,351,677
53.77175,174,1238,-1751,529,4768,-163,351,677
53.77225,175,1238,-1752,529,4733,-162,352,676
53.77275,174,1238,-1752,530,4719,-163,352,676
53.77325,174,1238,-1752,531,4721,-162,352,677
53.77375,174,1238,-1752,532,4723,-162,351,676
53.77425,175,1238,-1753,532,4722,-161,352,676
53.77475,175,1238,-1753,533,4723,-162,352,676
53.77525,176,1237,-1754,534,4721,-160,352,676
53.77575,176,1237,-1754,534,4717,-160,352,676
53.77625,176,1237,-1754,534,4713,-160,352,676
53.77675,176,1237,-1753,533,4706,-160,352,676
53.77725,176,1237,-1754,533,4698,-160,352,676
53.77775,176,1237,-1753,534,4693,-160,352,676
53.77825,176,1237,-1753,533,4689,-159,352,676
53.77875,176,1238,-1753,533,4684,-159,352,675
53.77925,176,1237,-1753,532,4676,-159,352,676
53.77975,177,1238,-1753,531,4668,-159,352,675
53.78025,177,1238,-1753,530,4702,-158,351,676
53.78075,176,1238,-1753,529,4700,-158,352,675
53.78125,177,1238,-1753,528,4689,-158,352,675
53.78175,176,1238,-1752,529,4661,-158,352,675
53.78225,175,1240,-1752,529,4624,-158,352,675
53.78275,174,1241,-1752,530,4609,-157,352,676
53.78325,174,1241,-1752,530,4606,-157,351,676
53.78375,174,1241,-1752,530,4608,-157,352,676
53.78425,174,1241,-1752,531,4607,-157,351,676
53.784748,174,1241,-1752,531,4601,-157,352,675
53.78525,175,1241,-1752,532,4593,-156,352,676
53.78575,175,1240,-1752,531,4584,-156,352,675
53.78625,176,1240,-1752,531,4580,-156,352,675
53.78675,175,1240,-1752,532,4568,-155,352,675
53.78725,176,1240,-1753,533,4560,-155,353,675
53.78775,176,1240,-1753,533,4557,-155,353,676
53.78825,176,1241,-1753,534,4551,-154,353,676
53.78875,176,1240,-1753,534,4547,-154,353,676
53.78925,176,1241,-1753,534,4544,-154,352,676
53.78975,176,1240,-1752,535,4547,-154,352,676
53.79025,176,1241,-1752,534,4578,-154,352,677
53.79075,176,1240,-1752,534,4575,-154,352,676
53.79125,176,1240,-1752,534,4558,-153,353,676
53.79175,176,1240,-1753,534,4536,-154,353,676
53.79225,176,1241,-1753,534,4501,-153,354,676
53.79275,177,1241,-1753,532,4489,-153,354,676
53.79325,177,1241,-1753,529,4485,-152,353,676
53.79375,177,1241,-1753,528,4484,-152,353,676
53.79425,177,1241,-1753,529,4485,-152,353,677
53.79475,177,1241,-1753,530,4482,-152,353,676
53.79525,177,1241,-1752,530,4476,-152,353,676
53.79575,177,1241,-1753,530,4479,-152,353,676
53.79625,177,1242,-1753,531,4480,-152,353,676
53.79675,177,1242,-1753,532,4479,-151,352,676
53.79725,177,1242,-1753,532,4478,-152,352,676
53.79775,177,1242,-1754,532,4479,-151,352,676
53.79825,177,1242,-1753,532,4481,-151,352,676
53.79875,177,1242,-1753,533,4483,-151,352,676
53.79925,177,1243,-1753,533,4485,-151,351,676
53.79975,177,1243,-1753,532,4496,-150,351,676
53.80025,177,1243,-1753,533,4535,-150,351,677
53.80075,177,1242,-1753,532,4540,-150,351,677
53.80125,177,1243,-1753,532,4530,-149,351,677
53.80175,177,1243,-1752,532,4507,-149,351,677
53.80225,177,1243,-1752,531,4481,-149,351,677
53.80275,177,1243,-1752,531,4480,-149,351,677
53.80325,177,1243,-1753,531,4485,-149,351,677
53.80375,178,1243,-1753,531,4493,-149,352,677
53.80425,178,1243,-1753,532,4502,-148,352,677
53.80475,178,1244,-1754,532,4508,-148,352,677
53.80525,178,1243,-1753,532,4512,-147,352,677
53.80575,178,1244,-1753,533,4515,-147,352,677
53.80625,178,1244,-1754,532,4519,-147,352,677
53.80675,178,1244,-1753,532,4522,-147,351,676
53.80725,178,1244,-1753,532,4525,-147,352,676
53.80775,178,1244,-1752,532,4529,-146,351,676
53.80825,178,1244,-1752,532,4528,-147,352,677
53.80875,179,1244,-1753,532,4527,-147,352,677
53.80925,178,1244,-1753,532,4524,-146,352,677
53.80975,179,1244,-1753,533,4536,-146,352,677
53.81025,179,1244,-1754,532,4578,-146,351,678
53.81075,178,1244,-1754,532,4583,-146,352,678
53.81125,178,1245,-1754,532,4583,-145,352,678
53.81175,178,1245,-1753,531,4560,-145,352,678
53.81225,179,1245,-1753,532,4530,-145,352,678
53.81275,178,1245,-1753,532,4520,-145,352,678
53.81325,179,1245,-1753,532,4521,-145,352,679
53.81375,178,1245,-1753,532,4525,-144,352,679
53.81425,179,1245,-1753,532,4527,-144,352,679
53.81475,179,1245,-1753,532,4531,-144,352,679
53.81525,179,1245,-1753,532,4536,-144,352,679
53.81575,180,1245,-1753,532,4542,-144,352,679
53.81625,179,1245,-1753,532,4545,-144,352,679
53.81675,180,1246,-1753,532,4546,-143,352,679
53.81725,179,1246,-1753,532,4549,-143,352,679
53.81785,179,1246,-1753,532,4552,-143,352,679
53.81835,179,1246,-1753,532,4554,-143,352,679
53.81885,179,1247,-1753,532,4554,-143,352,679
53.81935,179,1246,-1752,532,4548,-143,352,679
53.81985,179,1246,-1753,533,4561,-142,351,680
53.82035,179,1247,-1753,532,4596,-142,351,680
53.82085,180,1246,-1753,532,4597,-142,352,680
53.82135,179,1246,-1753,532,4589,-142,352,681
53.82185,179,1247,-1753,532,4560,-142,352,681
53.82235,180,1246,-1753,532,4522,-142,352,680
53.82285,180,1246,-1753,533,4511,-141,352,681
53.82335,180,1247,-1753,533,4512,-141,352,680
53.82385,180,1247,-1753,533,4506,-141,352,680
53.82435,180,1247,-1754,534,4509,-141,352,680
53.82485,180,1247,-1754,533,4507,-141,352,680
53.82535,181,1247,-1754,534,4502,-141,351,680
53.82585,180,1247,-1754,534,4497,-141,351,679
53.82635,180,1247,-1754,533,4492,-141,351,679
53.82685,181,1248,-1754,533,4480,-140,351,679
53.82735,180,1248,-1754,531,4474,-141,351,680
53.82785,180,1248,-1754,530,4473,-141,352,680
53.82835,180,1248,-1754,531,4473,-141,352,680
53.82885,180,1248,-1753,531,4465,-141,352,680
53.82935,180,1248,-1752,531,4459,-140,352,681
53.82985,181,1248,-1752,532,4469,-140,352,682
53.83035,181,1249,-1752,532,4497,-139,352,682
53.83085,181,1249,-1752,532,4497,-139,352,682
53.83135,180,1249,-1752,532,4487,-139,352,683
53.83185,181,1249,-1752,532,4457,-139,353,683
53.83235,180,1249,-1752,532,4424,-139,353,682
53.83285,181,1249,-1752,533,4417,-139,352,682
53.83335,181,1249,-1753,532,4424,-139,353,682
53.83385,181,1249,-1753,533,4428,-139,352,683
53.83435,181,1249,-1753,533,4429,-139,353,682
53.83485,181,1249,-1753,533,4424,-138,352,682
53.83535,181,1249,-1753,534,4428,-139,352,682
53.83585,181,1249,-1753,534,4428,-138,353,682
53.83635,182,1249,-1753,533,4427,-138,352,682
53.83685,182,1249,-1753,533,4424,-138,352,682
53.83735,182,1250,-1753,533,4421,-138,352,682
53.83785,181,1250,-1753,532,4419,-138,352,682
53.83835,181,1250,-1753,532,4417,-138,352,683
53.83885,182,1250,-1753,531,4412,-138,352,683
53.83935,182,1250,-1753,532,4402,-138,352,683
53.83985,182,1250,-1753,532,4413,-137,352,683
53.84035,182,1250,-1752,532,4441,-137,352,683
53.84085,182,1250,-1753,532,4435,-138,352,681
53.84135,182,1250,-1752,532,4422,-137,352,680
53.84185,182,1250,-1753,532,4392,-138,352,680
53.84235,182,1251,-1753,532,4370,-137,353,680
53.84285,182,1250,-1753,533,4364,-137,353,680
53.84335,182,1251,-1753,533,4360,-137,353,680
53.84385,182,1250,-1753,533,4361,-137,353,681
53.84435,182,1250,-1753,533,4360,-137,353,681
53.84485,182,1251,-1753,533,4351,-137,353,681
53.84535,182,1251,-1753,533,4348,-137,353,682
53.845848,182,1251,-1753,533,4350,-137,353,683
53.84635,182,1251,-1753,533,4351,-137,353,683
53.84685,182,1251,-1753,533,4340,-137,353,683
53.84735,182,1251,-1753,533,4332,-137,352,683
53.84785,182,1251,-1753,533,4329,-137,352,683
53.84835,182,1251,-1753,533,4325,-137,352,684
53.84885,182,1251,-1752,533,4320,-136,352,685
53.84935,182,1251,-1752,533,4322,-136,351,685
53.84985,182,1252,-1752,533,4339,-135,351,686
53.85035,182,1251,-1752,533,4366,-135,351,686
53.85085,182,1252,-1752,532,4366,-135,351,687
53.85135,182,1252,-1752,532,4356,-134,351,687
53.85185,182,1252,-1753,531,4317,-134,352,687
53.85235,182,1252,-1752,532,4289,-134,352,686
53.85285,182,1252,-1753,532,4283,-134,352,685
53.85335,182,1253,-1753,532,4288,-134,353,684
53.85385,182,1252,-1754,533,4292,-135,353,683
53.85435,182,1253,-1754,533,4299,-135,353,683
53.85485,182,1253,-1753,534,4296,-135,352,683
53.85535,182,1253,-1753,534,4295,-134,352,684
53.85585,182,1252,-1752,534,4295,-134,352,683
53.85635,182,1253,-1753,534,4298,-134,352,683
53.85685,182,1253,-1753,534,4292,-135,352,683
53.85735,182,1253,-1753,533,4287,-135,352,683
53.85785,182,1253,-1753,533,4285,-135,352,683
53.85835,182,1253,-1753,532,4283,-134,351,684
53.85885,182,1253,-1752,532,4280,-134,352,684
53.85935,182,1253,-1752,532,4280,-134,352,684
53.85985,182,1253,-1752,532,4302,-134,351,684
53.86035,182,1254,-1752,532,4326,-134,351,684
53.86085,182,1254,-1752,532,4317,-134,352,684
53.86135,182,1254,-1753,533,4302,-134,352,683
53.86185,182,1254,-1753,533,4267,-134,352,683
53.86235,182,1254,-1753,533,4238,-133,352,683
53.86285,182,1254,-1753,533,4230,-133,353,683
53.86335,182,1254,-1753,533,4230,-133,353,684
53.86385,182,1254,-1753,533,4233,-133,353,684
53.86435,182,1254,-1752,532,4240,-133,353,684
53.86485,182,1254,-1752,533,4240,-133,353,684
53.86535,182,1255,-1752,533,4238,-133,353,685
53.86585,182,1255,-1752,532,4236,-133,354,685
53.86635,182,1255,-1751,532,4229,-132,353,685
53.86685,182,1255,-1751,532,4223,-132,354,685
53.86735,182,1256,-1752,532,4221,-132,353,685
53.86785,182,1255,-1752,532,4221,-132,353,685
53.86835,182,1256,-1752,532,4216,-132,353,685
53.86885,182,1256,-1752,532,4210,-132,352,685
53.86935,182,1256,-1752,532,4207,-132,352,685
53.86985,181,1256,-1752,533,4235,-132,351,685
53.87035,182,1256,-1752,533,4257,-132,351,685
53.87085,182,1256,-1753,533,4251,-132,351,684
53.87135,182,1256,-1753,534,4241,-132,352,684
53.87185,181,1257,-1753,533,4212,-132,352,684
53.87235,181,1256,-1753,533,4190,-132,352,683
53.87285,182,1257,-1752,532,4186,-132,352,683
53.87335,181,1257,-1752,532,4180,-132,352,683
53.87385,181,1257,-1752,533,4179,-132,352,683
53.87435,181,1257,-1752,533,4183,-132,352,683
53.87485,181,1257,-1752,534,4183,-131,352,683
53.87535,181,1257,-1752,534,4184,-132,352,683
53.87585,181,1257,-1753,534,4184,-131,352,683
53.87635,181,1257,-1753,534,4183,-132,352,683
53.87685,181,1258,-1753,534,4181,-131,352,683
53.87735,181,1257,-1753,534,4180,-131,352,683
53.87785,181,1258,-1753,534,4179,-131,352,683
53.87835,181,1258,-1753,534,4176,-131,352,683
53.87885,181,1258,-1753,533,4173,-131,352,683
53.87945,181,1258,-1753,533,4168,-131,352,683
53.87995,181,1258,-1752,533,4194,-131,351,683
53.88045,181,1258,-1753,533,4212,-131,351,683
53.88095,181,1259,-1753,533,4206,-131,351,682
53.88145,180,1259,-1753,533,4195,-131,351,682
53.88195,180,1259,-1753,533,4168,-131,352,682
53.88245,181,1259,-1753,533,4153,-131,352,682
53.88295,180,1259,-1753,534,4151,-130,351,682
53.88345,181,1259,-1753,533,4153,-131,351,682
53.88395,180,1259,-1754,534,4159,-131,351,681
53.88445,181,1260,-1753,533,4160,-131,351,681
53.88495,181,1260,-1753,534,4154,-131,351,681
53.88545,180,1260,-1753,534,4156,-131,351,680
53.88595,180,1260,-1753,533,4163,-131,351,680
53.88645,180,1261,-1753,533,4169,-131,351,680
53.88695,180,1260,-1752,533,4168,-132,351,680
53.88745,180,1261,-1752,533,4168,-132,351,680
53.88795,180,1261,-1752,533,4170,-132,351,680
53.88845,180,1261,-1752,533,4170,-132,351,680
53.88895,180,1262,-1752,533,4167,-132,352,679
53.88945,180,1262,-1752,534,4168,-132,352,680
53.88995,180,1262,-1753,534,4200,-131,352,681
53.89045,180,1262,-1752,534,4223,-131,352,681
53.89095,180,1263,-1753,534,4217,-131,353,681
53.89145,180,1263,-1753,533,4201,-131,353,681
53.89195,179,1263,-1752,534,4168,-131,353,681
53.89245,180,1263,-1753,533,4153,-131,353,681
53.89295,179,1263,-1753,534,4153,-130,353,681
53.89345,179,1264,-1753,534,4162,-131,352,681
53.89395,180,1263,-1753,534,4172,-131,353,681
53.89445,180,1263,-1753,534,4178,-131,353,681
53.89495,180,1264,-1753,534,4182,-131,352,680
53.89545,180,1264,-1753,534,4184,-131,352,680
53.89595,180,1264,-1753,534,4190,-131,353,680
53.89645,180,1264,-1753,534,4192,-130,352,681
53.89695,179,1265,-1753,534,4189,-130,352,681
53.89745,180,1265,-1753,534,4183,-130,352,681
53.89795,180,1265,-1752,534,4185,-130,352,681
53.89845,179,1265,-1752,534,4189,-130,352,681
53.89895,179,1266,-1752,534,4192,-130,352,681
53.89945,179,1266,-1753,534,4198,-130,351,681
53.89995,179,1266,-1753,534,4234,-130,351,681
53.90045,179,1266,-1752,534,4246,-130,352,680
53.90095,180,1266,-1753,534,4241,-131,352,680
53.90145,179,1266,-1752,534,4228,-131,352,679
53.90195,179,1267,-1752,533,4198,-131,352,679
53.90245,179,1266,-1753,533,4183,-131,351,679
53.90295,179,1267,-1753,533,4183,-131,351,679
53.90345,179,1266,-1753,533,4185,-131,351,679
53.90395,179,1266,-1753,532,4192,-131,351,678
53.90445,178,1266,-1752,533,4200,-131,351,679
53.90495,179,1267,-1752,533,4208,-131,351,679
53.90545,179,1267,-1752,533,4206,-131,351,679
53.90595,179,1267,-1753,533,4206,-131,351,679
53.90645,178,1267,-1752,533,4207,-131,351,679
53.906948,178,1268,-1752,533,4204,-131,351,679
53.90745,178,1268,-1753,534,4201,-131,350,679
53.90795,178,1268,-1753,534,4201,-131,350,679
53.90845,178,1267,-1753,535,4198,-131,351,678
53.90895,178,1268,-1753,535,4191,-131,351,678
53.90945,178,1268,-1753,536,4200,-131,351,678
53.90995,178,1268,-1753,536,4239,-131,351,679
53.91045,178,1268,-1753,535,4245,-131,351,678
53.91095,177,1268,-1753,534,4233,-131,351,678
53.91145,177,1269,-1753,533,4216,-131,351,677
53.91195,177,1269,-1752,532,4183,-132,351,677
53.91245,177,1269,-1752,532,4166,-132,351,677
53.91295,177,1269,-1752,533,4165,-132,351,677
53.91345,177,1269,-1752,532,4168,-132,351,677
53.91395,177,1270,-1752,532,4172,-132,351,676
53.91445,177,1270,-1752,532,4175,-132,351,676
53.91495,177,1270,-1751,533,4181,-133,351,676
53.91545,176,1270,-1752,533,4182,-132,352,676
53.91595,176,1270,-1752,533,4181,-133,352,676
53.91645,176,1271,-1753,534,4180,-133,352,677
53.91695,176,1270,-1753,535,4179,-133,353,677
53.91745,176,1271,-1753,535,4173,-133,353,677
53.91795,176,1271,-1753,536,4172,-133,353,676
53.91845,176,1271,-1753,536,4173,-133,353,676
53.91895,176,1271,-1753,537,4176,-133,353,676
53.91945,176,1271,-1753,536,4181,-134,353,676
53.91995,176,1271,-1753,537,4215,-134,352,676
53.92045,176,1271,-1753,536,4219,-134,352,676
53.92095,176,1271,-1753,535,4213,-134,351,675
53.92145,176,1271,-1753,533,4192,-134,351,675
53.92195,176,1271,-1752,531,4159,-133,351,675
53.92245,176,1272,-1751,530,4150,-134,350,675
53.92295,176,1271,-1752,531,4151,-133,350,676
53.92345,176,1271,-1752,532,4152,-134,350,676
53.92395,176,1271,-1753,534,4161,-134,349,676
53.92445,176,1272,-1753,535,4160,-134,349,676
53.92495,175,1272,-1753,536,4156,-134,349,676
53.92545,176,1272,-1753,537,4159,-134,349,676
53.92595,176,1272,-1754,536,4160,-134,348,676
53.92645,175,1272,-1754,536,4158,-134,349,675
53.92695,175,1272,-1754,534,4151,-135,348,675
53.92745,175,1272,-1753,533,4139,-135,349,674
53.92795,175,1272,-1752,533,4136,-135,348,674
53.92845,176,1272,-1752,533,4139,-135,349,674
53.92895,175,1272,-1751,532,4133,-135,349,674
53.92945,175,1272,-1751,533,4141,-135,349,674
53.92995,175,1272,-1751,532,4177,-136,349,674
53.93045,175,1272,-1752,532,4181,-135,350,674
53.93095,175,1272,-1752,533,4175,-136,350,674
53.93145,175,1273,-1753,533,4153,-136,351,674
53.93195,175,1272,-1753,533,4122,-136,351,673
53.93245,175,1273,-1753,533,4112,-136,351,674
53.93295,175,1273,-1753,533,4108,-136,351,674
53.93345,175,1273,-1754,533,4119,-136,352,674
53.93395,174,1273,-1754,533,4123,-136,352,675
53.93445,174,1273,-1754,533,4122,-136,352,675
53.93495,174,1273,-1752,533,4115,-137,352,675
53.93545,174,1273,-1751,535,4113,-137,352,674
53.93595,174,1273,-1752,535,4112,-137,352,673
53.93645,174,1273,-1753,535,4115,-137,352,673
53.93695,174,1273,-1754,534,4107,-137,353,673
53.93745,174,1273,-1754,534,4103,-137,351,673
53.93795,174,1273,-1753,533,4104,-137,351,673
53.93845,174,1273,-1752,534,4104,-138,350,673
53.93895,174,1273,-1751,534,4103,-138,350,673
53.93945,174,1272,-1752,535,4113,-138,351,673
53.93995,174,1273,-1752,535,4145,-138,351,673
53.94045,174,1273,-1751,535,4143,-139,351,673
53.94105,174,1273,-1751,535,4133,-139,351,673
53.94155,174,1273,-1751,535,4104,-139,352,672
53.94205,174,1273,-1752,535,4076,-139,352,673
53.94255,173,1273,-1752,534,4073,-140,353,673
53.94305,173,1273,-1752,533,4069,-140,352,674
53.94355,173,1273,-1753,531,4069,-139,353,674
53.94405,173,1273,-1753,531,4078,-140,353,674
53.94455,173,1273,-1753,531,4079,-140,352,674
53.94505,173,1273,-1753,532,4076,-140,352,673
53.94555,173,1273,-1751,533,4073,-140,352,673
53.94605,173,1273,-1749,533,4065,-140,351,673
53.94655,173,1273,-1749,533,4062,-140,351,672
53.94705,173,1273,-1750,533,4058,-139,350,673
53.94755,173,1273,-1750,534,4060,-140,350,672
53.94805,172,1273,-1751,534,4057,-140,350,672
53.94855,173,1273,-1751,534,4060,-140,349,672
53.94905,173,1273,-1751,535,4056,-140,349,671
53.94955,173,1273,-1752,535,4067,-140,350,670
53.95005,173,1273,-1753,536,4097,-141,350,669
53.95055,173,1273,-1753,537,4101,-141,350,668
53.95105,172,1273,-1754,537,4091,-141,351,667
53.95155,172,1273,-1752,537,4066,-142,351,667
53.95205,172,1273,-1751,535,4036,-142,350,667
53.95255,172,1273,-1750,535,4028,-142,349,667
53.95305,172,1273,-1750,535,4030,-142,349,667
53.95355,172,1273,-1751,534,4034,-143,348,667
53.95405,172,1273,-1751,534,4040,-143,347,667
53.95455,172,1272,-1751,534,4040,-144,347,668
53.95505,172,1272,-1750,534,4041,-143,347,669
53.95555,172,1272,-1750,534,4047,-144,347,670
53.95605,172,1272,-1750,533,4040,-144,348,670
53.95655,172,1272,-1750,533,4038,-143,348,670
53.95705,172,1272,-1750,534,4037,-144,349,671
53.95755,172,1272,-1751,533,4036,-144,350,672
53.95805,172,1272,-1751,534,4029,-144,350,673
53.95855,172,1272,-1751,534,4029,-144,351,673
53.95905,172,1272,-1750,532,4022,-144,351,675
53.95955,171,1272,-1750,531,4031,-143,350,675
53.96005,171,1272,-1751,530,4064,-142,349,676
53.96055,171,1272,-1751,529,4064,-141,348,676
53.96105,171,1272,-1752,530,4059,-141,348,675
53.96155,171,1272,-1752,531,4031,-141,348,675
53.96205,171,1272,-1753,532,3996,-141,347,674
53.96255,171,1272,-1752,532,3988,-142,347,673
53.96305,172,1272,-1752,533,3992,-143,347,672
53.96355,171,1272,-1751,533,3991,-143,347,672
53.96405,171,1272,-1751,534,3996,-144,347,671
53.96455,171,1272,-1750,536,3995,-144,347,671
53.96505,171,1272,-1751,536,3991,-144,347,671
53.96555,171,1272,-1750,535,3993,-144,346,671
53.96605,171,1272,-1751,535,3995,-145,346,671
53.96655,171,1272,-1751,533,3995,-144,346,671
53.96705,171,1272,-1751,531,3994,-145,346,671
53.96755,171,1272,-1750,532,3993,-144,347,671
53.96805,171,1271,-1750,532,3993,-145,347,671
53.96855,171,1271,-1750,534,3993,-145,347,671
53.96905,171,1271,-1750,535,3987,-145,348,671
53.96955,171,1271,-1750,537,4005,-145,348,671
53.97005,171,1271,-1751,538,4039,-145,348,671
53.97055,171,1272,-1751,538,4041,-145,349,671
53.97105,170,1271,-1752,539,4034,-145,349,670
53.97155,170,1272,-1752,539,4005,-145,350,671
53.97205,170,1272,-1752,538,3983,-145,349,671
53.97255,171,1271,-1752,536,3972,-145,348,671
53.97305,170,1272,-1751,533,3972,-145,349,671
53.97355,170,1271,-1752,531,3978,-146,348,671
53.97405,171,1271,-1751,531,3982,-146,348,671
53.97455,170,1271,-1750,531,3982,-147,349,670
53.97505,170,1271,-1750,532,3982,-147,350,670
53.97555,170,1272,-1749,532,3987,-147,351,670
53.97605,170,1271,-1749,532,3986,-147,350,670
53.97655,170,1272,-1749,533,3985,-147,351,670
53.97705,170,1271,-1750,533,3981,-146,351,670
53.97755,170,1272,-1749,533,3978,-147,351,669
53.97805,170,1271,-1750,534,3975,-146,351,669
53.97855,170,1272,-1750,533,3969,-147,351,669
53.97905,170,1272,-1751,533,3965,-147,351,669
53.97955,170,1272,-1750,534,3984,-147,351,669
53.98005,170,1271,-1750,534,4008,-147,351,669
53.98055,169,1272,-1750,534,4003,-147,350,669
53.98105,169,1272,-1750,534,3994,-147,350,669
53.98155,169,1272,-1750,534,3961,-147,350,670
53.98205,169,1272,-1750,534,3938,-147,350,670
53.98255,169,1272,-1750,534,3943,-147,350,670
53.98305,169,1273,-1750,535,3951,-147,350,670
53.98355,169,1273,-1751,535,3954,-147,350,670
53.98405,169,1273,-1751,535,3958,-147,349,671
53.98455,168,1273,-1751,535,3959,-147,349,671
53.98505,168,1273,-1752,535,3954,-147,348,670
53.98555,168,1273,-1751,534,3954,-147,348,670
53.98605,168,1273,-1751,534,3961,-148,347,670
53.98655,169,1273,-1750,534,3963,-148,346,669
53.98705,168,1273,-1750,534,3959,-148,346,670
53.98755,169,1274,-1749,534,3952,-148,346,669
53.98805,168,1273,-1749,533,3955,-148,345,669
53.98855,168,1274,-1749,533,3951,-148,345,669
53.98905,168,1274,-1749,534,3941,-147,345,670
53.98955,169,1274,-1749,536,3967,-147,345,671
53.99005,169,1274,-1750,536,3997,-147,345,670
53.99055,169,1274,-1750,537,3990,-147,345,671
53.99105,168,1274,-1751,537,3982,-147,346,670
53.99155,168,1274,-1751,536,3949,-148,346,670
53.99205,168,1274,-1750,536,3932,-148,346,670
53.99255,168,1274,-1751,535,3931,-148,346,670
53.99305,168,1274,-1750,535,3932,-148,346,671
53.99355,168,1274,-1750,534,3932,-148,346,670
53.99405,169,1274,-1749,533,3933,-148,346,669
53.99455,169,1274,-1749,533,3938,-148,345,668
53.99505,169,1275,-1749,533,3937,-148,345,668
53.99555,169,1275,-1749,533,3942,-148,345,668
53.99605,168,1274,-1749,533,3941,-148,345,669
53.99655,169,1275,-1749,534,3938,-147,346,669
53.99705,168,1275,-1750,534,3935,-147,346,669
53.99755,169,1275,-1750,534,3935,-147,347,669
53.99805,168,1275,-1750,534,3937,-147,347,669
53.99855,168,1275,-1749,534,3938,-147,347,669
53.99905,168,1276,-1750,534,3938,-147,347,669
53.99955,169,1275,-1750,535,3966,-148,347,669
54.00005,169,1276,-1750,535,3989,-148,347,669
54.00055,169,1276,-1750,535,3985,-148,348,669
54.00105,168,1276,-1750,534,3970,-148,349,669
54.00155,168,1276,-1751,534,3942,-148,351,669
54.00205,169,1277,-1750,535,3927,-148,351,669
54.00255,169,1276,-1750,535,3929,-147,351,670
54.00315,169,1276,-1750,535,3935,-147,352,669
54.00365,169,1277,-1750,535,3945,-147,352,669
54.00415,169,1277,-1750,535,3944,-147,352,669
54.00465,168,1277,-1749,535,3942,-146,352,669
54.00515,169,1277,-1749,535,3947,-147,353,669
54.00565,169,1277,-1750,535,3951,-147,353,668
54.00615,169,1278,-1750,535,3953,-148,353,667
54.00665,169,1278,-1750,535,3957,-148,353,667
54.00715,169,1278,-1750,535,3949,-148,352,668
54.00765,169,1278,-1750,535,3944,-148,351,667
54.00815,169,1278,-1750,535,3949,-148,350,668
54.00865,169,1278,-1750,535,3946,-148,349,668
54.00915,170,1278,-1750,536,3944,-148,348,668
54.00965,170,1278,-1750,536,3977,-148,347,668
54.01015,170,1278,-1750,536,3995,-148,347,669
54.01065,170,1278,-1750,536,3991,-148,347,668
54.01115,170,1278,-1750,535,3976,-148,346,667
54.01165,170,1278,-1750,535,3948,-148,346,667
54.01215,170,1279,-1749,535,3926,-148,345,667
54.01265,170,1279,-1749,535,3921,-148,344,668
54.01315,170,1279,-1749,535,3925,-148,343,668
54.01365,170,1279,-1749,535,3939,-147,342,667
54.01415,170,1279,-1749,534,3943,-148,342,668
54.01465,170,1280,-1749,535,3937,-147,341,667
54.01515,170,1280,-1749,535,3941,-148,342,667
54.01565,170,1280,-1749,535,3938,-148,344,667
54.01615,170,1280,-1749,535,3939,-148,344,666
54.01665,170,1280,-1749,535,3941,-147,344,667
54.01715,170,1280,-1749,535,3946,-147,345,667
54.01765,170,1281,-1749,535,3942,-147,345,668
54.01815,170,1280,-1749,535,3941,-147,345,668
54.01865,170,1281,-1749,535,3947,-146,345,668
54.01915,170,1281,-1749,535,3949,-146,345,669
54.01965,170,1281,-1749,536,3981,-147,344,668
54.02015,170,1281,-1749,535,3988,-147,345,667
54.02065,170,1282,-1750,536,3984,-147,345,667
54.02115,170,1282,-1749,535,3966,-147,347,668
54.02165,170,1282,-1750,535,3931,-146,348,668
54.02215,170,1282,-1750,536,3925,-146,349,668
54.02265,170,1282,-1750,536,3930,-146,349,669
54.02315,170,1283,-1751,536,3930,-146,349,668
54.02365,170,1283,-1750,536,3930,-146,349,669
54.02415,170,1283,-1750,536,3935,-146,350,669
54.02465,170,1283,-1749,535,3930,-146,350,669
54.02515,169,1283,-1749,535,3927,-146,350,668
54.02565,170,1283,-1749,535,3930,-146,350,668
54.02615,170,1283,-1749,535,3935,-146,350,668
54.02665,170,1283,-1749,535,3936,-146,350,668
54.02715,170,1283,-1749,535,3931,-146,350,668
54.02765,171,1284,-1749,535,3928,-146,349,668
54.02815,170,1284,-1749,535,3928,-146,349,668
54.02865,171,1284,-1749,535,3927,-146,349,668
54.02915,170,1284,-1749,536,3924,-145,348,669
54.02965,170,1284,-1750,537,3960,-145,348,669
54.03015,170,1285,-1750,537,3964,-145,349,670
54.03065,170,1285,-1750,537,3960,-145,348,670
54.03115,170,1285,-1750,536,3952,-146,347,669
54.03165,170,1285,-1750,536,3922,-146,346,669
54.03215,170,1286,-1749,536,3908,-147,345,668
54.03265,170,1286,-1750,536,3911,-147,345,668
54.03315,170,1286,-1749,537,3922,-147,346,668
54.03365,169,1287,-1750,536,3931,-146,346,668
54.03415,169,1287,-1750,536,3935,-146,347,668
54.03465,169,1287,-1749,536,3937,-146,348,667
54.03515,170,1287,-1749,536,3937,-147,350,665
54.03565,170,1287,-1749,536,3933,-147,351,664
54.036148,170,1288,-1749,536,3931,-147,352,663
54.03665,170,1288,-1749,536,3934,-146,353,663
54.03715,170,1288,-1749,536,3934,-146,353,664
54.03765,170,1288,-1750,536,3933,-146,354,664
54.03815,170,1288,-1749,536,3937,-146,354,664
54.03865,170,1288,-1749,536,3936,-146,354,664
54.03915,171,1288,-1749,536,3937,-146,353,664
54.03965,170,1288,-1750,537,3973,-146,352,664
54.04015,170,1289,-1750,536,3976,-147,352,664
54.04065,170,1289,-1749,536,3966,-147,351,663
54.04115,170,1289,-1750,536,3947,-147,350,664
54.04165,170,1289,-1749,536,3910,-147,349,664
54.04215,170,1289,-1749,536,3907,-146,348,666
54.04265,170,1290,-1750,536,3912,-145,347,668
54.04315,170,1290,-1749,536,3914,-145,347,668
54.04365,170,1290,-1750,536,3918,-145,346,669
54.04415,170,1291,-1749,537,3915,-144,345,670
54.04465,170,1291,-1749,536,3910,-144,345,671
54.04515,170,1291,-1750,537,3917,-143,344,672
54.04565,170,1291,-1749,536,3916,-142,344,672
54.04615,169,1291,-1749,536,3918,-142,344,672
54.04665,169,1291,-1749,536,3917,-142,343,672
54.04715,169,1292,-1749,536,3913,-143,343,670
54.04765,169,1292,-1749,536,3910,-144,342,669
54.04815,170,1292,-1749,536,3908,-144,341,668
54.04865,169,1292,-1749,536,3904,-144,341,667
54.04915,170,1292,-1749,536,3911,-144,340,668
54.04965,170,1292,-1749,536,3947,-143,340,668
54.05015,169,1292,-1749,536,3955,-143,340,668
54.05065,169,1292,-1749,536,3954,-142,340,668
54.05115,169,1293,-1748,535,3934,-142,341,668
54.05165,169,1293,-1749,535,3902,-142,342,667
54.05215,169,1293,-1748,536,3891,-142,344,667
54.05265,169,1294,-1749,536,3887,-142,344,667
54.05315,169,1294,-1749,537,3891,-142,344,666
54.05365,169,1294,-1749,536,3901,-142,345,665
54.05415,169,1295,-1749,537,3911,-142,346,665
54.05465,169,1294,-1749,537,3910,-142,346,665
54.05515,169,1295,-1749,537,3912,-142,347,665
54.05565,169,1295,-1749,537,3915,-142,349,664
54.05615,169,1295,-1749,536,3919,-142,349,664
54.05665,169,1295,-1749,537,3928,-143,350,663
54.05715,168,1295,-1749,536,3931,-143,350,664
54.05765,169,1295,-1749,536,3926,-143,351,663
54.05815,168,1295,-1749,537,3931,-142,349,664
54.05865,169,1295,-1749,537,3930,-143,350,664
54.05915,169,1295,-1750,537,3946,-142,349,665
54.05965,169,1295,-1749,537,3990,-142,348,666
54.06015,169,1295,-1750,536,3989,-142,348,666
54.06065,169,1295,-1749,536,3989,-142,348,666
54.06115,169,1295,-1749,536,3971,-142,347,666
54.06165,169,1296,-1750,536,3945,-143,347,665
54.06215,169,1295,-1750,537,3943,-142,347,665
54.06265,169,1296,-1750,537,3948,-143,347,664
54.06315,169,1296,-1750,537,3955,-143,347,664
54.06365,169,1296,-1749,537,3970,-143,348,663
54.06425,168,1296,-1750,537,3976,-143,348,663
54.06475,168,1296,-1750,537,3976,-143,349,663
54.06525,168,1296,-1750,536,3980,-142,349,663
54.06575,168,1297,-1750,537,3987,-142,349,662
54.06625,168,1297,-1749,537,3993,-141,349,663
54.06675,168,1298,-1749,536,4002,-141,348,662
54.06725,168,1298,-1749,537,4001,-141,348,662
54.06775,168,1298,-1749,536,4006,-141,347,661
54.06825,168,1298,-1749,536,4010,-141,347,662
54.06875,167,1298,-1749,537,4008,-141,347,663
54.06925,167,1298,-1749,537,4022,-141,347,664
54.06975,167,1298,-1749,537,4058,-141,346,664
54.07025,168,1298,-1749,536,4066,-142,346,663
54.07075,167,1297,-1749,536,4067,-141,345,663
54.07125,168,1298,-1749,536,4041,-141,345,663
54.07175,168,1298,-1749,536,4017,-141,344,663
54.07225,168,1298,-1749,536,4018,-141,343,663
54.07275,168,1298,-1750,537,4025,-141,343,662
54.07325,168,1298,-1749,536,4033,-141,343,662
54.07375,168,1299,-1749,536,4047,-141,344,662
54.07425,168,1298,-1749,536,4052,-141,344,662
54.07475,168,1299,-1749,536,4055,-142,344,661
54.07525,168,1299,-1749,536,4058,-142,344,661
54.07575,168,1299,-1749,536,4055,-141,344,661
54.07625,168,1299,-1749,536,4054,-141,344,661
54.07675,168,1299,-1749,537,4058,-141,344,661
54.07725,168,1299,-1749,536,4064,-141,344,660
54.07775,167,1299,-1749,536,4067,-141,345,660
54.07825,168,1299,-1749,536,4074,-141,344,660
54.07875,168,1299,-1750,536,4077,-140,344,659
54.07925,168,1300,-1750,537,4088,-140,344,659
54.07975,168,1300,-1749,537,4119,-140,344,659
54.08025,168,1300,-1750,536,4116,-140,345,659
54.08075,168,1300,-1749,536,4112,-140,346,660
54.08125,168,1299,-1749,535,4091,-140,346,660
54.08175,168,1299,-1749,536,4071,-140,347,661
54.08225,168,1299,-1749,536,4074,-141,347,661
54.08275,168,1299,-1749,536,4073,-141,347,660
54.08325,168,1300,-1749,536,4079,-141,348,659
54.08375,168,1300,-1749,536,4090,-142,348,658
54.08425,168,1300,-1749,536,4088,-142,348,658
54.08475,168,1300,-1749,536,4095,-142,348,657
54.08525,167,1300,-1749,537,4102,-141,348,658
54.08575,168,1300,-1750,536,4099,-141,348,657
54.08625,168,1301,-1750,536,4103,-141,348,657
54.08675,168,1301,-1750,536,4098,-141,347,657
54.08725,167,1301,-1749,536,4095,-140,346,657
54.08775,168,1301,-1749,536,4094,-140,346,658
54.08825,168,1301,-1749,535,4096,-139,345,658
54.08875,168,1300,-1749,535,4099,-139,345,657
54.08925,168,1300,-1749,536,4108,-139,345,657
54.08975,168,1300,-1749,536,4135,-140,344,657
54.09025,168,1301,-1749,536,4130,-140,344,657
54.09075,168,1300,-1749,536,4125,-140,344,657
54.09125,168,1301,-1749,536,4099,-140,344,658
54.09175,168,1301,-1749,536,4076,-140,344,659
54.09225,168,1301,-1749,536,4075,-140,344,658
54.09275,168,1301,-1749,536,4076,-140,344,657
54.09325,168,1301,-1749,536,4086,-141,344,656
54.09375,167,1301,-1749,536,4088,-141,344,655
54.09425,167,1301,-1749,536,4091,-141,344,655
54.09475,167,1302,-1749,536,4088,-141,345,655
54.09525,167,1301,-1749,536,4088,-140,345,656
54.09575,168,1301,-1749,536,4091,-141,346,656
54.09625,168,1301,-1749,536,4098,-141,347,655
54.09675,168,1301,-1749,536,4100,-141,347,652
54.097248,168,1301,-1749,536,4096,-142,347,650
54.09775,168,1301,-1749,535,4099,-142,347,649
54.09825,168,1302,-1749,536,4101,-143,347,649
54.09875,168,1302,-1750,535,4096,-143,347,649
54.09925,168,1302,-1749,536,4114,-142,347,650
54.09975,168,1302,-1749,536,4149,-143,348,650
54.10025,168,1302,-1749,536,4150,-142,348,650
54.10075,167,1302,-1749,536,4142,-142,348,651
54.10125,167,1302,-1749,536,4114,-141,349,652
54.10175,168,1302,-1750,537,4083,-141,349,653
54.10225,167,1302,-1750,537,4083,-142,348,653
54.10275,168,1302,-1750,536,4085,-142,346,654
54.10325,168,1302,-1750,536,4086,-141,345,655
54.10375,168,1302,-1750,537,4094,-141,345,657
54.10425,167,1302,-1750,535,4092,-141,343,659
54.10475,168,1302,-1749,536,4091,-141,342,660
54.10525,167,1303,-1750,536,4090,-140,341,661
54.10575,167,1303,-1749,536,4093,-141,341,661
54.10625,167,1303,-1750,536,4087,-141,341,661
54.10675,167,1303,-1749,536,4083,-140,342,662
54.10725,167,1303,-1750,536,4081,-140,341,662
54.10775,167,1303,-1750,536,4083,-139,341,662
54.10825,167,1303,-1750,536,4084,-138,340,661
54.10875,167,1302,-1749,536,4080,-138,339,660
54.10925,167,1302,-1749,536,4093,-139,339,659
54.10975,167,1302,-1749,535,4124,-140,339,658
54.11025,167,1302,-1749,535,4116,-141,340,656
54.11075,167,1303,-1748,535,4111,-142,340,655
54.11125,167,1303,-1748,535,4085,-142,341,654
54.11175,167,1303,-1748,535,4059,-143,342,654
54.11225,167,1303,-1748,535,4061,-143,342,654
54.11275,167,1303,-1749,535,4064,-143,343,655
54.11325,167,1303,-1749,536,4064,-143,344,655
54.11375,167,1303,-1749,536,4062,-143,344,655
54.11425,167,1303,-1750,536,4063,-144,344,655
54.11475,168,1303,-1749,536,4063,-143,343,656
54.11525,167,1302,-1749,536,4066,-144,343,656
54.11575,167,1302,-1749,536,4072,-143,344,657
54.11625,167,1302,-1749,536,4067,-143,344,658
54.11675,167,1302,-1750,536,4057,-142,344,658
54.11725,167,1302,-1750,536,4052,-142,344,659
54.11775,168,1303,-1749,535,4042,-142,343,660
54.11825,167,1303,-1749,536,4027,-141,342,661
54.11875,167,1303,-1749,535,4020,-141,341,663
54.11925,167,1303,-1749,536,4035,-140,341,664
54.11975,167,1303,-1749,535,4055,-140,341,663
54.12025,167,1304,-1749,535,4049,-140,342,661
54.12075,166,1304,-1749,535,4030,-140,342,660
54.12125,166,1304,-1749,535,3988,-139,343,660
54.12175,167,1304,-1749,535,3962,-137,343,661
54.12225,166,1304,-1749,536,3955,-137,344,662
54.12275,167,1304,-1749,536,3948,-137,345,663
54.12325,167,1304,-1749,536,3953,-137,346,663
54.12375,167,1303,-1750,536,3948,-137,347,664
54.12425,167,1303,-1749,536,3938,-138,349,664
54.12475,167,1303,-1749,536,3942,-138,349,664
54.12525,167,1303,-1749,536,3943,-139,350,664
54.12585,167,1303,-1749,536,3938,-140,350,664
54.12635,167,1304,-1750,536,3936,-141,351,663
54.12685,167,1304,-1750,536,3936,-142,351,662
54.12735,166,1304,-1750,536,3926,-143,352,661
54.12785,167,1304,-1750,536,3921,-144,353,661
54.12835,166,1304,-1750,537,3916,-144,353,661
54.12885,166,1304,-1750,538,3911,-144,352,662
54.12935,166,1305,-1750,538,3928,-143,351,664
54.12985,167,1305,-1750,537,3946,-142,351,664
54.13035,166,1305,-1750,537,3936,-141,350,665
54.13085,166,1305,-1750,537,3923,-140,350,666
54.13135,166,1306,-1750,537,3880,-140,351,666
54.13185,166,1305,-1750,537,3856,-140,351,666
54.13235,167,1305,-1750,537,3848,-140,351,666
54.13285,167,1304,-1750,537,3848,-140,351,665
54.13335,167,1305,-1750,537,3855,-141,351,664
54.13385,168,1304,-1749,537,3859,-142,350,663
54.13435,168,1305,-1750,536,3863,-143,350,662
54.13485,167,1305,-1749,537,3859,-143,349,662
54.13535,168,1305,-1749,536,3864,-143,349,662
54.13585,168,1305,-1749,536,3872,-143,349,663
54.13635,168,1305,-1749,536,3877,-142,349,663
54.13685,168,1306,-1749,536,3871,-142,350,665
54.13735,168,1306,-1750,537,3863,-141,350,666
54.13785,168,1306,-1749,537,3856,-141,351,666
54.13835,168,1306,-1749,537,3857,-142,352,666
54.13885,168,1306,-1749,537,3856,-143,352,665
54.13935,168,1307,-1748,538,3887,-143,351,665
54.13985,169,1307,-1749,537,3904,-143,351,666
54.14035,169,1307,-1749,537,3903,-143,352,666
54.14085,169,1306,-1749,537,3900,-142,352,667
54.14135,169,1307,-1749,537,3873,-142,353,668
54.14185,170,1307,-1750,537,3857,-142,353,669
54.14235,169,1306,-1750,537,3864,-143,353,670
54.14285,170,1307,-1750,537,3868,-144,354,670
54.14335,170,1307,-1749,537,3872,-145,355,669
54.14385,170,1307,-1749,537,3874,-146,357,668
54.14435,170,1308,-1749,537,3876,-145,358,668
54.14485,170,1308,-1749,537,3889,-144,360,669
54.14535,170,1309,-1749,537,3899,-143,360,670
54.14585,170,1309,-1749,537,3897,-142,360,670
54.14635,170,1309,-1749,537,3903,-142,359,669
54.14685,170,1309,-1749,536,3923,-142,358,669
54.14735,170,1309,-1749,537,3938,-142,357,669
54.14785,171,1309,-1749,537,3944,-142,356,669
54.14835,171,1309,-1749,537,3951,-141,354,668
54.14885,172,1309,-1750,537,3956,-140,352,670
54.14935,172,1308,-1749,537,3997,-140,351,670
54.14985,172,1310,-1749,537,4022,-141,351,670
54.15035,172,1310,-1749,537,4029,-141,350,670
54.15085,172,1310,-1749,537,4029,-141,350,670
54.15135,172,1310,-1749,536,4004,-141,350,670
54.15185,172,1310,-1749,537,3988,-141,350,670
54.15235,173,1311,-1749,537,3991,-142,349,669
54.15285,172,1311,-1749,537,4003,-143,349,667
54.15335,173,1311,-1749,536,4013,-145,349,665
54.15385,173,1311,-1749,536,4021,-145,349,665
54.15435,173,1311,-1749,536,4030,-146,351,664
54.15485,173,1312,-1749,537,4044,-146,352,664
54.15535,173,1312,-1749,537,4060,-145,353,665
54.15585,173,1312,-1749,537,4053,-145,353,666
54.15635,173,1312,-1749,536,4033,-145,351,667
54.15685,173,1313,-1749,537,4030,-145,349,667
54.15735,173,1313,-1749,536,4028,-144,348,666
54.15785,173,1313,-1749,536,4031,-144,348,665
54.158348,173,1314,-1749,536,4044,-144,348,665
54.15885,173,1315,-1749,536,4047,-145,348,664
54.15935,173,1315,-1748,537,4087,-145,347,663
54.15985,172,1316,-1749,536,4111,-146,345,661
54.16035,172,1316,-1748,536,4110,-146,345,662
54.16085,172,1316,-1749,536,4101,-145,344,663
54.16135,172,1316,-1748,536,4076,-144,343,666
54.16185,172,1317,-1748,536,4062,-143,341,669
54.16235,172,1317,-1748,536,4072,-143,340,672
54.16285,172,1317,-1748,536,4075,-142,338,674
54.16335,172,1317,-1749,536,4076,-142,337,676
54.16385,172,1317,-1749,536,4067,-142,336,676
54.16435,172,1317,-1749,536,4057,-144,337,675
54.16485,172,1317,-1749,537,4054,-144,337,675
54.16535,172,1318,-1749,536,4052,-145,337,674
54.16585,172,1319,-1749,536,4062,-146,338,673
54.16635,172,1319,-1749,537,4078,-145,339,672
54.16685,172,1320,-1749,537,4082,-144,340,672
54.16735,171,1320,-1748,536,4086,-142,340,673
54.16785,171,1320,-1748,536,4090,-141,341,674
54.16835,171,1321,-1747,535,4094,-140,343,674
54.16885,172,1321,-1747,535,4105,-140,344,675
54.16935,172,1320,-1746,535,4142,-139,344,675
54.16985,172,1321,-1747,534,4144,-139,345,675
54.17035,172,1321,-1747,535,4138,-138,345,676
54.17085,172,1321,-1747,535,4123,-138,346,675
54.17135,173,1321,-1747,535,4091,-139,346,675
54.17185,172,1322,-1748,536,4075,-139,347,674
54.17235,172,1323,-1748,536,4081,-140,347,673
54.17285,172,1323,-1749,536,4096,-141,346,671
54.17335,172,1324,-1749,536,4099,-142,346,670
54.17385,171,1324,-1749,536,4101,-143,346,669
54.17435,171,1325,-1749,536,4113,-144,347,667
54.17485,171,1325,-1749,536,4124,-144,347,666
54.17535,171,1325,-1748,535,4134,-144,349,666
54.17585,171,1325,-1747,536,4139,-143,350,667
54.17635,171,1325,-1747,536,4130,-142,351,668
54.17685,171,1325,-1748,536,4107,-142,350,668
54.17735,172,1326,-1748,537,4099,-143,351,668
54.17785,172,1326,-1748,537,4103,-143,350,668
54.17835,172,1326,-1749,537,4112,-144,349,668
54.17885,171,1326,-1749,536,4124,-144,348,667
54.17935,172,1327,-1749,537,4162,-145,347,666
54.17985,172,1327,-1748,536,4162,-145,347,665
54.18035,171,1328,-1748,536,4167,-145,346,664
54.18085,171,1328,-1748,535,4149,-145,346,664
54.18135,171,1329,-1749,535,4128,-144,345,664
54.18185,171,1330,-1748,536,4132,-145,345,664
54.18235,171,1330,-1748,536,4135,-145,344,664
54.18285,171,1329,-1748,536,4135,-145,343,665
54.18335,171,1330,-1748,536,4144,-144,343,665
54.18385,171,1331,-1747,536,4150,-144,343,666
54.18435,171,1332,-1748,536,4163,-144,343,665
54.18485,171,1332,-1748,537,4179,-144,343,665
54.18535,171,1333,-1748,537,4182,-143,343,666
54.18585,171,1333,-1748,537,4182,-144,343,665
54.18635,171,1333,-1748,537,4192,-144,343,665
54.18695,171,1334,-1748,536,4199,-144,343,665
54.18745,172,1333,-1748,536,4207,-143,343,665
54.18795,172,1333,-1748,536,4209,-144,343,666
54.18845,172,1333,-1748,536,4205,-144,342,667
54.18895,172,1333,-1748,537,4218,-144,342,668
54.18945,172,1333,-1748,537,4249,-143,342,671
54.18995,172,1333,-1749,537,4247,-142,342,673
54.19045,172,1333,-1748,537,4235,-140,343,675
54.19095,172,1333,-1748,536,4215,-140,343,676
54.19145,173,1334,-1748,535,4192,-139,343,675
54.19195,172,1334,-1748,534,4195,-140,344,674
54.19245,172,1335,-1747,534,4200,-141,344,671
54.19295,172,1335,-1747,534,4207,-141,345,670
54.19345,172,1334,-1747,534,4207,-142,347,670
54.19395,172,1335,-1747,535,4215,-142,349,670
54.19445,172,1334,-1747,535,4229,-142,350,670
54.19495,172,1334,-1747,535,4232,-142,351,670
54.19545,172,1334,-1747,535,4222,-142,352,668
54.19595,172,1334,-1747,536,4214,-142,352,666
54.19645,172,1335,-1748,536,4215,-142,353,666
54.19695,172,1334,-1748,535,4226,-142,352,666
54.19745,172,1334,-1748,536,4235,-141,352,667
54.19795,172,1334,-1747,535,4238,-140,351,668
54.19845,173,1334,-1748,535,4237,-139,349,670
54.19895,172,1333,-1748,535,4254,-140,350,671
54.19945,173,1333,-1748,536,4293,-141,350,671
54.19995,173,1332,-1748,535,4292,-142,350,671
54.20045,173,1332,-1748,535,4290,-143,351,670
54.20095,173,1332,-1748,535,4276,-143,351,670
54.20145,173,1332,-1748,535,4268,-143,351,670
54.20195,173,1332,-1747,535,4272,-143,350,671
54.20245,172,1332,-1747,535,4275,-142,349,672
54.20295,173,1331,-1748,536,4277,-141,347,673
54.20345,172,1331,-1748,536,4296,-140,346,674
54.20395,173,1331,-1748,536,4304,-140,344,675
54.20445,172,1331,-1748,536,4311,-139,345,675
54.20495,172,1331,-1749,536,4306,-139,345,676
54.20545,172,1331,-1749,536,4305,-139,345,677
54.20595,172,1330,-1749,536,4318,-139,345,677
54.20645,172,1330,-1749,535,4329,-140,345,676
54.20695,172,1330,-1748,535,4340,-141,344,674
54.20745,172,1330,-1746,534,4356,-142,344,672
54.20795,173,1329,-1745,534,4367,-143,343,671
54.20845,173,1328,-1745,534,4368,-143,342,671
54.20895,173,1328,-1745,534,4374,-143,342,672
54.20945,173,1327,-1746,534,4403,-143,341,673
54.20995,173,1327,-1746,534,4402,-143,343,673
54.21045,173,1327,-1747,535,4396,-143,343,674
54.21095,173,1327,-1747,536,4376,-143,345,674
54.21145,173,1327,-1747,536,4357,-142,346,674
54.21195,173,1326,-1747,536,4350,-142,346,673
54.21245,173,1327,-1747,536,4349,-143,346,672
54.21295,173,1326,-1747,536,4348,-143,347,671
54.21345,173,1326,-1747,536,4350,-144,347,671
54.21395,173,1326,-1747,536,4343,-144,347,672
54.21445,173,1325,-1747,536,4344,-145,347,673
54.21495,173,1325,-1748,536,4356,-144,348,675
54.21545,173,1325,-1748,536,4358,-144,349,676
54.21595,173,1324,-1748,536,4359,-143,350,676
54.21645,174,1324,-1747,536,4370,-143,350,675
54.21695,174,1323,-1747,536,4377,-142,350,673
54.21745,174,1323,-1747,536,4368,-143,351,671
54.21795,174,1323,-1747,536,4361,-143,351,669
54.21845,174,1322,-1748,537,4359,-143,350,668
54.21895,175,1322,-1747,537,4374,-144,349,667
54.219448,175,1322,-1747,536,4412,-145,349,667
54.21995,175,1322,-1747,535,4405,-145,349,668
54.22045,175,1322,-1746,534,4396,-144,349,671
54.22095,175,1322,-1746,534,4378,-144,350,673
54.22145,174,1321,-1746,534,4355,-144,352,675
54.22195,175,1322,-1746,535,4348,-144,353,676
54.22245,174,1321,-1746,535,4351,-144,354,677
54.22295,175,1321,-1746,535,4358,-144,356,677
54.22345,175,1320,-1747,535,4357,-145,356,677
54.22395,175,1320,-1747,535,4355,-144,355,678
54.22445,175,1320,-1747,536,4353,-144,356,680
54.22495,175,1320,-1747,535,4354,-142,355,680
54.22545,175,1320,-1747,535,4352,-142,354,682
54.22595,175,1319,-1747,535,4346,-142,353,682
54.22645,175,1318,-1746,536,4339,-142,353,682
54.22695,176,1318,-1746,536,4336,-143,352,681
54.22745,176,1318,-1746,536,4332,-143,351,680
54.22795,176,1318,-1746,535,4328,-143,350,679
54.22845,176,1317,-1746,535,4332,-144,350,678
54.22895,176,1318,-1746,536,4348,-144,350,677
54.22945,176,1318,-1746,535,4379,-145,351,676
54.22995,176,1318,-1747,536,4360,-145,351,675
54.23045,176,1318,-1746,536,4340,-146,351,675
54.23095,176,1318,-1747,537,4301,-147,351,675
54.23145,175,1317,-1747,537,4274,-147,351,676
54.23195,176,1317,-1747,537,4278,-148,351,676
54.23245,176,1316,-1747,536,4292,-148,350,676
54.23295,176,1316,-1746,534,4297,-149,349,675
54.23345,176,1315,-1747,534,4302,-149,349,676
54.23395,177,1315,-1747,534,4299,-148,348,676
54.23445,176,1315,-1747,535,4300,-148,347,677
54.23495,177,1315,-1747,536,4298,-146,346,677
54.23545,176,1315,-1747,536,4293,-146,347,677
54.23595,177,1315,-1747,535,4293,-147,349,676
54.23645,177,1314,-1747,534,4298,-147,351,675
54.23695,177,1313,-1746,533,4307,-148,353,675
54.23745,177,1313,-1746,534,4304,-147,354,676
54.23795,177,1313,-1747,534,4297,-146,356,677
54.23845,177,1312,-1747,535,4294,-146,357,677
54.23895,177,1312,-1746,536,4307,-146,358,678
54.23945,177,1312,-1746,535,4335,-146,359,677
54.23995,177,1312,-1746,535,4334,-147,359,676
54.24045,177,1311,-1747,535,4318,-146,358,676
54.24095,177,1312,-1746,534,4287,-146,357,676
54.24145,177,1312,-1747,534,4263,-144,356,677
54.24195,177,1311,-1746,535,4252,-143,355,677
54.24245,177,1311,-1747,535,4248,-143,354,677
54.24295,177,1311,-1746,535,4251,-144,354,677
54.24345,177,1310,-1746,535,4256,-144,354,678
54.24395,178,1310,-1746,535,4258,-144,354,681
54.24445,178,1310,-1747,535,4266,-144,353,684
54.24495,178,1309,-1747,535,4270,-144,354,686
54.24545,177,1309,-1747,535,4276,-144,353,690
54.24595,178,1309,-1747,535,4277,-143,352,693
54.24645,178,1309,-1747,536,4273,-142,351,695
54.24695,177,1308,-1748,535,4266,-141,349,695
54.24745,177,1308,-1748,536,4264,-141,347,694
54.24795,177,1308,-1747,536,4265,-142,347,692
54.24855,177,1308,-1748,535,4269,-142,346,691
54.24905,178,1307,-1747,536,4292,-142,346,690
54.24955,177,1307,-1747,536,4309,-143,347,690
54.25005,178,1306,-1747,536,4305,-144,348,688
54.25055,177,1306,-1747,536,4294,-146,350,686
54.25105,178,1306,-1748,536,4265,-147,351,685
54.25155,178,1305,-1747,537,4250,-148,352,684
54.25205,178,1306,-1746,536,4249,-148,352,683
54.25255,178,1305,-1745,535,4260,-148,353,682
54.25305,177,1306,-1745,533,4265,-148,353,681
54.25355,178,1305,-1745,533,4271,-148,354,680
54.25405,178,1305,-1746,533,4268,-149,354,680
54.25455,178,1305,-1746,534,4274,-148,354,680
54.25505,178,1304,-1746,535,4276,-148,353,681
54.25555,179,1304,-1747,536,4275,-147,353,682
54.25605,178,1303,-1747,536,4271,-145,352,683
54.25655,179,1303,-1748,536,4277,-145,351,685
54.25705,178,1303,-1748,536,4274,-146,352,685
54.25755,178,1303,-1748,535,4271,-146,352,686
54.25805,178,1304,-1748,535,4268,-146,352,688
54.25855,178,1303,-1748,534,4270,-145,352,691
54.25905,177,1303,-1747,535,4296,-143,351,693
54.25955,178,1302,-1746,534,4313,-143,350,695
54.26005,178,1301,-1746,534,4304,-144,350,696
54.26055,179,1301,-1747,535,4295,-144,349,698
54.26105,178,1300,-1747,535,4267,-144,350,699
54.26155,178,1300,-1747,536,4252,-145,351,700
54.26205,178,1300,-1747,535,4250,-145,351,700
54.26255,178,1300,-1747,535,4252,-146,351,699
54.26305,178,1300,-1747,534,4261,-146,350,697
54.26355,177,1300,-1747,535,4263,-146,350,695
54.26405,177,1300,-1747,534,4264,-146,350,694
54.26455,177,1300,-1747,534,4273,-147,350,693
54.26505,177,1300,-1747,535,4281,-147,351,693
54.26555,177,1300,-1747,536,4276,-146,351,693
54.26605,177,1300,-1747,537,4274,-146,351,693
54.26655,177,1299,-1747,537,4277,-146,350,692
54.26705,177,1299,-1746,536,4281,-147,350,690
54.26755,177,1298,-1747,535,4287,-148,350,690
54.26805,177,1298,-1747,536,4288,-148,350,689
54.26855,177,1297,-1748,535,4289,-147,350,690
54.26905,177,1297,-1748,536,4316,-144,349,692
54.26955,177,1296,-1749,536,4338,-143,349,693
54.27005,177,1295,-1748,535,4332,-142,348,693
54.27055,177,1295,-1748,535,4315,-141,347,692
54.27105,177,1294,-1748,535,4286,-142,346,689
54.27155,178,1294,-1748,535,4280,-143,344,687
54.27205,178,1293,-1747,535,4280,-144,343,686
54.27255,178,1293,-1747,534,4285,-144,342,685
54.27305,178,1293,-1748,535,4295,-143,343,686
54.27355,178,1294,-1748,535,4300,-142,343,688
54.27405,178,1293,-1748,535,4308,-142,344,690
54.27455,178,1293,-1748,535,4316,-142,345,691
54.27505,177,1294,-1748,535,4320,-142,346,692
54.27555,177,1293,-1747,535,4317,-142,347,694
54.27605,177,1294,-1748,535,4323,-141,349,695
54.27655,177,1293,-1748,535,4332,-141,350,696
54.27705,177,1293,-1748,535,4333,-142,351,696
54.27755,177,1293,-1747,534,4338,-143,351,695
54.27805,178,1293,-1747,535,4336,-143,352,694
54.27855,178,1291,-1747,535,4331,-143,352,693
54.27905,178,1291,-1747,536,4367,-144,352,692
54.27955,178,1291,-1747,535,4383,-144,353,693
54.28005,178,1291,-1747,535,4381,-143,353,695
54.28055,177,1291,-1748,535,4361,-142,353,696
54.28105,177,1292,-1748,535,4326,-140,354,698
54.28155,176,1292,-1748,535,4320,-139,356,700
54.28205,176,1291,-1748,536,4323,-138,356,701
54.28255,176,1291,-1749,536,4329,-136,355,702
54.28305,176,1291,-1749,536,4333,-134,355,701
54.28355,176,1291,-1749,536,4344,-134,355,701
54.28405,176,1290,-1749,536,4347,-134,353,700
54.28455,176,1290,-1749,536,4358,-135,353,699
54.28505,176,1289,-1749,536,4373,-135,351,698
54.28555,177,1289,-1749,536,4377,-136,349,698
54.28605,177,1289,-1749,536,4384,-137,348,699
54.28655,177,1288,-1749,536,4387,-138,347,699
54.28705,177,1288,-1749,536,4384,-138,345,700
54.28755,177,1288,-1749,536,4383,-140,344,700
54.28805,177,1287,-1749,536,4387,-140,343,700
54.28855,177,1287,-1748,536,4392,-139,342,699
54.28905,177,1286,-1748,536,4430,-138,341,699
54.28955,177,1286,-1748,536,4438,-138,341,699
54.29005,177,1287,-1748,536,4433,-138,341,700
54.29055,177,1286,-1748,535,4421,-138,340,699
54.29105,177,1286,-1748,535,4394,-138,340,699
54.29155,177,1286,-1748,535,4382,-138,341,699
54.29205,177,1286,-1748,535,4384,-138,340,700
54.29255,177,1286,-1749,534,4394,-139,341,699
54.29305,177,1286,-1748,534,4404,-139,342,696
54.29355,177,1286,-1749,534,4404,-140,342,694
54.29405,176,1285,-1749,535,4408,-140,343,692
54.29455,176,1286,-1748,535,4411,-141,343,690
54.29505,176,1286,-1748,535,4413,-141,344,689
54.29555,176,1286,-1748,535,4413,-141,344,688
54.29605,176,1286,-1748,534,4409,-140,345,690
54.29655,176,1285,-1748,535,4414,-139,346,692
54.29705,176,1285,-1748,534,4418,-138,346,694
54.29755,177,1285,-1748,534,4421,-137,347,696
54.29805,177,1285,-1748,535,4420,-136,348,698
54.29855,177,1284,-1749,535,4424,-136,349,700
54.29905,176,1284,-1749,535,4461,-136,349,701
54.29955,176,1284,-1750,535,4466,-136,350,702
54.30005,176,1283,-1750,535,4450,-137,350,702
54.30055,176,1283,-1750,535,4431,-138,351,702
54.30105,176,1283,-1750,535,4393,-138,351,701
54.30155,176,1283,-1750,536,4378,-138,350,700
54.30205,176,1282,-1749,536,4374,-139,350,698
54.30255,176,1282,-1749,536,4381,-139,349,697
54.30305,176,1282,-1749,536,4388,-139,349,695
54.30355,176,1282,-1749,536,4382,-139,349,694
54.30405,176,1282,-1749,536,4378,-138,348,694
54.30455,176,1282,-1749,536,4377,-136,348,693
54.30505,176,1282,-1749,536,4373,-135,348,692
54.30555,176,1281,-1749,535,4363,-133,348,693
54.30605,176,1281,-1749,535,4359,-132,349,693
54.30655,177,1280,-1749,535,4350,-132,349,694
54.30705,177,1281,-1749,535,4341,-132,349,695
54.30755,177,1280,-1750,535,4334,-133,350,696
54.30805,177,1280,-1750,536,4319,-133,349,696
54.30855,177,1280,-1750,536,4321,-134,350,696
54.30905,177,1280,-1750,536,4354,-136,350,694
54.30955,177,1280,-1750,535,4350,-137,351,693
54.31015,176,1280,-1750,535,4335,-137,351,690
54.31065,176,1280,-1750,535,4305,-138,350,688
54.31115,176,1280,-1750,535,4277,-137,351,687
54.31165,176,1279,-1750,535,4272,-137,349,687
54.31215,177,1278,-1750,535,4270,-136,349,688
54.31265,176,1278,-1750,535,4272,-136,348,690
54.31315,176,1278,-1750,536,4278,-135,348,691
54.31365,176,1278,-1750,535,4277,-135,348,693
54.31415,176,1278,-1750,536,4270,-135,348,695
54.31465,176,1278,-1750,535,4268,-133,348,696
54.31515,176,1279,-1750,536,4268,-133,348,696
54.31565,176,1278,-1750,536,4270,-132,348,695
54.31615,176,1278,-1750,536,4269,-132,349,695
54.31665,176,1278,-1750,536,4265,-132,350,693
54.31715,176,1278,-1750,536,4264,-133,351,692
54.31765,176,1278,-1750,536,4264,-133,352,691
54.31815,176,1277,-1750,536,4265,-133,352,691
54.31865,176,1278,-1750,536,4266,-133,352,693
54.31915,176,1277,-1751,536,4299,-133,353,695
54.31965,176,1277,-1751,536,4299,-133,353,697
54.32015,176,1277,-1751,535,4290,-133,352,699
54.32065,176,1276,-1751,535,4265,-134,352,698
54.32115,177,1276,-1750,535,4234,-134,353,697
54.32165,177,1276,-1750,535,4236,-134,352,696
54.32215,177,1276,-1750,536,4237,-135,352,694
54.32265,176,1276,-1750,535,4249,-136,352,691
54.32315,176,1276,-1750,536,4257,-136,353,690
54.32365,176,1276,-1751,536,4250,-136,354,690
54.32415,176,1276,-1751,536,4253,-135,355,691
54.32465,176,1276,-1751,536,4257,-135,356,692
54.32515,176,1276,-1751,536,4254,-135,355,693
54.32565,176,1275,-1751,536,4260,-135,356,693
54.32615,176,1275,-1751,537,4261,-135,356,693
54.32665,176,1275,-1751,536,4265,-135,356,693
54.32715,176,1274,-1751,536,4272,-135,355,691
54.32765,177,1274,-1752,536,4276,-135,354,689
54.32815,177,1274,-1751,536,4276,-134,355,688
54.32865,177,1274,-1751,537,4290,-133,355,688
54.32915,176,1274,-1752,537,4334,-132,355,689
54.32965,176,1274,-1752,537,4334,-132,355,689
54.33015,176,1274,-1751,537,4323,-131,354,689
54.33065,176,1274,-1751,537,4301,-131,353,688
54.33115,176,1274,-1751,536,4283,-130,353,688
54.33165,176,1274,-1751,537,4292,-129,352,688
54.33215,176,1274,-1751,537,4302,-128,351,688
54.33265,176,1274,-1751,536,4314,-129,349,689
54.33315,176,1274,-1751,537,4325,-129,348,689
54.33365,175,1274,-1751,537,4327,-130,347,690
54.33415,175,1274,-1751,536,4333,-129,346,693
54.33465,175,1273,-1751,537,4344,-129,346,697
54.33515,175,1273,-1752,536,4346,-128,347,700
54.33565,175,1272,-1751,537,4352,-128,348,702
54.33615,176,1272,-1752,536,4364,-127,349,703
54.33665,176,1272,-1752,537,4371,-127,350,704
54.33715,175,1272,-1752,537,4373,-127,351,704
54.33765,176,1272,-1753,537,4383,-126,352,704
54.33815,176,1272,-1753,537,4388,-126,353,702
54.33865,176,1272,-1752,538,4404,-126,353,700
54.33915,175,1272,-1752,539,4444,-127,354,700
54.33965,175,1272,-1752,539,4447,-128,354,699
54.34015,175,1272,-1752,539,4441,-129,355,699
54.34065,175,1271,-1753,539,4412,-130,355,699
54.34115,176,1271,-1753,539,4383,-130,354,699
54.34165,175,1271,-1753,539,4384,-130,354,698
54.34215,175,1271,-1754,540,4393,-130,353,696
54.34265,175,1271,-1753,540,4407,-130,352,695
54.34315,175,1271,-1753,540,4419,-130,352,693
54.34365,176,1271,-1752,539,4423,-128,350,693
54.34415,175,1271,-1752,537,4426,-126,350,693
54.34465,176,1270,-1752,535,4431,-125,348,694
54.34515,175,1270,-1752,534,4437,-124,348,695
54.34565,175,1270,-1752,534,4445,-124,348,697
54.34615,175,1270,-1753,535,4444,-125,349,698
54.34665,176,1270,-1752,536,4447,-126,348,699
54.34715,176,1269,-1752,537,4455,-127,349,700
54.34765,176,1269,-1752,537,4453,-127,349,701
54.34815,176,1269,-1752,538,4457,-128,349,701
54.348648,176,1269,-1752,538,4473,-127,349,700
54.34915,176,1269,-1752,537,4510,-129,349,698
54.34965,175,1270,-1752,537,4514,-130,350,696
54.35015,175,1270,-1752,536,4511,-132,350,693
54.35065,175,1270,-1752,535,4487,-133,350,692
54.35115,175,1270,-1752,535,4465,-132,351,692
54.35165,175,1270,-1752,535,4472,-131,352,692
54.35215,175,1269,-1752,535,4483,-131,353,692
54.35265,175,1269,-1752,536,4490,-131,354,691
54.35315,175,1268,-1753,537,4497,-131,355,689
54.35365,175,1268,-1752,537,4498,-130,356,688
54.35415,175,1268,-1752,537,4501,-129,356,688
54.35465,174,1268,-1752,537,4510,-128,357,689
54.35515,175,1268,-1752,537,4512,-126,357,690
54.35565,175,1268,-1753,537,4507,-126,357,692
54.35615,175,1268,-1753,538,4514,-126,357,693
54.35665,175,1267,-1754,538,4521,-126,357,693
54.35715,175,1267,-1754,537,4520,-127,356,692
54.35765,175,1267,-1754,537,4523,-128,356,692
54.35815,175,1267,-1754,537,4528,-128,355,693
54.35865,175,1267,-1753,537,4548,-127,356,694
54.35915,175,1267,-1753,537,4582,-128,356,694
54.35965,175,1267,-1753,537,4589,-127,357,694
54.36015,175,1267,-1754,536,4589,-128,358,694
54.36065,175,1267,-1753,536,4564,-128,359,694
54.36115,175,1267,-1753,536,4543,-128,360,695
54.36165,176,1267,-1752,536,4545,-127,359,697
54.36215,175,1267,-1753,536,4549,-127,358,699
54.36265,175,1267,-1753,536,4562,-126,357,701
54.36315,175,1267,-1753,536,4572,-124,358,703
54.36365,175,1268,-1753,537,4576,-122,358,704
54.36415,175,1268,-1754,538,4585,-121,359,704
54.36465,176,1268,-1754,537,4602,-120,359,702
54.36515,175,1268,-1754,537,4613,-120,360,700
54.36565,176,1267,-1754,537,4622,-121,360,700
54.36615,176,1267,-1754,536,4631,-121,360,700
54.36665,176,1267,-1754,537,4639,-121,359,702
54.36715,176,1267,-1754,537,4646,-120,359,702
54.36765,176,1266,-1753,536,4651,-121,358,701
54.36815,176,1266,-1754,537,4650,-121,358,700
54.36865,177,1265,-1754,537,4671,-122,356,699
54.36915,177,1265,-1755,537,4713,-123,356,698
54.36965,176,1265,-1755,536,4711,-124,355,696
54.37015,176,1265,-1754,536,4709,-124,353,695
54.37065,175,1266,-1755,536,4686,-124,351,694
54.37115,175,1266,-1754,536,4665,-124,350,694
54.37175,174,1267,-1753,536,4677,-124,348,694
54.37225,174,1267,-1752,535,4687,-125,345,694
54.37275,174,1266,-1751,535,4698,-125,345,693
54.37325,174,1266,-1751,535,4708,-125,344,693
54.37375,174,1265,-1752,535,4710,-125,344,692
54.37425,174,1265,-1753,535,4714,-124,344,691
54.37475,175,1264,-1754,536,4722,-123,344,692
54.37525,174,1264,-1754,536,4724,-122,345,693
54.37575,174,1264,-1755,536,4730,-122,346,693
54.37625,174,1263,-1755,536,4729,-122,347,692
54.37675,174,1263,-1755,537,4729,-122,348,691
54.37725,174,1263,-1754,538,4736,-121,349,692
54.37775,174,1263,-1754,538,4734,-118,351,693
54.37825,175,1262,-1754,538,4734,-117,353,694
54.37875,175,1262,-1754,538,4754,-117,354,693
54.37925,176,1261,-1754,538,4785,-118,355,692
54.37975,176,1260,-1754,537,4779,-119,356,690
54.38025,177,1260,-1754,537,4775,-119,357,690
54.38075,177,1260,-1754,536,4748,-118,358,692
54.38125,177,1260,-1754,535,4724,-117,358,694
54.38175,176,1259,-1754,535,4723,-117,357,695
54.38225,177,1260,-1754,534,4730,-116,358,697
54.38275,176,1259,-1754,533,4734,-115,357,700
54.38325,176,1258,-1754,535,4745,-114,358,702
54.38375,176,1258,-1755,535,4759,-114,357,702
54.38425,176,1258,-1755,536,4766,-114,356,702
54.38475,176,1257,-1755,536,4773,-115,355,701
54.38525,176,1258,-1754,536,4778,-114,354,700
54.38575,176,1257,-1754,536,4782,-114,353,699
54.38625,176,1257,-1753,536,4792,-113,352,698
54.38675,176,1256,-1754,537,4797,-111,353,698
54.38725,177,1256,-1754,537,4804,-110,353,697
54.38775,176,1256,-1754,537,4806,-110,353,696
54.38825,176,1256,-1754,537,4804,-110,351,695
54.38875,176,1256,-1754,537,4838,-108,350,695
54.38925,176,1256,-1755,536,4860,-108,349,695
54.38975,176,1256,-1755,536,4854,-107,348,696
54.39025,176,1256,-1755,536,4847,-106,348,699
54.39075,176,1255,-1755,536,4823,-106,347,700
54.39125,176,1255,-1755,536,4807,-106,346,701
54.39175,176,1254,-1754,534,4813,-107,345,701
54.39225,176,1255,-1754,533,4819,-107,343,700
54.39275,176,1254,-1754,533,4826,-107,344,699
54.39325,177,1254,-1754,533,4838,-108,344,699
54.39375,177,1254,-1754,533,4839,-108,344,698
54.39425,177,1253,-1754,534,4845,-109,345,696
54.39475,178,1253,-1754,534,4855,-110,346,695
54.39525,177,1252,-1754,534,4858,-110,347,695
54.39575,177,1252,-1754,535,4853,-110,347,695
54.39625,177,1252,-1754,535,4858,-109,348,696
54.39675,176,1252,-1754,534,4866,-108,348,697
54.39725,176,1252,-1754,534,4875,-108,349,697
54.39775,176,1252,-1754,534,4874,-108,350,696
54.39825,177,1252,-1755,534,4872,-108,349,696
54.39875,177,1251,-1755,535,4911,-107,349,695
54.39925,177,1250,-1756,536,4939,-106,349,695
54.39975,178,1249,-1756,536,4935,-106,350,694
54.40025,178,1248,-1755,535,4930,-106,351,693
54.40075,179,1248,-1755,534,4906,-107,351,691
54.40125,179,1247,-1755,534,4894,-107,351,690
54.40175,179,1246,-1755,534,4900,-108,351,689
54.40225,179,1246,-1755,534,4917,-108,352,689
54.40275,179,1246,-1755,534,4928,-109,352,688
54.40325,179,1245,-1754,534,4938,-110,353,688
54.40375,179,1245,-1755,534,4951,-111,353,687
54.40425,179,1245,-1755,535,4965,-110,354,688
54.40475,180,1245,-1755,534,4974,-108,354,689
54.40525,179,1245,-1755,534,4987,-107,355,691
54.40575,179,1244,-1755,534,4992,-105,356,693
54.40625,180,1244,-1756,534,4999,-105,357,694
54.40675,180,1244,-1756,535,5009,-105,359,696
54.40725,180,1244,-1756,536,5025,-104,361,698
54.40775,179,1243,-1756,536,5035,-103,363,700
54.40825,179,1243,-1757,537,5041,-103,364,702
54.40875,179,1243,-1756,538,5081,-103,364,703
54.40925,179,1242,-1757,537,5113,-102,365,702
54.409748,179,1241,-1757,537,5116,-102,365,703
54.41025,180,1240,-1757,537,5121,-102,364,703
54.41075,179,1239,-1757,536,5102,-102,364,704
54.41125,179,1239,-1757,536,5105,-101,363,706
54.41175,179,1239,-1757,535,5129,-101,363,708
54.41225,179,1238,-1757,534,5149,-102,362,709
54.41275,179,1238,-1757,533,5167,-102,361,710
54.41325,179,1238,-1756,533,5180,-102,360,710
54.41375,179,1238,-1756,534,5198,-102,359,709
54.41425,179,1238,-1755,534,5214,-103,358,707
54.41475,179,1237,-1756,535,5225,-104,357,703
54.41525,179,1237,-1755,535,5241,-106,356,700
54.41575,179,1236,-1755,534,5261,-106,355,697
54.41625,179,1235,-1755,534,5285,-106,355,696
54.41675,180,1235,-1755,534,5302,-106,354,696
54.41725,180,1233,-1756,533,5323,-106,353,695
54.41775,181,1232,-1756,534,5342,-107,351,695
54.41825,182,1231,-1755,534,5354,-107,350,695
54.41875,183,1230,-1756,534,5405,-107,349,694
54.41925,183,1229,-1756,532,5435,-106,349,693
54.41975,183,1230,-1755,532,5451,-106,348,693
54.42025,183,1229,-1755,531,5448,-106,348,692
54.42075,183,1229,-1755,531,5430,-106,349,691
54.42125,183,1229,-1756,532,5436,-107,350,689
54.42175,183,1229,-1756,532,5449,-109,352,688
54.42225,183,1229,-1755,532,5466,-110,353,686
54.42275,183,1229,-1755,532,5489,-112,354,686
54.42325,183,1229,-1755,532,5509,-113,354,686
54.42375,183,1228,-1756,532,5522,-114,355,687
54.42425,183,1228,-1756,532,5529,-114,356,687
54.42475,183,1228,-1756,532,5530,-115,357,689
54.42525,183,1228,-1756,532,5534,-116,357,692
54.42575,183,1227,-1756,531,5540,-116,357,695
54.42625,183,1226,-1755,531,5548,-116,357,700
54.42675,183,1225,-1756,531,5548,-114,357,703
54.42725,183,1225,-1756,531,5549,-113,358,708
54.42775,183,1224,-1756,532,5545,-111,358,712
54.42825,183,1224,-1756,532,5552,-112,357,713
54.42875,183,1223,-1756,533,5592,-114,357,711
54.42925,183,1223,-1757,533,5593,-117,358,706
54.42975,183,1223,-1756,533,5584,-120,358,703
54.43025,183,1223,-1757,533,5570,-121,360,700
54.43075,183,1223,-1756,532,5537,-121,360,699
54.43125,183,1223,-1757,533,5536,-121,362,699
54.43175,183,1222,-1757,533,5536,-121,362,698
54.43225,183,1221,-1756,532,5540,-121,363,699
54.43275,183,1221,-1756,532,5546,-122,363,698
54.43335,184,1221,-1756,531,5539,-124,362,697
54.43385,183,1221,-1756,531,5535,-124,362,697
54.43435,183,1221,-1756,531,5521,-125,361,697
54.43485,184,1220,-1756,531,5506,-126,360,696
54.43535,184,1219,-1756,531,5489,-127,360,697
54.43585,184,1220,-1755,531,5475,-127,359,697
54.43635,184,1218,-1755,530,5456,-126,358,698
54.43685,184,1218,-1754,530,5439,-125,358,698
54.43735,185,1218,-1755,530,5429,-125,358,698
54.43785,185,1217,-1755,530,5413,-128,359,696
54.43835,185,1217,-1756,531,5399,-131,359,696
54.43885,185,1217,-1756,531,5420,-133,359,696
54.43935,185,1217,-1756,532,5406,-134,360,697
54.43985,185,1217,-1757,531,5378,-135,359,697
54.44035,185,1218,-1756,530,5328,-136,358,697
54.44085,185,1217,-1756,530,5265,-137,357,697
54.44135,184,1217,-1756,530,5228,-138,355,696
54.44185,185,1216,-1756,530,5196,-139,355,693
54.44235,184,1216,-1757,530,5170,-139,356,692
54.44285,184,1216,-1757,532,5136,-138,357,692
54.44335,184,1216,-1757,532,5100,-137,358,694
54.44385,184,1216,-1757,532,5066,-136,358,697
54.44435,184,1215,-1757,532,5036,-137,359,700
54.44485,185,1215,-1757,531,5002,-138,360,701
54.44535,186,1213,-1757,531,4974,-140,361,702
54.44585,186,1212,-1757,530,4945,-142,361,703
54.44635,187,1212,-1756,530,4924,-144,362,701
54.44685,187,1212,-1755,530,4901,-144,362,700
54.44735,187,1211,-1755,530,4885,-145,362,700
54.44785,187,1211,-1755,530,4874,-146,361,700
54.44835,187,1211,-1756,530,4868,-148,360,699
54.44885,186,1211,-1756,531,4893,-150,360,697
54.44935,186,1212,-1756,531,4881,-151,360,695
54.44985,186,1212,-1756,531,4863,-152,360,693
54.45035,186,1212,-1757,530,4831,-152,360,691
54.45085,185,1213,-1757,531,4796,-152,360,689
54.45135,185,1212,-1757,531,4785,-151,360,688
54.45185,185,1212,-1757,531,4786,-150,359,689
54.45235,186,1211,-1757,531,4789,-149,359,691
54.45285,186,1209,-1756,531,4785,-148,359,693
54.45335,187,1208,-1757,531,4782,-148,359,693
54.45385,187,1207,-1757,531,4778,-148,359,694
54.45435,187,1207,-1757,531,4774,-148,358,695
54.45485,187,1208,-1757,530,4769,-149,358,695
54.45535,187,1207,-1757,530,4757,-150,358,694
54.45585,187,1207,-1757,530,4747,-151,357,693
54.45635,187,1207,-1757,531,4745,-152,357,693
54.45685,188,1207,-1757,531,4735,-152,357,692
54.45735,188,1207,-1757,531,4729,-152,358,691
54.45785,188,1208,-1756,531,4725,-151,358,691
54.45835,188,1207,-1757,531,4724,-150,359,691
54.45885,188,1207,-1757,532,4752,-150,359,691
54.45935,188,1207,-1757,531,4750,-152,359,690
54.45985,189,1207,-1757,531,4739,-153,358,690
54.46035,188,1207,-1757,531,4713,-154,358,691
54.46085,188,1207,-1757,531,4683,-154,357,692
54.46135,188,1207,-1757,531,4667,-155,356,693
54.46185,188,1207,-1757,531,4668,-155,356,693
54.46235,188,1206,-1757,531,4666,-155,355,693
54.46285,189,1206,-1757,531,4662,-155,355,692
54.46335,188,1206,-1757,530,4658,-155,354,693
54.46385,189,1206,-1756,530,4659,-156,354,694
54.46435,189,1206,-1756,530,4653,-156,353,696
54.46485,189,1207,-1756,530,4650,-156,352,698
54.46535,188,1207,-1756,529,4646,-156,351,700
54.46585,188,1208,-1756,530,4642,-155,351,699
54.46635,188,1207,-1756,529,4636,-155,350,698
54.46685,188,1207,-1757,530,4626,-154,350,696
54.46735,189,1207,-1757,530,4621,-154,351,695
54.46785,189,1207,-1757,530,4616,-155,351,693
54.46835,189,1207,-1758,531,4619,-155,351,693
54.46885,189,1206,-1758,531,4648,-155,351,694
54.46935,190,1206,-1758,531,4647,-154,351,693
54.46985,190,1206,-1758,531,4639,-154,352,692
54.47035,190,1206,-1757,531,4605,-154,353,689
54.470848,190,1207,-1757,531,4575,-154,353,687
54.47135,190,1206,-1757,530,4561,-154,354,685
54.47185,191,1206,-1757,531,4560,-155,355,683
54.47235,191,1206,-1757,531,4563,-155,355,682
54.47285,191,1205,-1757,530,4566,-157,355,681
54.47335,192,1206,-1757,530,4566,-157,355,679
54.47385,192,1205,-1757,530,4554,-159,354,678
54.47435,192,1205,-1757,530,4542,-160,355,678
54.47485,192,1205,-1757,531,4537,-161,355,678
54.47535,193,1205,-1757,532,4528,-161,355,679
54.47585,193,1206,-1757,532,4523,-160,354,680
54.47635,193,1206,-1758,532,4520,-160,353,679
54.47685,193,1207,-1757,532,4522,-160,352,678
54.47735,193,1207,-1757,532,4515,-160,352,680
54.47785,193,1207,-1757,532,4511,-159,351,681
54.47835,192,1207,-1757,532,4515,-158,351,685
54.47885,193,1207,-1757,532,4534,-158,351,688
54.47935,192,1207,-1757,530,4524,-157,351,692
54.47985,191,1208,-1757,530,4514,-157,351,694
54.48035,190,1208,-1757,528,4482,-157,351,693
54.48085,190,1208,-1757,528,4447,-158,352,692
54.48135,191,1208,-1757,529,4431,-159,352,690
54.48185,191,1208,-1757,529,4438,-159,353,691
54.48235,192,1208,-1757,530,4442,-160,354,691
54.48285,192,1208,-1757,531,4441,-160,355,692
54.48335,192,1208,-1757,531,4441,-160,356,692
54.48385,192,1208,-1758,531,4449,-160,357,692
54.48435,192,1208,-1758,532,4456,-161,357,690
54.48485,192,1208,-1759,532,4460,-163,358,688
54.48535,193,1208,-1759,533,4461,-163,358,687
54.48585,193,1208,-1759,533,4461,-162,357,687
54.48635,193,1208,-1758,532,4453,-163,357,687
54.48685,193,1208,-1757,532,4447,-162,357,687
54.48735,194,1208,-1756,532,4447,-161,356,687
54.48785,194,1208,-1756,531,4447,-161,355,687
54.48835,194,1209,-1756,531,4461,-161,355,686
54.48885,195,1209,-1757,531,4497,-162,355,685
54.48935,195,1209,-1758,531,4504,-163,355,685
54.48985,195,1210,-1758,532,4488,-163,355,684
54.49035,195,1210,-1758,532,4451,-164,355,683
54.49085,195,1210,-1758,533,4425,-164,355,683
54.49135,195,1210,-1759,533,4411,-165,355,683
54.49185,196,1210,-1759,533,4408,-166,355,685
54.49235,196,1210,-1759,533,4407,-165,355,686
54.49285,197,1210,-1760,533,4408,-165,355,687
54.49335,197,1209,-1760,533,4406,-164,356,688
54.49385,197,1210,-1760,533,4393,-165,356,686
54.49445,197,1211,-1759,532,4385,-167,356,683
54.49495,197,1211,-1759,531,4374,-167,356,682
54.49545,197,1211,-1758,531,4358,-167,356,680
54.49595,197,1211,-1757,531,4348,-167,356,680
54.49645,198,1211,-1757,531,4337,-168,356,679
54.49695,198,1211,-1757,531,4323,-168,356,677
54.49745,198,1211,-1758,532,4304,-169,355,676
54.49795,198,1212,-1759,533,4288,-169,355,675
54.49845,198,1212,-1759,534,4295,-169,355,676
54.49895,198,1213,-1759,535,4308,-167,355,679
54.49945,198,1213,-1759,535,4294,-166,355,681
54.49995,198,1213,-1760,535,4270,-165,355,683
54.50045,199,1212,-1760,534,4225,-165,355,685
54.50095,199,1213,-1760,534,4185,-165,355,687
54.50145,199,1213,-1760,533,4165,-165,354,689
54.50195,200,1213,-1759,533,4153,-166,354,691
54.50245,199,1214,-1759,533,4152,-166,354,692
54.50295,200,1214,-1759,532,4148,-166,354,691
54.50345,200,1214,-1757,531,4146,-167,354,688
54.50395,200,1214,-1757,531,4133,-169,354,685
54.50445,200,1215,-1757,531,4123,-172,354,680
54.50495,200,1215,-1757,531,4109,-173,355,678
54.50545,201,1215,-1758,532,4099,-172,355,677
54.50595,201,1216,-1759,532,4087,-170,354,678
54.50645,200,1217,-1758,533,4065,-168,355,679
54.50695,200,1217,-1759,533,4048,-167,355,679
54.50745,200,1217,-1758,532,4023,-167,356,679
54.50795,201,1218,-1758,532,4003,-168,357,677
54.50845,201,1217,-1759,533,4010,-169,358,677
54.50895,202,1217,-1759,532,4025,-170,359,677
54.50945,202,1217,-1759,532,4012,-170,360,677
54.50995,202,1218,-1759,532,3988,-170,361,679
54.51045,202,1219,-1759,532,3937,-169,362,681
54.51095,201,1219,-1759,532,3900,-167,361,682
54.51145,202,1219,-1760,533,3887,-167,361,682
54.51195,203,1218,-1760,534,3887,-166,360,681
54.51245,204,1218,-1760,534,3883,-165,359,680
54.51295,204,1218,-1760,534,3875,-165,358,678
54.51345,205,1218,-1760,534,3874,-164,357,678
54.51395,205,1218,-1760,534,3873,-161,357,679
54.51445,206,1218,-1761,534,3866,-160,356,679
54.51495,206,1219,-1761,534,3855,-159,355,678
54.51545,207,1219,-1761,535,3850,-160,354,678
54.51595,207,1219,-1762,535,3855,-161,352,678
54.51645,207,1220,-1762,535,3857,-161,351,677
54.51695,207,1220,-1762,535,3855,-162,350,676
54.51745,208,1220,-1761,535,3848,-164,349,674
54.51795,209,1220,-1759,534,3844,-165,348,672
54.51845,209,1220,-1758,535,3863,-165,347,670
54.51895,210,1220,-1758,534,3882,-166,346,667
54.51945,209,1221,-1758,534,3869,-167,345,664
54.51995,209,1221,-1759,534,3845,-167,345,662
54.52045,209,1221,-1759,534,3807,-167,344,662
54.52095,209,1221,-1760,535,3780,-165,344,663
54.52145,209,1221,-1760,535,3770,-164,345,666
54.52195,210,1221,-1760,534,3771,-162,345,669
54.52245,210,1221,-1760,534,3779,-161,345,670
54.52295,210,1221,-1759,533,3785,-161,346,671
54.52345,211,1221,-1759,532,3794,-162,346,669
54.52395,212,1221,-1759,532,3801,-163,347,668
54.52445,213,1221,-1759,533,3817,-163,347,665
54.52495,213,1222,-1759,533,3840,-162,348,664
54.52545,213,1222,-1759,533,3850,-160,348,664
54.52595,212,1223,-1759,534,3863,-158,349,665
54.52645,212,1224,-1760,534,3871,-158,350,666
54.52695,212,1224,-1759,534,3873,-158,350,667
54.52745,212,1224,-1759,535,3880,-158,350,669
54.52795,212,1224,-1760,534,3876,-158,349,671
54.52845,212,1224,-1760,535,3900,-156,349,676
54.52895,211,1225,-1761,535,3920,-153,350,681
54.52945,211,1225,-1761,535,3915,-150,350,684
54.52995,211,1226,-1762,536,3895,-149,350,685
54.53045,211,1226,-1762,535,3856,-149,351,683
54.53095,211,1226,-1762,536,3826,-149,350,680
54.53145,211,1226,-1762,536,3817,-149,350,678
54.531948,212,1227,-1762,536,3828,-150,350,676
54.53245,212,1228,-1761,537,3831,-150,350,675
54.53295,212,1228,-1761,536,3828,-150,349,675
54.53345,213,1228,-1761,536,3827,-150,349,675
54.53395,213,1229,-1762,536,3841,-151,349,675
54.53445,214,1229,-1761,535,3837,-152,349,674
54.53495,214,1228,-1761,536,3821,-152,349,672
54.53545,215,1229,-1761,535,3817,-153,349,671
54.53595,216,1229,-1760,535,3813,-153,348,671
54.53645,216,1229,-1759,535,3802,-152,348,671
54.53695,217,1229,-1758,535,3795,-151,348,672
54.53745,217,1230,-1758,535,3789,-150,348,672
54.53795,217,1230,-1759,536,3785,-150,348,671
54.53845,217,1230,-1759,536,3803,-148,348,672
54.53895,216,1231,-1760,537,3802,-146,348,672
54.53945,217,1231,-1760,536,3781,-145,349,673
54.53995,217,1231,-1761,537,3751,-145,348,671
54.54045,218,1231,-1761,538,3694,-146,349,671
54.54095,218,1230,-1761,539,3656,-147,349,670
54.54145,219,1230,-1762,540,3633,-147,349,668
54.54195,220,1231,-1761,539,3621,-148,349,667
54.54245,220,1231,-1761,539,3613,-150,349,666
54.54295,220,1231,-1761,538,3598,-151,349,665
54.54345,221,1231,-1761,539,3590,-151,349,664
54.54395,221,1231,-1761,538,3576,-151,349,665
54.54445,221,1231,-1761,539,3571,-150,350,666
54.54495,222,1231,-1760,539,3561,-149,349,668
54.54545,222,1231,-1761,539,3556,-147,350,669
54.54595,223,1231,-1760,539,3552,-146,349,671
54.54645,223,1231,-1760,537,3545,-145,349,672
54.54695,223,1231,-1760,536,3546,-145,349,674
54.54745,224,1231,-1760,535,3555,-145,349,675
54.54795,225,1232,-1761,536,3560,-144,349,677
54.54845,225,1232,-1761,537,3594,-144,348,677
54.54895,225,1233,-1760,537,3613,-145,348,676
54.54945,226,1233,-1760,537,3614,-146,348,673
54.54995,226,1233,-1760,537,3607,-148,348,671
54.55045,226,1234,-1759,537,3574,-148,348,672
54.55095,226,1234,-1759,536,3565,-146,348,675
54.55145,227,1234,-1759,534,3579,-145,348,677
54.55195,227,1234,-1759,533,3589,-144,347,678
54.55245,228,1234,-1760,533,3605,-142,347,678
54.55295,229,1234,-1760,535,3621,-142,347,676
54.55345,230,1233,-1760,535,3632,-142,347,675
54.55395,230,1233,-1760,535,3638,-142,347,675
54.55445,231,1233,-1761,535,3638,-142,347,676
54.55495,230,1233,-1760,535,3638,-142,346,678
54.55545,230,1233,-1760,535,3644,-142,346,679
54.55605,231,1233,-1760,536,3650,-144,346,681
54.55655,231,1234,-1760,536,3649,-145,345,682
54.55705,230,1235,-1760,537,3651,-145,345,683
54.55755,230,1236,-1759,537,3659,-145,345,683
54.55805,229,1236,-1759,538,3656,-144,345,683
54.55855,230,1236,-1759,539,3685,-142,345,684
54.55905,231,1236,-1760,539,3690,-140,345,684
54.55955,231,1236,-1760,539,3685,-139,345,683
54.56005,232,1236,-1760,538,3665,-139,344,682
54.56055,232,1236,-1760,537,3625,-139,344,682
54.56105,233,1236,-1761,538,3613,-139,344,681
54.56155,234,1235,-1761,538,3615,-139,344,682
54.56205,235,1236,-1761,538,3615,-138,345,681
54.56255,235,1235,-1761,538,3624,-138,344,681
54.56305,236,1235,-1760,536,3627,-138,345,679
54.56355,236,1236,-1759,535,3631,-139,345,679
54.56405,236,1236,-1759,535,3643,-138,345,679
54.56455,236,1236,-1758,537,3654,-138,346,679
54.56505,237,1236,-1759,538,3663,-138,346,678
54.56555,237,1236,-1759,539,3672,-138,346,678
54.56605,238,1236,-1759,539,3684,-137,347,679
54.56655,238,1237,-1759,539,3690,-137,347,679
54.56705,238,1237,-1759,539,3692,-138,347,680
54.56755,238,1236,-1760,539,3700,-137,348,681
54.56805,239,1236,-1760,538,3717,-137,347,681
54.56855,238,1236,-1761,539,3756,-137,347,681
54.56905,238,1236,-1762,538,3768,-137,347,680
54.56955,239,1236,-1762,538,3776,-136,347,680
54.57005,238,1236,-1762,538,3775,-136,348,679
54.57055,237,1237,-1762,538,3758,-135,348,678
54.57105,237,1238,-1762,539,3764,-135,348,678
54.57155,237,1238,-1762,539,3784,-136,348,677
54.57205,237,1238,-1761,539,3806,-138,347,674
54.57255,238,1238,-1760,539,3825,-140,347,672
54.57305,239,1238,-1760,538,3851,-142,346,671
54.57355,240,1238,-1761,537,3872,-143,346,670
54.57405,240,1238,-1761,537,3886,-144,345,670
54.57455,240,1238,-1762,537,3904,-145,344,670
54.57505,239,1239,-1761,537,3926,-145,344,672
54.57555,240,1239,-1761,537,3940,-146,343,674
54.57605,240,1239,-1761,536,3949,-146,343,677
54.57655,240,1238,-1761,535,3954,-146,343,679
54.57705,240,1238,-1761,535,3962,-145,343,681
54.57755,241,1238,-1761,536,3974,-145,342,681
54.57805,241,1239,-1761,536,3997,-145,342,681
54.57855,240,1239,-1759,536,4048,-144,342,683
54.57905,240,1239,-1759,536,4063,-144,342,683
54.57955,240,1238,-1760,537,4069,-144,342,685
54.58005,241,1238,-1761,539,4057,-144,342,686
54.58055,241,1238,-1761,540,4037,-143,342,687
54.58105,242,1238,-1760,541,4043,-141,343,688
54.58155,242,1239,-1759,540,4048,-140,343,688
54.58205,241,1239,-1758,539,4064,-138,343,686
54.58255,241,1240,-1757,538,4078,-136,342,684
54.58305,242,1240,-1758,539,4087,-135,342,683
54.58355,241,1241,-1759,540,4097,-135,342,683
54.58405,242,1241,-1761,541,4105,-135,343,685
54.58455,242,1241,-1761,540,4116,-133,343,687
54.58505,242,1241,-1761,536,4131,-132,343,688
54.58555,243,1241,-1760,532,4147,-131,342,687
54.58605,243,1240,-1759,530,4159,-133,342,682
54.58655,244,1240,-1758,530,4166,-134,342,677
54.58705,245,1240,-1758,531,4177,-135,342,675
54.58755,245,1239,-1757,534,4190,-136,342,675
54.58805,245,1238,-1757,535,4222,-136,342,677
54.58855,246,1237,-1757,536,4282,-137,342,678
54.58905,247,1237,-1759,536,4310,-137,343,680
54.58955,247,1237,-1759,535,4332,-136,343,683
54.59005,246,1237,-1759,533,4332,-136,344,683
54.59055,247,1238,-1758,533,4318,-136,344,683
54.59105,247,1237,-1758,533,4337,-136,344,682
54.59155,248,1238,-1759,534,4370,-136,343,681
54.59205,248,1237,-1760,534,4413,-136,343,682
54.59255,250,1237,-1760,535,4450,-135,342,684
54.59305,251,1236,-1759,536,4490,-135,342,686
54.59355,252,1235,-1759,536,4525,-135,342,688
54.59405,252,1235,-1758,538,4550,-135,343,688
54.59455,251,1234,-1758,539,4562,-135,343,689
54.59505,250,1234,-1759,540,4557,-134,343,690
54.59555,249,1235,-1760,541,4539,-133,342,692
54.59605,247,1236,-1760,541,4529,-133,342,693
54.59655,245,1237,-1760,541,4520,-133,342,694
54.59705,243,1238,-1760,541,4512,-132,342,693
54.59755,242,1239,-1759,538,4513,-133,342,690
54.59805,241,1240,-1757,535,4523,-133,343,688
54.59855,240,1241,-1755,533,4567,-133,343,686
54.59905,238,1243,-1755,529,4578,-134,343,684
54.59955,237,1243,-1756,527,4578,-134,343,683
54.60005,238,1242,-1756,528,4558,-135,343,683
54.60055,240,1241,-1756,529,4529,-136,344,684
54.60105,240,1240,-1756,531,4530,-136,344,686
54.60155,241,1239,-1757,532,4544,-136,343,687
54.60205,240,1239,-1758,534,4566,-134,344,689
54.60255,240,1239,-1758,534,4585,-133,343,690
54.60305,240,1239,-1757,534,4607,-132,343,690
54.60355,240,1239,-1757,533,4627,-130,343,690
54.60405,240,1240,-1756,533,4632,-129,342,689
54.60455,240,1240,-1755,533,4627,-128,343,689
54.60505,240,1239,-1756,532,4613,-127,342,688
54.60555,241,1239,-1756,532,4597,-128,342,688
54.60605,241,1239,-1756,531,4580,-129,342,688
54.60655,241,1238,-1755,530,4548,-130,342,687
54.60705,241,1238,-1756,529,4508,-131,341,686
54.60755,240,1238,-1756,530,4460,-132,342,685
54.60805,240,1237,-1756,531,4432,-132,342,686
54.60855,240,1238,-1756,533,4417,-131,342,687
54.60905,239,1237,-1756,534,4370,-131,342,688
54.60955,239,1237,-1756,534,4311,-131,342,689
54.61005,238,1237,-1755,534,4240,-132,342,689
54.61055,238,1237,-1754,533,4166,-131,342,690
54.61105,237,1237,-1754,534,4123,-132,341,689
54.61155,237,1236,-1754,533,4094,-133,342,687
54.61205,237,1237,-1754,533,4063,-132,342,686
54.61255,236,1237,-1755,533,4040,-134,342,685
54.61305,236,1238,-1756,535,4024,-134,342,684
54.61355,236,1238,-1757,536,4006,-135,343,683
54.61405,236,1238,-1758,536,3996,-135,342,681
54.61455,235,1239,-1758,535,3988,-136,342,679
54.61505,235,1239,-1759,533,3984,-136,341,678
54.61555,234,1239,-1759,533,3987,-136,341,677
54.61605,233,1239,-1757,534,3994,-136,341,676
54.61655,232,1238,-1756,536,4001,-135,341,676
54.61715,232,1237,-1755,536,4023,-135,342,678
54.61765,231,1236,-1755,536,4046,-135,342,680
54.61815,231,1235,-1756,537,4085,-135,342,680
54.61865,230,1235,-1757,537,4149,-136,342,679
54.61915,230,1236,-1758,536,4183,-137,342,677
54.61965,230,1237,-1757,535,4209,-138,342,675
54.62015,229,1237,-1755,530,4225,-140,342,674
54.62065,230,1237,-1754,527,4248,-141,341,673
54.62115,230,1236,-1752,527,4296,-141,341,673
54.62165,230,1235,-1751,530,4337,-140,342,674
54.62215,230,1234,-1751,533,4378,-140,342,674
54.62265,229,1233,-1751,535,4423,-139,342,675
54.62315,229,1233,-1752,535,4457,-140,342,677
54.62365,228,1232,-1753,535,4489,-140,342,678
54.62415,227,1233,-1754,535,4529,-140,342,679
54.62465,226,1233,-1753,536,4572,-138,342,681
54.62515,225,1234,-1752,536,4601,-137,342,683
54.62565,225,1234,-1752,536,4627,-136,342,684
54.62615,225,1234,-1752,535,4651,-135,342,686
54.62665,226,1233,-1752,534,4673,-134,342,687
54.62715,226,1232,-1752,533,4685,-134,342,688
54.62765,226,1232,-1752,533,4689,-134,342,688
54.62815,226,1232,-1752,534,4718,-135,342,688
54.62865,226,1232,-1751,534,4757,-136,341,689
54.62915,226,1233,-1751,534,4761,-137,341,689
54.62965,225,1233,-1751,534,4762,-138,341,690
54.63015,225,1233,-1750,534,4744,-138,342,691
54.63065,224,1233,-1749,535,4729,-138,342,692
54.63115,224,1233,-1749,537,4728,-138,343,691
54.63165,224,1233,-1749,538,4740,-138,342,691
54.63215,224,1233,-1750,540,4758,-139,342,691
54.63265,224,1232,-1752,540,4782,-140,341,690
54.63315,223,1231,-1753,540,4805,-141,341,689
54.63365,222,1231,-1755,540,4826,-144,342,688
54.63415,222,1231,-1755,539,4844,-145,342,687
54.63465,221,1231,-1756,539,4868,-146,342,686
54.63515,221,1231,-1755,541,4882,-146,343,684
54.63565,221,1230,-1753,540,4901,-146,342,684
54.63615,221,1229,-1751,536,4920,-146,341,683
54.63665,220,1229,-1748,529,4936,-147,341,682
54.63715,219,1230,-1745,526,4948,-147,340,681
54.63765,218,1231,-1745,526,4968,-148,340,681
54.63815,218,1232,-1746,528,5012,-149,341,681
54.63865,218,1232,-1748,528,5068,-150,341,680
54.63915,217,1233,-1750,528,5086,-151,342,679
54.63965,216,1233,-1752,530,5102,-151,342,679
54.64015,216,1233,-1752,531,5090,-151,342,680
54.64065,216,1233,-1750,533,5069,-152,342,681
54.64115,216,1233,-1749,535,5086,-153,342,681
54.64165,216,1232,-1749,536,5103,-154,342,681
54.64215,215,1232,-1750,537,5128,-154,342,682
54.64265,215,1232,-1751,538,5141,-153,343,685
54.64315,214,1232,-1752,538,5155,-153,344,687
54.64365,214,1232,-1752,540,5161,-153,344,688
54.64415,215,1231,-1752,539,5159,-155,344,687
54.64465,215,1230,-1752,539,5156,-156,345,687
54.64515,216,1230,-1754,541,5140,-157,346,685
54.64565,216,1228,-1756,540,5123,-158,347,685
54.64615,216,1228,-1757,537,5109,-158,347,684
54.64665,217,1227,-1756,534,5095,-159,347,683
54.64715,217,1226,-1752,529,5085,-160,347,683
54.64765,216,1226,-1749,527,5068,-161,347,683
54.64815,216,1225,-1748,526,5081,-161,347,684
54.64865,215,1225,-1748,527,5096,-162,347,684
54.64915,214,1227,-1745,528,5088,-162,347,683
54.64965,214,1228,-1742,529,5069,-164,348,682
54.65015,213,1229,-1741,528,5020,-165,348,680
54.65065,213,1230,-1741,529,4989,-167,349,680
54.65115,213,1230,-1744,531,4980,-168,349,679
54.65165,212,1230,-1746,532,4962,-168,348,676
54.65215,212,1231,-1747,532,4940,-169,348,674
54.65265,212,1230,-1748,532,4925,-169,347,673
54.65315,213,1230,-1750,534,4903,-169,347,672
54.65365,214,1229,-1751,537,4872,-169,347,671
54.65415,214,1229,-1753,539,4849,-168,347,669
54.65465,214,1228,-1752,540,4821,-167,347,670
54.65515,214,1228,-1750,540,4794,-166,347,670
54.65565,215,1228,-1750,541,4778,-167,347,669
54.65615,215,1228,-1752,544,4754,-168,348,666
54.65665,214,1229,-1753,546,4722,-170,348,664
54.65715,215,1228,-1753,547,4697,-171,348,662
54.65765,214,1228,-1752,545,4672,-172,348,662
54.65815,215,1228,-1751,542,4678,-174,348,662
54.65865,215,1228,-1747,535,4676,-174,349,662
54.65915,215,1229,-1744,531,4651,-174,348,662
54.65965,214,1229,-1742,526,4624,-174,347,664
54.66015,213,1229,-1742,522,4573,-173,347,666
54.66065,213,1229,-1741,522,4540,-174,346,669
54.661148,213,1229,-1741,522,4527,-175,346,672
54.66165,213,1229,-1740,524,4518,-175,346,675
54.66215,213,1229,-1743,528,4518,-174,346,677
54.66265,213,1229,-1746,532,4505,-174,347,679
54.66315,212,1229,-1749,536,4492,-174,348,682
54.66365,212,1230,-1749,539,4485,-173,348,684
54.66415,211,1230,-1749,539,4479,-171,349,686
54.66465,211,1231,-1749,539,4468,-169,349,687
54.66515,212,1230,-1749,538,4463,-168,350,686
54.66565,211,1230,-1747,536,4460,-168,350,685
54.66615,212,1230,-1745,534,4469,-170,350,682
54.66665,212,1229,-1741,532,4475,-172,349,681
54.66715,212,1230,-1740,530,4496,-172,349,680
54.66765,213,1229,-1741,530,4517,-172,349,680
54.66815,213,1228,-1742,531,4572,-170,348,680
54.66865,213,1228,-1743,531,4609,-169,349,680
54.66915,213,1228,-1745,533,4620,-168,349,680
54.66965,214,1227,-1744,534,4622,-168,350,682
54.67015,213,1227,-1743,534,4602,-168,350,683
54.67065,214,1228,-1741,534,4596,-169,349,685
54.67115,214,1228,-1740,533,4606,-170,349,686
54.67165,214,1228,-1740,534,4619,-171,349,685
54.67215,214,1228,-1742,535,4636,-172,349,682
54.67265,214,1228,-1745,538,4633,-173,351,679
54.67315,213,1229,-1746,541,4627,-173,351,676
54.67365,214,1228,-1747,543,4607,-172,351,674
54.67415,213,1229,-1746,542,4590,-172,351,671
54.67465,213,1230,-1745,540,4572,-173,350,670
54.67515,212,1230,-1744,536,4549,-174,349,670
54.67565,211,1231,-1742,531,4533,-175,348,670
54.67615,210,1232,-1742,531,4502,-175,348,671
54.67665,210,1232,-1742,531,4460,-176,349,672
54.67715,211,1232,-1741,532,4411,-176,350,672
54.67765,210,1232,-1740,532,4374,-177,350,673
54.67815,210,1233,-1739,533,4371,-177,349,674
54.67865,209,1233,-1740,534,4339,-177,350,673
54.67925,209,1234,-1742,537,4289,-178,351,675
54.67975,210,1234,-1744,538,4228,-178,351,676
54.68025,210,1234,-1746,539,4151,-178,352,680
54.68075,210,1233,-1747,539,4106,-178,351,680
54.68125,211,1233,-1745,539,4074,-178,351,680
54.68175,212,1233,-1744,538,4046,-178,351,680
54.68225,212,1233,-1743,538,4028,-178,350,680
54.68275,212,1233,-1744,537,4004,-179,350,682
54.68325,212,1234,-1744,536,3978,-180,349,683
54.68375,212,1234,-1745,536,3955,-180,350,685
54.68425,212,1235,-1745,537,3925,-178,351,686
54.68475,211,1235,-1745,539,3898,-176,351,686
54.68525,211,1236,-1746,540,3880,-175,352,687
54.68575,210,1236,-1745,540,3859,-174,352,689
54.68625,210,1236,-1746,538,3834,-172,351,691
54.68675,210,1236,-1745,536,3815,-170,351,693
54.68725,209,1237,-1743,535,3796,-169,351,693
54.68775,208,1237,-1742,536,3778,-169,351,694
54.68825,207,1237,-1742,536,3795,-169,350,694
54.68875,207,1237,-1740,533,3789,-170,350,693
54.68925,205,1237,-1738,531,3763,-171,350,692
54.68975,204,1236,-1737,530,3723,-172,351,690
54.69025,203,1236,-1737,530,3675,-173,351,688
54.69075,203,1237,-1739,533,3646,-173,351,687
54.69125,203,1238,-1741,536,3632,-174,351,687
54.69175,202,1239,-1743,538,3621,-174,350,687
54.69225,202,1240,-1745,540,3621,-174,351,688
54.69275,202,1240,-1744,542,3625,-173,351,690
54.69325,203,1239,-1743,542,3627,-172,350,691
54.69375,204,1238,-1741,540,3620,-171,350,693
54.69425,205,1239,-1741,537,3601,-170,349,695
54.69475,205,1238,-1742,536,3584,-169,349,697
54.69525,205,1238,-1742,537,3566,-168,349,698
54.69575,205,1238,-1743,538,3547,-167,349,698
54.69625,205,1238,-1742,539,3531,-166,349,698
54.69675,205,1238,-1741,540,3513,-168,348,696
54.69725,205,1237,-1742,541,3495,-168,348,695
54.69775,206,1237,-1742,541,3482,-169,348,695
54.69825,205,1237,-1741,539,3499,-169,348,695
54.69875,205,1238,-1742,537,3489,-170,349,693
54.69925,205,1239,-1744,535,3473,-169,349,693
54.69975,204,1240,-1745,533,3447,-169,350,694
54.70025,203,1240,-1746,533,3412,-169,350,695
54.70075,203,1241,-1747,533,3406,-168,349,696
54.70125,203,1242,-1746,534,3402,-167,348,697
54.70175,203,1242,-1745,533,3401,-166,348,697
54.70225,203,1243,-1743,535,3402,-167,349,696
54.70275,204,1243,-1744,536,3408,-168,348,695
54.70325,204,1243,-1743,539,3418,-169,349,694
54.70375,204,1244,-1744,539,3426,-168,348,694
54.70425,203,1244,-1744,538,3438,-169,348,693
54.70475,203,1244,-1745,537,3447,-169,348,694
54.70525,203,1244,-1744,537,3454,-169,347,694
54.70575,203,1243,-1745,541,3472,-169,346,694
54.70625,203,1243,-1744,543,3490,-169,346,693
54.70675,202,1243,-1744,543,3507,-170,346,693
54.70725,202,1243,-1746,543,3526,-169,347,693
54.70775,201,1243,-1746,543,3565,-168,348,692
54.70825,201,1242,-1746,542,3637,-168,348,690
54.70875,201,1242,-1746,539,3678,-167,347,689
54.70925,200,1242,-1745,535,3708,-167,347,688
54.70975,199,1243,-1743,533,3723,-167,347,688
54.71025,198,1244,-1743,531,3738,-166,347,688
54.71075,198,1245,-1742,531,3773,-165,346,689
54.71125,198,1246,-1743,532,3821,-163,346,689
54.71175,199,1247,-1743,533,3866,-162,346,689
54.71225,199,1247,-1743,534,3919,-163,345,689
54.71275,199,1246,-1741,537,3968,-163,345,688
54.71325,199,1246,-1741,540,4012,-162,345,689
54.71375,199,1246,-1742,543,4055,-162,345,689
54.71425,199,1245,-1743,545,4083,-161,346,689
54.71475,199,1245,-1745,546,4109,-161,345,690
54.71525,199,1245,-1746,544,4140,-160,345,691
54.71575,199,1245,-1746,541,4175,-159,345,693
54.71625,199,1245,-1746,538,4198,-158,344,695
54.71675,199,1245,-1746,536,4220,-157,345,696
54.71725,199,1245,-1747,536,4241,-155,345,699
54.71775,199,1245,-1748,538,4272,-154,346,701
54.71825,199,1245,-1749,539,4318,-152,346,702
54.71875,198,1246,-1747,538,4328,-151,346,703
54.71925,197,1247,-1745,536,4331,-151,345,702
54.71975,196,1247,-1745,535,4307,-151,345,700
54.72025,196,1247,-1747,536,4281,-151,345,699
54.72075,197,1247,-1748,539,4271,-151,345,698
54.72125,197,1247,-1748,540,4261,-151,346,697
54.72175,197,1247,-1747,538,4258,-151,346,694
54.722248,197,1248,-1746,536,4252,-150,345,693
54.72275,196,1248,-1746,534,4249,-149,346,692
54.72325,196,1248,-1747,535,4239,-148,346,692
54.72375,197,1248,-1748,535,4234,-147,346,692
54.72425,196,1248,-1748,534,4226,-146,346,692
54.72475,196,1248,-1747,532,4215,-145,346,691
54.72525,196,1248,-1747,532,4204,-144,346,691
54.72575,195,1248,-1747,533,4189,-143,347,690
54.72625,194,1248,-1747,535,4178,-143,347,689
54.72675,194,1248,-1745,537,4174,-142,346,688
54.72725,194,1248,-1745,538,4164,-142,347,687
54.72775,192,1249,-1746,539,4172,-142,346,687
54.72825,191,1251,-1747,539,4197,-141,347,687
54.72875,189,1252,-1748,539,4188,-141,347,687
54.72925,187,1253,-1749,538,4171,-140,347,688
54.72975,187,1252,-1750,537,4136,-139,348,689
54.73025,187,1252,-1749,536,4101,-138,347,691
54.73075,187,1251,-1749,536,4075,-137,346,692
54.73125,187,1250,-1748,536,4063,-136,347,693
54.73175,187,1250,-1746,537,4056,-135,346,692
54.73225,187,1248,-1747,538,4040,-135,347,692
54.73275,187,1249,-1747,539,4029,-135,346,691
54.73325,186,1249,-1749,540,4014,-136,346,691
54.73375,186,1249,-1750,541,3995,-136,346,689
54.73425,186,1250,-1750,543,3976,-136,346,689
54.73475,185,1251,-1750,545,3955,-136,347,689
54.73525,184,1252,-1750,546,3935,-135,346,690
54.73575,184,1252,-1749,545,3920,-134,346,692
54.73625,184,1252,-1748,541,3913,-133,346,693
54.73675,184,1252,-1745,535,3902,-132,345,694
54.73725,184,1252,-1745,531,3886,-131,345,695
54.73775,184,1251,-1746,532,3891,-130,344,697
54.73825,185,1251,-1749,533,3915,-129,345,698
54.73875,184,1251,-1752,535,3906,-129,345,698
54.73925,185,1251,-1752,535,3897,-129,345,697
54.73975,185,1251,-1752,533,3870,-130,345,696
54.74035,185,1251,-1750,531,3839,-131,345,694
54.74085,185,1251,-1749,531,3841,-131,345,693
54.74135,185,1251,-1746,532,3850,-131,345,691
54.74185,185,1252,-1744,534,3852,-131,345,690
54.74235,184,1252,-1741,536,3866,-131,345,689
54.74285,184,1253,-1741,537,3881,-131,344,689
54.74335,183,1253,-1743,539,3888,-130,345,689
54.74385,184,1253,-1745,540,3896,-130,344,690
54.74435,184,1253,-1747,540,3905,-129,344,689
54.74485,183,1253,-1749,541,3917,-128,345,690
54.74535,183,1253,-1749,541,3921,-127,344,690
54.74585,182,1254,-1749,538,3928,-127,345,690
54.74635,182,1254,-1749,535,3931,-126,345,690
54.74685,182,1254,-1749,534,3930,-126,345,690
54.74735,183,1253,-1748,534,3933,-125,344,690
54.74785,183,1253,-1748,536,3953,-125,344,691
54.74835,182,1253,-1749,538,3989,-125,344,690
54.74885,182,1253,-1751,540,3985,-126,345,689
54.74935,182,1253,-1751,540,3980,-127,345,688
54.74985,182,1254,-1750,538,3954,-128,345,687
54.75035,182,1253,-1747,537,3933,-128,345,686
54.75085,182,1254,-1744,537,3924,-129,345,686
54.75135,181,1253,-1744,537,3932,-129,344,685
54.75185,182,1254,-1745,537,3941,-129,344,685
54.75235,181,1254,-1745,537,3947,-129,343,685
54.75285,181,1255,-1745,537,3954,-129,343,686
54.75335,181,1255,-1745,537,3961,-130,343,686
54.75385,181,1255,-1745,537,3970,-131,343,686
54.75435,181,1255,-1745,535,3970,-131,344,685
54.75485,181,1255,-1746,534,3967,-131,343,685
54.75535,180,1256,-1746,535,3961,-129,344,686
54.75585,180,1256,-1747,536,3960,-128,344,686
54.75635,180,1256,-1748,537,3962,-128,344,686
54.75685,180,1256,-1748,538,3960,-127,344,686
54.75735,180,1256,-1749,538,3952,-128,344,686
54.75785,181,1256,-1749,539,3964,-128,343,686
54.75835,180,1256,-1749,539,3990,-128,343,686
54.75885,180,1256,-1749,540,3980,-128,343,686
54.75935,180,1256,-1749,540,3964,-129,343,685
54.75985,181,1255,-1748,537,3932,-129,344,685
54.76035,181,1256,-1747,534,3900,-129,344,684
54.76085,181,1255,-1746,533,3895,-129,344,684
54.76135,181,1255,-1746,532,3903,-129,344,684
54.76185,181,1255,-1746,532,3908,-129,344,684
54.76235,181,1255,-1745,533,3913,-130,343,683
54.76285,181,1254,-1744,533,3918,-130,343,683
54.76335,181,1254,-1744,534,3916,-129,343,683
54.76385,181,1255,-1744,534,3922,-129,344,683
54.76435,181,1256,-1745,535,3927,-128,344,683
54.76485,181,1256,-1746,535,3930,-128,344,682
54.76535,180,1257,-1747,536,3936,-128,343,682
54.76585,181,1257,-1747,536,3948,-128,343,682
54.76635,181,1257,-1748,538,3958,-128,343,683
54.76685,182,1257,-1748,539,3967,-128,343,683
54.76735,182,1256,-1747,540,3971,-128,343,683
54.76785,182,1256,-1746,541,4001,-127,343,683
54.76835,183,1255,-1745,541,4041,-129,343,683
54.76885,183,1255,-1746,541,4048,-129,343,682
54.76935,183,1255,-1746,540,4049,-130,344,682
54.76985,183,1255,-1746,539,4033,-130,344,682
54.77035,184,1254,-1746,539,4019,-131,344,681
54.77085,184,1254,-1746,539,4020,-131,344,681
54.77135,184,1254,-1747,539,4025,-132,343,681
54.77185,184,1254,-1748,538,4038,-132,344,680
54.77235,184,1254,-1748,537,4055,-132,344,680
54.77285,185,1254,-1749,535,4070,-132,343,680
54.77335,185,1254,-1749,533,4073,-132,344,681
54.77385,184,1254,-1748,531,4070,-132,343,680
54.77435,184,1255,-1744,532,4062,-132,343,680
54.77485,183,1255,-1741,532,4065,-132,343,681
54.77535,183,1255,-1740,534,4071,-132,344,681
54.77585,184,1255,-1741,535,4073,-132,344,681
54.77635,184,1255,-1743,536,4079,-132,344,681
54.77685,183,1254,-1744,538,4087,-132,344,681
54.77735,184,1254,-1745,539,4096,-132,344,681
54.77785,184,1254,-1745,540,4128,-133,343,681
54.77835,184,1254,-1745,539,4159,-133,344,680
54.77885,184,1254,-1744,540,4164,-134,344,680
54.77935,183,1254,-1744,540,4168,-134,344,679
54.77985,183,1253,-1745,540,4147,-134,345,679
54.78035,183,1253,-1745,538,4128,-135,344,679
54.78085,183,1252,-1745,537,4131,-135,344,678
54.78135,183,1252,-1744,536,4142,-135,343,678
54.78185,182,1253,-1743,534,4160,-135,344,678
54.78235,181,1253,-1743,533,4178,-135,343,678
54.78285,181,1254,-1743,536,4192,-136,343,678
54.783348,181,1253,-1743,538,4205,-135,343,679
54.78385,182,1253,-1744,538,4221,-136,343,679
54.78435,182,1253,-1744,538,4232,-136,343,679
54.78485,183,1252,-1745,538,4242,-135,343,679
54.78535,183,1252,-1747,536,4252,-136,343,678
54.78585,182,1252,-1749,534,4263,-136,344,677
54.78635,182,1253,-1750,533,4274,-136,344,677
54.78685,181,1253,-1749,535,4276,-136,344,677
54.78735,181,1252,-1747,537,4283,-135,344,678
54.78785,182,1252,-1745,538,4318,-135,344,678
54.78835,182,1251,-1743,539,4350,-135,344,678
54.78885,182,1251,-1742,540,4348,-135,344,679
54.78935,182,1251,-1740,540,4339,-135,345,680
54.78985,182,1251,-1739,539,4308,-136,345,681
54.79035,182,1250,-1739,537,4301,-135,345,682
54.79085,183,1250,-1739,535,4301,-136,344,682
54.79135,183,1250,-1740,534,4314,-136,344,681
54.79185,183,1250,-1741,533,4329,-136,344,681
54.79235,183,1249,-1741,533,4340,-137,344,679
54.79285,182,1250,-1741,534,4352,-139,344,678
54.79335,182,1250,-1740,535,4364,-139,344,679
54.79385,181,1251,-1741,535,4374,-139,344,680
54.79435,181,1252,-1740,536,4372,-138,344,682
54.79485,180,1252,-1740,537,4377,-137,344,683
54.79535,179,1253,-1740,538,4387,-136,344,683
54.79585,178,1253,-1741,537,4388,-136,344,684
54.79635,177,1254,-1741,536,4393,-136,344,683
54.79685,177,1253,-1741,535,4404,-137,344,682
54.79735,177,1253,-1742,535,4409,-139,344,681
54.79785,178,1252,-1744,537,4449,-140,344,680
54.79835,178,1252,-1744,537,4468,-142,344,678
54.79885,179,1251,-1744,538,4464,-142,344,676
54.79935,178,1251,-1744,539,4449,-142,344,675
54.79985,178,1252,-1745,540,4411,-142,345,675
54.80035,178,1252,-1744,542,4389,-140,345,676
54.80085,178,1252,-1743,541,4387,-139,345,677
54.80135,178,1251,-1742,539,4395,-137,346,677
54.80195,178,1251,-1741,535,4391,-136,345,678
54.80245,178,1251,-1741,534,4395,-136,345,678
54.80295,178,1250,-1741,535,4405,-137,345,678
54.80345,177,1250,-1741,537,4410,-139,346,679
54.80395,176,1250,-1740,537,4413,-140,346,679
54.80445,175,1250,-1740,537,4414,-140,346,680
54.80495,175,1250,-1742,537,4413,-140,346,681
54.80545,175,1249,-1743,538,4414,-140,346,683
54.80595,175,1249,-1744,539,4407,-140,347,685
54.80645,176,1249,-1743,540,4402,-140,347,686
54.80695,176,1248,-1742,538,4399,-140,347,687
54.80745,177,1248,-1741,535,4398,-140,346,687
54.80795,177,1247,-1740,530,4423,-139,345,688
54.80845,178,1247,-1740,528,4430,-138,345,687
54.80895,177,1248,-1742,529,4422,-138,345,686
54.80945,177,1248,-1743,531,4398,-139,346,685
54.80995,177,1248,-1746,535,4364,-139,347,683
54.81045,177,1248,-1747,538,4347,-140,347,681
54.81095,177,1248,-1745,539,4340,-141,346,680
54.81145,177,1249,-1742,538,4346,-141,345,678
54.81195,177,1248,-1740,534,4361,-143,344,677
54.81245,178,1247,-1740,532,4366,-143,345,675
54.81295,177,1247,-1741,533,4363,-143,345,674
54.81345,177,1247,-1743,535,4362,-144,346,674
54.81395,176,1247,-1744,537,4369,-143,346,674
54.81445,176,1247,-1744,538,4370,-143,345,675
54.81495,175,1247,-1744,538,4367,-143,346,674
54.81545,175,1247,-1743,538,4360,-144,345,675
54.81595,174,1247,-1741,537,4361,-144,345,675
54.81645,173,1247,-1739,537,4355,-145,345,675
54.81695,173,1247,-1739,538,4352,-145,346,676
54.81745,173,1246,-1739,537,4350,-144,346,677
54.81795,173,1246,-1739,536,4386,-144,346,680
54.81845,173,1245,-1739,535,4389,-143,347,683
54.81895,173,1245,-1740,536,4383,-143,347,686
54.81945,173,1245,-1743,537,4361,-141,347,688
54.81995,173,1244,-1745,538,4330,-141,347,690
54.82045,172,1245,-1746,539,4322,-140,348,689
54.82095,171,1244,-1744,538,4323,-141,348,689
54.82145,171,1244,-1743,535,4323,-141,348,687
54.82195,171,1243,-1743,534,4328,-142,348,686
54.82245,171,1243,-1740,533,4337,-141,348,684
54.82295,171,1243,-1737,533,4344,-141,347,683
54.82345,171,1243,-1736,534,4348,-142,347,682
54.82395,171,1243,-1735,534,4343,-142,347,681
54.82445,171,1244,-1737,534,4342,-142,346,680
54.82495,170,1244,-1738,536,4338,-142,347,680
54.82545,170,1244,-1738,537,4338,-143,347,680
54.82595,169,1244,-1739,536,4334,-143,346,678
54.82645,170,1243,-1741,535,4327,-144,346,677
54.82695,169,1243,-1741,533,4324,-145,346,675
54.82745,169,1243,-1741,533,4324,-145,346,675
54.82795,169,1244,-1740,532,4358,-145,346,674
54.82845,169,1243,-1740,531,4360,-145,347,674
54.82895,168,1243,-1741,534,4351,-144,347,673
54.82945,168,1243,-1743,538,4326,-143,347,674
54.82995,168,1243,-1745,541,4286,-143,348,675
54.83045,168,1242,-1745,542,4275,-143,347,676
54.83095,167,1242,-1744,542,4267,-143,348,678
54.83145,167,1242,-1744,543,4275,-142,348,680
54.83195,167,1242,-1743,542,4282,-142,348,681
54.83245,167,1241,-1741,541,4292,-142,348,681
54.83295,167,1241,-1739,537,4293,-142,348,681
54.83345,168,1241,-1738,532,4298,-142,347,681
54.83395,168,1241,-1738,528,4300,-142,348,682
54.83445,168,1241,-1738,527,4298,-141,348,682
54.83495,168,1240,-1739,528,4302,-142,348,683
54.83545,167,1240,-1740,530,4306,-142,348,683
54.83595,167,1240,-1742,534,4302,-142,348,685
54.83645,167,1240,-1744,538,4303,-141,348,686
54.83695,166,1241,-1745,541,4303,-141,348,687
54.83745,166,1242,-1744,543,4314,-141,348,687
54.83795,165,1241,-1744,542,4346,-140,347,687
54.83845,166,1241,-1743,537,4347,-140,348,685
54.83895,165,1240,-1742,534,4337,-141,348,684
54.83945,165,1238,-1742,534,4311,-141,348,683
54.83995,166,1238,-1743,535,4278,-142,348,681
54.84045,167,1237,-1742,535,4262,-143,348,679
54.84095,167,1237,-1742,535,4256,-143,348,678
54.84145,166,1238,-1741,534,4259,-144,348,678
54.84195,166,1238,-1740,533,4262,-144,349,678
54.84245,166,1238,-1740,533,4261,-144,348,679
54.84295,165,1239,-1741,532,4259,-144,349,679
54.84345,165,1239,-1741,532,4250,-144,349,680
54.84395,164,1238,-1740,531,4246,-143,349,681
54.844448,164,1239,-1740,531,4252,-143,349,680
54.84495,163,1238,-1740,532,4247,-142,348,678
54.84545,163,1238,-1741,534,4247,-142,348,677
54.84595,163,1237,-1743,536,4243,-143,348,677
54.84645,163,1237,-1744,538,4234,-143,348,677
54.84695,162,1237,-1744,537,4227,-142,348,677
54.84745,162,1237,-1744,537,4232,-142,348,677
54.84795,161,1237,-1745,538,4266,-142,348,677
54.84845,162,1236,-1744,540,4266,-143,349,678
54.84895,162,1236,-1743,540,4256,-143,349,678
54.84945,161,1236,-1741,538,4234,-144,349,678
54.84995,161,1237,-1741,536,4204,-143,348,678
54.85045,161,1237,-1740,535,4197,-144,348,678
54.85095,160,1236,-1741,536,4197,-145,349,677
54.85145,161,1236,-1742,536,4205,-145,349,678
54.85195,161,1236,-1743,536,4209,-145,348,678
54.85245,161,1235,-1743,535,4220,-145,349,679
54.85295,161,1235,-1743,535,4227,-144,348,680
54.85345,161,1235,-1742,536,4226,-145,349,682
54.85395,161,1234,-1741,536,4234,-144,349,685
54.85445,162,1233,-1740,535,4237,-143,349,687
54.85495,162,1233,-1742,534,4234,-143,349,688
54.85545,162,1233,-1743,534,4237,-142,349,689
54.85595,162,1232,-1744,535,4245,-142,349,689
54.85645,162,1233,-1745,537,4245,-143,349,688
54.85695,161,1233,-1744,537,4247,-143,349,688
54.85745,161,1233,-1741,535,4266,-143,348,687
54.85795,160,1234,-1738,534,4304,-144,348,686
54.85845,161,1234,-1738,535,4300,-144,348,686
54.85895,160,1234,-1739,535,4299,-144,348,685
54.85945,160,1234,-1739,535,4279,-145,348,684
54.85995,161,1233,-1740,534,4251,-145,349,683
54.86045,161,1233,-1740,534,4250,-145,348,681
54.86095,161,1233,-1741,535,4251,-146,349,681
54.86145,161,1233,-1743,536,4253,-146,349,681
54.86195,161,1232,-1745,538,4258,-147,350,680
54.86245,160,1232,-1746,540,4266,-147,350,681
54.86295,159,1232,-1746,542,4273,-147,350,680
54.86345,159,1232,-1745,542,4272,-147,350,680
54.86405,158,1232,-1744,541,4278,-147,349,679
54.86455,158,1232,-1743,539,4279,-147,349,680
54.86505,157,1232,-1743,536,4274,-147,348,680
54.86555,156,1231,-1742,534,4277,-148,348,680
54.86605,157,1231,-1742,535,4277,-148,348,680
54.86655,157,1231,-1743,538,4274,-149,349,680
54.86705,157,1230,-1744,539,4274,-149,350,680
54.86755,157,1230,-1744,536,4287,-149,350,680
54.86805,156,1231,-1743,532,4322,-150,350,680
54.86855,157,1231,-1742,530,4319,-150,350,681
54.86905,157,1231,-1743,530,4306,-150,351,681
54.86955,157,1230,-1745,531,4272,-151,350,681
54.87005,157,1231,-1745,532,4243,-151,351,681
54.87055,157,1230,-1744,534,4240,-151,350,681
54.87105,157,1230,-1742,535,4240,-152,350,680
54.87155,157,1231,-1741,538,4247,-152,350,681
54.87205,157,1231,-1742,542,4258,-152,350,681
54.87255,157,1231,-1743,544,4262,-151,349,682
54.87305,157,1231,-1744,545,4268,-152,348,682
54.87355,157,1231,-1744,544,4279,-151,348,683
54.87405,157,1231,-1743,542,4277,-151,348,684
54.87455,157,1231,-1744,540,4269,-151,348,684
54.87505,157,1231,-1744,540,4274,-152,348,683
54.87555,157,1230,-1746,539,4277,-152,349,683
54.87605,157,1229,-1748,537,4270,-153,349,682
54.87655,157,1228,-1748,534,4269,-154,350,682
54.87705,158,1228,-1746,531,4271,-153,350,682
54.87755,158,1228,-1743,529,4285,-153,350,683
54.87805,158,1228,-1743,528,4316,-152,350,684
54.87855,157,1229,-1743,530,4310,-152,350,684
54.87905,157,1229,-1741,532,4304,-151,350,684
54.87955,157,1229,-1740,532,4274,-151,350,684
54.88005,157,1229,-1741,532,4246,-151,349,684
54.88055,157,1229,-1744,535,4244,-152,350,685
54.88105,157,1229,-1746,537,4247,-152,350,685
54.88155,157,1229,-1747,538,4249,-153,350,684
54.88205,158,1228,-1747,538,4254,-154,350,683
54.88255,158,1228,-1747,536,4263,-154,350,682
54.88305,158,1228,-1747,534,4266,-155,350,681
54.88355,158,1228,-1746,535,4272,-155,350,681
54.88405,158,1228,-1748,537,4273,-155,351,682
54.88455,158,1228,-1750,540,4279,-155,351,682
54.88505,158,1227,-1749,542,4287,-155,351,681
54.88555,158,1227,-1747,540,4289,-155,351,681
54.88605,159,1227,-1747,538,4283,-155,350,680
54.88655,159,1226,-1746,536,4283,-155,349,679
54.88705,160,1226,-1743,533,4286,-156,349,678
54.88755,160,1225,-1740,533,4300,-156,348,678
54.88805,161,1225,-1740,535,4334,-157,348,677
54.88855,160,1224,-1742,537,4332,-157,349,677
54.88905,161,1225,-1744,539,4316,-157,350,677
54.88955,160,1225,-1745,538,4285,-157,350,678
54.89005,159,1226,-1745,537,4262,-158,351,678
54.89055,158,1227,-1744,535,4264,-158,350,679
54.89105,158,1228,-1743,534,4264,-159,350,680
54.89155,157,1228,-1743,535,4264,-158,350,679
54.89205,157,1228,-1743,536,4273,-159,349,679
54.89255,157,1227,-1743,536,4277,-161,349,678
54.89305,157,1227,-1743,535,4283,-161,349,678
54.89355,157,1227,-1743,534,4293,-161,349,678
54.89405,157,1227,-1743,534,4297,-161,350,679
54.89455,158,1228,-1742,535,4296,-161,349,679
54.89505,158,1227,-1741,537,4290,-161,349,680
54.89555,158,1226,-1742,541,4289,-159,349,681
54.89605,159,1225,-1745,543,4294,-159,349,683
54.89655,160,1224,-1746,544,4292,-157,349,684
54.89705,161,1224,-1749,545,4291,-157,350,686
54.89755,162,1223,-1750,547,4317,-156,350,687
54.89805,162,1223,-1750,548,4346,-155,350,687
54.89855,162,1223,-1750,547,4335,-155,349,686
54.89905,161,1224,-1749,545,4328,-155,349,686
54.89955,160,1225,-1745,539,4305,-156,349,685
54.90005,161,1224,-1742,534,4283,-157,348,684
54.90055,161,1224,-1741,533,4276,-158,348,683
54.90105,162,1224,-1744,537,4284,-158,348,682
54.90155,161,1225,-1747,542,4288,-159,350,682
54.90205,161,1225,-1748,542,4296,-160,350,681
54.90255,161,1225,-1745,540,4298,-160,350,681
54.90305,162,1225,-1743,537,4300,-161,349,680
54.90355,162,1225,-1741,537,4302,-161,349,680
54.90405,162,1224,-1741,537,4312,-161,350,680
54.90455,162,1225,-1742,536,4320,-161,350,680
54.90505,161,1225,-1742,531,4324,-161,349,681
54.90555,160,1226,-1742,526,4325,-160,349,682
54.90605,159,1225,-1744,523,4319,-159,349,682
54.90655,159,1225,-1748,524,4322,-159,349,683
54.90705,159,1225,-1752,528,4326,-159,349,683
54.90755,159,1225,-1755,533,4348,-158,350,683
54.90805,159,1225,-1757,535,4375,-159,349,681
54.90855,159,1225,-1757,538,4373,-159,350,679
54.90905,159,1226,-1756,541,4364,-159,350,678
54.90955,157,1226,-1751,542,4331,-159,351,678
54.91005,156,1226,-1745,542,4316,-159,351,678
54.91055,157,1227,-1739,541,4315,-158,352,678
54.91105,158,1226,-1737,538,4313,-159,352,678
54.91155,159,1225,-1736,535,4315,-160,352,678
54.91205,159,1225,-1737,531,4317,-161,351,677
54.91255,159,1225,-1738,528,4321,-161,351,677
54.91305,159,1225,-1741,528,4320,-161,350,676
54.91355,159,1225,-1744,533,4323,-161,350,677
54.91405,159,1225,-1748,539,4328,-160,350,677
54.91455,160,1225,-1750,543,4326,-160,350,677
54.91505,159,1225,-1752,545,4333,-160,351,679
54.91555,159,1226,-1753,547,4342,-160,351,680
54.91605,158,1226,-1753,549,4350,-159,351,681
54.91655,158,1227,-1754,550,4362,-159,351,683
54.91705,158,1227,-1754,551,4363,-159,351,683
54.91755,159,1226,-1751,547,4395,-158,350,685
54.91805,159,1225,-1747,542,4424,-158,349,686
54.91855,160,1224,-1743,539,4423,-157,349,687
54.91905,160,1223,-1741,536,4419,-156,350,687
54.91955,160,1224,-1741,531,4385,-156,350,686
54.92005,159,1223,-1740,525,4370,-157,349,685
54.92055,159,1223,-1742,524,4379,-157,349,684
54.92105,160,1223,-1744,528,4384,-158,350,684
54.92155,160,1224,-1744,530,4396,-158,350,684
54.92205,160,1224,-1744,531,4403,-158,350,686
54.92255,161,1224,-1744,533,4404,-157,350,687
54.92305,160,1224,-1745,534,4409,-157,350,687
54.92355,161,1224,-1747,535,4407,-158,351,687
54.92405,161,1224,-1748,535,4408,-158,350,686
54.92455,161,1223,-1748,535,4416,-159,351,685
54.92505,161,1224,-1747,534,4423,-159,351,684
54.92565,161,1224,-1747,535,4421,-159,351,684
54.92615,161,1224,-1747,535,4425,-159,351,683
54.92665,161,1223,-1746,536,4429,-159,350,682
54.92715,161,1224,-1745,537,4424,-160,350,681
54.92765,161,1223,-1745,538,4457,-159,348,681
54.92815,161,1223,-1746,537,4475,-159,348,680
54.92865,161,1223,-1745,536,4471,-159,348,680
54.92915,161,1223,-1745,536,4465,-160,349,678
54.92965,161,1223,-1745,536,4434,-160,350,679
54.93015,161,1223,-1745,538,4419,-159,352,678
54.93065,161,1223,-1746,538,4418,-158,352,679
54.93115,161,1223,-1746,538,4427,-158,353,679
54.93165,162,1223,-1747,537,4432,-157,352,680
54.93215,162,1223,-1746,539,4438,-157,352,679
54.93265,162,1223,-1746,540,4451,-157,351,679
54.93315,162,1223,-1747,539,4457,-157,351,678
54.93365,162,1223,-1749,535,4464,-158,350,678
54.93415,162,1223,-1748,530,4475,-158,349,678
54.93465,162,1222,-1747,529,4481,-158,348,678
54.93515,162,1223,-1745,532,4485,-159,349,677
54.93565,162,1223,-1743,535,4489,-160,350,679
54.93615,162,1223,-1742,537,4488,-160,350,681
54.93665,162,1222,-1742,537,4492,-158,350,685
54.93715,162,1223,-1743,538,4498,-157,350,687
54.93765,162,1222,-1744,537,4536,-156,350,688
54.93815,162,1223,-1746,536,4555,-156,350,688
54.93865,162,1223,-1747,534,4555,-156,350,687
54.93915,161,1222,-1747,533,4546,-157,349,686
54.93965,162,1223,-1747,532,4508,-157,350,684
54.94015,162,1222,-1745,531,4496,-157,351,684
54.94065,162,1223,-1744,531,4499,-157,351,683
54.94115,163,1222,-1745,533,4502,-157,351,684
54.94165,163,1222,-1745,535,4503,-157,351,684
54.94215,164,1222,-1745,536,4509,-157,351,685
54.94265,164,1221,-1746,536,4510,-157,351,684
54.94315,165,1222,-1748,537,4511,-156,351,684
54.94365,165,1221,-1748,537,4515,-157,351,683
54.94415,165,1221,-1747,538,4517,-157,352,682
54.94465,165,1221,-1745,539,4514,-157,352,680
54.94515,165,1222,-1745,538,4518,-158,351,679
54.94565,165,1221,-1745,537,4517,-157,351,679
54.94615,165,1222,-1744,537,4507,-157,351,678
54.94665,165,1222,-1745,538,4505,-157,351,676
54.94715,164,1222,-1745,536,4513,-157,351,676
54.94765,163,1222,-1745,535,4551,-157,350,677
54.94815,163,1222,-1745,533,4559,-157,350,677
54.94865,163,1222,-1745,532,4545,-156,350,677
54.94915,163,1222,-1746,532,4524,-157,351,678
54.94965,162,1223,-1747,532,4489,-157,351,679
54.95015,162,1222,-1747,534,4480,-157,350,680
54.95065,161,1222,-1747,535,4478,-156,350,682
54.95115,161,1222,-1747,535,4480,-156,350,683
54.95165,160,1221,-1746,535,4483,-155,350,685
54.95215,160,1221,-1746,535,4480,-155,350,686
54.95265,160,1221,-1745,535,4484,-155,350,687
54.95315,160,1221,-1745,535,4491,-154,350,688
54.95365,159,1221,-1745,535,4492,-154,350,687
54.95415,160,1221,-1745,534,4493,-154,350,686
54.95465,160,1221,-1746,534,4490,-154,350,686
54.95515,161,1221,-1747,535,4495,-153,350,686
54.95565,160,1221,-1747,536,4495,-153,350,685
54.95615,161,1220,-1747,536,4489,-153,351,685
54.95665,161,1220,-1748,537,4480,-152,351,685
54.95715,162,1219,-1747,537,4477,-152,351,685
54.95765,162,1219,-1747,537,4510,-153,351,685
54.95815,162,1219,-1747,536,4512,-153,352,684
54.95865,162,1218,-1746,535,4503,-154,351,684
54.95915,162,1218,-1745,534,4486,-155,351,683
54.95965,162,1218,-1745,534,4450,-155,351,682
54.96015,162,1219,-1746,535,4433,-155,351,681
54.96065,162,1219,-1746,536,4435,-155,351,681
54.96115,162,1219,-1746,536,4435,-154,352,682
54.96165,162,1220,-1745,536,4439,-153,352,682
54.96215,162,1220,-1744,536,4444,-152,351,683
54.96265,162,1220,-1745,536,4443,-153,351,683
54.96315,163,1220,-1747,537,4442,-152,350,683
54.96365,163,1220,-1750,538,4442,-152,350,683
54.96415,162,1220,-1753,541,4444,-152,351,683
54.96465,162,1220,-1754,544,4448,-152,352,683
54.96515,162,1220,-1752,546,4449,-152,353,683
54.96565,161,1220,-1751,547,4449,-152,354,683
54.96615,161,1220,-1750,548,4448,-151,354,684
54.96665,160,1220,-1748,550,4446,-151,354,684
54.96715,160,1220,-1749,552,4454,-151,354,683
54.96765,160,1219,-1749,547,4490,-151,353,684
54.96815,160,1219,-1749,537,4488,-151,352,683
54.96865,161,1218,-1748,530,4484,-150,352,683
54.96915,162,1218,-1747,531,4457,-151,352,683
54.96965,162,1218,-1745,534,4421,-151,351,682
54.97015,163,1217,-1742,531,4414,-151,351,683
54.97065,162,1218,-1742,529,4422,-151,350,682
54.97115,163,1217,-1744,529,4423,-150,351,683
54.97165,162,1218,-1744,531,4427,-150,351,683
54.97215,162,1218,-1745,533,4426,-150,351,683
54.97265,161,1218,-1746,534,4427,-150,352,683
54.97315,161,1219,-1746,533,4434,-150,351,683
54.973648,160,1220,-1746,532,4437,-150,351,683
54.97415,160,1220,-1746,531,4439,-150,351,683
54.97465,160,1220,-1746,532,4439,-150,351,682
54.97515,160,1220,-1746,533,4439,-150,352,683
54.97565,161,1219,-1746,534,4443,-150,351,682
54.97615,161,1219,-1745,535,4439,-150,351,682
54.97665,161,1219,-1746,536,4441,-149,352,682
54.97715,161,1218,-1747,537,4449,-149,351,682
54.97765,160,1219,-1748,538,4482,-148,352,683
54.97815,159,1220,-1748,538,4480,-148,352,681
54.97865,159,1220,-1749,538,4466,-148,352,682
54.97915,159,1221,-1749,538,4442,-148,352,681
54.97965,159,1221,-1749,539,4417,-147,353,681
54.98015,159,1220,-1748,538,4405,-147,353,681
54.98065,159,1219,-1747,536,4406,-147,353,681
54.98115,159,1219,-1746,533,4412,-147,353,681
54.98165,159,1218,-1746,533,4418,-148,352,680
54.98215,159,1218,-1747,536,4422,-148,352,681
54.98265,159,1219,-1748,538,4428,-148,352,681
54.98315,159,1218,-1749,540,4431,-147,353,682
54.98365,160,1217,-1749,538,4433,-146,352,682
54.98415,160,1217,-1749,536,4443,-146,352,682
54.98465,161,1217,-1749,534,4448,-145,351,682
54.98515,160,1217,-1747,533,4449,-145,351,682
54.98565,160,1218,-1746,533,4449,-145,351,681
54.98615,158,1219,-1746,534,4446,-145,351,681
54.98665,157,1221,-1745,536,4443,-145,351,682
54.98715,156,1222,-1745,537,4456,-144,351,682
54.98775,156,1222,-1746,537,4500,-144,351,681
54.98825,156,1221,-1746,536,4502,-145,351,680
54.98875,157,1220,-1747,535,4491,-146,351,679
54.98925,158,1220,-1747,534,4468,-146,352,679
54.98975,157,1219,-1747,535,4434,-145,351,678
54.99025,157,1220,-1748,536,4427,-146,351,678
54.99075,156,1219,-1749,538,4434,-145,351,678
54.99125,157,1219,-1749,540,4437,-145,352,678
54.99175,156,1219,-1748,543,4438,-144,351,678
54.99225,156,1219,-1748,544,4440,-144,352,678
54.99275,156,1219,-1749,543,4446,-144,352,678
54.99325,155,1220,-1750,541,4453,-144,352,679
54.99375,154,1222,-1750,540,4456,-143,353,680
54.99425,153,1222,-1750,540,4452,-144,353,680
54.99475,153,1222,-1749,539,4459,-144,354,680
54.99525,153,1222,-1749,538,4465,-144,354,679
54.99575,153,1222,-1749,536,4465,-144,353,680
54.99625,153,1222,-1748,535,4463,-144,352,681
54.99675,154,1222,-1747,533,4467,-143,352,682
54.99725,154,1221,-1748,534,4479,-142,351,683
54.99775,155,1221,-1751,535,4519,-142,351,684
54.99825,155,1220,-1751,537,4518,-141,351,686
54.99875,155,1220,-1751,538,4517,-140,352,686
54.99925,155,1221,-1750,537,4497,-141,352,686
54.99975,155,1221,-1749,539,4471,-141,351,685
55.00025,155,1221,-1746,539,4468,-141,351,683
55.00075,155,1221,-1745,537,4469,-141,352,683
55.00125,155,1221,-1745,536,4478,-140,352,682
55.00175,155,1221,-1745,535,4488,-140,352,682
55.00225,155,1222,-1745,534,4497,-140,351,681
55.00275,154,1222,-1746,533,4500,-140,351,681
55.00325,154,1222,-1746,533,4503,-140,351,681
55.00375,154,1222,-1747,533,4508,-139,352,681
55.00425,154,1222,-1748,536,4516,-139,352,681
55.00475,154,1221,-1748,538,4524,-139,352,681
55.00525,155,1221,-1748,539,4529,-139,352,682
55.00575,154,1221,-1747,538,4532,-138,353,683
55.00625,155,1220,-1746,535,4538,-138,353,682
55.00675,155,1221,-1746,536,4534,-138,353,680
55.00725,156,1220,-1747,537,4550,-138,352,678
55.00775,156,1221,-1747,539,4585,-138,352,677
55.00825,156,1221,-1748,539,4581,-138,353,677
55.00875,156,1221,-1750,538,4568,-138,353,676
55.00925,156,1221,-1750,536,4541,-139,354,676
55.00975,156,1222,-1751,537,4519,-138,354,677
55.01025,155,1221,-1750,538,4516,-138,353,678
55.01075,155,1221,-1750,538,4517,-137,353,679
55.01125,155,1220,-1749,537,4524,-137,353,681
55.01175,155,1220,-1748,535,4524,-137,352,682
55.01225,155,1220,-1748,534,4527,-137,352,683
55.01275,155,1221,-1747,533,4536,-138,352,682
55.01325,155,1221,-1747,534,4540,-139,352,681
55.01375,155,1222,-1747,535,4546,-139,352,681
55.01425,153,1223,-1749,537,4548,-139,352,682
55.01475,152,1224,-1751,539,4550,-138,353,682
55.01525,151,1225,-1752,541,4557,-137,352,683
55.01575,151,1226,-1753,543,4559,-137,352,683
55.01625,150,1226,-1752,544,4556,-136,352,684
55.01675,150,1227,-1752,544,4556,-136,353,684
55.01725,150,1227,-1752,543,4578,-135,352,684
55.01775,149,1226,-1750,539,4612,-134,351,683
55.01825,149,1226,-1748,535,4606,-134,351,682
55.01875,150,1225,-1747,533,4595,-134,351,681
55.01925,150,1225,-1747,531,4572,-135,352,681
55.01975,150,1225,-1747,531,4544,-135,352,681
55.02025,150,1225,-1748,532,4540,-135,352,680
55.02075,151,1226,-1749,534,4547,-136,352,680
55.02125,151,1225,-1750,536,4561,-136,352,680
55.02175,152,1225,-1748,536,4569,-136,352,680
55.02225,152,1225,-1745,535,4569,-136,353,680
55.02275,152,1225,-1745,535,4570,-136,352,680
55.02325,153,1225,-1746,534,4574,-136,353,680
55.02375,153,1225,-1746,533,4575,-136,352,680
55.02425,153,1224,-1745,532,4577,-135,352,681
55.02475,153,1224,-1745,533,4579,-135,352,684
55.02525,153,1225,-1746,533,4574,-134,352,686
55.02575,152,1225,-1748,535,4575,-133,352,687
55.02625,152,1225,-1749,538,4573,-132,353,688
55.02675,152,1226,-1750,540,4570,-131,353,688
55.02725,152,1225,-1750,541,4595,-131,353,687
55.02775,152,1225,-1751,540,4625,-132,353,686
55.02825,152,1225,-1751,539,4617,-132,353,685
55.02875,152,1226,-1752,537,4610,-132,353,685
55.02925,151,1226,-1751,535,4575,-133,354,683
55.02975,151,1227,-1749,534,4547,-133,353,683
55.03025,151,1227,-1749,533,4545,-132,353,682
55.03075,151,1227,-1747,534,4551,-133,353,682
55.03125,151,1227,-1747,535,4559,-133,353,681
55.03175,151,1228,-1746,536,4562,-133,353,681
55.03225,151,1228,-1746,537,4559,-133,353,681
55.03275,151,1228,-1745,536,4565,-133,353,681
55.03325,152,1227,-1745,536,4571,-133,353,680
55.03375,151,1228,-1746,536,4575,-132,352,680
55.03425,152,1228,-1748,536,4580,-132,352,680
55.034748,152,1227,-1749,537,4583,-132,352,680
55.03525,152,1227,-1750,538,4584,-132,352,680
55.03575,153,1227,-1750,539,4584,-132,352,681
55.03625,153,1228,-1751,540,4582,-131,353,681
55.03675,152,1228,-1752,541,4573,-131,353,681
55.03725,152,1229,-1753,542,4594,-130,353,682
55.03775,151,1229,-1754,542,4622,-130,353,682
55.03825,151,1229,-1753,541,4622,-130,353,682
55.03875,151,1229,-1752,540,4612,-130,354,683
55.03925,151,1230,-1751,539,4578,-130,354,683
55.03975,152,1229,-1750,539,4548,-131,354,682
55.04025,151,1229,-1749,538,4541,-130,354,682
55.04075,152,1230,-1750,539,4548,-130,353,682
55.04125,152,1229,-1749,538,4553,-130,352,682
55.04175,152,1230,-1747,535,4555,-129,352,682
55.04225,151,1230,-1745,531,4554,-129,352,683
55.04275,151,1230,-1743,528,4548,-129,352,684
55.04325,151,1231,-1744,528,4546,-128,352,684
55.04375,150,1231,-1745,530,4550,-128,353,683
55.04425,151,1231,-1746,532,4550,-128,353,683
55.04475,151,1231,-1748,535,4545,-128,353,683
55.04525,151,1231,-1749,537,4543,-128,353,681
55.04575,152,1231,-1749,539,4540,-128,353,680
55.04625,151,1231,-1750,541,4538,-128,354,679
55.04675,152,1231,-1750,541,4536,-128,354,678
55.04725,152,1231,-1751,542,4554,-129,353,678
55.04775,152,1231,-1753,541,4576,-129,354,678
55.04825,152,1232,-1754,540,4568,-129,354,678
55.04875,152,1231,-1754,538,4553,-130,354,678
55.04935,152,1232,-1752,537,4516,-130,354,678
55.04985,153,1232,-1751,536,4491,-129,354,679
55.05035,152,1232,-1750,536,4485,-130,354,680
55.05085,152,1232,-1750,535,4482,-130,354,679
55.05135,152,1232,-1749,535,4486,-130,354,680
55.05185,153,1232,-1747,536,4481,-130,353,680
55.05235,153,1232,-1747,538,4484,-130,353,680
55.05285,153,1232,-1748,539,4488,-130,353,679
55.05335,153,1232,-1747,537,4491,-130,353,680
55.05385,153,1233,-1747,535,4488,-131,352,680
55.05435,153,1233,-1746,534,4493,-131,353,680
55.05485,153,1233,-1747,534,4492,-130,352,682
55.05535,153,1233,-1749,536,4489,-130,352,683
55.05585,152,1233,-1752,538,4484,-129,352,685
55.05635,152,1234,-1755,541,4476,-128,352,686
55.05685,152,1235,-1755,541,4471,-127,353,686
55.05735,151,1235,-1753,541,4502,-126,352,687
55.05785,151,1236,-1751,539,4518,-126,353,686
55.05835,152,1235,-1749,538,4503,-126,353,686
55.05885,153,1236,-1748,536,4495,-125,353,686
55.05935,153,1235,-1748,534,4463,-126,352,685
55.05985,153,1235,-1749,536,4442,-126,353,685
55.06035,153,1235,-1750,538,4434,-126,353,684
55.06085,153,1234,-1751,541,4436,-127,352,684
55.06135,153,1234,-1751,541,4448,-127,353,684
55.06185,153,1234,-1749,538,4453,-127,352,684
55.06235,153,1234,-1748,535,4452,-128,353,684
55.06285,153,1235,-1748,535,4450,-127,352,684
55.06335,153,1236,-1748,538,4454,-128,353,684
55.06385,153,1236,-1747,538,4455,-127,353,683
55.06435,154,1235,-1748,538,4457,-128,353,683
55.06485,154,1235,-1749,537,4456,-128,353,683
55.06535,155,1235,-1750,537,4456,-128,353,683
55.06585,155,1235,-1751,537,4456,-128,353,683
55.06635,155,1236,-1750,538,4456,-128,352,683
55.06685,154,1237,-1750,539,4459,-128,352,683
55.06735,154,1237,-1750,538,4491,-128,352,683
55.06785,154,1237,-1751,537,4511,-128,352,683
55.06835,154,1237,-1752,537,4504,-128,352,683
55.06885,154,1237,-1752,538,4492,-128,352,683
55.06935,155,1237,-1749,537,4459,-129,352,682
55.06985,155,1237,-1748,534,4440,-129,352,682
55.07035,155,1237,-1748,533,4444,-129,352,682
55.07085,155,1237,-1748,531,4452,-128,352,682
55.07135,155,1238,-1747,530,4456,-128,352,681
55.07185,154,1239,-1747,532,4458,-128,353,681
55.07235,154,1239,-1747,534,4456,-128,353,682
55.07285,154,1238,-1747,536,4462,-129,353,682
55.07335,154,1238,-1748,538,4474,-129,352,682
55.07385,154,1238,-1749,539,4478,-129,352,681
55.07435,154,1238,-1750,540,4476,-130,352,681
55.07485,154,1238,-1752,541,4474,-130,352,681
55.07535,154,1239,-1753,540,4477,-130,352,681
55.07585,154,1239,-1754,538,4479,-129,352,681
55.07635,154,1239,-1754,537,4479,-129,353,681
55.07685,153,1240,-1754,538,4482,-129,353,681
55.07735,153,1240,-1752,539,4520,-129,353,682
55.07785,153,1240,-1750,539,4535,-129,353,681
55.07835,154,1241,-1748,538,4535,-128,352,682
55.07885,154,1241,-1747,538,4517,-127,353,682
55.07935,154,1241,-1748,540,4488,-127,353,683
55.07985,155,1241,-1749,541,4476,-128,353,682
55.08035,155,1241,-1749,540,4473,-128,353,682
55.08085,156,1240,-1749,537,4485,-128,352,682
55.08135,156,1240,-1750,536,4495,-128,352,682
55.08185,157,1240,-1751,537,4502,-128,352,683
55.08235,157,1240,-1750,540,4507,-127,352,682
55.08285,157,1239,-1749,543,4507,-128,352,682
55.08335,157,1240,-1751,544,4517,-128,353,681
55.08385,157,1240,-1751,544,4527,-129,353,681
55.08435,157,1240,-1751,543,4527,-130,353,681
55.08485,158,1240,-1750,539,4533,-130,353,680
55.08535,158,1240,-1749,537,4541,-130,353,681
55.08585,158,1240,-1748,538,4549,-129,353,680
55.08635,157,1241,-1748,541,4548,-129,353,681
55.08685,157,1241,-1748,543,4557,-129,353,681
55.08735,156,1241,-1748,543,4595,-129,353,681
55.08785,156,1242,-1747,540,4607,-129,352,681
55.08835,155,1242,-1746,539,4606,-130,352,681
55.08885,154,1243,-1747,541,4593,-129,352,681
55.08935,154,1244,-1747,542,4564,-129,352,680
55.08985,153,1244,-1749,541,4556,-128,352,681
55.09035,153,1243,-1751,538,4566,-128,352,682
55.09085,154,1243,-1751,534,4575,-127,352,682
55.09135,154,1243,-1751,529,4586,-128,351,683
55.09185,155,1243,-1751,527,4591,-127,351,684
55.09235,156,1242,-1752,528,4593,-127,351,685
55.09285,156,1243,-1749,529,4604,-127,352,685
55.09335,157,1243,-1745,531,4612,-127,352,685
55.09385,156,1243,-1745,534,4620,-127,352,684
55.09435,156,1243,-1749,536,4630,-127,352,684
55.09485,156,1243,-1750,536,4641,-128,352,683
55.09535,155,1243,-1750,535,4647,-127,352,683
55.095848,155,1244,-1750,534,4646,-128,352,683
55.09635,154,1244,-1751,535,4650,-128,352,683
55.09685,155,1244,-1751,538,4662,-128,351,683
55.09735,155,1244,-1749,539,4705,-128,351,682
55.09785,156,1244,-1748,538,4717,-128,351,683
55.09835,157,1244,-1748,539,4721,-128,351,682
55.09885,156,1244,-1748,540,4708,-129,351,682
55.09935,155,1244,-1750,542,4688,-129,352,681
55.09985,156,1245,-1752,545,4687,-129,353,682
55.10035,156,1245,-1754,547,4691,-128,353,682
55.10085,156,1245,-1755,545,4704,-128,353,681
55.10135,156,1246,-1752,540,4711,-128,353,681
55.10185,156,1246,-1750,536,4702,-128,353,681
55.10235,157,1245,-1747,533,4694,-128,352,681
55.10285,157,1245,-1747,531,4684,-128,352,681
55.10335,157,1245,-1748,531,4680,-128,351,680
55.10385,157,1245,-1747,530,4674,-128,351,680
55.10435,157,1245,-1746,532,4672,-128,351,680
55.10485,157,1246,-1747,534,4666,-127,351,679
55.10535,156,1246,-1749,537,4655,-126,351,679
55.10585,156,1246,-1752,540,4636,-126,351,680
55.10635,156,1247,-1752,541,4624,-126,352,679
55.10685,156,1246,-1752,538,4630,-126,352,679
55.10735,156,1247,-1751,535,4653,-127,352,678
55.10785,157,1247,-1748,533,4644,-128,351,678
55.10835,157,1247,-1746,532,4633,-128,351,679
55.10885,157,1247,-1745,531,4602,-128,351,680
55.10935,157,1248,-1746,532,4556,-127,351,681
55.10985,156,1248,-1748,535,4537,-127,351,682
55.11035,156,1248,-1749,538,4525,-127,351,682
55.11095,157,1248,-1750,539,4524,-127,352,681
55.11145,157,1247,-1750,538,4514,-127,352,681
55.11195,158,1247,-1750,536,4497,-126,352,682
55.11245,157,1247,-1750,536,4486,-126,352,682
55.11295,158,1246,-1749,535,4486,-125,352,683
55.11345,158,1246,-1747,536,4482,-125,351,683
55.11395,158,1246,-1746,537,4467,-125,351,682
55.11445,158,1247,-1746,540,4458,-125,351,683
55.11495,158,1247,-1747,543,4459,-125,352,682
55.11545,158,1247,-1748,543,4452,-125,353,682
55.11595,158,1247,-1748,542,4451,-125,353,682
55.11645,158,1247,-1750,542,4447,-125,353,682
55.11695,158,1247,-1751,542,4451,-125,352,682
55.11745,158,1247,-1752,539,4481,-125,352,682
55.11795,158,1247,-1752,535,4476,-125,352,682
55.11845,158,1247,-1752,535,4464,-125,352,682
55.11895,158,1248,-1753,535,4435,-125,352,681
55.11945,158,1248,-1753,536,4403,-125,352,681
55.11995,159,1248,-1752,537,4388,-125,352,681
55.12045,159,1248,-1750,537,4387,-125,351,681
55.12095,159,1248,-1749,538,4392,-125,351,681
55.12145,159,1248,-1748,535,4395,-125,351,681
55.12195,159,1248,-1748,532,4396,-126,350,680
55.12245,160,1248,-1748,530,4398,-126,351,679
55.12295,159,1248,-1749,530,4402,-126,350,680
55.12345,159,1248,-1750,531,4399,-125,351,680
55.12395,159,1248,-1751,534,4407,-125,352,680
55.12445,159,1249,-1751,537,4409,-124,352,680
55.12495,159,1248,-1750,540,4413,-125,352,680
55.12545,159,1248,-1749,541,4416,-124,352,680
55.12595,159,1248,-1748,541,4417,-124,352,680
55.12645,159,1248,-1749,540,4417,-124,352,680
55.12695,159,1248,-1750,537,4429,-124,352,681
55.12745,158,1248,-1750,534,4465,-125,351,681
55.12795,158,1249,-1749,534,4461,-124,351,682
55.12845,158,1249,-1749,536,4456,-124,351,681
55.12895,157,1250,-1748,536,4440,-124,352,682
55.12945,157,1249,-1747,536,4410,-124,353,682
55.12995,157,1250,-1747,536,4408,-124,352,684
55.13045,158,1249,-1749,539,4417,-124,352,684
55.13095,158,1248,-1750,540,4428,-124,352,684
55.13145,159,1248,-1750,540,4436,-124,352,685
55.13195,159,1248,-1750,538,4440,-123,352,686
55.13245,158,1249,-1748,536,4444,-123,353,686
55.13295,157,1249,-1747,534,4458,-122,352,686
55.13345,157,1250,-1748,534,4471,-121,352,686
55.13395,157,1250,-1748,534,4480,-121,351,686
55.13445,157,1250,-1750,535,4487,-121,351,685
55.13495,158,1250,-1750,535,4491,-122,351,685
55.13545,158,1249,-1749,536,4489,-122,351,684
55.13595,157,1250,-1747,538,4491,-122,351,684
55.13645,157,1250,-1746,540,4499,-123,351,683
55.13695,158,1250,-1745,541,4516,-122,351,683
55.13745,158,1250,-1746,539,4548,-122,351,683
55.13795,158,1250,-1747,537,4548,-122,351,683
55.13845,158,1250,-1747,536,4546,-122,351,684
55.13895,159,1250,-1747,536,4526,-122,351,683
55.13945,158,1250,-1747,534,4506,-121,351,683
55.13995,158,1250,-1746,532,4499,-121,351,684
55.14045,158,1250,-1747,531,4502,-121,351,684
55.14095,158,1250,-1747,533,4515,-122,352,683
55.14145,158,1250,-1748,535,4520,-121,353,684
55.14195,158,1250,-1748,536,4517,-121,353,683
55.14245,158,1250,-1749,537,4521,-121,353,683
55.14295,158,1250,-1750,536,4516,-121,352,683
55.14345,158,1249,-1751,536,4520,-121,352,683
55.14395,158,1249,-1751,535,4523,-121,352,683
55.14445,158,1249,-1749,535,4527,-122,351,683
55.14495,158,1250,-1747,535,4530,-121,352,683
55.14545,157,1250,-1748,537,4529,-122,352,683
55.14595,157,1250,-1748,539,4527,-122,352,682
55.14645,157,1250,-1747,538,4529,-122,352,682
55.14695,157,1250,-1746,537,4551,-122,352,683
55.14745,158,1250,-1746,537,4583,-121,351,683
55.14795,157,1250,-1747,538,4575,-121,351,683
55.14845,158,1250,-1748,539,4567,-122,352,683
55.14895,158,1250,-1748,539,4542,-122,351,683
55.14945,158,1250,-1749,539,4519,-122,351,682
55.14995,159,1249,-1750,538,4516,-122,351,682
55.15045,159,1249,-1750,537,4527,-122,350,682
55.15095,159,1249,-1749,536,4539,-122,350,682
55.15145,159,1250,-1748,535,4541,-122,351,682
55.15195,159,1249,-1747,534,4544,-122,351,682
55.15245,160,1250,-1747,535,4549,-122,351,682
55.15295,160,1249,-1745,535,4557,-121,351,682
55.15345,159,1249,-1746,537,4566,-121,351,682
55.15395,160,1249,-1748,539,4573,-121,351,682
55.15445,159,1249,-1749,539,4580,-121,351,682
55.15495,159,1249,-1748,538,4586,-122,352,682
55.15545,160,1249,-1747,538,4589,-122,352,682
55.15595,159,1249,-1747,538,4592,-121,352,682
55.15645,160,1250,-1748,539,4592,-121,351,683
55.156948,159,1250,-1748,541,4612,-121,351,683
55.15745,158,1250,-1749,542,4638,-121,351,683
55.15795,157,1251,-1750,543,4634,-121,352,683
55.15845,157,1251,-1750,543,4628,-121,353,682
55.15895,157,1251,-1752,543,4602,-121,353,682
55.15945,158,1251,-1754,544,4585,-121,352,682
55.15995,158,1250,-1754,544,4581,-121,352,682
55.16045,159,1250,-1753,540,4583,-121,351,682
55.16095,159,1250,-1752,537,4589,-121,351,682
55.16145,158,1250,-1750,535,4595,-121,352,682
55.16195,158,1250,-1748,535,4597,-121,351,682
55.16245,158,1250,-1747,536,4598,-120,351,682
55.16295,158,1250,-1748,536,4595,-121,351,682
55.16345,158,1250,-1748,538,4596,-120,351,682
55.16395,158,1250,-1748,538,4599,-120,351,682
55.16445,158,1250,-1746,538,4601,-120,351,682
55.16495,158,1250,-1746,539,4605,-120,351,682
55.16545,158,1250,-1746,540,4609,-120,351,682
55.16595,158,1250,-1746,541,4611,-120,351,681
55.16645,159,1250,-1747,541,4609,-120,351,681
55.16695,159,1250,-1747,540,4625,-120,351,681
55.16745,158,1250,-1748,539,4650,-120,351,681
55.16795,159,1250,-1749,538,4647,-121,351,681
55.16845,159,1250,-1751,537,4639,-121,352,681
55.16895,159,1250,-1752,536,4609,-121,353,681
55.16945,159,1250,-1751,537,4587,-121,353,682
55.16995,158,1251,-1749,537,4582,-121,352,681
55.17045,158,1251,-1746,536,4591,-122,352,681
55.17095,158,1251,-1744,534,4593,-122,352,681
55.17145,158,1251,-1745,533,4591,-122,352,682
55.17195,159,1250,-1746,535,4591,-122,351,682
55.17255,158,1250,-1747,537,4597,-122,351,682
55.17305,159,1250,-1748,539,4602,-121,351,683
55.17355,159,1249,-1748,540,4605,-121,351,682
55.17405,159,1249,-1748,540,4602,-121,351,682
55.17455,159,1249,-1749,540,4605,-120,351,682
55.17505,159,1249,-1750,541,4604,-120,352,682
55.17555,159,1250,-1750,541,4601,-120,352,683
55.17605,159,1250,-1748,540,4599,-120,352,682
55.17655,159,1250,-1747,539,4592,-119,352,682
55.17705,159,1250,-1747,537,4618,-120,352,683
55.17755,159,1250,-1747,535,4642,-121,352,682
55.17805,159,1250,-1748,532,4630,-121,351,682
55.17855,160,1250,-1748,533,4624,-121,351,682
55.17905,159,1250,-1748,534,4594,-121,352,682
55.17955,159,1250,-1747,535,4572,-121,351,682
55.18005,159,1250,-1745,537,4567,-120,351,682
55.18055,159,1250,-1745,539,4569,-120,352,682
55.18105,159,1250,-1745,540,4575,-120,352,682
55.18155,159,1250,-1746,541,4580,-120,352,682
55.18205,160,1250,-1747,540,4584,-120,352,682
55.18255,160,1250,-1748,540,4586,-120,352,682
55.18305,159,1250,-1748,540,4586,-120,352,682
55.18355,160,1250,-1750,541,4591,-120,352,681
55.18405,160,1249,-1750,541,4592,-120,353,681
55.18455,160,1250,-1750,539,4590,-120,352,682
55.18505,160,1250,-1749,536,4593,-120,352,682
55.18555,159,1250,-1747,535,4597,-119,352,682
55.18605,160,1250,-1746,534,4598,-119,352,683
55.18655,159,1250,-1747,535,4600,-119,351,683
55.18705,160,1250,-1747,537,4625,-119,350,684
55.18755,160,1250,-1747,537,4646,-119,350,684
55.18805,160,1250,-1747,537,4646,-119,351,684
55.18855,160,1250,-1746,537,4636,-119,351,684
55.18905,160,1250,-1746,537,4603,-119,352,684
55.18955,160,1250,-1745,538,4587,-120,352,684
55.19005,160,1250,-1745,538,4590,-120,352,684
55.19055,160,1250,-1745,536,4595,-120,352,684
55.19105,161,1250,-1746,535,4600,-120,352,684
55.19155,160,1250,-1747,535,4596,-120,352,683
55.19205,160,1250,-1748,537,4587,-120,352,683
55.19255,161,1250,-1748,538,4578,-120,352,683
55.19305,161,1250,-1748,540,4578,-120,352,683
55.19355,161,1250,-1748,541,4581,-120,352,683
55.19405,161,1250,-1749,543,4581,-120,352,683
55.19455,161,1250,-1749,543,4584,-120,352,683
55.19505,161,1250,-1748,542,4586,-120,351,683
55.19555,161,1250,-1748,541,4588,-120,352,683
55.19605,161,1250,-1748,540,4588,-120,352,683
55.19655,161,1250,-1748,540,4585,-120,353,683
55.19705,161,1250,-1747,540,4613,-121,353,683
55.19755,161,1250,-1746,540,4628,-121,353,682
55.19805,161,1250,-1746,540,4619,-121,354,682
55.19855,161,1251,-1745,540,4610,-121,353,682
55.19905,161,1250,-1745,540,4578,-121,353,681
55.19955,161,1251,-1746,539,4562,-121,352,681
55.20005,161,1251,-1746,535,4555,-121,352,682
55.20055,160,1251,-1747,531,4560,-121,352,681
55.20105,160,1251,-1747,531,4574,-121,352,681
55.20155,160,1251,-1748,533,4575,-121,352,682
55.20205,160,1251,-1748,536,4583,-121,352,683
55.20255,160,1251,-1749,538,4607,-121,352,683
55.20305,161,1251,-1748,538,4615,-121,353,684
55.20355,161,1251,-1746,538,4616,-121,353,683
55.20405,161,1251,-1746,537,4620,-121,353,684
55.20455,161,1251,-1746,535,4609,-121,353,683
55.20505,161,1251,-1746,535,4608,-121,353,683
55.20555,161,1251,-1747,536,4604,-121,352,683
55.20605,161,1251,-1747,538,4603,-122,352,683
55.20655,161,1252,-1747,539,4601,-121,353,683
55.20705,161,1251,-1748,542,4632,-121,353,682
55.20755,161,1251,-1748,544,4640,-121,353,683
55.20805,161,1251,-1747,543,4635,-121,353,682
55.20855,161,1251,-1746,541,4614,-122,353,682
55.20905,161,1251,-1745,536,4580,-122,352,681
55.20955,162,1250,-1745,533,4569,-122,352,682
55.21005,162,1251,-1745,533,4573,-122,352,682
55.21055,161,1251,-1745,533,4587,-122,352,682
55.21105,161,1251,-1745,535,4582,-122,352,683
55.21155,162,1251,-1746,536,4567,-122,352,683
55.21205,161,1251,-1747,537,4559,-122,352,683
55.21255,162,1251,-1747,538,4559,-122,351,683
55.21305,161,1251,-1746,537,4568,-121,352,684
55.21355,161,1252,-1746,537,4578,-121,352,684
55.21405,162,1251,-1746,537,4590,-122,352,684
55.21455,161,1251,-1746,537,4594,-122,352,683
55.21505,161,1252,-1746,537,4588,-122,352,681
55.21555,162,1251,-1746,537,4589,-123,352,680
55.21605,162,1252,-1745,538,4599,-123,352,679
55.21655,162,1251,-1746,538,4607,-124,352,678
55.21705,162,1252,-1747,538,4642,-124,352,678
55.21755,162,1252,-1748,537,4650,-125,352,677
55.21805,161,1251,-1749,538,4640,-125,353,677
55.21855,161,1251,-1750,537,4618,-125,353,677
55.21905,162,1252,-1750,537,4584,-126,353,676
55.21955,161,1252,-1748,537,4574,-126,353,676
55.22005,162,1252,-1744,537,4576,-126,353,675
55.22055,162,1252,-1743,537,4582,-127,352,675
55.22105,161,1252,-1744,537,4584,-127,353,674
55.22155,162,1252,-1745,537,4587,-127,352,674
55.22205,162,1252,-1746,537,4594,-127,352,675
55.22255,161,1252,-1746,538,4595,-127,353,676
55.22305,162,1252,-1747,537,4590,-127,353,677
55.22355,162,1252,-1747,538,4596,-127,353,679
55.22405,162,1252,-1747,538,4593,-126,353,680
55.22455,162,1252,-1746,537,4593,-126,353,682
55.22505,162,1252,-1746,537,4598,-125,353,683
55.22555,161,1252,-1747,538,4581,-124,353,684
55.22605,162,1252,-1747,538,4566,-124,353,685
55.22655,161,1252,-1747,538,4582,-124,353,684
55.22705,161,1252,-1747,539,4621,-124,353,684
55.22755,162,1252,-1748,538,4629,-125,353,683
55.22805,162,1252,-1747,537,4624,-125,353,683
55.22855,162,1252,-1747,537,4597,-126,353,683
55.22905,162,1252,-1746,537,4564,-126,354,684
55.22955,162,1252,-1746,537,4554,-126,353,685
55.23005,162,1252,-1746,538,4556,-126,354,686
55.23055,162,1252,-1746,538,4553,-125,354,687
55.23105,162,1252,-1746,538,4552,-125,354,687
55.23155,162,1252,-1746,538,4544,-126,354,687
55.23205,161,1252,-1746,537,4546,-126,353,686
55.23255,162,1252,-1746,537,4555,-126,353,685
55.23305,162,1252,-1746,538,4570,-127,353,684
55.23355,162,1252,-1746,538,4576,-127,353,683
55.23415,162,1252,-1746,537,4583,-128,353,683
55.23465,162,1252,-1747,538,4585,-128,353,682
55.23515,162,1252,-1746,538,4584,-129,353,682
55.23565,162,1252,-1747,538,4588,-129,353,682
55.23615,162,1252,-1747,538,4582,-129,353,681
55.23665,162,1252,-1747,538,4586,-129,353,681
55.23715,162,1252,-1747,538,4622,-129,352,682
55.23765,162,1252,-1747,538,4627,-129,353,682
55.23815,162,1252,-1747,538,4626,-129,353,682
55.23865,162,1252,-1747,538,4607,-129,353,681
55.23915,162,1252,-1746,538,4575,-129,353,681
55.23965,163,1252,-1746,538,4562,-130,352,681
55.24015,162,1252,-1746,538,4561,-130,353,681
55.24065,162,1252,-1746,538,4565,-130,353,681
55.24115,162,1252,-1746,538,4569,-130,352,681
55.24165,161,1253,-1746,538,4567,-130,352,681
55.24215,160,1254,-1746,538,4567,-130,352,682
55.24265,160,1255,-1746,538,4562,-129,352,682
55.24315,160,1254,-1746,538,4554,-130,351,682
55.24365,160,1254,-1746,538,4552,-129,352,683
55.24415,160,1254,-1746,538,4555,-130,351,683
55.24465,161,1253,-1746,538,4555,-130,351,683
55.24515,161,1253,-1747,538,4559,-130,351,683
55.24565,161,1253,-1746,538,4561,-130,351,683
55.24615,161,1253,-1746,538,4559,-131,351,682
55.24665,161,1253,-1746,538,4566,-131,351,682
55.24715,161,1253,-1746,538,4604,-131,351,682
55.24765,161,1253,-1746,537,4603,-131,352,681
55.24815,161,1253,-1746,537,4588,-132,351,681
55.24865,161,1253,-1746,538,4558,-132,352,680
55.24915,161,1253,-1746,537,4523,-131,352,680
55.24965,161,1254,-1747,538,4515,-132,352,680
55.25015,161,1253,-1746,538,4516,-132,353,680
55.25065,161,1253,-1747,538,4516,-132,353,680
55.25115,161,1253,-1747,538,4510,-132,353,680
55.25165,161,1253,-1747,538,4507,-132,353,680
55.25215,161,1253,-1747,538,4506,-132,353,681
55.25265,161,1253,-1747,538,4510,-132,353,681
55.25315,161,1253,-1747,538,4512,-132,353,682
55.25365,161,1253,-1747,538,4517,-132,353,681
55.25415,161,1253,-1747,538,4524,-132,353,683
55.25465,161,1253,-1747,538,4518,-132,353,683
55.25515,161,1253,-1747,538,4514,-132,353,683
55.25565,161,1253,-1746,539,4512,-132,353,683
55.25615,161,1253,-1746,539,4507,-132,353,682
55.25665,161,1253,-1746,540,4515,-132,353,682
55.25715,161,1253,-1745,540,4549,-133,353,682
55.25765,160,1253,-1745,538,4543,-133,353,681
55.25815,160,1253,-1745,537,4530,-133,353,681
55.25865,160,1254,-1746,536,4497,-133,353,680
55.25915,160,1253,-1747,536,4465,-134,354,680
55.25965,160,1253,-1748,537,4461,-134,354,680
55.26015,160,1253,-1748,539,4456,-134,354,680
55.26065,160,1253,-1748,539,4457,-135,354,679
55.26115,160,1253,-1747,540,4454,-135,354,679
55.26165,160,1254,-1745,540,4446,-135,354,679
55.26215,160,1253,-1745,540,4439,-134,354,679
55.26265,160,1253,-1746,540,4432,-134,354,679
55.26315,160,1253,-1745,540,4431,-134,353,680
55.26365,160,1254,-1746,538,4429,-134,353,680
55.26415,160,1253,-1745,536,4430,-134,353,680
55.26465,160,1253,-1745,536,4430,-134,353,680
55.26515,160,1253,-1746,537,4423,-135,353,680
55.26565,160,1253,-1747,539,4408,-134,353,680
55.26615,160,1253,-1747,540,4396,-134,353,681
55.26665,160,1253,-1747,542,4412,-134,353,681
55.26715,160,1253,-1747,541,4437,-134,353,681
55.26765,160,1253,-1747,540,4421,-135,353,681
55.26815,160,1252,-1746,540,4407,-135,353,680
55.26865,160,1253,-1745,539,4382,-135,353,680
55.26915,160,1253,-1744,538,4360,-135,353,680
55.26965,160,1253,-1744,536,4353,-135,353,680
55.27015,160,1252,-1744,533,4349,-135,352,681
55.27065,159,1252,-1744,532,4349,-135,352,681
55.27115,160,1253,-1745,533,4348,-135,352,680
55.27165,160,1253,-1746,534,4345,-135,352,681
55.27215,160,1253,-1746,536,4344,-135,352,680
55.27265,159,1253,-1746,537,4336,-134,352,681
55.27315,159,1253,-1746,537,4336,-135,352,680
55.27365,159,1253,-1746,537,4332,-135,352,680
55.27415,159,1253,-1746,538,4330,-135,352,680
55.27465,159,1253,-1747,538,4329,-135,352,679
55.27515,159,1253,-1748,537,4322,-135,352,679
55.27565,159,1253,-1747,537,4310,-135,353,680
55.27615,159,1253,-1746,537,4302,-134,353,680
55.27665,159,1252,-1745,537,4316,-134,352,680
55.27715,159,1252,-1745,538,4346,-134,352,680
55.27765,159,1252,-1746,538,4338,-134,352,681
55.27815,159,1252,-1746,538,4324,-134,352,680
55.27865,159,1252,-1747,538,4287,-134,353,680
55.27915,159,1252,-1747,538,4260,-133,353,681
55.27965,159,1253,-1747,538,4253,-133,352,681
55.28015,159,1253,-1746,538,4246,-132,352,681
55.28065,159,1252,-1744,538,4245,-133,352,681
55.28115,158,1252,-1744,538,4247,-133,352,681
55.28165,158,1252,-1744,538,4247,-133,353,680
55.28215,158,1253,-1745,538,4247,-134,353,681
55.28265,158,1252,-1745,537,4251,-134,353,680
55.28315,158,1253,-1746,537,4245,-135,352,680
55.28365,158,1252,-1746,537,4245,-135,352,679
55.28415,158,1253,-1746,536,4246,-135,352,679
55.28465,158,1253,-1745,537,4239,-134,352,677
55.28515,158,1253,-1745,537,4239,-134,352,677
55.28565,158,1253,-1745,537,4240,-134,352,677
55.286148,158,1253,-1746,537,4237,-134,353,677
55.28665,158,1253,-1746,538,4249,-134,352,678
55.28715,158,1252,-1746,538,4278,-135,352,678
55.28765,158,1253,-1745,538,4277,-134,352,679
55.28815,157,1253,-1746,538,4264,-134,353,679
55.28865,157,1253,-1746,538,4225,-133,354,679
55.28915,157,1252,-1746,539,4192,-133,353,679
55.28965,157,1252,-1746,539,4182,-132,353,680
55.29015,158,1252,-1746,539,4184,-132,352,680
55.29065,158,1252,-1746,539,4195,-132,352,680
55.29115,157,1251,-1746,539,4196,-132,352,681
55.29165,158,1251,-1746,538,4191,-132,351,681
55.29215,157,1251,-1746,537,4184,-131,352,681
55.29265,157,1252,-1746,537,4183,-132,351,682
55.29315,157,1251,-1746,538,4192,-132,351,681
55.29365,157,1252,-1746,538,4200,-132,351,681
55.29415,157,1252,-1746,539,4199,-132,352,681
55.29465,157,1252,-1746,538,4194,-132,352,681
55.29525,157,1252,-1746,539,4191,-132,352,681
55.29575,156,1252,-1747,539,4188,-132,353,681
55.29625,157,1252,-1747,538,4183,-132,353,681
55.29675,157,1252,-1747,539,4201,-132,353,680
55.29725,157,1252,-1747,538,4225,-132,352,680
55.29775,157,1252,-1747,538,4222,-132,353,680
55.29825,157,1252,-1747,538,4213,-132,353,680
55.29875,156,1252,-1746,538,4181,-132,353,680
55.29925,156,1252,-1746,539,4157,-131,353,680
55.29975,157,1251,-1746,540,4151,-131,353,680
55.30025,157,1252,-1746,540,4148,-132,353,678
55.30075,157,1251,-1745,539,4151,-132,352,677
55.30125,157,1252,-1745,538,4151,-132,352,676
55.30175,157,1251,-1745,537,4146,-132,352,676
55.30225,157,1251,-1745,536,4149,-132,353,676
55.30275,157,1252,-1746,537,4147,-131,352,676
55.30325,157,1251,-1745,538,4145,-132,352,677
55.30375,156,1251,-1746,538,4146,-131,352,677
55.30425,156,1251,-1746,539,4140,-131,351,677
55.30475,156,1251,-1746,539,4138,-132,352,677
55.30525,156,1252,-1746,539,4135,-131,352,678
55.30575,157,1251,-1747,539,4132,-132,352,678
55.30625,156,1251,-1746,539,4136,-132,352,678
55.30675,156,1252,-1747,539,4159,-131,351,678
55.30725,156,1251,-1747,539,4179,-132,351,679
55.30775,156,1252,-1747,539,4168,-131,351,680
55.30825,156,1252,-1747,539,4150,-131,352,681
55.30875,156,1252,-1747,539,4118,-131,352,681
55.30925,156,1252,-1747,539,4091,-130,352,682
55.30975,156,1252,-1746,539,4085,-130,351,683
55.31025,155,1252,-1746,539,4087,-129,351,684
55.31075,156,1252,-1745,539,4086,-128,351,685
55.31125,155,1252,-1746,539,4092,-127,351,685
55.31175,156,1252,-1746,539,4086,-127,351,685
55.31225,156,1251,-1747,539,4079,-127,351,683
55.31275,156,1252,-1746,540,4079,-128,351,683
55.31325,156,1251,-1747,540,4080,-128,350,681
55.31375,156,1252,-1747,541,4084,-129,350,681
55.31425,156,1251,-1747,541,4086,-129,350,681
55.31475,155,1251,-1747,541,4089,-129,350,681
55.31525,155,1252,-1748,541,4091,-129,350,681
55.31575,155,1252,-1747,541,4091,-129,350,681
55.31625,155,1252,-1747,540,4089,-129,350,682
55.31675,155,1252,-1747,539,4118,-128,350,682
55.31725,155,1252,-1747,538,4145,-128,350,682
55.31775,155,1252,-1746,537,4139,-129,350,681
55.31825,155,1252,-1746,537,4125,-129,350,681
55.31875,155,1251,-1746,537,4087,-129,350,680
55.31925,155,1252,-1747,538,4067,-129,350,681
55.31975,155,1252,-1747,539,4071,-128,350,681
55.32025,155,1252,-1747,539,4069,-129,350,681
55.32075,155,1252,-1746,539,4071,-130,350,681
55.32125,155,1252,-1746,539,4075,-130,350,681
55.32175,154,1252,-1747,539,4076,-130,350,681
55.32225,154,1253,-1747,540,4075,-130,351,681
55.32275,155,1252,-1747,540,4074,-129,351,681
55.32325,154,1253,-1746,540,4071,-129,351,681
55.32375,155,1252,-1746,540,4066,-128,351,682
55.32425,154,1252,-1746,540,4068,-127,351,681
55.32475,155,1253,-1746,540,4071,-127,351,681
55.32525,154,1252,-1747,539,4067,-127,351,681
55.32575,154,1252,-1746,539,4067,-127,351,680
55.32625,155,1252,-1746,539,4066,-127,351,680
55.32675,155,1252,-1747,539,4101,-127,350,680
55.32725,155,1252,-1746,538,4118,-127,351,680
55.32775,154,1252,-1747,538,4109,-127,350,679
55.32825,154,1252,-1747,538,4094,-127,350,680
55.32875,154,1252,-1747,539,4055,-127,351,679
55.32925,154,1252,-1747,538,4039,-127,350,679
55.32975,154,1252,-1747,539,4034,-127,349,680
55.33025,154,1253,-1746,539,4038,-128,349,679
55.33075,154,1252,-1746,539,4046,-128,349,679
55.33125,154,1252,-1746,540,4045,-128,349,679
55.33175,154,1253,-1746,539,4048,-128,349,679
55.33225,154,1253,-1747,540,4047,-128,349,679
55.33275,154,1253,-1747,540,4049,-128,349,679
55.33325,154,1253,-1747,540,4052,-128,348,679
55.33375,154,1253,-1747,540,4058,-128,348,679
55.33425,154,1253,-1747,539,4064,-129,349,679
55.33475,154,1253,-1747,539,4068,-129,349,679
55.33525,153,1253,-1747,539,4068,-129,349,680
55.33575,153,1253,-1747,539,4068,-128,349,680
55.33625,154,1253,-1747,539,4073,-128,349,680
55.33675,154,1253,-1747,540,4106,-128,348,681
55.33725,153,1253,-1747,539,4114,-128,348,680
55.33775,153,1253,-1746,539,4101,-128,348,680
55.33825,153,1253,-1747,539,4090,-128,349,680
55.33875,153,1253,-1747,540,4056,-128,349,680
55.33925,153,1254,-1747,541,4040,-128,350,681
55.33975,153,1253,-1747,541,4036,-128,350,680
55.34025,153,1253,-1748,542,4032,-128,350,681
55.34075,153,1254,-1749,542,4037,-128,349,681
55.34125,153,1254,-1749,542,4035,-128,349,681
55.34175,152,1254,-1748,542,4033,-128,349,681
55.34225,153,1254,-1748,542,4033,-128,349,680
55.34275,153,1254,-1748,542,4033,-128,348,680
55.34325,153,1254,-1747,541,4033,-128,349,679
55.34375,153,1254,-1747,539,4034,-128,349,680
55.34425,152,1254,-1746,538,4026,-128,349,680
55.34475,152,1254,-1746,538,4030,-129,350,680
55.34525,152,1254,-1746,538,4032,-129,350,680
55.34575,152,1254,-1747,540,4029,-129,350,679
55.34625,152,1255,-1747,540,4033,-129,350,680
55.34675,152,1254,-1748,541,4065,-129,350,680
55.347248,152,1254,-1748,541,4075,-129,351,680
55.34775,152,1255,-1748,541,4069,-129,351,679
55.34825,152,1255,-1748,541,4050,-129,351,679
55.34875,151,1255,-1748,541,4011,-129,351,679
55.34925,152,1255,-1748,541,4001,-129,351,679
55.34975,152,1254,-1748,541,4002,-130,351,679
55.35025,152,1255,-1747,540,4006,-130,351,680
55.35075,152,1255,-1747,539,4011,-130,351,679
55.35125,152,1255,-1747,538,4019,-130,351,680
55.35175,152,1255,-1747,539,4016,-130,351,680
55.35225,151,1255,-1747,539,4016,-130,351,680
55.35275,152,1255,-1747,539,4018,-130,351,680
55.35325,151,1255,-1747,539,4019,-130,351,679
55.35375,152,1255,-1747,540,4024,-130,351,680
55.35425,151,1256,-1748,540,4024,-130,351,679
55.35475,151,1255,-1748,541,4031,-131,350,679
55.35525,151,1255,-1749,541,4032,-131,350,679
55.35575,151,1255,-1749,541,4030,-131,350,679
55.35625,151,1255,-1749,540,4036,-131,350,680
55.35675,151,1255,-1748,541,4074,-131,350,680
55.35735,151,1256,-1747,540,4085,-131,350,680
55.35785,151,1256,-1747,540,4077,-131,350,680
55.35835,151,1256,-1747,541,4054,-131,350,680
55.35885,151,1256,-1747,541,4021,-131,350,680
55.35935,151,1256,-1747,541,4011,-131,350,680
55.35985,151,1256,-1748,541,4012,-131,349,680
55.36035,151,1256,-1748,540,4017,-132,350,680
55.36085,151,1256,-1748,540,4020,-132,350,680
55.36135,151,1256,-1748,540,4023,-132,350,680
55.36185,151,1256,-1748,540,4025,-132,349,679
55.36235,151,1256,-1748,540,4025,-132,350,679
55.36285,151,1256,-1747,540,4021,-132,349,680
55.36335,151,1257,-1747,539,4020,-132,349,680
55.36385,151,1257,-1748,540,4025,-132,349,680
55.36435,151,1257,-1747,540,4032,-132,349,680
55.36485,151,1257,-1747,540,4035,-133,349,680
55.36535,151,1257,-1748,541,4039,-132,349,679
55.36585,151,1257,-1748,541,4043,-133,349,679
55.36635,151,1257,-1748,541,4047,-133,349,679
55.36685,151,1257,-1748,541,4085,-133,349,680
55.36735,151,1257,-1748,540,4093,-133,349,679
55.36785,151,1258,-1748,540,4093,-133,349,679
55.36835,150,1258,-1747,539,4072,-134,349,679
55.36885,150,1258,-1746,539,4041,-133,349,679
55.36935,151,1258,-1746,540,4034,-134,349,679
55.36985,151,1258,-1747,540,4040,-134,350,679
55.37035,150,1258,-1747,541,4050,-134,349,680
55.37085,151,1258,-1747,541,4060,-134,350,680
55.37135,150,1258,-1748,541,4072,-134,350,679
55.37185,150,1258,-1748,542,4077,-134,350,680
55.37235,150,1259,-1748,542,4072,-134,350,679
55.37285,150,1259,-1748,541,4077,-134,350,680
55.37335,150,1259,-1747,540,4078,-134,350,679
55.37385,150,1258,-1747,541,4088,-134,350,679
55.37435,150,1259,-1748,541,4090,-134,350,680
55.37485,150,1259,-1748,541,4093,-134,351,680
55.37535,151,1259,-1748,541,4099,-135,350,680
55.37585,150,1259,-1747,540,4099,-135,350,680
55.37635,151,1259,-1748,541,4108,-135,350,680
55.37685,150,1259,-1747,540,4143,-135,349,680
55.37735,151,1259,-1748,539,4142,-135,349,680
55.37785,150,1259,-1747,539,4136,-134,349,680
55.37835,151,1259,-1748,539,4114,-135,349,680
55.37885,150,1260,-1748,539,4084,-135,348,680
55.37935,151,1260,-1747,539,4075,-135,348,680
55.37985,150,1260,-1747,539,4075,-135,348,680
55.38035,151,1260,-1747,540,4080,-135,349,680
55.38085,151,1260,-1748,540,4083,-136,349,680
55.38135,150,1260,-1748,540,4086,-135,349,680
55.38185,151,1260,-1748,540,4089,-136,349,680
55.38235,151,1260,-1748,540,4092,-136,349,679
55.38285,151,1261,-1747,540,4093,-137,348,679
55.38335,151,1260,-1748,540,4088,-136,349,679
55.38385,151,1261,-1748,540,4092,-137,349,679
55.38435,151,1261,-1748,540,4094,-137,349,679
55.38485,151,1261,-1747,540,4097,-137,349,679
55.38535,151,1261,-1747,540,4097,-137,348,679
55.38585,151,1261,-1748,540,4096,-137,349,679
55.38635,151,1261,-1747,540,4109,-137,348,679
55.38685,151,1261,-1748,540,4146,-137,348,679
55.38735,150,1262,-1747,540,4146,-137,348,678
55.38785,150,1262,-1748,540,4139,-137,348,678
55.38835,150,1262,-1747,540,4119,-137,349,678
55.38885,150,1262,-1747,540,4092,-137,349,678
55.38935,150,1262,-1748,540,4084,-137,349,678
55.38985,151,1262,-1747,540,4083,-137,348,678
55.39035,151,1261,-1748,540,4083,-137,349,679
55.39085,152,1261,-1747,540,4084,-137,349,680
55.39135,152,1262,-1747,539,4082,-137,348,680
55.39185,151,1262,-1747,540,4084,-137,349,680
55.39235,152,1262,-1748,540,4082,-137,349,681
55.39285,151,1262,-1748,540,4082,-137,349,681
55.39335,151,1262,-1748,541,4079,-137,349,681
55.39385,151,1262,-1748,540,4084,-137,349,680
55.39435,151,1262,-1748,541,4090,-137,349,680
55.39485,151,1262,-1748,540,4100,-137,349,680
55.39535,151,1262,-1748,540,4103,-138,349,681
55.39585,150,1263,-1748,540,4099,-138,349,680
55.39635,150,1263,-1748,541,4104,-138,348,680
55.39685,150,1264,-1748,540,4141,-138,348,679
55.39735,149,1264,-1748,540,4140,-138,349,679
55.39785,149,1265,-1747,540,4128,-138,348,679
55.39835,149,1265,-1747,539,4101,-138,349,677
55.39885,149,1265,-1747,539,4075,-139,348,676
55.39935,150,1265,-1748,540,4069,-139,348,675
55.39985,150,1265,-1747,540,4071,-139,348,675
55.40035,150,1264,-1748,540,4072,-139,349,675
55.40085,150,1265,-1747,540,4074,-138,348,675
55.40135,150,1264,-1747,540,4077,-139,349,676
55.40185,149,1265,-1748,540,4080,-138,349,676
55.40235,150,1264,-1748,540,4086,-138,348,677
55.40285,151,1264,-1748,540,4090,-139,349,677
55.40335,151,1264,-1748,540,4089,-139,349,678
55.40385,151,1265,-1748,540,4091,-139,349,679
55.40435,151,1265,-1747,540,4102,-139,348,679
55.40485,151,1265,-1747,540,4102,-139,348,680
55.40535,151,1265,-1747,540,4105,-139,348,680
55.40585,151,1265,-1747,541,4113,-138,348,682
55.40635,151,1265,-1748,541,4114,-138,348,683
55.40685,151,1265,-1747,539,3786,-138,349,683
55.40735,150,1266,-1748,540,3464,-138,349,683
55.40785,149,1267,-1748,541,3545,-138,349,683
55.408348,148,1268,-1748,540,3446,-137,349,684
55.40885,148,1269,-1747,539,3201,-138,350,683
55.40935,148,1268,-1748,541,3190,-137,349,684
55.40985,149,1268,-1748,541,3331,-137,349,683
55.41035,149,1268,-1748,541,3466,-137,348,683
55.41085,149,1268,-1748,540,3578,-137,349,682
55.41135,150,1268,-1748,540,3675,-137,348,682
55.41185,149,1268,-1748,539,3757,-138,348,681
55.41235,150,1268,-1748,538,3816,-138,348,681
55.41285,150,1268,-1748,538,3862,-138,348,681
55.41335,150,1268,-1748,539,3904,-138,348,681
55.41385,150,1268,-1748,539,3945,-138,348,681
55.41435,150,1268,-1748,540,3978,-138,348,681
55.41485,150,1268,-1748,539,4005,-139,348,681
55.41535,150,1268,-1748,540,4026,-139,348,680
55.41585,150,1268,-1748,540,4043,-139,348,681
55.41635,150,1268,-1748,540,4077,-138,348,681
55.41685,150,1269,-1748,540,4113,-138,347,681
55.41735,149,1268,-1748,540,4114,-138,348,681
55.41785,150,1268,-1748,540,4114,-138,347,681
55.41845,149,1268,-1748,539,4093,-138,348,681
55.41895,149,1269,-1747,539,4074,-138,348,681
55.41945,149,1269,-1748,539,4073,-138,348,681
55.41995,149,1270,-1747,540,4084,-138,348,681
55.42045,149,1270,-1748,540,4096,-138,348,681
55.42095,149,1270,-1748,540,4100,-138,348,681
55.42145,149,1270,-1748,540,4105,-138,348,681
55.42195,150,1270,-1748,540,4108,-138,348,681
55.42245,150,1270,-1748,540,4110,-138,348,681
55.42295,150,1269,-1748,540,4112,-138,348,681
55.42345,150,1269,-1748,540,4109,-138,348,681
55.42395,150,1269,-1748,540,4113,-138,349,681
55.42445,150,1270,-1748,540,4115,-138,349,681
55.42495,150,1270,-1748,540,4115,-138,349,681
55.42545,150,1270,-1748,540,4118,-138,349,681
55.42595,150,1270,-1748,540,4120,-138,349,680
55.42645,151,1270,-1747,540,4142,-139,349,679
55.42695,151,1270,-1748,540,4174,-139,349,679
55.42745,151,1270,-1748,540,4166,-139,349,679
55.42795,151,1270,-1748,540,4156,-139,349,679
55.42845,151,1270,-1748,539,4126,-139,350,679
55.42895,151,1271,-1748,540,4101,-139,350,679
55.42945,151,1271,-1748,540,4095,-139,350,679
55.42995,151,1271,-1747,539,4096,-139,349,679
55.43045,151,1271,-1747,539,4099,-139,349,679
55.43095,151,1271,-1748,539,4102,-139,349,678
55.43145,151,1270,-1748,539,4108,-139,349,679
55.43195,151,1271,-1747,539,4114,-139,349,679
55.43245,151,1271,-1747,539,4109,-139,349,680
55.43295,151,1271,-1748,539,4112,-139,349,680
55.43345,151,1271,-1748,540,4123,-139,349,680
55.43395,151,1271,-1748,540,4131,-138,349,682
55.43445,151,1271,-1747,540,4137,-138,349,681
55.43495,151,1271,-1747,540,4141,-139,349,681
55.43545,151,1271,-1748,540,4139,-139,348,681
55.43595,151,1271,-1748,540,4137,-139,349,681
55.43645,152,1271,-1748,540,4163,-138,348,682
55.43695,152,1271,-1748,540,4190,-138,348,682
55.43745,152,1272,-1748,539,4191,-139,348,682
55.43795,151,1272,-1747,539,4184,-138,348,682
55.43845,152,1272,-1747,539,4153,-138,348,683
55.43895,152,1273,-1747,539,4132,-138,349,683
55.43945,151,1273,-1747,540,4125,-138,348,682
55.43995,151,1273,-1747,540,4126,-138,349,683
55.44045,151,1273,-1747,540,4138,-138,349,683
55.44095,151,1273,-1748,540,4139,-138,349,683
55.44145,151,1273,-1748,540,4140,-138,349,683
55.44195,151,1273,-1748,540,4143,-137,350,684
55.44245,151,1273,-1748,540,4146,-137,349,683
55.44295,151,1273,-1748,539,4153,-137,350,683
55.44345,151,1272,-1748,539,4148,-138,349,683
55.44395,151,1273,-1748,540,4152,-138,349,682
55.44445,150,1273,-1748,539,4158,-138,349,682
55.44495,150,1274,-1748,540,4167,-138,349,681
55.44545,150,1274,-1748,539,4173,-138,349,681
55.44595,150,1274,-1748,539,4168,-139,349,681
55.44645,150,1274,-1747,540,4194,-138,349,682
55.44695,151,1274,-1748,539,4219,-138,348,681
55.44745,151,1274,-1748,539,4220,-138,349,681
55.44795,151,1273,-1747,539,4209,-138,349,680
55.44845,151,1273,-1748,539,4181,-138,349,680
55.44895,151,1273,-1748,539,4167,-138,349,680
55.44945,151,1273,-1748,540,4172,-139,349,679
55.44995,150,1273,-1748,540,4182,-139,349,679
55.45045,151,1273,-1748,540,4185,-139,349,678
55.45095,150,1273,-1748,540,4190,-139,349,679
55.45145,150,1274,-1748,540,4202,-140,348,679
55.45195,150,1274,-1748,540,4204,-140,348,678
55.45245,149,1275,-1748,539,4204,-139,348,678
55.45295,149,1275,-1748,540,4215,-139,348,678
55.45345,149,1275,-1748,539,4222,-140,348,678
55.45395,149,1275,-1748,539,4233,-140,348,679
55.45445,149,1275,-1748,539,4240,-140,348,679
55.45495,149,1275,-1747,539,4243,-140,348,680
55.45545,150,1275,-1748,540,4247,-140,348,680
55.45595,149,1275,-1747,539,4255,-140,348,681
55.45645,150,1274,-1748,540,4289,-139,348,682
55.45695,150,1274,-1748,540,4305,-139,347,683
55.45745,150,1274,-1748,539,4304,-138,348,685
55.45795,150,1274,-1747,540,4293,-138,348,685
55.45845,151,1274,-1748,539,4261,-138,348,685
55.45895,151,1274,-1747,539,4248,-138,348,686
55.45945,151,1275,-1747,539,4250,-138,349,685
55.45995,151,1274,-1747,539,4262,-138,348,685
55.46045,152,1274,-1747,539,4265,-139,348,684
55.46095,152,1274,-1747,539,4268,-138,349,684
55.46145,151,1275,-1748,539,4278,-139,348,684
55.46195,151,1275,-1747,539,4283,-139,348,683
55.46245,151,1275,-1747,539,4285,-139,348,683
55.46295,152,1274,-1747,539,4283,-139,348,682
55.46345,151,1274,-1747,539,4285,-139,349,682
55.46395,152,1274,-1747,539,4299,-139,349,682
55.46445,152,1274,-1747,539,4309,-139,349,682
55.46495,152,1275,-1747,539,4314,-139,348,682
55.46545,151,1275,-1747,539,4323,-139,348,682
55.46595,151,1275,-1747,539,4333,-139,349,682
55.46645,151,1275,-1747,539,4373,-139,348,682
55.46695,151,1275,-1747,539,4392,-139,348,682
55.46745,152,1275,-1747,539,4391,-140,349,682
55.46795,151,1275,-1747,539,4383,-139,349,682
55.46845,151,1275,-1747,539,4355,-140,349,682
55.46895,150,1276,-1747,539,4345,-139,349,682
55.469448,150,1275,-1747,539,4351,-139,349,682
55.46995,150,1275,-1747,539,4360,-139,349,682
55.47045,150,1276,-1747,539,4368,-139,349,683
55.47095,149,1275,-1747,539,4372,-139,349,683
55.47145,149,1276,-1747,539,4374,-139,349,684
55.47195,149,1276,-1747,539,4379,-139,349,683
55.47245,149,1276,-1747,539,4385,-139,349,684
55.47295,149,1277,-1748,539,4388,-139,349,684
55.47345,149,1276,-1747,539,4398,-139,349,685
55.47395,150,1276,-1748,539,4407,-140,349,685
55.47445,150,1275,-1747,538,4410,-140,349,684
55.47495,151,1275,-1747,538,4418,-139,349,684
55.47545,150,1276,-1747,539,4431,-139,349,684
55.47595,150,1276,-1747,539,4438,-139,349,684
55.47645,150,1276,-1747,539,4478,-139,349,684
55.47695,151,1275,-1747,539,4491,-139,349,684
55.47745,151,1275,-1747,539,4488,-140,349,683
55.47795,151,1275,-1747,539,4473,-140,350,683
55.47845,152,1274,-1747,538,4438,-140,350,682
55.47895,152,1274,-1747,539,4428,-141,349,682
55.47955,152,1275,-1747,538,4437,-140,349,682
55.48005,152,1274,-1747,538,4446,-141,349,682
55.48055,152,1275,-1747,538,4454,-140,349,683
55.48105,152,1275,-1747,539,4457,-141,350,682
55.48155,152,1275,-1747,539,4460,-140,349,683
55.48205,152,1275,-1748,538,4471,-141,350,682
55.48255,152,1275,-1747,538,4475,-141,350,682
55.48305,152,1275,-1747,538,4485,-141,349,682
55.48355,151,1275,-1748,538,4488,-141,349,682
55.48405,151,1276,-1747,538,4490,-141,350,682
55.48455,151,1276,-1747,538,4494,-141,349,683
55.48505,151,1276,-1747,538,4497,-141,349,683
55.48555,150,1276,-1747,538,4498,-142,349,683
55.48605,150,1276,-1747,538,4508,-142,349,683
55.48655,150,1276,-1747,538,4552,-142,349,682
55.48705,149,1277,-1747,538,4565,-142,349,682
55.48755,149,1277,-1747,538,4569,-142,349,682
55.48805,149,1276,-1747,538,4556,-142,349,682
55.48855,149,1277,-1747,537,4525,-142,349,682
55.48905,149,1277,-1746,538,4514,-142,349,682
55.48955,149,1277,-1747,538,4518,-142,349,683
55.49005,149,1277,-1747,538,4527,-142,349,683
55.49055,149,1277,-1747,538,4527,-142,349,684
55.49105,149,1277,-1747,538,4527,-142,349,684
55.49155,149,1277,-1747,538,4536,-143,349,684
55.49205,149,1277,-1747,538,4539,-143,349,683
55.49255,149,1277,-1747,538,4535,-143,349,683
55.49305,149,1277,-1747,538,4532,-143,349,683
55.49355,148,1276,-1747,538,4534,-143,349,683
55.49405,148,1276,-1747,538,4543,-143,349,683
55.49455,148,1276,-1748,538,4548,-143,349,683
55.49505,149,1276,-1747,538,4551,-144,349,683
55.49555,149,1276,-1747,538,4550,-143,349,683
55.49605,149,1276,-1747,538,4554,-144,350,683
55.49655,150,1276,-1747,538,4589,-144,350,683
55.49705,150,1276,-1747,538,4590,-144,350,683
55.49755,150,1275,-1747,538,4583,-145,350,683
55.49805,150,1275,-1747,538,4563,-145,350,682
55.49855,149,1275,-1747,538,4533,-145,351,683
55.49905,149,1276,-1747,538,4528,-145,351,682
55.49955,149,1276,-1747,538,4526,-145,351,682
55.50005,148,1276,-1747,538,4534,-145,350,682
55.50055,148,1276,-1747,538,4537,-145,350,682
55.50105,148,1276,-1747,538,4536,-146,350,682
55.50155,149,1276,-1747,538,4536,-146,350,683
55.50205,149,1276,-1747,538,4535,-146,350,682
55.50255,149,1276,-1747,537,4531,-146,350,682
55.50305,149,1276,-1747,538,4534,-146,350,682
55.50355,149,1276,-1747,538,4533,-147,351,682
55.50405,149,1275,-1747,538,4535,-147,351,682
55.50455,149,1276,-1747,538,4537,-147,350,681
55.50505,150,1276,-1747,537,4536,-147,351,680
55.50555,150,1275,-1747,538,4533,-148,351,680
55.50605,150,1275,-1747,538,4546,-148,351,679
55.50655,150,1275,-1747,538,4582,-148,350,679
55.50705,150,1275,-1747,538,4576,-149,351,678
55.50755,150,1274,-1747,538,4565,-149,351,678
55.50805,150,1274,-1747,538,4546,-149,352,678
55.50855,149,1275,-1747,538,4515,-150,352,678
55.50905,149,1275,-1747,538,4506,-149,352,678
55.50955,149,1275,-1747,538,4506,-150,352,678
55.51005,148,1275,-1747,538,4512,-150,352,679
55.51055,149,1275,-1747,538,4513,-150,352,679
55.51105,149,1275,-1747,537,4508,-150,352,679
55.51155,149,1275,-1747,537,4509,-150,352,679
55.51205,149,1275,-1747,537,4509,-151,351,680
55.51255,149,1274,-1747,538,4505,-150,352,680
55.51305,149,1274,-1746,537,4511,-151,352,680
55.51355,150,1274,-1747,537,4514,-151,352,681
55.51405,149,1274,-1747,537,4515,-151,352,682
55.51455,149,1274,-1747,537,4514,-151,352,682
55.51505,149,1274,-1747,537,4520,-151,352,683
55.51555,149,1274,-1748,537,4522,-151,352,685
55.51605,149,1273,-1748,538,4524,-150,353,687
55.51655,149,1273,-1748,538,4556,-150,352,687
55.51705,149,1274,-1747,538,4555,-150,352,686
55.51755,148,1275,-1747,537,4546,-150,353,686
55.51805,148,1275,-1747,537,4524,-150,353,685
55.51855,148,1276,-1747,537,4493,-151,353,685
55.51905,147,1275,-1747,537,4480,-151,353,684
55.51955,148,1275,-1747,538,4481,-151,352,684
55.52005,148,1275,-1747,538,4491,-151,352,684
55.52055,148,1274,-1747,538,4496,-152,351,683
55.52105,148,1274,-1747,538,4495,-152,351,683
55.52155,148,1274,-1747,538,4492,-152,351,683
55.52205,149,1274,-1747,538,4492,-152,351,683
55.52255,148,1274,-1747,538,4493,-152,351,683
55.52305,148,1273,-1748,537,4495,-153,352,683
55.52355,148,1274,-1747,537,4495,-153,351,683
55.52405,148,1273,-1747,538,4494,-152,351,683
55.52455,148,1274,-1747,537,4495,-153,351,683
55.52505,148,1274,-1747,537,4493,-153,351,683
55.52555,148,1274,-1747,537,4491,-153,351,683
55.52605,148,1274,-1747,537,4502,-153,351,684
55.52655,148,1274,-1747,537,4533,-153,351,684
55.52705,148,1274,-1747,536,4534,-154,351,683
55.52755,148,1274,-1747,537,4522,-153,351,683
55.52805,148,1274,-1747,536,4486,-154,351,683
55.52855,148,1274,-1747,536,4452,-154,352,682
55.52905,148,1274,-1747,537,4443,-154,352,682
55.52955,148,1274,-1747,537,4450,-155,352,682
55.53005,148,1274,-1747,537,4457,-155,352,682
55.53055,148,1274,-1747,537,4455,-155,351,682
55.53105,148,1273,-1747,538,4452,-155,352,683
55.53155,148,1273,-1747,538,4451,-155,351,682
55.53205,148,1273,-1748,538,4446,-155,352,683
55.53255,148,1273,-1748,538,4445,-156,352,682
55.53305,149,1273,-1748,538,4442,-156,351,682
55.53355,149,1273,-1747,538,4446,-156,352,682
55.53405,149,1272,-1747,537,4453,-156,352,682
55.53455,150,1272,-1747,537,4456,-156,352,682
55.53505,149,1272,-1747,536,4457,-156,351,682
55.53555,150,1272,-1747,536,4456,-157,352,682
55.53605,150,1272,-1747,537,4468,-157,351,682
55.53655,150,1272,-1747,537,4497,-157,352,682
55.53705,150,1272,-1747,537,4492,-157,351,682
55.53755,149,1273,-1747,537,4482,-157,351,682
55.53805,149,1273,-1747,536,4442,-157,352,682
55.53855,149,1273,-1747,536,4404,-158,352,682
55.53905,150,1273,-1747,535,4400,-157,351,682
55.53955,149,1272,-1747,536,4403,-158,351,682
55.54005,149,1272,-1747,536,4408,-158,352,682
55.54055,150,1272,-1747,536,4410,-158,352,682
55.54115,149,1272,-1747,536,4409,-158,352,682
55.54165,150,1272,-1747,537,4409,-158,351,683
55.54215,149,1272,-1747,536,4408,-158,351,683
55.54265,148,1272,-1747,537,4403,-158,351,683
55.54315,148,1272,-1747,537,4401,-157,351,683
55.54365,149,1272,-1747,537,4399,-158,352,683
55.54415,149,1272,-1748,537,4400,-158,352,683
55.54465,149,1273,-1747,537,4401,-159,351,683
55.54515,150,1272,-1747,537,4402,-158,352,682
55.54565,150,1272,-1747,537,4403,-158,352,683
55.54615,151,1272,-1747,537,4421,-158,351,683
55.54665,151,1271,-1747,537,4446,-158,351,683
55.54715,151,1271,-1747,537,4438,-158,352,683
55.54765,151,1271,-1747,536,4427,-158,351,683
55.54815,151,1270,-1747,536,4398,-159,351,683
55.54865,151,1270,-1747,536,4372,-159,352,682
55.54915,151,1270,-1748,536,4369,-159,351,682
55.54965,150,1270,-1748,536,4378,-159,352,682
55.55015,150,1270,-1748,537,4384,-159,352,682
55.55065,150,1270,-1748,536,4382,-160,352,682
55.55115,150,1270,-1747,537,4380,-160,351,682
55.55165,150,1270,-1747,536,4381,-160,352,682
55.55215,150,1271,-1748,537,4380,-159,352,682
55.55265,149,1272,-1747,537,4374,-160,351,682
55.55315,149,1272,-1748,537,4373,-160,352,682
55.55365,149,1272,-1748,537,4374,-160,351,682
55.55415,149,1272,-1747,537,4374,-159,352,683
55.55465,149,1272,-1747,537,4377,-159,351,683
55.55515,149,1272,-1747,537,4373,-159,352,683
55.55565,149,1273,-1748,537,4372,-159,352,683
55.55615,150,1272,-1748,538,4390,-159,351,683
55.55665,149,1272,-1747,537,4417,-159,352,683
55.55715,149,1272,-1747,537,4412,-160,351,683
55.55765,150,1272,-1748,537,4401,-159,352,682
55.55815,149,1272,-1748,537,4371,-160,352,682
55.55865,150,1271,-1748,537,4350,-159,352,682
55.55915,150,1271,-1747,537,4344,-160,352,682
55.55965,151,1271,-1748,537,4343,-160,352,682
55.56015,151,1271,-1748,536,4346,-160,351,682
55.56065,151,1271,-1748,536,4348,-160,351,682
55.56115,151,1271,-1748,536,4347,-160,351,682
55.56165,151,1271,-1748,536,4346,-160,351,682
55.56215,151,1271,-1747,536,4345,-160,351,682
55.56265,152,1270,-1747,536,4344,-160,351,682
55.56315,152,1270,-1747,536,4341,-160,351,683
55.56365,152,1270,-1747,536,4337,-160,351,683
55.56415,152,1270,-1747,536,4331,-160,351,683
55.56465,152,1270,-1747,537,4332,-160,351,683
55.56515,153,1270,-1748,536,4333,-160,351,683
55.56565,153,1269,-1747,536,4335,-161,351,683
55.56615,153,1269,-1748,537,4357,-160,351,683
55.56665,153,1269,-1748,536,4381,-161,351,683
55.56715,153,1269,-1748,537,4378,-161,351,682
55.56765,153,1270,-1748,536,4372,-161,351,681
55.56815,153,1270,-1748,536,4344,-161,351,681
55.56865,153,1270,-1747,536,4314,-161,352,681
55.56915,154,1270,-1748,536,4310,-161,351,679
55.56965,153,1270,-1747,536,4316,-161,351,678
55.57015,153,1270,-1748,536,4322,-162,351,677
55.57065,153,1270,-1747,536,4327,-162,352,677
55.57115,153,1270,-1748,536,4324,-162,352,677
55.57165,152,1270,-1748,536,4325,-162,352,676
55.57215,152,1271,-1748,536,4327,-162,352,677
55.57265,153,1271,-1748,537,4329,-162,352,677
55.57315,153,1271,-1748,536,4326,-162,352,677
55.57365,152,1271,-1748,536,4325,-162,352,678
55.57415,152,1270,-1748,536,4333,-162,352,679
55.57465,153,1270,-1748,536,4341,-162,352,680
55.57515,153,1270,-1748,536,4339,-161,352,680
55.57565,153,1270,-1748,536,4341,-162,352,681
55.57615,154,1270,-1748,537,4369,-162,351,681
55.57665,154,1270,-1748,536,4385,-162,351,682
55.57715,154,1270,-1748,536,4377,-161,351,683
55.57765,154,1270,-1748,536,4372,-162,351,684
55.57815,154,1270,-1748,536,4336,-161,351,684
55.57865,154,1270,-1748,537,4320,-161,351,685
55.57915,154,1270,-1748,537,4317,-161,351,685
55.57965,154,1270,-1748,537,4313,-160,351,686
55.58015,154,1270,-1748,537,4318,-160,351,687
55.58065,154,1270,-1748,536,4324,-159,351,687
55.58115,155,1270,-1748,537,4323,-160,351,686
55.58165,155,1270,-1748,537,4325,-160,350,685
55.58215,155,1270,-1748,536,4334,-160,351,685
55.58265,154,1270,-1748,536,4333,-161,350,685
55.58315,155,1270,-1748,536,4335,-161,351,684
55.58365,155,1270,-1748,536,4337,-161,350,685
55.58415,155,1270,-1748,536,4345,-161,351,684
55.58465,155,1270,-1748,536,4347,-161,351,684
55.58515,155,1270,-1748,536,4353,-161,351,684
55.58565,156,1270,-1748,536,4358,-161,350,684
55.58615,155,1271,-1747,536,4389,-160,350,684
55.58665,156,1271,-1748,535,4408,-160,350,684
55.58715,156,1270,-1747,536,4401,-160,351,683
55.58765,156,1270,-1748,535,4388,-160,351,683
55.58815,156,1270,-1748,535,4351,-160,351,683
55.58865,156,1270,-1748,536,4334,-160,351,683
55.58915,156,1270,-1748,536,4335,-160,351,683
55.58965,156,1270,-1748,536,4340,-161,351,683
55.59015,156,1270,-1748,536,4345,-160,351,683
55.59065,156,1271,-1748,536,4344,-161,351,684
55.59115,157,1271,-1748,536,4343,-160,350,684
55.59165,157,1271,-1748,536,4348,-160,351,685
55.59215,157,1271,-1748,536,4349,-160,351,685
55.59265,157,1271,-1748,536,4338,-160,351,685
55.59315,157,1270,-1748,536,4337,-160,351,685
55.59365,157,1271,-1748,536,4340,-160,351,685
55.59415,157,1271,-1748,536,4343,-160,351,684
55.59465,158,1271,-1748,536,4348,-160,351,684
55.59515,158,1270,-1748,536,4357,-160,351,684
55.59565,159,1270,-1748,536,4361,-160,351,684
55.59615,159,1269,-1748,537,4394,-160,350,683
55.59665,158,1270,-1748,537,4404,-160,351,683
55.59715,158,1271,-1748,536,4389,-160,351,683
55.59765,157,1271,-1748,536,4372,-160,351,683
55.59815,158,1270,-1748,536,4338,-160,351,683
55.598648,158,1270,-1748,536,4323,-160,351,683
55.59915,158,1270,-1748,536,4323,-160,351,683
55.59965,159,1270,-1748,536,4329,-160,351,683
55.60015,159,1270,-1748,536,4336,-160,351,683
55.60065,159,1270,-1748,536,4339,-161,351,683
55.60115,159,1270,-1748,536,4342,-160,351,684
55.60165,159,1270,-1748,536,4346,-160,351,684
55.60215,159,1270,-1748,537,4352,-160,351,684
55.60275,159,1270,-1748,536,4355,-160,351,683
55.60325,159,1270,-1748,536,4354,-160,351,684
55.60375,159,1270,-1748,535,4348,-160,351,683
55.60425,160,1270,-1748,535,4354,-160,351,683
55.60475,159,1270,-1748,535,4350,-161,351,682
55.60525,159,1270,-1748,535,4351,-161,351,682
55.60575,160,1270,-1748,535,4360,-161,351,682
55.60625,160,1270,-1749,536,4397,-161,350,682
55.60675,159,1270,-1749,535,4406,-161,350,681
55.60725,159,1270,-1749,536,4393,-161,351,681
55.60775,160,1271,-1749,535,4367,-161,351,681
55.60825,160,1271,-1749,535,4328,-161,351,681
55.60875,160,1271,-1748,535,4311,-161,351,682
55.60925,160,1271,-1748,536,4311,-161,351,682
55.60975,160,1270,-1748,536,4323,-160,351,682
55.61025,160,1270,-1748,536,4328,-161,351,682
55.61075,160,1270,-1748,536,4326,-160,351,682
55.61125,160,1270,-1748,536,4323,-161,351,682
55.61175,161,1270,-1748,536,4323,-161,351,683
55.61225,161,1270,-1748,536,4320,-161,351,683
55.61275,161,1270,-1749,536,4310,-161,351,683
55.61325,161,1270,-1749,536,4308,-161,351,684
55.61375,161,1271,-1748,535,4312,-161,350,684
55.61425,161,1271,-1748,535,4331,-161,350,685
55.61475,161,1271,-1748,535,4353,-161,350,685
55.61525,161,1271,-1748,535,4353,-161,350,685
55.61575,161,1272,-1748,535,4355,-161,350,685
55.61625,161,1272,-1748,535,4388,-161,350,685
55.61675,161,1272,-1748,535,4388,-161,350,685
55.61725,161,1272,-1748,535,4376,-161,350,684
55.61775,161,1272,-1748,535,4355,-161,350,684
55.61825,161,1272,-1748,535,4320,-161,351,684
55.61875,161,1272,-1748,535,4303,-161,351,684
55.61925,162,1272,-1748,536,4293,-161,351,683
55.61975,162,1271,-1748,536,4289,-161,351,682
55.62025,162,1272,-1748,535,4290,-161,350,681
55.62075,162,1271,-1748,536,4298,-161,350,682
55.62125,162,1271,-1748,536,4293,-161,351,681
55.62175,162,1270,-1749,535,4295,-161,351,681
55.62225,162,1270,-1748,535,4289,-162,351,681
55.62275,162,1270,-1749,535,4284,-161,351,680
55.62325,162,1271,-1748,535,4283,-162,350,680
55.62375,162,1271,-1748,535,4283,-163,351,679
55.62425,162,1271,-1748,535,4282,-162,350,679
55.62475,163,1271,-1748,535,4277,-163,350,679
55.62525,163,1271,-1748,535,4274,-162,350,679
55.62575,163,1271,-1748,535,4280,-163,350,680
55.62625,163,1270,-1748,535,4316,-163,349,680
55.62675,163,1270,-1748,535,4322,-164,350,681
55.62725,164,1270,-1748,535,4313,-163,350,682
55.62775,163,1270,-1748,535,4284,-164,351,682
55.62825,164,1270,-1748,535,4254,-163,351,683
55.62875,163,1270,-1749,536,4245,-163,351,684
55.62925,163,1270,-1749,536,4237,-161,351,686
55.62975,163,1270,-1749,537,4240,-161,351,686
55.63025,163,1270,-1749,537,4243,-160,351,687
55.63075,163,1271,-1749,536,4239,-160,352,688
55.63125,163,1270,-1748,537,4230,-160,352,688
55.63175,163,1271,-1748,536,4232,-160,352,687
55.63225,163,1271,-1748,536,4232,-160,351,687
55.63275,164,1271,-1748,535,4222,-160,351,686
55.63325,163,1271,-1748,534,4219,-160,351,686
55.63375,164,1271,-1749,534,4224,-161,351,684
55.63425,164,1270,-1749,534,4227,-161,350,681
55.63475,164,1271,-1748,534,4228,-162,350,680
55.63525,164,1271,-1748,535,4226,-162,350,679
55.63575,164,1270,-1748,536,4240,-161,350,680
55.63625,164,1270,-1748,536,4278,-161,349,680
55.63675,165,1271,-1749,535,4282,-162,349,680
55.63725,165,1270,-1748,535,4273,-161,349,681
55.63775,166,1270,-1748,534,4245,-162,350,681
55.63825,167,1270,-1748,534,4208,-162,350,682
55.63875,167,1270,-1748,534,4199,-162,349,682
55.63925,167,1269,-1749,534,4203,-162,349,683
55.63975,167,1270,-1749,535,4204,-161,349,682
55.64025,167,1270,-1749,535,4199,-162,350,681
55.64075,167,1270,-1748,535,4201,-162,349,681
55.64125,166,1270,-1749,536,4198,-162,349,683
55.64175,167,1270,-1748,536,4194,-162,350,684
55.64225,167,1269,-1749,536,4189,-162,350,685
55.64275,167,1268,-1749,536,4188,-163,350,685
55.64325,167,1268,-1749,536,4178,-163,350,685
55.64375,167,1268,-1749,536,4166,-162,350,685
55.64425,166,1268,-1749,535,4162,-162,349,685
55.64475,166,1269,-1748,534,4158,-161,349,685
55.64525,165,1271,-1748,534,4160,-161,350,685
55.64575,164,1271,-1748,534,4172,-161,349,684
55.64625,165,1272,-1748,535,4207,-161,349,684
55.64675,165,1271,-1749,535,4212,-162,349,683
55.64725,165,1271,-1749,535,4206,-162,350,683
55.64775,164,1271,-1749,535,4180,-162,349,683
55.64825,165,1271,-1749,535,4153,-162,350,683
55.64875,165,1271,-1748,535,4142,-163,350,683
55.64925,165,1271,-1748,535,4134,-163,349,682
55.64975,165,1270,-1748,535,4139,-162,349,682
55.65025,165,1270,-1748,535,4145,-162,349,682
55.65075,165,1270,-1748,535,4145,-162,349,682
55.65125,165,1271,-1749,535,4143,-162,349,681
55.65175,164,1271,-1749,536,4138,-162,349,681
55.65225,165,1271,-1749,535,4124,-162,349,681
55.65275,164,1271,-1749,535,4117,-162,349,682
55.65325,164,1271,-1748,535,4115,-162,349,682
55.65375,165,1271,-1749,535,4118,-163,349,682
55.65425,165,1271,-1749,535,4121,-163,349,682
55.65475,165,1270,-1748,535,4119,-163,349,683
55.65525,165,1271,-1749,535,4113,-163,348,684
55.65575,165,1271,-1749,535,4115,-163,348,684
55.65625,166,1270,-1749,535,4147,-163,348,685
55.65675,166,1270,-1749,535,4141,-162,348,685
55.65725,166,1270,-1749,535,4125,-162,348,684
55.65775,166,1270,-1749,535,4096,-161,349,685
55.65825,166,1270,-1748,535,4067,-162,349,684
55.65875,166,1270,-1749,535,4053,-162,349,684
55.65925,166,1270,-1748,535,4052,-161,349,684
55.659748,167,1270,-1749,535,4057,-161,349,684
55.66025,166,1270,-1749,535,4058,-161,349,684
55.66075,167,1270,-1749,535,4053,-161,349,684
55.66125,166,1270,-1749,536,4047,-161,349,683
55.66175,166,1270,-1749,536,4043,-162,349,682
55.66225,167,1270,-1749,535,4033,-162,350,681
55.66275,167,1270,-1749,536,4031,-162,350,680
55.66335,167,1270,-1749,535,4026,-163,350,680
55.66385,167,1270,-1749,536,4024,-163,350,679
55.66435,167,1270,-1749,536,4026,-163,350,679
55.66485,167,1270,-1749,536,4021,-163,350,679
55.66535,167,1270,-1749,536,4017,-163,350,679
55.66585,167,1270,-1750,536,4038,-163,350,678
55.66635,168,1269,-1749,536,4070,-164,349,678
55.66685,168,1269,-1749,536,4067,-164,350,678
55.66735,169,1269,-1749,535,4051,-165,350,678
55.66785,169,1269,-1749,535,4014,-165,349,678
55.66835,169,1269,-1749,535,3978,-164,349,679
55.66885,169,1268,-1749,534,3966,-165,349,679
55.66935,169,1268,-1749,535,3958,-164,348,679
55.66985,169,1269,-1749,535,3958,-164,349,679
55.67035,169,1268,-1749,535,3959,-164,349,680
55.67085,169,1268,-1749,535,3959,-163,349,682
55.67135,169,1268,-1749,535,3959,-163,349,684
55.67185,169,1269,-1748,535,3957,-162,349,686
55.67235,169,1269,-1749,536,3954,-161,349,687
55.67285,169,1269,-1749,535,3951,-159,349,689
55.67335,169,1269,-1749,536,3947,-158,349,689
55.67385,169,1269,-1749,536,3945,-158,349,689
55.67435,169,1269,-1749,535,3944,-159,349,688
55.67485,170,1269,-1749,535,3946,-160,349,686
55.67535,170,1268,-1749,535,3948,-161,349,686
55.67585,170,1268,-1749,536,3958,-161,348,686
55.67635,170,1268,-1749,536,3984,-161,348,686
55.67685,170,1268,-1749,536,3975,-161,348,686
55.67735,170,1269,-1749,535,3960,-162,348,685
55.67785,170,1269,-1749,535,3922,-162,348,685
55.67835,171,1269,-1749,535,3878,-162,349,684
55.67885,170,1269,-1749,535,3865,-162,348,684
55.67935,171,1269,-1749,535,3865,-162,348,684
55.67985,171,1269,-1749,535,3867,-162,348,683
55.68035,171,1269,-1749,535,3866,-163,348,683
55.68085,171,1269,-1749,536,3860,-163,348,683
55.68135,171,1269,-1749,536,3863,-163,348,682
55.68185,171,1269,-1749,536,3865,-162,349,682
55.68235,171,1269,-1749,536,3868,-162,349,683
55.68285,171,1269,-1749,536,3870,-162,349,683
55.68335,171,1269,-1749,536,3863,-161,349,683
55.68385,171,1269,-1749,536,3857,-161,348,682
55.68435,171,1269,-1749,536,3861,-162,349,682
55.68485,171,1268,-1750,536,3866,-162,348,681
55.68535,172,1268,-1749,536,3865,-162,349,681
55.68585,172,1267,-1749,536,3879,-162,348,681
55.68635,173,1267,-1749,536,3905,-162,348,681
55.68685,173,1267,-1749,535,3900,-162,348,681
55.68735,173,1267,-1749,535,3888,-163,348,681
55.68785,173,1267,-1749,535,3853,-163,348,681
55.68835,173,1267,-1749,535,3821,-162,348,681
55.68885,173,1268,-1749,536,3811,-162,348,681
55.68935,173,1268,-1749,536,3817,-162,348,682
55.68985,173,1268,-1749,536,3824,-162,348,681
55.69035,173,1268,-1749,536,3826,-163,348,681
55.69085,173,1268,-1749,536,3816,-162,348,681
55.69135,173,1268,-1749,536,3807,-162,348,681
55.69185,173,1268,-1749,536,3803,-162,347,680
55.69235,174,1268,-1750,537,3802,-162,348,681
55.69285,174,1268,-1749,536,3800,-163,348,681
55.69335,174,1268,-1749,536,3789,-162,348,681
55.69385,174,1267,-1749,537,3782,-162,347,681
55.69435,175,1267,-1749,537,3783,-162,348,681
55.69485,175,1267,-1749,537,3785,-162,348,681
55.69535,175,1267,-1749,537,3784,-162,348,681
55.69585,175,1267,-1749,537,3805,-162,348,681
55.69635,175,1267,-1749,536,3830,-163,349,680
55.69685,175,1267,-1749,535,3823,-162,349,680
55.69735,175,1268,-1749,535,3815,-163,349,679
55.69785,175,1267,-1749,536,3780,-163,349,678
55.69835,175,1268,-1749,536,3753,-162,349,678
55.69885,175,1268,-1749,536,3761,-162,349,678
55.69935,175,1268,-1749,536,3764,-162,349,678
55.69985,175,1268,-1749,536,3766,-162,349,678
55.70035,175,1268,-1749,536,3770,-162,349,679
55.70085,176,1268,-1749,536,3770,-162,348,679
55.70135,176,1268,-1749,536,3766,-162,349,679
55.70185,176,1267,-1749,536,3768,-162,348,680
55.70235,176,1267,-1749,536,3771,-161,348,680
55.70285,177,1267,-1749,536,3777,-161,348,681
55.70335,177,1267,-1749,536,3778,-161,348,681
55.70385,176,1267,-1749,536,3767,-161,348,681
55.70435,177,1267,-1749,537,3762,-161,348,680
55.70485,177,1267,-1749,537,3767,-161,348,680
55.70535,177,1267,-1749,536,3772,-161,348,679
55.70585,177,1266,-1749,537,3796,-162,348,680
55.70635,177,1267,-1749,536,3808,-162,348,680
55.70685,178,1267,-1749,536,3801,-162,348,681
55.70735,178,1267,-1749,536,3786,-162,349,681
55.70785,178,1267,-1749,536,3743,-162,349,680
55.70835,178,1267,-1749,536,3718,-162,349,680
55.70885,178,1267,-1749,537,3719,-162,350,680
55.70935,178,1267,-1749,537,3725,-161,350,679
55.70985,178,1268,-1749,537,3731,-161,349,678
55.71035,178,1268,-1749,537,3727,-161,350,677
55.71085,179,1267,-1749,537,3728,-161,349,674
55.71135,179,1267,-1749,537,3720,-162,349,673
55.71185,179,1267,-1749,537,3718,-162,349,672
55.71235,179,1267,-1749,537,3712,-162,348,673
55.71285,180,1267,-1749,537,3710,-162,348,673
55.71335,179,1267,-1749,537,3705,-162,348,674
55.71385,179,1267,-1749,537,3704,-162,348,675
55.71435,180,1267,-1749,537,3710,-161,347,675
55.71485,180,1266,-1749,537,3711,-162,347,676
55.71535,180,1267,-1749,537,3710,-162,346,676
55.71585,180,1266,-1749,538,3747,-162,345,677
55.71635,179,1267,-1749,537,3767,-163,345,677
55.71685,179,1267,-1749,537,3754,-163,345,677
55.71735,180,1267,-1749,537,3740,-163,345,678
55.71785,180,1267,-1749,536,3707,-162,344,678
55.71835,181,1267,-1749,536,3694,-162,344,679
55.71885,182,1267,-1749,537,3693,-162,343,679
55.71935,182,1266,-1749,537,3691,-162,344,680
55.71985,182,1266,-1749,537,3695,-162,343,681
55.72035,182,1266,-1749,536,3699,-160,345,682
55.720848,183,1266,-1749,537,3699,-159,345,683
55.72135,182,1266,-1749,537,3705,-159,345,684
55.72185,183,1266,-1749,537,3702,-159,346,684
55.72235,183,1267,-1749,537,3706,-159,346,684
55.72285,183,1267,-1749,537,3707,-159,347,682
55.72335,183,1266,-1749,537,3703,-160,346,682
55.72395,183,1267,-1749,537,3698,-159,347,682
55.72445,184,1266,-1749,537,3700,-160,347,681
55.72495,184,1266,-1750,537,3699,-160,347,680
55.72545,183,1266,-1749,537,3696,-160,346,680
55.72595,183,1266,-1749,538,3735,-160,346,680
55.72645,183,1267,-1750,537,3754,-160,346,680
55.72695,183,1267,-1750,537,3746,-160,346,679
55.72745,183,1267,-1750,537,3730,-160,347,679
55.72795,183,1267,-1749,537,3692,-161,346,679
55.72845,184,1267,-1750,537,3665,-160,346,679
55.72895,184,1267,-1749,538,3647,-160,346,679
55.72945,184,1267,-1749,537,3645,-160,346,680
55.72995,184,1268,-1749,537,3655,-160,346,679
55.73045,183,1267,-1749,537,3662,-160,346,679
55.73095,184,1266,-1749,537,3659,-159,346,678
55.73145,184,1266,-1749,537,3658,-159,346,678
55.73195,184,1265,-1749,537,3669,-159,346,678
55.73245,185,1265,-1749,538,3677,-159,346,678
55.73295,186,1264,-1749,537,3679,-159,346,677
55.73345,187,1265,-1749,537,3679,-159,346,676
55.73395,187,1265,-1749,538,3679,-160,346,676
55.73445,187,1265,-1749,538,3690,-160,346,676
55.73495,187,1265,-1749,537,3695,-160,346,676
55.73545,187,1265,-1749,538,3698,-160,346,676
55.73595,187,1265,-1749,538,3732,-160,346,676
55.73645,187,1265,-1749,537,3737,-160,346,676
55.73695,187,1265,-1749,537,3727,-160,346,677
55.73745,187,1265,-1749,537,3711,-160,346,677
55.73795,187,1265,-1749,537,3671,-160,346,677
55.73845,187,1265,-1750,538,3655,-160,347,678
55.73895,188,1265,-1750,537,3654,-160,346,678
55.73945,188,1265,-1749,537,3662,-160,346,679
55.73995,187,1264,-1749,537,3667,-160,345,679
55.74045,187,1265,-1749,537,3663,-160,345,679
55.74095,188,1265,-1749,537,3664,-161,345,680
55.74145,188,1265,-1749,538,3666,-160,345,680
55.74195,188,1265,-1749,537,3673,-159,345,680
55.74245,188,1265,-1749,538,3677,-159,345,680
55.74295,189,1265,-1749,537,3679,-158,345,680
55.74345,189,1265,-1749,538,3680,-159,346,679
55.74395,189,1265,-1749,537,3678,-159,346,678
55.74445,189,1265,-1749,538,3671,-159,346,678
55.74495,190,1265,-1749,538,3677,-159,346,678
55.74545,189,1265,-1749,538,3681,-159,346,678
55.74595,190,1265,-1749,538,3716,-159,346,678
55.74645,190,1264,-1749,538,3722,-160,346,677
55.74695,191,1264,-1750,538,3715,-160,346,678
55.74745,191,1264,-1749,538,3694,-160,346,677
55.74795,191,1264,-1749,538,3666,-159,346,677
55.74845,191,1264,-1749,538,3655,-159,346,678
55.74895,191,1264,-1749,538,3658,-159,346,678
55.74945,191,1264,-1749,538,3671,-159,346,678
55.74995,192,1263,-1749,538,3680,-159,346,678
55.75045,192,1263,-1749,538,3684,-160,345,678
55.75095,192,1263,-1749,538,3689,-160,346,677
55.75145,191,1262,-1749,538,3691,-160,345,677
55.75195,191,1262,-1749,538,3694,-160,345,677
55.75245,191,1262,-1749,538,3702,-160,345,678
55.75295,191,1262,-1749,538,3708,-160,345,678
55.75345,191,1263,-1749,538,3717,-160,345,677
55.75395,191,1263,-1749,538,3727,-160,345,677
55.75445,191,1262,-1749,539,3734,-160,345,677
55.75495,191,1263,-1749,538,3746,-160,345,677
55.75545,191,1263,-1749,539,3761,-160,345,677
55.75595,191,1263,-1749,539,3807,-159,345,678
55.75645,191,1263,-1749,538,3819,-160,344,677
55.75695,192,1263,-1749,538,3820,-160,344,677
55.75745,192,1263,-1750,538,3798,-161,345,677
55.75795,192,1263,-1750,538,3765,-161,345,677
55.75845,193,1263,-1750,538,3756,-161,345,677
55.75895,193,1263,-1750,538,3756,-161,345,677
55.75945,193,1263,-1750,538,3761,-161,345,677
55.75995,193,1263,-1750,538,3763,-161,345,678
55.76045,194,1262,-1749,538,3761,-161,345,678
55.76095,194,1263,-1749,538,3769,-161,345,678
55.76145,194,1262,-1749,538,3773,-161,345,677
55.76195,194,1262,-1749,538,3772,-161,345,677
55.76245,194,1262,-1749,538,3767,-162,345,677
55.76295,194,1262,-1749,538,3767,-162,344,677
55.76345,195,1262,-1749,538,3767,-162,345,676
55.76395,195,1261,-1749,538,3765,-162,345,677
55.76445,195,1260,-1749,538,3763,-162,345,677
55.76495,195,1260,-1749,538,3758,-162,345,677
55.76545,194,1260,-1749,538,3763,-161,344,678
55.76595,194,1260,-1749,538,3803,-162,345,678
55.76645,194,1260,-1749,538,3813,-162,345,678
55.76695,194,1260,-1749,538,3808,-162,345,679
55.76745,194,1261,-1749,539,3786,-162,346,679
55.76795,195,1260,-1749,538,3753,-163,346,679
55.76845,195,1260,-1748,538,3747,-163,346,678
55.76895,195,1260,-1749,538,3762,-163,346,677
55.76945,195,1260,-1749,538,3786,-164,346,676
55.76995,195,1260,-1749,539,3795,-163,346,676
55.77045,195,1260,-1749,539,3804,-164,346,676
55.77095,196,1260,-1749,539,3809,-164,346,676
55.77145,196,1260,-1749,539,3811,-164,346,677
55.77195,196,1259,-1749,539,3816,-163,345,677
55.77245,197,1259,-1749,539,3820,-163,345,677
55.77295,197,1259,-1749,539,3824,-164,345,676
55.77345,197,1259,-1749,539,3834,-164,345,676
55.77395,197,1259,-1749,539,3848,-165,345,675
55.77445,197,1260,-1749,539,3858,-165,345,675
55.77495,196,1260,-1749,538,3859,-165,344,675
55.77545,196,1260,-1748,538,3872,-164,343,676
55.77595,196,1260,-1749,538,3910,-164,343,678
55.77645,197,1260,-1748,537,3913,-164,343,678
55.77695,197,1259,-1748,537,3908,-164,344,679
55.77745,197,1259,-1749,538,3879,-164,344,679
55.77795,198,1259,-1749,538,3839,-165,344,679
55.77845,197,1258,-1749,538,3823,-165,344,678
55.77895,197,1259,-1749,538,3817,-165,344,677
55.77945,196,1259,-1749,538,3822,-166,344,675
55.77995,196,1260,-1749,538,3821,-166,344,673
55.78045,195,1260,-1748,538,3822,-167,344,672
55.78095,196,1259,-1748,538,3825,-167,345,671
55.78145,196,1259,-1749,538,3832,-167,345,671
55.781948,196,1259,-1748,538,3833,-167,344,671
55.78245,197,1259,-1749,538,3839,-167,345,671
55.78295,197,1258,-1749,539,3850,-167,344,672
55.78345,197,1258,-1749,538,3860,-167,344,672
55.78395,198,1257,-1748,538,3871,-167,344,672
55.78455,197,1257,-1748,538,3876,-167,344,673
55.78505,197,1257,-1749,538,3882,-166,344,673
55.78555,197,1257,-1749,539,3896,-167,343,674
55.78605,197,1258,-1749,539,3938,-167,344,674
55.78655,197,1257,-1748,538,3952,-167,344,675
55.78705,198,1257,-1748,538,3951,-167,345,674
55.78755,199,1257,-1748,538,3923,-168,344,673
55.78805,199,1256,-1748,538,3904,-168,345,672
55.78855,199,1256,-1749,537,3903,-168,344,672
55.78905,200,1255,-1749,538,3917,-168,344,674
55.78955,199,1255,-1748,538,3931,-168,345,676
55.79005,199,1256,-1748,538,3939,-168,345,678
55.79055,199,1256,-1748,538,3943,-168,345,678
55.79105,199,1256,-1748,538,3945,-168,345,679
55.79155,199,1257,-1748,538,3945,-168,345,679
55.79205,199,1256,-1748,538,3942,-169,345,679
55.79255,199,1257,-1748,538,3943,-169,345,678
55.79305,199,1256,-1748,537,3941,-169,345,677
55.79355,200,1256,-1748,537,3943,-169,345,677
55.79405,200,1256,-1748,538,3942,-170,345,677
55.79455,200,1255,-1748,538,3946,-170,344,678
55.79505,200,1255,-1748,538,3955,-169,345,679
55.79555,200,1255,-1748,538,3976,-170,344,680
55.79605,200,1254,-1748,538,4008,-169,344,681
55.79655,200,1254,-1748,538,4008,-169,345,681
55.79705,200,1254,-1748,538,3995,-169,345,682
55.79755,200,1255,-1748,538,3965,-169,345,682
55.79805,199,1254,-1748,537,3942,-169,345,683
55.79855,200,1254,-1748,538,3940,-168,345,683
55.79905,200,1254,-1748,538,3944,-168,345,683
55.79955,200,1253,-1748,538,3957,-169,345,682
55.80005,200,1253,-1748,538,3971,-170,345,681
55.80055,200,1253,-1748,538,3988,-170,345,682
55.80105,200,1253,-1748,538,3999,-170,345,682
55.80155,200,1252,-1748,538,4011,-170,344,682
55.80205,201,1252,-1749,538,4017,-170,345,682
55.80255,201,1252,-1749,538,4023,-169,344,683
55.80305,201,1251,-1748,538,4030,-170,345,683
55.80355,201,1252,-1749,538,4037,-170,345,682
55.80405,201,1252,-1749,538,4049,-170,345,682
55.80455,200,1254,-1749,538,4067,-170,345,682
55.80505,199,1255,-1748,538,4082,-171,345,682
55.80555,199,1255,-1748,538,4108,-171,345,682
55.80605,200,1255,-1748,538,4155,-171,344,682
55.80655,200,1254,-1748,538,4166,-171,345,681
55.80705,201,1254,-1748,538,4167,-171,345,682
55.80755,200,1254,-1749,538,4145,-171,345,682
55.80805,201,1253,-1750,538,4131,-171,345,683
55.80855,201,1253,-1750,538,4137,-170,345,683
55.80905,201,1253,-1749,538,4150,-170,345,683
55.80955,201,1252,-1749,538,4169,-170,345,683
55.81005,201,1252,-1747,538,4183,-170,345,684
55.81055,201,1251,-1747,537,4194,-169,345,684
55.81105,200,1251,-1747,537,4204,-169,345,684
55.81155,200,1251,-1747,536,4206,-169,345,685
55.81205,200,1252,-1747,536,4208,-168,345,685
55.81255,199,1252,-1748,536,4205,-168,345,685
55.81305,199,1252,-1748,536,4200,-168,345,685
55.81355,199,1252,-1749,536,4200,-168,345,685
55.81405,200,1252,-1749,536,4205,-167,345,685
55.81455,200,1252,-1749,537,4214,-167,345,685
55.81505,200,1252,-1749,537,4223,-167,345,685
55.81555,201,1251,-1748,538,4252,-166,345,685
55.81605,201,1251,-1748,537,4290,-166,345,685
55.81655,201,1251,-1748,538,4293,-166,345,685
55.81705,201,1251,-1748,538,4292,-166,345,685
55.81755,201,1251,-1748,538,4269,-165,346,684
55.81805,201,1251,-1748,538,4253,-165,346,685
55.81855,202,1251,-1748,538,4260,-165,345,685
55.81905,202,1250,-1748,538,4264,-164,345,684
55.81955,201,1250,-1748,537,4272,-163,345,685
55.82005,201,1250,-1748,537,4282,-163,345,685
55.82055,201,1250,-1748,536,4284,-162,345,686
55.82105,200,1251,-1748,536,4287,-163,345,686
55.82155,200,1250,-1748,535,4296,-163,345,685
55.82205,200,1251,-1748,535,4301,-164,345,686
55.82255,200,1251,-1748,536,4302,-163,345,686
55.82305,200,1251,-1748,536,4311,-163,345,687
55.82355,201,1251,-1748,536,4316,-161,345,688
55.82405,200,1251,-1748,536,4314,-161,346,688
55.82455,201,1251,-1748,536,4319,-161,346,688
55.82505,200,1251,-1748,536,4325,-162,345,687
55.82555,201,1251,-1748,537,4350,-163,345,686
55.82605,200,1250,-1748,536,4377,-163,345,686
55.82655,201,1251,-1749,536,4383,-162,345,686
55.82705,200,1250,-1748,536,4380,-162,345,685
55.82755,200,1250,-1748,536,4353,-161,346,686
55.82805,200,1250,-1748,536,4334,-161,346,686
55.82855,200,1249,-1748,536,4342,-160,345,686
55.82905,201,1248,-1748,536,4350,-160,345,688
55.82955,201,1248,-1748,536,4359,-160,346,688
55.83005,201,1248,-1748,536,4365,-160,346,688
55.83055,201,1248,-1748,536,4371,-160,346,688
55.83105,202,1248,-1748,536,4376,-160,346,688
55.83155,202,1248,-1748,536,4381,-159,346,689
55.83205,201,1248,-1748,536,4389,-158,345,688
55.83255,201,1249,-1748,536,4394,-158,345,689
55.83305,201,1248,-1749,536,4402,-157,346,688
55.83355,200,1249,-1749,536,4399,-157,346,688
55.83405,201,1249,-1749,536,4406,-157,346,688
55.83455,201,1248,-1749,536,4409,-157,345,688
55.83505,201,1248,-1749,536,4410,-157,346,688
55.83555,201,1248,-1749,537,4436,-156,345,688
55.83605,201,1248,-1749,536,4462,-156,346,688
55.83655,201,1248,-1749,536,4456,-156,346,688
55.83705,201,1248,-1749,536,4442,-156,346,688
55.83755,201,1248,-1749,536,4406,-156,346,688
55.83805,201,1247,-1749,536,4380,-155,346,689
55.83855,201,1247,-1749,536,4369,-155,346,689
55.83905,201,1247,-1749,536,4358,-154,346,689
55.83955,201,1247,-1749,536,4351,-154,346,689
55.84005,201,1247,-1749,536,4340,-154,346,689
55.84055,201,1247,-1749,536,4330,-154,346,690
55.84105,201,1246,-1749,536,4323,-154,346,690
55.84155,202,1246,-1749,536,4317,-154,346,690
55.84205,202,1247,-1750,536,4308,-154,346,690
55.84255,202,1246,-1749,536,4299,-154,346,689
55.84305,202,1246,-1749,535,4288,-154,346,689
55.84355,202,1246,-1749,535,4272,-154,346,689
55.84405,202,1245,-1749,535,4258,-154,346,689
55.84455,201,1246,-1749,536,4244,-154,346,690
55.84505,201,1246,-1749,536,4236,-153,346,690
55.84555,200,1247,-1749,537,4261,-153,345,690
55.84615,201,1247,-1749,536,4273,-153,345,690
55.84665,200,1247,-1749,536,4260,-153,345,689
55.84715,201,1247,-1749,536,4241,-153,345,689
55.84765,201,1246,-1749,535,4196,-153,345,688
55.84815,201,1246,-1750,535,4170,-153,345,687
55.848648,201,1245,-1749,535,4172,-152,345,687
55.84915,200,1245,-1750,535,4175,-152,345,687
55.84965,200,1245,-1749,535,4181,-152,346,687
55.85015,199,1245,-1750,535,4185,-152,345,687
55.85065,199,1246,-1749,535,4190,-152,345,687
55.85115,199,1246,-1750,535,4193,-152,346,687
55.85165,199,1247,-1749,535,4196,-153,346,686
55.85215,198,1247,-1749,535,4203,-153,346,686
55.85265,199,1247,-1750,535,4215,-153,345,686
55.85315,199,1247,-1749,535,4217,-153,346,686
55.85365,199,1246,-1750,536,4219,-152,346,687
55.85415,199,1246,-1750,536,4223,-152,346,689
55.85465,199,1246,-1750,536,4225,-152,346,688
55.85515,199,1246,-1750,536,4233,-152,346,688
55.85565,199,1245,-1750,536,4275,-152,346,687
55.85615,199,1246,-1751,536,4292,-152,346,688
55.85665,199,1245,-1751,536,4280,-152,346,688
55.85715,200,1245,-1751,536,4269,-152,347,689
55.85765,200,1244,-1751,536,4233,-152,347,689
55.85815,200,1244,-1751,536,4207,-152,347,689
55.85865,200,1244,-1751,536,4202,-151,346,690
55.85915,200,1244,-1751,536,4203,-151,346,690
55.85965,199,1244,-1751,536,4209,-150,347,691
55.86015,199,1244,-1750,536,4207,-150,347,691
55.86065,198,1244,-1751,536,4201,-149,347,690
55.86115,198,1244,-1750,536,4197,-150,347,689
55.86165,197,1244,-1751,536,4197,-150,347,689
55.86215,197,1245,-1751,537,4190,-150,346,689
55.86265,197,1245,-1751,537,4189,-150,347,689
55.86315,197,1245,-1751,537,4190,-150,346,689
55.86365,197,1244,-1751,537,4194,-149,347,689
55.86415,198,1244,-1751,537,4201,-150,346,690
55.86465,198,1243,-1752,536,4206,-149,346,690
55.86515,199,1243,-1751,536,4218,-149,346,689
55.86565,199,1243,-1752,536,4259,-149,346,689
55.86615,199,1243,-1751,536,4265,-150,346,689
55.86665,199,1243,-1751,536,4255,-150,346,689
55.86715,198,1243,-1750,535,4238,-150,346,688
55.86765,198,1243,-1750,536,4202,-150,346,689
55.86815,198,1243,-1751,536,4190,-149,347,689
55.86865,197,1245,-1751,536,4182,-150,346,690
55.86915,196,1245,-1751,536,4175,-149,347,691
55.86965,196,1245,-1751,537,4167,-149,346,691
55.87015,197,1245,-1751,536,4134,-149,346,692
55.87065,196,1245,-1751,535,4107,-149,347,691
55.87115,196,1245,-1750,535,4091,-149,347,690
55.87165,195,1245,-1750,536,4073,-149,347,689
55.87215,195,1245,-1751,536,4064,-150,347,688
55.87265,195,1245,-1751,536,4050,-150,347,688
55.87315,195,1245,-1751,536,4041,-150,347,687
55.87365,195,1245,-1751,536,4032,-151,347,686
55.87415,195,1244,-1751,536,4021,-151,347,686
55.87465,196,1244,-1751,536,4023,-151,347,687
55.87515,196,1244,-1751,536,4031,-150,347,688
55.87565,195,1244,-1751,537,4065,-149,346,689
55.87615,195,1244,-1751,536,4076,-149,346,689
55.87665,195,1244,-1751,536,4055,-150,346,689
55.87715,196,1244,-1751,535,4016,-150,346,688
55.87765,196,1244,-1751,535,3966,-150,346,688
55.87815,196,1244,-1751,535,3948,-150,346,688
55.87865,195,1244,-1750,535,3939,-149,346,690
55.87915,196,1243,-1751,535,3934,-149,345,691
55.87965,196,1244,-1751,535,3929,-149,346,693
55.88015,196,1243,-1751,536,3921,-149,346,693
55.88065,196,1243,-1751,536,3924,-148,346,694
55.88115,196,1244,-1751,536,3934,-148,346,693
55.88165,195,1244,-1751,536,3949,-148,345,693
55.88215,196,1244,-1751,536,3959,-148,345,693
55.88265,196,1244,-1751,536,3970,-147,345,692
55.88315,196,1243,-1751,536,3981,-148,345,692
55.88365,196,1243,-1751,536,4000,-147,345,692
55.88415,196,1244,-1750,536,4021,-147,345,692
55.88465,196,1243,-1749,536,4044,-148,345,691
55.88515,196,1243,-1750,537,4078,-148,345,691
55.88565,197,1243,-1750,537,4137,-148,345,691
55.88615,196,1242,-1750,537,4163,-148,345,691
55.88665,197,1242,-1751,537,4176,-148,345,690
55.88715,196,1242,-1751,537,4170,-148,346,689
55.88765,196,1242,-1751,536,4153,-148,346,689
55.88815,196,1242,-1751,537,4146,-148,346,688
55.88865,197,1242,-1751,537,4153,-148,345,688
55.88915,197,1242,-1750,537,4168,-148,346,688
55.88965,197,1242,-1750,537,4173,-148,346,689
55.89015,197,1242,-1750,537,4169,-148,346,689
55.89065,196,1242,-1750,536,4160,-147,346,690
55.89115,197,1242,-1750,536,4151,-148,346,690
55.89165,196,1243,-1750,535,4143,-148,346,690
55.89215,196,1243,-1751,535,4131,-148,345,690
55.89265,195,1244,-1752,535,4117,-148,346,689
55.89315,194,1245,-1752,536,4096,-149,346,688
55.89365,194,1245,-1751,536,4071,-149,346,688
55.89415,194,1245,-1752,536,4058,-149,346,687
55.89465,194,1245,-1751,536,4055,-149,346,687
55.89515,194,1245,-1751,536,4071,-148,345,687
55.89565,195,1243,-1751,536,4136,-147,345,688
55.89615,195,1243,-1751,536,4179,-147,344,688
55.89665,195,1242,-1752,537,4230,-147,344,688
55.89715,195,1242,-1751,536,4265,-147,344,689
55.89765,195,1242,-1751,537,4285,-147,344,689
55.89815,195,1243,-1751,537,4321,-147,344,689
55.89865,195,1243,-1751,537,4366,-147,343,689
55.89915,195,1243,-1751,536,4412,-147,343,689
55.89965,195,1243,-1750,536,4452,-147,344,689
55.90015,196,1243,-1751,536,4486,-147,343,688
55.90065,196,1243,-1751,536,4518,-147,343,688
55.90115,195,1243,-1750,536,4553,-147,344,687
55.90165,195,1243,-1750,536,4585,-147,344,687
55.90215,196,1243,-1750,537,4613,-148,343,687
55.90265,195,1242,-1750,537,4650,-148,343,687
55.90315,195,1243,-1750,537,4686,-149,343,686
55.90365,195,1243,-1750,537,4727,-149,344,686
55.90415,195,1243,-1750,537,4779,-149,343,685
55.90465,195,1244,-1750,537,4815,-149,344,685
55.90515,195,1243,-1750,538,4841,-148,343,685
55.90565,195,1244,-1751,537,4876,-148,344,686
55.90615,195,1244,-1751,536,4854,-149,344,686
55.90665,195,1244,-1750,536,4808,-149,345,686
55.90725,194,1244,-1751,535,4728,-148,345,685
55.90775,194,1244,-1750,536,4644,-148,345,685
55.90825,195,1244,-1750,536,4589,-148,345,686
55.90875,195,1243,-1750,536,4553,-148,345,687
55.90925,195,1243,-1750,535,4530,-147,345,688
55.909748,195,1244,-1750,534,4503,-147,345,690
55.91025,195,1244,-1750,534,4479,-147,346,691
55.91075,194,1244,-1750,535,4459,-146,346,692
55.91125,194,1245,-1750,535,4437,-146,346,691
55.91175,195,1244,-1751,536,4429,-146,346,691
55.91225,195,1244,-1751,536,4423,-146,346,690
55.91275,195,1244,-1750,535,4427,-146,346,689
55.91325,196,1243,-1750,535,4437,-146,346,688
55.91375,195,1243,-1750,535,4438,-147,346,688
55.91425,195,1243,-1749,535,4450,-147,346,688
55.91475,195,1242,-1749,534,4462,-147,346,687
55.91525,196,1242,-1750,535,4485,-147,346,687
55.91575,196,1243,-1749,535,4521,-147,346,687
55.91625,195,1243,-1750,536,4518,-147,346,687
55.91675,195,1243,-1750,536,4508,-147,347,687
55.91725,195,1244,-1750,535,4479,-147,347,688
55.91775,195,1243,-1750,535,4447,-146,348,688
55.91825,195,1244,-1750,536,4444,-146,347,689
55.91875,195,1244,-1750,535,4444,-146,348,690
55.91925,195,1244,-1750,535,4442,-146,348,690
55.91975,195,1244,-1751,535,4444,-146,348,691
55.92025,195,1244,-1751,535,4443,-146,347,690
55.92075,195,1244,-1752,536,4443,-146,348,690
55.92125,195,1244,-1751,536,4449,-146,348,690
55.92175,195,1244,-1751,536,4450,-145,348,691
55.92225,195,1244,-1752,536,4448,-145,347,691
55.92275,195,1244,-1751,536,4444,-145,348,691
55.92325,195,1243,-1751,536,4444,-146,347,689
55.92375,196,1243,-1750,536,4445,-147,347,688
55.92425,195,1243,-1750,536,4445,-147,346,688
55.92475,195,1243,-1750,536,4446,-147,347,688
55.92525,195,1243,-1750,536,4461,-147,346,688
55.92575,195,1243,-1749,536,4492,-147,346,688
55.92625,196,1242,-1749,535,4486,-147,346,688
55.92675,195,1243,-1750,535,4475,-147,346,689
55.92725,194,1243,-1750,535,4445,-146,347,689
55.92775,193,1244,-1750,536,4408,-146,347,690
55.92825,193,1245,-1750,537,4402,-145,346,691
55.92875,193,1245,-1749,536,4413,-145,346,690
55.92925,193,1244,-1749,536,4418,-145,346,690
55.92975,194,1244,-1749,535,4425,-145,346,690
55.93025,194,1244,-1750,534,4428,-146,346,689
55.93075,194,1245,-1750,535,4429,-146,347,688
55.93125,194,1245,-1750,535,4427,-146,347,687
55.93175,194,1245,-1751,535,4432,-147,347,687
55.93225,194,1245,-1751,535,4435,-146,346,687
55.93275,194,1245,-1751,536,4441,-146,347,687
55.93325,194,1245,-1752,535,4444,-145,347,687
55.93375,194,1246,-1751,536,4447,-145,346,688
55.93425,194,1246,-1751,537,4452,-145,347,688
55.93475,194,1246,-1750,537,4464,-145,346,688
55.93525,194,1245,-1750,538,4488,-145,346,688
55.93575,194,1245,-1750,538,4526,-146,346,687
55.93625,194,1245,-1750,538,4525,-146,346,687
55.93675,194,1245,-1750,539,4517,-146,346,686
55.93725,194,1245,-1750,539,4491,-146,347,686
55.93775,193,1245,-1750,540,4473,-145,347,686
55.93825,193,1244,-1750,540,4474,-145,347,687
55.93875,193,1244,-1750,539,4476,-146,347,687
55.93925,192,1244,-1750,537,4478,-145,347,688
55.93975,192,1244,-1750,535,4479,-146,346,688
55.94025,192,1244,-1750,534,4484,-146,346,688
55.94075,192,1244,-1751,534,4489,-146,346,689
55.94125,192,1244,-1751,535,4493,-146,346,689
55.94175,191,1244,-1751,535,4487,-146,346,689
55.94225,191,1244,-1750,535,4484,-146,346,690
55.94275,191,1244,-1750,535,4486,-146,346,690
55.94325,191,1244,-1749,535,4490,-145,347,690
55.94375,191,1244,-1750,536,4488,-146,346,690
55.94425,191,1244,-1750,536,4485,-145,346,689
55.94475,191,1244,-1750,537,4480,-146,346,689
55.94525,191,1244,-1751,537,4491,-146,346,689
55.94575,191,1245,-1752,539,4524,-146,347,689
55.94625,190,1245,-1752,539,4523,-146,347,688
55.94675,190,1245,-1752,540,4514,-146,347,688
55.94725,190,1245,-1751,540,4490,-146,347,688
55.94775,191,1245,-1750,540,4464,-146,347,688
55.94825,191,1245,-1749,539,4457,-146,347,688
55.94875,190,1245,-1749,536,4457,-146,347,688
55.94925,190,1245,-1749,534,4461,-146,347,689
55.94975,191,1245,-1749,533,4462,-145,347,689
55.95025,191,1244,-1750,533,4457,-146,346,689
55.95075,192,1244,-1750,535,4458,-146,346,688
55.95125,192,1244,-1751,535,4460,-146,346,687
55.95175,192,1243,-1752,537,4464,-146,346,688
55.95225,191,1243,-1755,538,4460,-146,346,687
55.95275,191,1243,-1756,538,4462,-146,346,687
55.95325,191,1244,-1757,538,4454,-146,347,687
55.95375,190,1244,-1756,538,4447,-146,347,687
55.95425,189,1245,-1754,537,4447,-146,347,686
55.95475,190,1245,-1750,536,4447,-146,346,687
55.95525,190,1245,-1747,535,4480,-146,345,687
55.95575,190,1244,-1746,535,4507,-146,346,687
55.95625,189,1244,-1747,535,4498,-146,347,687
55.95675,189,1245,-1747,534,4483,-146,347,688
55.95725,188,1245,-1748,533,4447,-145,347,688
55.95775,187,1245,-1748,532,4428,-145,347,689
55.95825,186,1246,-1747,533,4423,-145,346,688
55.95875,187,1246,-1748,533,4419,-145,346,686
55.95925,187,1245,-1748,534,4427,-146,346,684
55.95975,188,1245,-1749,535,4426,-146,347,684
55.96025,188,1245,-1749,536,4427,-146,347,684
55.96075,188,1245,-1749,536,4430,-146,347,684
55.96125,188,1245,-1749,537,4432,-146,347,684
55.96175,187,1246,-1750,536,4432,-146,347,684
55.96225,187,1246,-1749,537,4432,-145,347,685
55.96275,187,1245,-1749,536,4431,-146,347,685
55.96325,187,1245,-1748,536,4425,-146,347,685
55.96375,187,1245,-1748,535,4423,-146,346,686
55.96425,187,1245,-1749,534,4423,-146,346,685
55.96475,187,1245,-1748,534,4423,-146,346,686
55.96525,187,1244,-1748,535,4448,-146,346,686
55.96575,187,1244,-1749,535,4471,-146,346,687
55.96625,187,1245,-1748,535,4460,-146,347,688
55.96675,187,1244,-1749,536,4444,-146,347,688
55.96725,187,1245,-1749,535,4417,-146,347,689
55.96775,186,1245,-1749,536,4393,-146,347,690
55.96835,185,1245,-1749,535,4383,-146,347,690
55.96885,184,1246,-1750,535,4387,-146,347,691
55.96935,184,1246,-1750,536,4387,-145,347,692
55.96985,183,1246,-1750,536,4379,-144,347,692
55.97035,183,1246,-1750,537,4383,-145,347,691
55.970848,183,1246,-1749,537,4389,-145,347,689
55.97135,184,1246,-1749,536,4389,-146,347,688
55.97185,184,1246,-1748,536,4394,-146,347,686
55.97235,184,1245,-1748,537,4405,-146,347,686
55.97285,184,1245,-1749,538,4411,-147,347,685
55.97335,185,1245,-1749,538,4409,-147,348,685
55.97385,184,1246,-1749,538,4401,-146,347,685
55.97435,184,1245,-1750,538,4398,-146,347,685
55.97485,184,1245,-1750,537,4398,-146,347,686
55.97535,184,1245,-1750,537,4426,-145,346,686
55.97585,184,1245,-1750,536,4440,-145,346,685
55.97635,184,1246,-1749,538,4419,-146,346,685
55.97685,184,1245,-1750,538,4387,-146,347,685
55.97735,183,1246,-1749,537,4345,-146,347,685
55.97785,183,1245,-1749,534,4329,-146,347,685
55.97835,184,1245,-1749,533,4333,-146,346,685
55.97885,184,1244,-1747,532,4342,-146,346,685
55.97935,184,1244,-1746,532,4352,-146,346,686
55.97985,184,1244,-1745,534,4358,-146,346,687
55.98035,184,1243,-1746,535,4371,-146,346,688
55.98085,183,1244,-1747,535,4378,-146,347,689
55.98135,183,1244,-1747,535,4391,-146,347,689
55.98185,183,1245,-1746,533,4396,-145,347,691
55.98235,182,1245,-1745,532,4400,-145,346,691
55.98285,182,1246,-1746,531,4405,-145,346,691
55.98335,182,1245,-1746,531,4409,-145,347,690
55.98385,182,1246,-1748,533,4414,-145,346,689
55.98435,181,1245,-1749,535,4421,-145,347,688
55.98485,181,1245,-1750,537,4421,-145,347,688
55.98535,181,1245,-1751,539,4455,-145,347,687
55.98585,181,1245,-1751,540,4480,-146,347,687
55.98635,181,1245,-1751,541,4470,-146,348,686
55.98685,180,1245,-1751,540,4457,-146,348,686
55.98735,179,1245,-1751,540,4430,-146,348,686
55.98785,179,1246,-1750,539,4413,-146,347,686
55.98835,179,1245,-1750,539,4409,-146,347,686
55.98885,179,1245,-1750,540,4412,-146,347,686
55.98935,180,1245,-1749,539,4419,-146,346,686
55.98985,179,1246,-1749,536,4425,-146,347,687
55.99035,179,1245,-1749,534,4431,-145,346,687
55.99085,179,1245,-1750,533,4430,-146,347,686
55.99135,179,1246,-1751,533,4430,-146,347,686
55.99185,178,1246,-1750,533,4434,-146,347,686
55.99235,178,1246,-1747,533,4434,-146,347,686
55.99285,178,1246,-1746,533,4434,-145,347,686
55.99335,178,1246,-1746,533,4431,-146,346,686
55.99385,178,1246,-1747,533,4426,-146,347,686
55.99435,178,1246,-1748,533,4425,-146,347,687
55.99485,177,1246,-1748,534,4426,-146,347,687
55.99535,177,1246,-1748,536,4457,-146,346,687
55.99585,178,1245,-1747,535,4467,-147,347,687
55.99635,177,1245,-1747,535,4460,-145,347,687
55.99685,178,1244,-1747,535,4439,-145,347,688
55.99735,178,1243,-1747,536,4399,-145,347,689
55.99785,178,1243,-1746,536,4384,-145,347,688
55.99835,178,1243,-1746,536,4372,-145,347,688
55.99885,178,1243,-1747,536,4370,-145,346,688
55.99935,177,1243,-1748,536,4368,-145,347,688
55.99985,176,1244,-1749,536,4360,-145,347,688
56.00035,175,1244,-1749,538,4356,-145,347,689
56.00085,174,1245,-1749,538,4352,-146,347,688
56.00135,174,1246,-1748,539,4345,-146,347,688
56.00185,174,1246,-1747,537,4345,-146,347,686
56.00235,174,1246,-1748,536,4344,-147,347,686
56.00285,174,1245,-1748,536,4341,-146,347,685
56.00335,175,1245,-1749,536,4333,-146,347,685
56.00385,174,1245,-1749,535,4324,-146,347,685
56.00435,174,1245,-1748,533,4325,-146,347,686
56.00485,173,1245,-1749,534,4334,-145,348,687
56.00535,173,1245,-1749,535,4384,-145,347,687
56.00585,172,1246,-1748,535,4400,-145,348,687
56.00635,172,1246,-1748,534,4401,-145,348,687
56.00685,172,1246,-1747,534,4392,-145,348,688
56.00735,172,1245,-1747,534,4368,-145,348,689
56.00785,172,1244,-1747,535,4364,-144,348,688
56.00835,173,1244,-1748,535,4366,-144,347,689
56.00885,172,1244,-1748,534,4375,-144,347,688
56.00935,171,1245,-1748,533,4375,-145,346,688
56.00985,172,1244,-1748,533,4381,-144,347,688
56.01035,172,1245,-1748,533,4391,-144,347,688
56.01085,171,1245,-1747,534,4398,-144,347,687
56.01135,171,1245,-1748,536,4404,-144,346,687
56.01185,171,1245,-1748,536,4403,-144,347,688
56.01235,170,1245,-1748,536,4403,-144,346,688
56.01285,170,1244,-1748,535,4408,-144,346,687
56.01335,170,1244,-1748,536,4410,-144,346,687
56.01385,170,1244,-1748,535,4411,-144,346,687
56.01435,170,1244,-1746,536,4423,-145,346,687
56.01485,170,1244,-1746,536,4445,-145,346,688
56.01535,170,1244,-1746,536,4496,-145,346,688
56.01585,169,1245,-1746,536,4517,-145,347,688
56.01635,169,1245,-1747,537,4518,-145,347,688
56.01685,169,1245,-1747,537,4512,-145,347,688
56.01735,169,1244,-1748,537,4494,-145,347,688
56.01785,169,1244,-1748,537,4497,-144,347,688
56.01835,169,1244,-1749,537,4511,-144,346,688
56.01885,169,1244,-1749,537,4524,-144,346,688
56.01935,169,1244,-1749,536,4538,-144,346,688
56.01985,168,1244,-1748,536,4548,-144,346,687
56.02035,168,1244,-1747,536,4555,-144,346,686
56.02085,169,1244,-1746,536,4558,-144,346,685
56.02135,168,1243,-1746,536,4566,-144,346,685
56.02185,168,1243,-1746,535,4560,-144,346,684
56.02235,168,1243,-1747,534,4557,-143,346,684
56.02285,168,1243,-1747,535,4568,-144,346,684
56.02335,167,1243,-1747,535,4574,-144,346,684
56.02385,167,1243,-1746,535,4580,-144,346,684
56.02435,168,1243,-1746,535,4586,-144,346,684
56.02485,167,1243,-1746,535,4600,-144,345,684
56.02535,167,1243,-1746,535,4644,-143,345,684
56.02585,167,1243,-1746,535,4658,-143,345,684
56.02635,167,1243,-1745,534,4657,-143,346,684
56.02685,167,1243,-1746,534,4640,-143,346,685
56.02735,167,1243,-1746,534,4613,-144,346,684
56.02785,166,1243,-1747,535,4605,-144,346,685
56.02835,166,1243,-1746,535,4615,-144,346,686
56.02885,166,1243,-1746,535,4625,-144,346,686
56.02945,165,1243,-1745,536,4642,-143,347,687
56.02995,165,1243,-1745,535,4653,-143,346,689
56.03045,164,1242,-1746,536,4654,-142,347,691
56.03095,164,1243,-1745,535,4659,-142,346,693
56.03145,164,1242,-1746,536,4663,-141,346,693
56.031948,163,1242,-1746,536,4667,-141,346,693
56.03245,163,1242,-1746,535,4670,-141,346,693
56.03295,164,1242,-1746,536,4675,-141,346,691
56.03345,164,1242,-1746,535,4677,-142,346,691
56.03395,164,1242,-1746,536,4683,-142,346,690
56.03445,164,1242,-1746,535,4693,-142,346,690
56.03495,164,1242,-1747,536,4722,-142,346,690
56.03545,164,1242,-1747,536,4771,-142,346,689
56.03595,164,1242,-1747,535,4777,-142,346,689
56.03645,164,1242,-1747,535,4766,-142,346,688
56.03695,164,1242,-1746,534,4740,-142,347,688
56.03745,164,1242,-1745,535,4719,-142,347,687
56.03795,164,1242,-1745,535,4713,-142,347,687
56.03845,164,1242,-1745,535,4709,-142,347,687
56.03895,164,1242,-1745,535,4714,-142,347,687
56.03945,164,1242,-1745,535,4712,-142,347,688
56.03995,164,1242,-1745,535,4703,-142,347,688
56.04045,163,1242,-1745,536,4705,-142,347,688
56.04095,163,1242,-1745,536,4700,-142,347,687
56.04145,162,1242,-1745,535,4685,-142,347,687
56.04195,162,1243,-1745,535,4668,-142,347,687
56.04245,161,1243,-1745,534,4659,-142,347,687
56.04295,161,1243,-1745,534,4654,-142,347,686
56.04345,161,1243,-1745,534,4645,-142,347,685
56.04395,161,1243,-1745,534,4644,-142,347,685
56.04445,161,1243,-1745,535,4634,-142,347,685
56.04495,162,1243,-1745,535,4639,-142,347,685
56.04545,162,1243,-1745,535,4676,-142,347,686
56.04595,162,1242,-1744,535,4681,-142,347,686
56.04645,162,1242,-1744,534,4679,-142,347,686
56.04695,162,1242,-1744,534,4657,-143,347,686
56.04745,163,1241,-1744,534,4631,-143,347,687
56.04795,163,1241,-1744,534,4630,-142,347,686
56.04845,162,1240,-1744,534,4641,-142,347,687
56.04895,163,1240,-1744,534,4667,-142,347,686
56.04945,163,1240,-1744,534,4687,-142,347,686
56.04995,162,1240,-1744,534,4710,-142,347,686
56.05045,162,1241,-1744,534,4728,-142,346,686
56.05095,162,1242,-1744,534,4739,-142,347,685
56.05145,161,1243,-1744,533,4749,-142,346,685
56.05195,161,1243,-1744,534,4751,-142,346,685
56.05245,160,1243,-1743,533,4755,-142,346,685
56.05295,161,1243,-1743,534,4761,-142,346,684
56.05345,161,1243,-1743,533,4766,-142,346,684
56.05395,161,1242,-1743,534,4776,-142,346,684
56.05445,161,1243,-1743,534,4786,-142,346,684
56.05495,161,1243,-1743,535,4809,-141,345,684
56.05545,161,1243,-1744,534,4855,-141,346,683
56.05595,161,1242,-1744,534,4867,-141,346,681
56.05645,161,1243,-1744,534,4861,-140,345,680
56.05695,161,1243,-1744,533,4837,-140,346,680
56.05745,161,1243,-1744,533,4815,-141,346,680
56.05795,161,1243,-1743,534,4809,-141,346,680
56.05845,161,1243,-1743,534,4806,-141,346,680
56.05895,162,1242,-1744,534,4808,-141,347,681
56.05945,162,1242,-1744,534,4810,-141,347,681
56.05995,162,1242,-1745,534,4798,-142,347,682
56.06045,162,1242,-1744,534,4784,-142,347,682
56.06095,162,1242,-1744,534,4790,-142,347,681
56.06145,162,1241,-1743,533,4788,-142,347,681
56.06195,162,1242,-1742,534,4773,-142,347,681
56.06245,161,1242,-1743,534,4760,-142,347,683
56.06295,160,1242,-1743,533,4750,-142,346,684
56.06345,159,1243,-1743,534,4743,-141,347,685
56.06395,158,1243,-1744,534,4746,-141,347,686
56.06445,158,1243,-1744,534,4744,-141,347,687
56.06495,158,1243,-1743,534,4763,-140,347,687
56.06545,158,1243,-1742,534,4791,-140,347,687
56.06595,158,1243,-1741,533,4788,-141,347,686
56.06645,158,1243,-1741,533,4778,-141,348,685
56.06695,159,1243,-1741,533,4747,-141,348,684
56.06745,159,1242,-1742,533,4707,-141,349,683
56.06795,160,1242,-1742,533,4690,-141,349,682
56.06845,160,1242,-1742,533,4675,-141,349,682
56.06895,160,1242,-1742,533,4668,-141,349,682
56.06945,160,1243,-1742,533,4658,-140,349,682
56.06995,160,1243,-1742,533,4644,-140,349,682
56.07045,160,1242,-1742,533,4634,-139,349,683
56.07095,160,1243,-1743,533,4629,-139,349,683
56.07145,160,1242,-1743,533,4625,-140,349,683
56.07195,160,1242,-1743,534,4624,-140,349,683
56.07245,160,1242,-1743,534,4626,-141,348,682
56.07295,160,1242,-1743,534,4624,-140,348,681
56.07345,160,1242,-1742,533,4619,-141,348,681
56.07395,160,1242,-1742,533,4613,-141,348,680
56.07445,160,1243,-1742,533,4611,-140,348,680
56.07495,159,1243,-1743,534,4636,-141,347,680
56.07545,158,1244,-1743,534,4666,-140,348,680
56.07595,157,1244,-1743,534,4654,-140,348,680
56.07645,157,1244,-1743,534,4635,-141,348,680
56.07695,157,1244,-1743,534,4596,-140,348,680
56.07745,158,1243,-1743,534,4561,-140,349,680
56.07795,158,1243,-1743,535,4543,-140,348,681
56.07845,159,1243,-1743,535,4530,-140,348,681
56.07895,159,1243,-1743,535,4521,-139,349,682
56.07945,160,1243,-1742,534,4513,-139,349,681
56.07995,160,1243,-1742,534,4516,-139,348,681
56.08045,160,1243,-1742,533,4516,-139,348,680
56.08095,160,1243,-1742,532,4517,-139,348,680
56.08145,160,1243,-1742,533,4522,-139,349,680
56.08195,160,1244,-1742,533,4520,-139,349,680
56.08245,159,1244,-1742,534,4516,-139,349,680
56.08295,159,1244,-1742,534,4511,-139,349,680
56.08345,159,1244,-1742,534,4503,-139,349,680
56.08395,159,1244,-1742,534,4493,-139,350,679
56.08445,159,1244,-1742,534,4479,-139,350,678
56.08495,159,1244,-1742,535,4482,-139,349,679
56.08545,159,1244,-1742,534,4504,-139,349,679
56.08595,158,1244,-1742,535,4490,-139,349,679
56.08645,158,1244,-1742,534,4474,-139,349,680
56.08695,158,1244,-1742,534,4444,-139,349,680
56.08745,158,1244,-1742,533,4423,-139,350,680
56.08795,159,1244,-1742,533,4419,-138,349,681
56.08845,159,1244,-1742,534,4422,-139,349,681
56.08895,159,1244,-1742,534,4422,-139,349,681
56.08945,160,1244,-1742,534,4424,-138,349,681
56.09005,160,1243,-1742,534,4424,-138,349,681
56.09055,160,1243,-1742,533,4425,-138,349,681
56.09105,159,1244,-1742,533,4427,-138,349,681
56.09155,160,1244,-1742,534,4429,-138,349,680
56.09205,159,1245,-1742,534,4429,-138,349,680
56.09255,159,1245,-1742,535,4434,-138,349,680
56.09305,159,1245,-1742,535,4437,-137,349,680
56.09355,159,1245,-1742,535,4438,-137,349,680
56.09405,159,1246,-1742,535,4439,-137,348,679
56.09455,159,1245,-1742,535,4441,-137,349,679
56.09505,159,1245,-1741,535,4463,-137,348,679
56.09555,160,1246,-1742,534,4488,-137,348,678
56.09605,160,1246,-1741,533,4482,-137,348,678
56.09655,160,1246,-1741,533,4471,-137,348,678
56.09705,160,1246,-1741,532,4426,-137,349,678
56.09755,160,1245,-1741,533,4382,-136,349,679
56.09805,160,1245,-1742,534,4352,-136,349,679
56.09855,160,1245,-1742,534,4323,-137,348,680
56.09905,160,1245,-1742,534,4304,-137,349,680
56.09955,160,1246,-1742,534,4290,-137,348,679
56.10005,160,1246,-1742,535,4274,-137,349,679
56.10055,160,1246,-1742,535,4257,-138,349,679
56.10105,160,1246,-1742,534,4246,-138,348,679
56.10155,161,1247,-1741,535,4240,-138,348,680
56.10205,160,1247,-1741,534,4236,-137,348,679
56.10255,159,1247,-1742,534,4238,-137,348,680
56.10305,159,1248,-1741,534,4237,-137,348,680
56.10355,158,1248,-1742,534,4245,-137,348,680
56.10405,158,1248,-1741,534,4254,-137,348,680
56.10455,159,1249,-1741,534,4256,-137,348,680
56.10505,159,1248,-1742,535,4286,-137,348,680
56.10555,160,1248,-1741,535,4303,-137,348,680
56.10605,160,1248,-1742,535,4294,-137,348,679
56.10655,160,1248,-1742,534,4276,-137,348,680
56.10705,160,1248,-1741,534,4235,-137,349,679
56.10755,160,1248,-1741,535,4214,-137,348,679
56.10805,160,1248,-1741,535,4197,-138,348,679
56.10855,160,1248,-1741,535,4185,-138,348,679
56.10905,160,1248,-1741,535,4174,-138,348,679
56.10955,160,1248,-1741,535,4155,-137,348,679
56.11005,160,1249,-1741,535,4132,-138,348,679
56.11055,160,1248,-1741,534,4106,-138,348,679
56.11105,161,1249,-1741,534,4080,-137,348,679
56.11155,161,1249,-1741,535,4055,-138,348,679
56.11205,161,1249,-1742,534,4035,-137,348,678
56.11255,161,1249,-1742,534,4019,-137,348,678
56.11305,161,1250,-1742,534,4003,-138,348,679
56.11355,161,1249,-1742,533,3980,-137,348,678
56.11405,161,1250,-1741,534,3956,-137,348,679
56.11455,161,1250,-1741,534,3946,-137,348,679
56.11505,161,1250,-1741,534,3963,-136,347,679
56.11555,160,1250,-1741,535,3970,-136,347,679
56.11605,160,1251,-1741,535,3957,-136,347,679
56.11655,159,1251,-1741,535,3939,-137,348,679
56.11705,159,1252,-1741,535,3900,-137,348,679
56.11755,159,1251,-1742,535,3878,-137,348,679
56.11805,159,1251,-1742,535,3873,-138,348,678
56.11855,159,1252,-1742,535,3873,-138,348,678
56.11905,159,1252,-1742,535,3880,-138,347,678
56.11955,159,1252,-1742,535,3875,-138,348,678
56.12005,159,1252,-1742,534,3874,-137,348,678
56.12055,159,1252,-1742,535,3878,-137,348,678
56.12105,159,1252,-1742,535,3880,-137,348,678
56.12155,159,1252,-1740,534,3882,-137,348,678
56.12205,159,1252,-1740,535,3881,-136,348,678
56.12255,159,1252,-1741,535,3882,-137,349,678
56.12305,160,1252,-1741,535,3884,-136,349,678
56.12355,160,1252,-1741,535,3888,-136,350,677
56.12405,161,1252,-1741,535,3890,-137,349,678
56.12455,161,1252,-1741,535,3891,-136,349,677
56.12505,161,1252,-1741,535,3934,-136,349,678
56.12555,161,1252,-1741,535,3953,-136,350,678
56.12605,161,1252,-1742,534,3957,-136,350,677
56.12655,161,1253,-1741,534,3947,-136,350,678
56.12705,161,1253,-1742,535,3914,-136,350,677
56.12755,160,1253,-1741,535,3907,-135,349,678
56.12805,160,1253,-1742,535,3911,-135,349,678
56.12855,160,1254,-1742,536,3926,-135,348,678
56.12905,160,1254,-1742,536,3937,-135,348,678
56.12955,160,1254,-1742,536,3939,-134,347,678
56.13005,160,1255,-1743,536,3940,-134,347,678
56.13055,159,1256,-1743,536,3939,-135,347,678
56.13105,159,1256,-1743,536,3938,-135,347,677
56.13155,159,1256,-1743,535,3935,-134,347,677
56.13205,159,1255,-1742,536,3924,-135,347,677
56.13255,160,1255,-1742,535,3917,-135,347,678
56.13305,160,1255,-1742,535,3916,-135,347,678
56.13355,160,1254,-1742,535,3915,-135,347,678
56.13405,160,1254,-1742,535,3905,-134,347,678
56.13455,160,1254,-1742,536,3900,-134,347,679
56.13505,160,1254,-1742,537,3928,-134,347,679
56.13555,160,1254,-1742,536,3927,-134,347,678
56.13605,160,1255,-1742,536,3912,-134,348,678
56.13655,160,1255,-1742,535,3893,-134,347,678
56.13705,159,1256,-1742,535,3854,-134,348,677
56.13755,159,1257,-1742,535,3835,-134,348,677
56.13805,159,1257,-1742,535,3824,-134,347,676
56.13855,159,1257,-1743,535,3821,-134,347,676
56.13905,159,1257,-1742,535,3826,-134,347,676
56.13955,159,1257,-1742,535,3822,-134,347,676
56.14005,159,1257,-1742,535,3816,-133,347,675
56.14055,159,1257,-1742,536,3809,-133,347,675
56.14105,159,1257,-1742,536,3799,-133,347,676
56.14155,159,1256,-1743,536,3794,-133,347,676
56.14205,159,1256,-1743,535,3794,-133,347,676
56.14255,159,1256,-1743,535,3789,-133,347,676
56.14305,159,1256,-1743,535,3784,-132,347,676
56.14355,160,1257,-1743,535,3778,-132,347,677
56.14405,160,1256,-1742,535,3771,-133,347,677
56.14455,160,1257,-1743,536,3765,-133,347,678
56.14505,160,1257,-1742,536,3795,-133,346,678
56.14555,160,1258,-1743,536,3798,-133,346,677
56.14605,159,1258,-1743,535,3788,-132,346,678
56.14655,158,1259,-1743,536,3758,-132,346,677
56.14705,158,1259,-1744,536,3725,-132,347,678
56.14755,158,1259,-1744,537,3712,-132,346,677
56.14805,158,1259,-1744,537,3713,-132,346,676
56.14855,158,1259,-1743,537,3712,-132,346,675
56.14905,159,1258,-1743,537,3717,-132,345,675
56.14955,159,1258,-1743,537,3713,-132,346,675
56.15005,159,1258,-1743,537,3712,-132,346,675
56.15065,159,1258,-1743,536,3713,-132,346,676
56.15115,158,1258,-1743,536,3712,-132,346,677
56.15165,158,1259,-1743,535,3713,-132,345,678
56.15215,158,1260,-1743,535,3710,-133,346,678
56.15265,157,1259,-1743,535,3716,-132,346,678
56.15315,158,1260,-1743,535,3719,-133,346,678
56.15365,158,1259,-1743,535,3715,-132,346,679
56.15415,159,1259,-1743,535,3714,-133,347,679
56.15465,159,1260,-1743,536,3719,-132,347,680
56.15515,159,1259,-1743,538,3758,-132,347,682
56.15565,160,1259,-1743,538,3770,-131,347,683
56.15615,159,1259,-1744,538,3764,-131,347,684
56.15665,160,1259,-1744,538,3736,-131,347,684
56.15715,160,1259,-1743,538,3704,-131,347,685
56.15765,159,1259,-1743,538,3692,-130,347,686
56.15815,160,1259,-1743,538,3685,-130,346,686
56.15865,160,1259,-1743,537,3690,-129,346,685
56.15915,160,1259,-1743,537,3690,-129,346,685
56.15965,161,1259,-1743,536,3681,-130,346,684
56.16015,161,1258,-1743,536,3683,-130,346,683
56.16065,160,1258,-1743,537,3690,-130,346,682
56.161148,160,1258,-1743,537,3689,-131,346,681
56.16165,159,1258,-1742,537,3692,-131,346,679
56.16215,159,1259,-1742,537,3688,-132,346,679
56.16265,159,1259,-1743,537,3686,-132,346,678
56.16315,159,1260,-1743,537,3691,-132,346,678
56.16365,158,1262,-1743,536,3700,-132,346,678
56.16415,157,1263,-1743,536,3705,-132,347,678
56.16465,156,1264,-1743,536,3717,-132,346,678
56.16515,156,1264,-1743,535,3759,-132,346,679
56.16565,156,1263,-1743,534,3770,-132,346,679
56.16615,156,1263,-1743,534,3766,-132,346,679
56.16665,156,1263,-1743,534,3751,-133,346,679
56.16715,156,1263,-1743,535,3730,-133,346,679
56.16765,157,1262,-1742,535,3729,-133,346,680
56.16815,157,1261,-1742,535,3743,-133,346,680
56.16865,157,1260,-1743,536,3765,-133,346,681
56.16915,157,1260,-1743,538,3778,-134,346,681
56.16965,158,1260,-1744,538,3784,-134,345,682
56.17015,158,1261,-1744,539,3793,-133,345,682
56.17065,158,1261,-1744,540,3809,-133,346,683
56.17115,158,1261,-1744,540,3820,-133,345,685
56.17165,158,1261,-1744,540,3823,-132,345,687
56.17215,157,1261,-1744,540,3827,-132,345,688
56.17265,156,1262,-1744,540,3834,-132,345,688
56.17315,156,1262,-1744,539,3847,-132,345,688
56.17365,156,1263,-1744,536,3851,-132,345,687
56.17415,156,1262,-1743,534,3849,-133,345,686
56.17465,157,1263,-1742,533,3860,-133,344,685
56.17515,157,1262,-1742,533,3905,-134,344,684
56.17565,157,1262,-1742,533,3911,-134,344,684
56.17615,158,1262,-1742,533,3914,-134,344,684
56.17665,157,1262,-1742,534,3897,-134,345,684
56.17715,158,1262,-1742,534,3870,-134,344,684
56.17765,157,1263,-1742,536,3865,-135,344,684
56.17815,157,1262,-1742,536,3869,-135,344,684
56.17865,157,1263,-1742,537,3879,-135,344,684
56.17915,157,1263,-1743,537,3885,-135,344,684
56.17965,157,1263,-1744,537,3890,-135,344,683
56.18015,158,1263,-1745,537,3895,-135,344,683
56.18065,157,1263,-1746,537,3897,-136,345,683
56.18115,158,1263,-1746,538,3902,-136,345,683
56.18165,158,1263,-1746,538,3912,-136,345,683
56.18215,158,1263,-1746,538,3920,-136,345,683
56.18265,158,1263,-1745,539,3928,-136,345,683
56.18315,158,1263,-1742,539,3935,-136,344,683
56.18365,158,1263,-1739,538,3942,-136,345,683
56.18415,157,1263,-1739,537,3948,-136,345,683
56.18465,157,1263,-1741,535,3967,-136,344,683
56.18515,156,1264,-1742,533,4008,-136,344,684
56.18565,155,1264,-1742,533,4014,-136,344,684
56.18615,155,1264,-1742,534,4022,-136,344,684
56.18665,156,1263,-1742,534,4005,-136,345,683
56.18715,156,1262,-1742,535,3985,-136,344,684
56.18765,157,1262,-1742,536,3987,-136,344,683
56.18815,158,1262,-1742,536,4000,-136,344,683
56.18865,158,1262,-1741,536,4009,-137,344,683
56.18915,158,1262,-1741,535,4018,-137,344,683
56.18965,158,1262,-1742,535,4025,-137,343,683
56.19015,157,1262,-1742,535,4033,-136,343,683
56.19065,157,1263,-1742,535,4039,-136,344,683
56.19115,157,1263,-1743,535,4041,-136,344,683
56.19165,157,1263,-1742,536,4046,-136,344,683
56.19215,157,1263,-1742,537,4053,-136,344,683
56.19265,156,1263,-1743,537,4056,-137,344,682
56.19315,157,1263,-1743,536,4060,-137,344,682
56.19365,156,1263,-1742,536,4070,-137,344,682
56.19415,157,1263,-1742,536,4068,-137,344,682
56.19465,157,1263,-1740,535,4085,-137,344,681
56.19515,158,1263,-1741,535,4122,-138,344,681
56.19565,158,1262,-1741,535,4122,-138,344,681
56.19615,158,1262,-1741,535,4120,-138,344,681
56.19665,158,1262,-1742,535,4100,-138,345,680
56.19715,158,1262,-1741,535,4079,-138,345,680
56.19765,158,1262,-1741,536,4084,-138,345,680
56.19815,158,1263,-1741,536,4090,-139,346,680
56.19865,157,1262,-1741,535,4097,-139,345,680
56.19915,157,1263,-1741,535,4100,-139,345,681
56.19965,157,1263,-1741,535,4103,-139,345,681
56.20015,156,1263,-1742,536,4108,-138,345,682
56.20065,157,1263,-1741,536,4114,-138,345,683
56.20115,156,1263,-1742,536,4124,-139,345,683
56.20165,156,1263,-1741,536,4125,-138,344,683
56.20215,157,1263,-1741,536,4125,-138,344,683
56.20265,157,1263,-1740,536,4130,-139,344,684
56.20315,156,1263,-1740,536,4134,-138,344,684
56.20365,157,1263,-1741,537,4144,-138,343,684
56.20415,157,1263,-1741,536,4148,-138,343,684
56.20465,157,1262,-1741,536,4169,-138,342,684
56.20515,157,1263,-1741,534,4201,-138,342,684
56.20565,157,1262,-1740,534,4202,-138,342,684
56.20615,156,1262,-1741,535,4195,-139,342,684
56.20665,157,1262,-1741,536,4168,-139,342,683
56.20715,157,1262,-1742,536,4144,-139,343,683
56.20765,157,1262,-1742,537,4134,-139,343,683
56.20815,157,1262,-1742,536,4139,-140,343,682
56.20865,158,1262,-1742,537,4150,-139,344,683
56.20915,158,1262,-1742,536,4159,-140,343,682
56.20965,158,1262,-1743,537,4159,-139,343,682
56.21015,158,1262,-1743,538,4164,-140,344,682
56.21065,158,1262,-1743,538,4168,-140,344,682
56.21115,158,1262,-1743,538,4169,-140,344,682
56.21165,158,1261,-1743,537,4171,-140,344,682
56.21225,158,1261,-1743,537,4169,-140,344,681
56.21275,158,1262,-1743,537,4166,-140,343,682
56.21325,159,1262,-1744,536,4162,-140,344,681
56.21375,159,1262,-1743,534,4165,-140,344,681
56.21425,159,1262,-1740,534,4157,-140,345,681
56.21475,160,1262,-1737,534,4180,-140,344,682
56.21525,159,1262,-1735,534,4211,-140,344,681
56.21575,159,1263,-1735,534,4216,-141,344,681
56.21625,159,1262,-1736,534,4206,-141,343,681
56.21675,158,1263,-1738,533,4175,-141,344,680
56.21725,159,1262,-1738,534,4156,-141,344,681
56.21775,159,1262,-1739,533,4156,-141,344,681
56.21825,158,1262,-1738,534,4153,-141,344,681
56.21875,158,1261,-1738,534,4156,-141,344,681
56.21925,157,1261,-1739,534,4158,-141,344,681
56.21975,157,1261,-1739,534,4159,-141,344,682
56.22025,157,1262,-1739,534,4161,-141,344,681
56.22075,157,1261,-1740,535,4165,-141,344,681
56.22125,157,1261,-1740,535,4162,-142,344,681
56.22175,158,1261,-1741,536,4161,-142,344,681
56.222248,158,1261,-1741,536,4160,-142,344,681
56.22275,158,1261,-1742,537,4158,-142,344,681
56.22325,159,1261,-1742,537,4156,-142,344,682
56.22375,159,1260,-1741,537,4155,-142,344,682
56.22425,159,1260,-1741,537,4156,-142,345,682
56.22475,159,1261,-1741,539,4180,-142,345,682
56.22525,159,1261,-1741,538,4201,-142,345,681
56.22575,159,1261,-1740,538,4190,-143,345,681
56.22625,159,1261,-1740,537,4174,-143,344,681
56.22675,159,1260,-1740,537,4138,-143,345,681
56.22725,159,1261,-1740,535,4118,-143,344,682
56.22775,159,1260,-1740,533,4119,-143,344,682
56.22825,159,1260,-1741,532,4126,-143,343,682
56.22875,159,1260,-1741,532,4130,-144,344,681
56.22925,159,1260,-1741,534,4128,-144,344,681
56.22975,159,1260,-1742,535,4121,-144,344,680
56.23025,158,1260,-1742,535,4120,-144,345,679
56.23075,158,1261,-1742,534,4124,-144,345,679
56.23125,158,1261,-1741,534,4118,-143,345,679
56.23175,158,1261,-1740,534,4118,-144,345,680
56.23225,158,1260,-1740,534,4123,-144,344,680
56.23275,158,1260,-1740,535,4129,-144,344,680
56.23325,159,1260,-1739,534,4130,-144,344,679
56.23375,158,1260,-1739,532,4127,-145,345,679
56.23425,158,1261,-1740,532,4112,-144,345,679
56.23475,158,1260,-1740,534,4138,-144,344,680
56.23525,158,1261,-1741,534,4160,-144,344,680
56.23575,158,1260,-1741,534,4161,-144,344,680
56.23625,158,1260,-1741,534,4152,-143,344,680
56.23675,158,1261,-1740,533,4116,-144,344,680
56.23725,158,1260,-1739,533,4095,-143,344,680
56.23775,158,1260,-1739,533,4092,-143,345,680
56.23825,158,1260,-1739,534,4095,-144,345,680
56.23875,158,1261,-1740,535,4097,-143,344,681
56.23925,158,1260,-1741,535,4093,-143,344,681
56.23975,158,1260,-1742,535,4088,-143,344,682
56.24025,158,1260,-1742,536,4089,-143,344,682
56.24075,158,1260,-1742,536,4095,-143,344,681
56.24125,158,1259,-1742,536,4093,-144,344,680
56.24175,158,1259,-1740,536,4086,-144,344,680
56.24225,159,1259,-1739,536,4086,-144,345,680
56.24275,159,1259,-1738,536,4084,-144,344,679
56.24325,159,1259,-1738,537,4082,-144,345,680
56.24375,159,1259,-1738,536,4076,-144,345,680
56.24425,159,1258,-1739,534,4078,-144,344,679
56.24475,159,1258,-1739,534,4108,-144,343,680
56.24525,159,1258,-1739,533,4117,-145,343,679
56.24575,158,1259,-1739,533,4111,-145,343,679
56.24625,158,1259,-1739,533,4092,-145,344,679
56.24675,158,1259,-1739,532,4053,-145,344,679
56.24725,159,1259,-1739,533,4036,-145,344,679
56.24775,159,1259,-1740,535,4039,-145,345,679
56.24825,159,1258,-1741,535,4044,-144,345,679
56.24875,159,1258,-1741,537,4051,-144,345,680
56.24925,159,1258,-1741,538,4054,-144,345,680
56.24975,159,1258,-1741,538,4061,-145,345,680
56.25025,158,1258,-1740,537,4061,-144,345,681
56.25075,158,1258,-1740,534,4056,-144,345,681
56.25125,158,1258,-1740,532,4047,-144,345,681
56.25175,158,1257,-1740,531,4042,-144,345,682
56.25225,158,1257,-1741,533,4040,-144,345,681
56.25275,158,1257,-1741,535,4042,-144,345,682
56.25325,158,1257,-1742,535,4041,-144,345,682
56.25375,158,1257,-1742,534,4043,-143,345,682
56.25425,158,1257,-1742,533,4043,-144,345,682
56.25475,157,1258,-1741,532,4079,-144,345,682
56.25525,157,1258,-1740,531,4091,-144,344,681
56.25575,157,1258,-1739,533,4085,-145,345,681
56.25625,157,1257,-1740,533,4065,-145,345,681
56.25675,158,1257,-1740,533,4031,-146,346,680
56.25725,159,1257,-1740,534,4022,-146,345,681
56.25775,158,1257,-1740,534,4026,-145,345,681
56.25825,158,1257,-1740,535,4026,-144,345,682
56.25875,158,1257,-1740,534,4031,-145,345,681
56.25925,158,1256,-1741,534,4037,-145,344,681
56.25975,158,1256,-1741,534,4035,-144,344,680
56.26025,157,1256,-1741,534,4037,-145,344,679
56.26075,157,1256,-1740,534,4043,-145,344,677
56.26125,157,1256,-1740,534,4042,-145,345,676
56.26175,157,1257,-1740,533,4043,-144,345,675
56.26225,156,1257,-1740,534,4049,-145,345,675
56.26275,156,1258,-1740,534,4044,-145,345,675
56.26325,157,1257,-1740,534,4044,-145,345,676
56.26375,157,1257,-1740,535,4046,-145,345,677
56.26425,157,1257,-1741,535,4055,-145,345,677
56.26475,157,1257,-1741,536,4089,-144,344,679
56.26525,157,1257,-1741,536,4098,-144,345,680
56.26575,157,1257,-1742,536,4095,-145,345,680
56.26625,156,1257,-1742,536,4090,-144,345,680
56.26675,156,1257,-1742,535,4063,-145,345,679
56.26725,155,1256,-1741,535,4058,-144,345,679
56.26775,155,1256,-1741,535,4063,-145,345,678
56.26825,155,1256,-1741,535,4070,-145,345,679
56.26875,156,1255,-1741,535,4083,-145,345,680
56.26925,155,1255,-1741,534,4085,-145,345,680
56.26975,156,1255,-1741,533,4093,-145,345,681
56.27025,156,1254,-1741,533,4099,-144,344,683
56.27075,156,1254,-1741,533,4096,-144,345,683
56.27125,156,1255,-1741,534,4095,-143,345,683
56.27175,155,1255,-1741,533,4100,-143,345,683
56.27225,155,1255,-1741,533,4104,-144,345,681
56.27275,154,1256,-1741,533,4106,-144,345,680
56.27335,153,1256,-1741,534,4108,-145,346,679
56.27385,153,1256,-1741,534,4113,-145,346,679
56.27435,153,1256,-1741,535,4110,-146,346,678
56.27485,153,1256,-1741,535,4147,-146,345,679
56.27535,153,1256,-1741,535,4158,-146,346,678
56.27585,152,1256,-1741,535,4155,-146,346,679
56.27635,152,1256,-1741,534,4140,-146,346,679
56.27685,152,1257,-1741,534,4107,-145,346,681
56.27735,152,1257,-1741,534,4098,-144,345,684
56.27785,152,1257,-1741,534,4102,-144,345,686
56.27835,152,1257,-1742,534,4116,-143,345,687
56.27885,152,1257,-1742,534,4124,-142,345,687
56.27935,152,1256,-1742,534,4122,-142,344,686
56.27985,153,1255,-1742,534,4129,-143,344,685
56.28035,153,1255,-1743,534,4142,-143,344,684
56.28085,153,1255,-1743,534,4143,-144,344,684
56.28135,153,1255,-1743,534,4147,-144,344,684
56.28185,153,1254,-1743,535,4151,-144,344,685
56.28235,152,1255,-1743,536,4153,-144,344,685
56.28285,153,1255,-1743,536,4150,-144,344,686
56.283348,153,1254,-1743,537,4154,-143,344,686
56.28385,153,1254,-1742,537,4164,-143,345,686
56.28435,153,1254,-1742,537,4175,-143,345,686
56.28485,153,1255,-1741,536,4213,-143,344,686
56.28535,152,1255,-1742,534,4213,-143,345,685
56.28585,151,1255,-1742,532,4207,-144,344,685
56.28635,151,1256,-1741,532,4182,-144,344,685
56.28685,151,1256,-1742,533,4151,-145,345,685
56.28735,151,1256,-1743,534,4147,-144,344,684
56.28785,151,1256,-1743,534,4157,-144,345,685
56.28835,151,1256,-1742,534,4171,-144,345,685
56.28885,152,1255,-1741,533,4175,-144,345,685
56.28935,152,1255,-1741,533,4177,-144,345,685
56.28985,152,1255,-1741,533,4183,-144,345,685
56.29035,152,1255,-1741,533,4186,-144,345,684
56.29085,152,1255,-1741,533,4190,-144,345,685
56.29135,151,1255,-1741,533,4196,-145,345,684
56.29185,151,1255,-1741,533,4196,-145,345,685
56.29235,151,1255,-1742,534,4198,-145,345,685
56.29285,151,1255,-1742,534,4195,-144,345,685
56.29335,151,1255,-1742,534,4198,-144,345,686
56.29385,151,1254,-1742,533,4203,-144,345,686
56.29435,151,1255,-1742,534,4216,-144,345,687
56.29485,150,1255,-1742,534,4256,-144,344,688
56.29535,150,1255,-1742,534,4256,-144,345,688
56.29585,150,1255,-1742,533,4256,-144,345,688
56.29635,150,1254,-1742,533,4238,-144,345,687
56.29685,150,1254,-1742,533,4212,-144,345,687
56.29735,150,1254,-1742,533,4205,-144,345,687
56.29785,150,1254,-1742,533,4209,-144,345,686
56.29835,151,1254,-1743,534,4220,-144,345,686
56.29885,151,1254,-1742,533,4234,-144,345,686
56.29935,151,1254,-1742,534,4241,-145,345,686
56.29985,151,1254,-1742,534,4246,-144,345,686
56.30035,151,1254,-1742,534,4251,-144,345,686
56.30085,151,1254,-1742,534,4256,-145,345,685
56.30135,151,1254,-1743,534,4259,-144,345,686
56.30185,152,1253,-1743,534,4260,-145,345,685
56.30235,151,1254,-1743,534,4266,-144,345,686
56.30285,152,1254,-1743,534,4266,-145,345,686
56.30335,152,1254,-1743,534,4272,-145,345,686
56.30385,152,1254,-1743,534,4277,-145,345,686
56.30435,152,1254,-1742,534,4291,-145,345,686
56.30485,151,1254,-1742,534,4330,-145,345,685
56.30535,151,1254,-1743,534,4331,-145,345,685
56.30585,151,1254,-1743,534,4318,-145,345,685
56.30635,150,1255,-1742,533,4298,-145,346,685
56.30685,150,1255,-1742,533,4275,-145,346,685
56.30735,150,1255,-1742,533,4276,-145,346,685
56.30785,149,1255,-1742,533,4283,-144,346,685
56.30835,148,1255,-1742,533,4292,-144,345,686
56.30885,147,1256,-1742,533,4297,-144,346,686
56.30935,148,1255,-1742,533,4303,-145,345,686
56.30985,148,1255,-1742,533,4306,-144,345,686
56.31035,148,1255,-1743,533,4308,-144,345,686
56.31085,148,1254,-1743,533,4312,-144,345,686
56.31135,148,1254,-1744,534,4315,-144,346,687
56.31185,148,1254,-1743,534,4318,-144,345,687
56.31235,148,1254,-1743,534,4315,-144,346,687
56.31285,148,1255,-1742,534,4315,-143,345,687
56.31335,148,1255,-1742,533,4317,-144,345,687
56.31385,148,1255,-1743,533,4314,-144,346,686
56.31435,148,1255,-1744,534,4331,-144,345,687
56.31485,148,1255,-1744,534,4377,-144,346,686
56.31535,148,1255,-1743,533,4376,-144,345,686
56.31585,148,1255,-1743,533,4377,-145,346,686
56.31635,148,1255,-1743,532,4359,-145,345,686
56.31685,148,1255,-1743,532,4338,-145,345,686
56.31735,149,1255,-1742,532,4338,-144,345,686
56.31785,149,1254,-1742,532,4345,-144,345,686
56.31835,149,1254,-1742,533,4353,-145,345,686
56.31885,150,1254,-1742,533,4361,-145,346,686
56.31935,150,1253,-1743,534,4366,-144,345,687
56.31985,150,1253,-1743,534,4376,-144,346,687
56.32035,150,1253,-1743,534,4381,-144,345,687
56.32085,151,1252,-1743,534,4388,-145,346,687
56.32135,151,1252,-1743,534,4396,-144,346,687
56.32185,150,1253,-1743,534,4402,-144,346,687
56.32235,150,1254,-1743,534,4404,-144,347,687
56.32285,149,1254,-1743,533,4406,-144,347,687
56.32335,149,1254,-1744,533,4411,-143,347,687
56.32385,149,1254,-1745,532,4413,-144,347,688
56.32435,149,1254,-1744,532,4432,-143,347,688
56.32485,149,1254,-1744,532,4472,-144,346,688
56.32535,148,1254,-1743,533,4471,-144,347,688
56.32585,148,1254,-1743,532,4466,-144,346,688
56.32635,148,1254,-1742,532,4440,-144,347,687
56.32685,148,1254,-1743,532,4414,-144,347,687
56.32735,147,1254,-1743,533,4410,-144,347,687
56.32785,146,1255,-1744,533,4414,-145,346,687
56.32835,145,1256,-1744,533,4422,-144,346,687
56.32885,145,1256,-1744,533,4428,-144,347,687
56.32935,146,1256,-1744,533,4431,-144,346,687
56.32985,145,1256,-1743,533,4435,-144,347,687
56.33035,145,1255,-1743,532,4438,-143,346,687
56.33085,145,1255,-1743,532,4441,-143,347,687
56.33135,146,1255,-1743,532,4445,-143,347,688
56.33185,146,1254,-1743,533,4449,-143,346,688
56.33235,146,1254,-1743,534,4456,-143,346,688
56.33285,146,1253,-1744,534,4460,-143,346,688
56.33335,146,1253,-1744,535,4465,-143,346,688
56.33385,147,1253,-1744,535,4468,-143,346,687
56.33445,146,1254,-1745,536,4485,-143,346,688
56.33495,146,1254,-1746,535,4515,-143,346,687
56.33545,146,1254,-1746,535,4518,-143,346,687
56.33595,146,1255,-1746,534,4510,-143,347,687
56.33645,146,1255,-1745,533,4486,-143,347,687
56.33695,146,1254,-1744,534,4467,-143,347,687
56.33745,146,1254,-1743,533,4472,-143,347,687
56.33795,146,1254,-1742,531,4480,-142,347,687
56.33845,146,1255,-1741,529,4490,-143,347,687
56.33895,147,1254,-1741,529,4495,-143,347,686
56.33945,146,1254,-1741,530,4500,-143,347,686
56.33995,146,1255,-1742,531,4510,-144,347,686
56.34045,146,1255,-1742,532,4515,-143,347,686
56.34095,146,1255,-1744,533,4518,-143,347,686
56.34145,146,1255,-1744,534,4520,-143,347,686
56.34195,146,1254,-1744,534,4523,-144,347,686
56.34245,147,1254,-1744,534,4525,-144,347,686
56.34295,147,1255,-1744,535,4526,-144,347,687
56.34345,146,1254,-1744,535,4527,-144,347,687
56.34395,146,1255,-1744,534,4523,-143,347,687
56.344448,147,1254,-1743,533,4546,-144,346,688
56.34495,147,1254,-1743,530,4578,-144,347,688
56.34545,146,1254,-1743,529,4579,-144,347,688
56.34595,146,1253,-1743,528,4571,-144,348,688
56.34645,146,1253,-1743,529,4542,-143,349,689
56.34695,145,1252,-1744,529,4520,-143,349,688
56.34745,145,1252,-1744,530,4518,-143,348,688
56.34795,145,1252,-1744,531,4528,-143,348,688
56.34845,145,1253,-1744,531,4539,-143,348,687
56.34895,144,1254,-1744,531,4543,-144,349,687
56.34945,143,1255,-1743,532,4542,-144,349,687
56.34995,143,1255,-1743,533,4546,-144,349,686
56.35045,143,1255,-1743,533,4551,-143,348,687
56.35095,143,1255,-1743,533,4558,-143,348,688
56.35145,144,1255,-1743,533,4561,-143,348,688
56.35195,144,1254,-1743,533,4573,-143,347,688
56.35245,144,1254,-1743,532,4575,-143,347,688
56.35295,144,1254,-1743,532,4575,-142,347,688
56.35345,144,1254,-1743,532,4578,-143,347,688
56.35395,144,1254,-1744,531,4580,-142,347,689
56.35445,143,1254,-1743,532,4603,-142,347,689
56.35495,143,1255,-1743,531,4626,-142,347,689
56.35545,143,1254,-1743,532,4622,-141,347,690
56.35595,143,1254,-1744,531,4619,-141,348,690
56.35645,143,1254,-1743,531,4597,-142,348,689
56.35695,143,1254,-1744,532,4581,-142,348,689
56.35745,143,1253,-1744,532,4575,-142,348,689
56.35795,143,1253,-1744,532,4577,-142,348,689
56.35845,143,1253,-1744,532,4583,-143,348,688
56.35895,143,1253,-1744,532,4585,-143,348,688
56.35945,143,1253,-1744,532,4594,-142,348,688
56.35995,143,1252,-1744,532,4600,-143,348,688
56.36045,144,1252,-1743,532,4602,-142,348,688
56.36095,144,1252,-1743,532,4601,-142,348,688
56.36145,144,1252,-1743,531,4599,-143,348,689
56.36195,144,1252,-1744,531,4598,-142,348,688
56.36245,143,1252,-1744,531,4591,-142,348,688
56.36295,144,1252,-1744,531,4592,-143,348,688
56.36345,144,1253,-1743,531,4593,-143,348,688
56.36395,144,1253,-1743,531,4592,-142,348,688
56.36445,143,1253,-1743,532,4618,-142,347,688
56.36495,144,1253,-1744,532,4640,-142,348,688
56.36545,144,1252,-1743,532,4634,-143,348,688
56.36595,144,1253,-1744,532,4624,-143,348,688
56.36645,144,1253,-1743,532,4596,-143,348,688
56.36695,144,1252,-1743,532,4579,-143,348,688
56.36745,144,1252,-1744,532,4581,-142,348,688
56.36795,144,1253,-1744,532,4588,-142,348,689
56.36845,144,1252,-1744,532,4595,-142,348,688
56.36895,143,1252,-1745,532,4594,-142,349,689
56.36945,144,1253,-1746,532,4599,-143,349,688
56.36995,143,1252,-1746,532,4599,-143,348,688
56.37045,143,1253,-1747,532,4607,-143,348,688
56.37095,143,1253,-1747,532,4612,-143,348,688
56.37145,143,1252,-1747,532,4616,-142,348,688
56.37195,143,1252,-1745,531,4617,-142,348,688
56.37245,143,1252,-1741,531,4614,-143,348,688
56.37295,143,1252,-1740,531,4610,-142,348,687
56.37345,142,1252,-1742,532,4610,-143,349,687
56.37395,142,1252,-1743,532,4604,-143,349,685
56.37445,142,1252,-1744,533,4629,-143,348,685
56.37495,141,1252,-1743,533,4650,-142,349,684
56.37545,141,1252,-1744,533,4648,-143,349,684
56.37595,141,1252,-1743,533,4643,-143,349,684
56.37645,140,1251,-1744,533,4615,-144,349,683
56.37695,141,1251,-1744,533,4599,-144,349,683
56.37745,141,1252,-1744,533,4598,-144,349,683
56.37795,141,1251,-1744,532,4603,-145,349,683
56.37845,141,1251,-1745,532,4611,-144,349,683
56.37895,142,1252,-1745,532,4613,-145,349,684
56.37945,142,1251,-1744,532,4615,-144,349,685
56.37995,142,1251,-1744,531,4620,-144,349,685
56.38045,143,1251,-1744,529,4617,-144,349,686
56.38095,143,1251,-1744,528,4618,-144,349,687
56.38145,142,1252,-1744,529,4624,-144,349,688
56.38195,142,1252,-1745,530,4622,-144,349,690
56.38245,142,1252,-1745,530,4627,-143,349,691
56.38295,142,1252,-1745,531,4628,-143,349,692
56.38345,142,1252,-1745,531,4625,-142,349,694
56.38395,142,1253,-1744,531,4630,-142,349,694
56.38445,141,1253,-1743,532,4664,-141,348,695
56.38495,141,1253,-1743,531,4680,-141,349,694
56.38545,141,1253,-1744,531,4669,-141,349,694
56.38595,141,1253,-1744,531,4658,-142,349,693
56.38645,140,1252,-1744,531,4628,-142,349,692
56.38695,141,1252,-1744,531,4607,-142,349,692
56.38745,141,1252,-1744,531,4614,-143,349,691
56.38795,142,1251,-1744,531,4622,-143,349,691
56.38845,142,1251,-1744,531,4623,-143,349,691
56.38895,142,1249,-1744,531,4625,-142,349,690
56.38945,142,1249,-1744,531,4628,-143,349,691
56.38995,142,1249,-1744,531,4634,-143,349,691
56.39045,141,1250,-1744,531,4628,-143,349,691
56.39095,140,1251,-1744,532,4623,-143,349,690
56.39145,140,1251,-1744,531,4625,-143,350,690
56.39195,140,1251,-1745,532,4632,-143,350,690
56.39245,141,1251,-1745,531,4631,-143,350,690
56.39295,140,1251,-1745,531,4627,-143,350,689
56.39345,140,1251,-1744,531,4627,-144,350,689
56.39395,140,1252,-1744,531,4624,-144,350,689
56.39445,140,1252,-1744,531,4657,-143,350,689
56.39495,139,1252,-1745,531,4669,-144,350,689
56.39545,139,1252,-1745,531,4664,-143,351,689
56.39605,138,1252,-1745,531,4652,-144,351,689
56.39655,138,1252,-1745,532,4622,-144,351,689
56.39705,138,1251,-1745,532,4615,-143,350,689
56.39755,139,1251,-1745,531,4618,-144,350,690
56.39805,139,1251,-1745,531,4626,-144,350,689
56.39855,139,1250,-1744,531,4635,-144,350,690
56.39905,139,1251,-1744,531,4632,-144,349,690
56.39955,139,1250,-1744,531,4642,-144,350,690
56.40005,139,1250,-1745,530,4648,-144,349,689
56.40055,138,1250,-1745,530,4649,-144,349,689
56.40105,139,1250,-1745,530,4646,-144,349,689
56.40155,139,1250,-1745,531,4647,-144,349,689
56.40205,139,1250,-1745,531,4649,-145,349,689
56.40255,139,1249,-1745,531,4650,-145,349,689
56.40305,139,1249,-1745,531,4650,-145,349,689
56.40355,140,1249,-1745,531,4653,-145,349,689
56.40405,140,1249,-1745,531,4660,-145,349,689
56.40455,140,1249,-1745,532,4700,-145,349,689
56.40505,140,1249,-1745,531,4708,-145,350,689
56.40555,140,1249,-1745,531,4701,-145,350,689
56.40605,140,1249,-1745,530,4682,-145,350,689
56.40655,140,1249,-1745,530,4653,-145,350,689
56.40705,140,1249,-1745,530,4645,-146,350,689
56.40755,139,1250,-1745,530,4649,-145,350,689
56.40805,139,1249,-1745,531,4656,-145,350,689
56.40855,139,1249,-1745,531,4661,-146,350,689
56.40905,139,1249,-1745,530,4662,-146,350,689
56.40955,139,1249,-1745,531,4663,-146,350,689
56.41005,139,1249,-1745,531,4666,-146,351,689
56.41055,139,1249,-1745,531,4668,-146,350,690
56.41105,139,1249,-1745,531,4671,-146,350,689
56.41155,138,1249,-1745,531,4678,-146,350,689
56.41205,139,1249,-1745,531,4675,-147,350,688
56.41255,139,1250,-1745,531,4674,-147,351,689
56.41305,139,1249,-1745,531,4678,-147,350,688
56.41355,139,1249,-1746,531,4678,-147,350,688
56.41405,140,1249,-1745,531,4690,-147,350,689
56.41455,140,1248,-1745,531,4726,-147,350,689
56.41505,139,1248,-1746,531,4726,-147,350,689
56.41555,139,1248,-1745,530,4721,-147,350,689
56.41605,139,1249,-1745,530,4702,-147,350,689
56.41655,139,1249,-1745,530,4676,-147,350,689
56.41705,139,1249,-1745,531,4671,-147,349,689
56.41755,139,1249,-1745,531,4676,-147,349,689
56.41805,140,1249,-1745,530,4681,-147,349,689
56.41855,140,1248,-1745,531,4683,-147,350,689
56.41905,139,1248,-1746,531,4683,-147,350,689
56.41955,140,1248,-1745,530,4682,-147,350,689
56.42005,139,1248,-1746,531,4681,-147,350,689
56.42055,139,1248,-1745,531,4680,-147,350,689
56.42105,139,1248,-1745,531,4681,-147,351,689
56.42155,139,1248,-1745,531,4681,-147,350,689
56.42205,138,1248,-1746,531,4682,-147,351,688
56.42255,138,1248,-1746,531,4682,-147,351,689
56.42305,138,1248,-1746,531,4684,-147,351,689
56.42355,138,1248,-1746,531,4679,-147,351,688
56.42405,138,1248,-1746,531,4686,-147,351,689
56.42455,138,1248,-1746,531,4726,-147,351,689
56.42505,138,1248,-1746,531,4722,-148,351,689
56.42555,139,1247,-1746,531,4710,-148,351,688
56.42605,138,1248,-1746,530,4684,-148,352,688
56.42655,139,1247,-1746,531,4661,-148,353,688
56.42705,139,1247,-1746,531,4655,-149,352,688
56.42755,140,1247,-1746,531,4658,-149,353,688
56.42805,140,1247,-1746,531,4662,-148,353,688
56.42855,140,1247,-1746,531,4666,-148,353,688
56.42905,140,1247,-1746,530,4664,-148,352,688
56.42955,140,1247,-1746,530,4662,-148,353,687
56.43005,140,1247,-1746,531,4658,-148,353,687
56.43055,140,1247,-1746,531,4648,-149,353,685
56.43105,140,1247,-1746,530,4644,-149,352,684
56.43155,140,1247,-1746,530,4647,-149,352,684
56.43205,141,1247,-1747,530,4654,-149,352,684
56.43255,141,1247,-1747,531,4652,-149,352,684
56.43305,140,1247,-1746,530,4649,-149,352,684
56.43355,139,1247,-1746,530,4649,-149,351,684
56.43405,139,1248,-1746,531,4662,-148,351,684
56.43455,139,1247,-1746,531,4694,-148,351,685
56.43505,138,1248,-1746,530,4692,-148,351,684
56.43555,138,1247,-1746,530,4679,-149,351,685
56.43605,138,1248,-1746,530,4660,-148,351,685
56.43655,138,1247,-1746,530,4631,-148,351,685
56.43705,137,1247,-1746,530,4625,-148,350,686
56.43755,137,1247,-1746,531,4628,-148,350,687
56.43805,137,1247,-1746,530,4637,-148,350,687
56.43855,137,1247,-1747,530,4632,-148,350,688
56.43905,137,1247,-1746,530,4629,-148,351,688
56.43955,137,1246,-1747,530,4637,-148,351,689
56.44005,138,1247,-1746,530,4637,-147,351,690
56.44055,138,1247,-1747,530,4629,-147,350,691
56.44105,138,1247,-1746,530,4627,-147,351,693
56.44155,138,1247,-1746,530,4620,-146,351,693
56.44205,138,1247,-1747,531,4614,-146,351,693
56.44255,138,1247,-1747,530,4610,-146,351,692
56.44305,138,1248,-1747,531,4606,-146,351,691
56.44355,137,1248,-1747,530,4606,-146,351,691
56.44405,138,1248,-1746,531,4612,-146,351,690
56.44455,138,1247,-1747,531,4643,-146,351,690
56.44505,138,1248,-1747,530,4645,-146,351,689
56.44555,138,1248,-1747,530,4633,-146,351,689
56.44605,138,1248,-1747,530,4598,-146,351,689
56.44655,138,1247,-1747,530,4569,-146,351,689
56.44705,139,1247,-1747,530,4564,-146,351,689
56.44755,139,1247,-1747,531,4568,-146,351,689
56.44805,140,1246,-1747,531,4575,-146,351,688
56.44855,140,1246,-1747,530,4579,-146,351,689
56.44905,139,1246,-1747,531,4582,-146,351,688
56.44955,139,1247,-1747,531,4577,-146,351,688
56.45005,139,1247,-1747,531,4579,-146,350,688
56.45055,139,1247,-1747,530,4579,-146,351,688
56.45105,139,1247,-1748,531,4577,-147,351,688
56.45155,139,1247,-1747,531,4574,-146,351,688
56.45205,139,1247,-1748,531,4572,-147,351,688
56.45255,139,1246,-1747,531,4570,-146,351,688
56.45305,139,1247,-1748,530,4566,-146,351,688
56.45355,139,1247,-1748,531,4565,-146,351,688
56.45405,138,1248,-1747,531,4581,-146,351,688
56.45455,137,1248,-1748,531,4612,-145,351,689
56.45505,137,1248,-1748,530,4609,-145,352,688
56.45555,137,1248,-1748,530,4597,-145,352,688
56.45605,137,1248,-1748,530,4573,-145,352,688
56.45655,137,1248,-1748,530,4552,-145,352,688
56.45715,138,1248,-1748,530,4549,-145,352,688
56.45765,138,1247,-1748,531,4553,-145,352,688
56.45815,139,1247,-1748,531,4558,-144,351,688
56.45865,139,1247,-1748,531,4559,-145,351,688
56.45915,139,1247,-1748,530,4559,-145,351,688
56.45965,139,1247,-1748,530,4559,-145,351,687
56.46015,139,1247,-1748,531,4559,-145,351,687
56.46065,139,1247,-1747,531,4553,-145,351,687
56.46115,140,1247,-1748,531,4552,-145,351,687
56.46165,139,1248,-1748,530,4552,-145,351,686
56.46215,140,1248,-1748,530,4552,-145,351,686
56.46265,139,1247,-1748,530,4554,-146,351,686
56.46315,139,1247,-1748,531,4552,-146,351,686
56.46365,139,1247,-1748,531,4548,-145,351,686
56.46415,139,1247,-1748,531,4564,-146,351,686
56.46465,139,1247,-1748,531,4596,-145,350,686
56.46515,139,1248,-1748,530,4592,-145,351,686
56.46565,139,1248,-1748,530,4582,-145,351,686
56.46615,138,1248,-1748,530,4555,-145,351,686
56.46665,139,1248,-1748,530,4532,-145,351,686
56.46715,139,1248,-1748,530,4529,-145,351,686
56.46765,139,1248,-1748,531,4535,-145,351,686
56.46815,139,1248,-1748,531,4542,-144,352,686
56.46865,139,1247,-1748,530,4544,-144,352,687
56.46915,139,1247,-1748,531,4544,-144,352,687
56.46965,139,1247,-1748,530,4540,-144,352,687
56.47015,139,1247,-1748,530,4538,-145,352,687
56.47065,139,1247,-1748,530,4536,-144,352,687
56.47115,139,1247,-1748,530,4538,-144,352,688
56.47165,139,1248,-1748,530,4544,-143,352,688
56.47215,139,1247,-1748,530,4549,-144,353,689
56.47265,139,1247,-1748,530,4546,-143,352,689
56.47315,140,1247,-1748,530,4534,-143,352,689
56.473648,139,1247,-1748,530,4530,-143,352,689
56.47415,139,1247,-1748,531,4549,-143,352,689
56.47465,139,1247,-1748,530,4573,-143,352,688
56.47515,138,1247,-1748,530,4566,-143,352,688
56.47565,138,1247,-1748,530,4558,-143,352,688
56.47615,139,1247,-1749,530,4530,-143,352,688
56.47665,138,1247,-1748,530,4508,-143,351,688
56.47715,139,1247,-1748,530,4505,-143,351,688
56.47765,139,1247,-1748,530,4508,-143,351,687
56.47815,139,1247,-1749,530,4511,-143,351,687
56.47865,140,1247,-1749,530,4505,-143,351,688
56.47915,140,1247,-1749,530,4504,-143,351,687
56.47965,140,1247,-1749,530,4513,-143,351,687
56.48015,140,1247,-1749,530,4510,-142,351,687
56.48065,140,1247,-1749,531,4508,-143,352,687
56.48115,140,1247,-1749,531,4508,-143,351,687
56.48165,141,1247,-1749,531,4509,-143,352,687
56.48215,140,1247,-1749,531,4509,-143,351,687
56.48265,140,1247,-1749,531,4510,-143,352,687
56.48315,140,1247,-1749,530,4510,-143,351,686
56.48365,140,1247,-1749,530,4510,-143,351,686
56.48415,140,1247,-1749,531,4540,-143,351,686
56.48465,140,1247,-1749,531,4567,-143,351,686
56.48515,140,1247,-1749,530,4562,-143,351,685
56.48565,140,1247,-1749,531,4548,-143,352,686
56.48615,140,1247,-1749,530,4511,-143,351,685
56.48665,140,1247,-1749,530,4496,-142,352,686
56.48715,139,1248,-1749,530,4492,-143,351,686
56.48765,140,1247,-1749,530,4501,-142,351,686
56.48815,139,1247,-1749,530,4511,-142,351,686
56.48865,139,1247,-1749,530,4513,-142,352,687
56.48915,139,1248,-1749,531,4512,-141,352,686
56.48965,138,1249,-1749,531,4508,-141,351,686
56.49015,139,1248,-1749,531,4510,-141,352,686
56.49065,139,1248,-1749,530,4511,-141,351,686
56.49115,138,1249,-1749,530,4508,-141,351,686
56.49165,139,1249,-1749,530,4506,-141,351,686
56.49215,138,1249,-1749,531,4504,-141,351,686
56.49265,138,1249,-1749,530,4501,-142,351,686
56.49315,139,1249,-1749,531,4496,-142,351,686
56.49365,139,1248,-1749,530,4493,-142,351,686
56.49415,140,1248,-1749,531,4518,-141,350,687
56.49465,140,1247,-1749,530,4536,-141,351,687
56.49515,140,1247,-1749,531,4523,-141,351,686
56.49565,140,1247,-1749,530,4510,-141,351,687
56.49615,141,1247,-1750,530,4481,-142,352,686
56.49665,140,1247,-1749,530,4462,-141,352,686
56.49715,140,1247,-1750,530,4464,-141,352,686
56.49765,140,1247,-1750,531,4471,-141,351,686
56.49815,141,1247,-1750,531,4476,-141,351,686
56.49865,140,1247,-1750,531,4477,-141,351,686
56.49915,140,1247,-1750,531,4477,-141,352,686
56.49965,140,1247,-1750,531,4477,-141,352,686
56.50015,140,1248,-1750,531,4477,-142,352,685
56.50065,140,1248,-1750,531,4477,-142,351,685
56.50115,140,1248,-1750,531,4472,-141,352,685
56.50165,140,1248,-1750,531,4470,-141,351,685
56.50215,140,1248,-1749,531,4469,-141,352,685
56.50265,140,1248,-1750,531,4468,-141,351,685
56.50315,141,1248,-1750,531,4469,-140,351,685
56.50365,141,1249,-1750,530,4469,-140,351,685
56.50415,141,1248,-1749,531,4500,-140,351,685
56.50465,141,1248,-1750,530,4521,-140,351,685
56.50515,141,1248,-1750,530,4513,-140,351,685
56.50565,141,1248,-1750,530,4498,-141,351,685
56.50615,141,1248,-1750,531,4466,-140,351,685
56.50665,141,1248,-1750,531,4448,-140,351,685
56.50715,141,1248,-1750,531,4447,-140,351,685
56.50765,141,1248,-1750,531,4451,-140,351,685
56.50815,141,1247,-1750,531,4456,-140,351,685
56.50865,141,1247,-1750,531,4457,-140,351,686
56.50915,141,1247,-1750,530,4457,-140,351,685
56.50965,141,1247,-1750,531,4461,-140,351,685
56.51015,141,1247,-1751,531,4454,-140,351,686
56.51065,142,1247,-1751,531,4450,-140,351,686
56.51115,142,1246,-1750,531,4456,-140,351,686
56.51165,142,1246,-1750,531,4460,-140,351,686
56.51215,141,1246,-1750,531,4458,-140,352,686
56.51265,142,1247,-1750,531,4453,-140,351,686
56.51315,141,1247,-1750,531,4447,-140,351,685
56.51365,142,1247,-1750,531,4445,-140,351,685
56.51415,141,1247,-1750,531,4474,-140,351,686
56.51465,141,1247,-1750,530,4484,-140,351,686
56.51515,141,1247,-1751,530,4482,-140,351,686
56.51565,142,1247,-1751,530,4470,-140,352,685
56.51615,142,1247,-1751,531,4437,-140,351,685
56.51665,142,1246,-1751,531,4422,-140,352,685
56.51715,142,1246,-1751,530,4424,-140,352,685
56.51775,142,1246,-1751,531,4430,-139,351,685
56.51825,142,1246,-1750,531,4435,-139,352,685
56.51875,142,1246,-1750,531,4436,-140,351,685
56.51925,141,1246,-1750,531,4440,-140,352,685
56.51975,142,1246,-1750,531,4445,-139,351,685
56.52025,142,1247,-1750,530,4447,-139,352,685
56.52075,141,1247,-1750,530,4450,-139,351,685
56.52125,140,1247,-1751,530,4452,-139,351,686
56.52175,140,1248,-1750,530,4455,-139,351,686
56.52225,139,1248,-1750,530,4460,-139,351,686
56.52275,139,1248,-1751,531,4460,-139,352,686
56.52325,140,1247,-1751,531,4456,-139,351,685
56.52375,141,1247,-1751,531,4452,-139,351,685
56.52425,141,1247,-1750,531,4480,-139,350,686
56.52475,141,1247,-1750,531,4486,-139,350,685
56.52525,142,1247,-1750,531,4482,-139,351,686
56.52575,142,1247,-1751,531,4458,-139,351,686
56.52625,142,1247,-1751,530,4423,-139,352,685
56.52675,142,1247,-1751,531,4414,-139,351,686
56.52725,142,1247,-1751,531,4409,-139,351,686
56.52775,142,1246,-1751,531,4417,-139,351,685
56.52825,142,1246,-1751,531,4426,-139,351,684
56.52875,142,1246,-1751,531,4425,-139,351,682
56.52925,142,1246,-1751,531,4428,-139,351,682
56.52975,142,1246,-1752,531,4429,-139,351,681
56.53025,142,1246,-1751,531,4427,-139,351,681
56.53075,141,1247,-1751,531,4422,-139,351,681
56.53125,140,1248,-1751,532,4421,-139,351,681
56.53175,140,1248,-1751,532,4423,-139,351,681
56.53225,140,1248,-1751,532,4424,-139,351,682
56.53275,140,1248,-1751,532,4424,-140,351,682
56.53325,141,1247,-1751,533,4427,-140,351,682
56.53375,141,1247,-1751,533,4432,-140,351,683
56.53425,141,1247,-1750,532,4469,-140,351,684
56.534748,141,1247,-1751,531,4467,-140,350,684
56.53525,140,1247,-1750,530,4462,-140,351,685
56.53575,141,1248,-1750,530,4443,-140,351,685
56.53625,140,1247,-1750,529,4407,-140,350,686
56.53675,141,1247,-1750,529,4402,-140,350,686
56.53725,141,1247,-1751,530,4412,-140,350,687
56.53775,141,1247,-1751,530,4422,-139,350,688
56.53825,141,1247,-1751,530,4423,-139,350,688
56.53875,141,1247,-1752,529,4428,-138,350,688
56.53925,142,1247,-1751,530,4431,-138,350,688
56.53975,142,1247,-1752,530,4430,-137,350,688
56.54025,142,1247,-1752,530,4429,-138,350,688
56.54075,142,1247,-1752,531,4428,-138,351,687
56.54125,142,1247,-1752,531,4425,-138,350,686
56.54175,142,1246,-1752,531,4420,-139,351,686
56.54225,142,1247,-1751,531,4422,-139,350,686
56.54275,142,1246,-1751,531,4422,-139,350,685
56.54325,143,1246,-1751,530,4421,-139,350,686
56.54375,142,1246,-1752,530,4423,-139,350,686
56.54425,142,1246,-1752,531,4462,-139,350,686
56.54475,142,1246,-1752,531,4467,-139,351,686
56.54525,142,1247,-1752,533,4457,-139,351,686
56.54575,141,1247,-1752,534,4430,-139,351,686
56.54625,143,1247,-1752,534,4399,-139,351,686
56.54675,143,1246,-1752,533,4390,-139,351,686
56.54725,143,1246,-1752,534,4392,-139,351,686
56.54775,143,1247,-1753,533,4398,-139,351,686
56.54825,143,1246,-1753,533,4403,-139,351,686
56.54875,143,1246,-1752,532,4405,-139,351,686
56.54925,144,1246,-1751,530,4407,-140,351,686
56.54975,144,1246,-1750,529,4408,-140,351,686
56.55025,144,1246,-1750,529,4408,-139,352,686
56.55075,144,1246,-1750,530,4408,-139,352,685
56.55125,144,1246,-1750,531,4411,-139,352,685
56.55175,144,1246,-1750,531,4410,-140,352,685
56.55225,144,1246,-1750,532,4410,-139,351,685
56.55275,144,1246,-1750,533,4409,-139,351,685
56.55325,144,1246,-1751,534,4406,-139,351,686
56.55375,143,1247,-1752,535,4415,-139,351,686
56.55425,142,1248,-1752,536,4458,-139,351,686
56.55475,141,1248,-1753,535,4458,-139,352,686
56.55525,142,1248,-1753,535,4447,-139,352,686
56.55575,142,1248,-1753,533,4421,-139,352,686
56.55625,142,1248,-1754,531,4393,-139,352,685
56.55675,143,1247,-1753,528,4389,-139,352,686
56.55725,142,1247,-1753,527,4387,-140,352,686
56.55775,142,1247,-1753,528,4396,-139,352,686
56.55825,142,1247,-1752,529,4397,-139,352,685
56.55875,142,1248,-1752,530,4394,-140,352,686
56.55925,142,1248,-1753,532,4392,-139,352,685
56.55975,142,1248,-1755,533,4397,-139,351,685
56.56025,143,1248,-1755,534,4394,-140,351,685
56.56075,143,1248,-1754,535,4393,-140,351,685
56.56125,143,1247,-1752,535,4394,-140,351,685
56.56175,143,1248,-1754,536,4396,-139,351,685
56.56225,143,1248,-1756,537,4397,-139,350,686
56.56275,143,1248,-1757,536,4396,-140,351,686
56.56325,143,1248,-1757,536,4399,-139,350,686
56.56375,143,1248,-1757,535,4410,-139,349,686
56.56425,143,1248,-1756,533,4446,-139,350,685
56.56475,144,1248,-1756,533,4445,-139,350,686
56.56525,144,1248,-1755,533,4434,-139,350,686
56.56575,143,1248,-1753,533,4413,-139,350,685
56.56625,144,1247,-1749,531,4383,-140,351,685
56.56675,144,1247,-1745,527,4376,-140,350,685
56.56725,144,1248,-1744,525,4379,-140,351,685
56.56775,144,1247,-1746,526,4386,-139,350,685
56.56825,144,1247,-1748,529,4396,-139,350,685
56.56875,144,1247,-1751,532,4400,-140,350,685
56.56925,144,1247,-1751,534,4402,-139,350,686
56.56975,144,1247,-1752,533,4405,-139,351,685
56.57025,144,1247,-1752,532,4410,-139,350,685
56.57075,145,1247,-1752,530,4408,-139,350,686
56.57125,144,1247,-1752,529,4408,-139,350,685
56.57175,145,1247,-1753,528,4413,-139,350,685
56.57225,145,1248,-1752,526,4409,-139,350,686
56.57275,145,1247,-1750,524,4405,-139,350,685
56.57325,144,1248,-1749,523,4405,-139,350,685
56.57375,145,1247,-1749,525,4412,-139,349,686
56.57425,145,1247,-1749,526,4446,-139,349,685
56.57475,145,1247,-1750,529,4445,-139,350,685
56.57525,145,1247,-1751,531,4430,-139,350,685
56.57575,144,1247,-1752,532,4399,-139,350,685
56.57625,144,1248,-1754,533,4375,-139,350,685
56.57675,144,1248,-1756,534,4374,-139,351,686
56.57725,144,1248,-1757,534,4379,-139,350,685
56.57775,144,1248,-1755,533,4390,-139,350,686
56.57835,145,1248,-1754,532,4389,-139,350,686
56.57885,144,1248,-1751,531,4391,-139,350,686
56.57935,144,1248,-1749,530,4391,-139,350,686
56.57985,144,1248,-1747,528,4389,-139,350,686
56.58035,144,1248,-1747,527,4388,-139,350,686
56.58085,145,1248,-1747,528,4388,-139,350,685
56.58135,145,1248,-1748,529,4388,-139,350,685
56.58185,144,1248,-1749,530,4381,-139,351,685
56.58235,145,1248,-1750,530,4379,-139,351,685
56.58285,145,1248,-1750,530,4382,-139,351,685
56.58335,145,1248,-1750,530,4386,-139,350,685
56.58385,145,1248,-1751,529,4402,-138,350,685
56.58435,145,1248,-1751,529,4437,-139,349,685
56.58485,145,1248,-1751,528,4435,-138,349,685
56.58535,145,1248,-1751,526,4426,-139,349,685
56.58585,145,1248,-1751,525,4397,-138,350,685
56.58635,145,1248,-1750,525,4374,-138,350,685
56.58685,145,1248,-1750,526,4370,-138,350,685
56.58735,145,1248,-1749,527,4376,-138,350,685
56.58785,145,1248,-1749,528,4386,-138,350,686
56.58835,145,1248,-1750,529,4392,-138,351,686
56.58885,145,1248,-1750,530,4398,-138,351,686
56.58935,145,1248,-1750,531,4398,-138,351,685
56.58985,146,1248,-1751,531,4396,-138,351,685
56.59035,146,1248,-1750,530,4386,-138,351,685
56.59085,146,1248,-1750,529,4385,-138,350,686
56.59135,146,1248,-1750,528,4389,-138,350,686
56.59185,145,1248,-1750,529,4394,-138,350,686
56.59235,146,1248,-1751,529,4394,-138,350,686
56.59285,146,1248,-1751,528,4391,-137,350,686
56.59335,146,1248,-1751,529,4385,-138,350,686
56.59385,146,1248,-1751,529,4398,-137,350,686
56.59435,146,1248,-1750,530,4430,-138,350,686
56.59485,146,1248,-1751,529,4424,-137,350,685
56.59535,146,1248,-1751,530,4411,-138,350,686
56.595848,146,1248,-1751,530,4375,-138,351,685
56.59635,146,1248,-1752,531,4354,-137,350,685
56.59685,146,1248,-1753,530,4351,-137,350,686
56.59735,146,1248,-1753,530,4355,-137,350,685
56.59785,146,1249,-1753,529,4367,-137,350,686
56.59835,146,1248,-1753,529,4363,-137,349,686
56.59885,146,1248,-1753,530,4368,-137,349,686
56.59935,146,1248,-1753,530,4376,-137,349,686
56.59985,147,1248,-1751,530,4377,-137,349,686
56.60035,147,1248,-1749,530,4378,-137,349,686
56.60085,147,1248,-1749,530,4377,-137,349,686
56.60135,147,1248,-1750,531,4376,-137,350,686
56.60185,147,1248,-1751,532,4374,-137,350,686
56.60235,147,1248,-1752,533,4372,-137,350,685
56.60285,147,1248,-1752,533,4369,-137,350,685
56.60335,147,1248,-1752,533,4358,-137,350,685
56.60385,147,1248,-1752,533,4373,-136,349,686
56.60435,148,1248,-1753,533,4405,-136,350,686
56.60485,147,1248,-1754,532,4406,-137,350,685
56.60535,148,1248,-1754,531,4396,-136,350,685
56.60585,147,1248,-1752,530,4358,-136,351,685
56.60635,148,1248,-1751,530,4328,-136,350,685
56.60685,147,1248,-1750,531,4328,-136,351,685
56.60735,147,1248,-1750,531,4327,-136,350,686
56.60785,147,1248,-1750,531,4331,-136,350,686
56.60835,147,1249,-1749,529,4342,-136,350,686
56.60885,146,1249,-1749,528,4345,-136,349,686
56.60935,147,1249,-1748,528,4343,-136,349,686
56.60985,147,1249,-1749,529,4340,-136,349,686
56.61035,147,1248,-1749,530,4337,-136,349,685
56.61085,147,1248,-1750,531,4334,-136,350,685
56.61135,147,1248,-1750,531,4326,-135,350,685
56.61185,147,1249,-1750,530,4324,-135,350,685
56.61235,147,1249,-1751,530,4323,-135,349,685
56.61285,147,1249,-1751,529,4319,-135,349,685
56.61335,146,1249,-1751,528,4311,-135,349,685
56.61385,147,1249,-1751,529,4333,-135,349,685
56.61435,147,1249,-1750,529,4358,-135,349,686
56.61485,147,1249,-1750,530,4350,-135,350,685
56.61535,148,1249,-1750,530,4340,-134,350,685
56.61585,148,1249,-1751,529,4302,-135,350,685
56.61635,148,1249,-1751,529,4280,-134,350,686
56.61685,148,1249,-1751,529,4283,-134,350,685
56.61735,148,1249,-1751,529,4291,-134,350,685
56.61785,148,1249,-1750,529,4294,-134,350,686
56.61835,148,1249,-1750,529,4294,-134,350,685
56.61885,148,1249,-1750,530,4298,-134,350,685
56.61935,148,1249,-1751,531,4294,-134,350,685
56.61985,148,1249,-1751,531,4290,-134,349,685
56.62035,148,1249,-1751,533,4290,-134,349,685
56.62085,148,1249,-1752,532,4292,-134,349,685
56.62135,148,1249,-1753,532,4291,-134,349,685
56.62185,148,1249,-1752,532,4289,-133,349,685
56.62235,148,1250,-1752,532,4284,-134,349,685
56.62285,148,1249,-1750,532,4285,-134,349,685
56.62335,148,1250,-1749,531,4284,-134,350,685
56.62385,148,1249,-1749,531,4307,-133,349,685
56.62435,148,1250,-1750,530,4328,-133,349,685
56.62485,148,1250,-1750,529,4319,-133,349,685
56.62535,148,1250,-1750,528,4304,-133,349,685
56.62585,148,1250,-1749,528,4268,-133,350,684
56.62635,148,1250,-1750,530,4243,-133,350,683
56.62685,149,1250,-1750,532,4246,-133,349,682
56.62735,149,1250,-1751,532,4246,-134,350,682
56.62785,149,1249,-1751,532,4255,-134,350,682
56.62835,149,1250,-1751,533,4260,-134,350,682
56.62885,150,1250,-1751,533,4259,-133,350,683
56.62935,150,1250,-1751,533,4255,-133,350,683
56.62985,150,1250,-1751,533,4245,-133,350,682
56.63035,150,1250,-1751,534,4240,-134,349,682
56.63085,150,1250,-1751,534,4246,-133,349,682
56.63135,149,1250,-1750,533,4248,-134,349,682
56.63185,150,1250,-1749,531,4246,-134,349,683
56.63235,150,1250,-1749,530,4241,-133,349,683
56.63285,150,1250,-1749,530,4233,-133,349,683
56.63335,150,1250,-1749,530,4225,-133,349,683
56.63385,150,1250,-1749,531,4254,-133,348,684
56.63435,150,1250,-1750,531,4274,-132,349,685
56.63485,149,1250,-1750,531,4266,-132,349,685
56.63535,150,1250,-1750,530,4245,-132,349,685
56.63585,149,1251,-1749,530,4205,-132,349,685
56.63635,149,1251,-1749,532,4189,-131,349,687
56.63685,149,1251,-1750,533,4191,-131,349,689
56.63735,149,1251,-1751,534,4198,-131,350,690
56.63785,148,1251,-1752,535,4206,-130,350,690
56.63835,149,1251,-1753,534,4210,-130,350,690
56.63885,149,1251,-1754,535,4215,-130,349,690
56.63945,149,1251,-1754,534,4217,-130,349,689
56.63995,149,1251,-1754,534,4215,-130,350,688
56.64045,149,1252,-1753,533,4210,-130,349,687
56.64095,150,1251,-1751,531,4211,-131,349,687
56.64145,150,1251,-1749,530,4206,-131,349,687
56.64195,149,1251,-1748,528,4204,-131,349,686
56.64245,150,1252,-1748,527,4204,-131,349,686
56.64295,150,1251,-1748,527,4208,-130,349,685
56.64345,150,1251,-1748,527,4205,-130,349,685
56.64395,150,1252,-1748,529,4231,-131,348,686
56.64445,150,1251,-1749,529,4246,-131,348,686
56.64495,150,1251,-1750,530,4244,-130,349,686
56.64545,151,1251,-1750,531,4231,-130,348,687
56.64595,150,1251,-1750,530,4192,-130,349,687
56.64645,151,1251,-1749,531,4168,-130,349,687
56.64695,150,1251,-1750,531,4170,-130,349,687
56.64745,150,1251,-1750,531,4176,-129,349,687
56.64795,150,1251,-1750,531,4184,-129,349,687
56.64845,150,1251,-1749,532,4191,-130,349,686
56.64895,150,1251,-1749,531,4196,-130,349,684
56.64945,151,1251,-1750,531,4204,-130,349,683
56.64995,151,1251,-1750,532,4206,-130,349,682
56.65045,151,1252,-1751,533,4202,-130,349,681
56.65095,151,1252,-1751,532,4206,-130,349,682
56.65145,151,1252,-1751,532,4204,-130,349,681
56.65195,151,1252,-1750,531,4207,-130,349,682
56.65245,151,1252,-1750,531,4205,-131,349,682
56.65295,151,1252,-1750,531,4207,-131,349,682
56.65345,151,1252,-1750,531,4207,-130,349,683
56.65395,151,1252,-1750,531,4242,-130,348,684
56.65445,151,1252,-1750,531,4250,-130,349,685
56.65495,151,1252,-1749,531,4244,-130,349,685
56.65545,151,1252,-1749,531,4220,-130,349,686
56.65595,151,1253,-1749,531,4184,-130,349,686
56.65645,151,1252,-1749,532,4177,-130,349,686
56.656948,151,1253,-1749,533,4183,-130,348,688
56.65745,151,1252,-1750,532,4188,-129,348,688
56.65795,151,1253,-1750,532,4193,-129,348,689
56.65845,151,1252,-1750,533,4193,-129,349,689
56.65895,151,1253,-1751,533,4185,-128,348,690
56.65945,151,1253,-1750,532,4183,-128,349,690
56.65995,151,1253,-1751,531,4187,-127,349,690
56.66045,151,1252,-1751,530,4188,-127,349,690
56.66095,151,1252,-1751,529,4187,-127,349,690
56.66145,152,1252,-1750,529,4186,-128,350,689
56.66195,152,1252,-1749,528,4183,-128,350,688
56.66245,152,1252,-1749,530,4176,-128,349,688
56.66295,152,1252,-1749,530,4180,-128,349,687
56.66345,152,1252,-1749,531,4185,-128,350,687
56.66395,152,1252,-1749,532,4215,-129,349,686
56.66445,151,1252,-1750,531,4221,-129,349,686
56.66495,152,1253,-1750,531,4220,-129,349,686
56.66545,152,1252,-1750,532,4202,-129,350,686
56.66595,152,1253,-1750,532,4169,-129,350,686
56.66645,151,1253,-1749,532,4158,-129,350,687
56.66695,152,1253,-1750,532,4162,-128,349,687
56.66745,152,1253,-1750,532,4163,-128,348,687
56.66795,152,1253,-1750,533,4173,-128,348,687
56.66845,152,1252,-1750,532,4180,-128,347,687
56.66895,152,1253,-1751,532,4182,-128,348,688
56.66945,152,1253,-1751,530,4184,-128,348,687
56.66995,152,1253,-1751,529,4187,-128,348,687
56.67045,152,1253,-1750,530,4181,-128,347,687
56.67095,152,1253,-1749,530,4183,-128,347,686
56.67145,152,1253,-1749,530,4186,-128,348,686
56.67195,152,1253,-1749,530,4190,-127,348,686
56.67245,152,1253,-1749,531,4189,-127,348,686
56.67295,152,1253,-1749,531,4184,-127,348,686
56.67345,153,1253,-1749,531,4184,-127,348,686
56.67395,153,1252,-1749,531,4216,-127,347,687
56.67445,153,1253,-1749,530,4217,-127,348,687
56.67495,153,1252,-1749,530,4200,-127,348,687
56.67545,153,1253,-1748,530,4172,-127,348,687
56.67595,153,1253,-1748,529,4139,-127,349,687
56.67645,153,1253,-1749,530,4136,-127,348,687
56.67695,153,1253,-1750,530,4143,-127,348,687
56.67745,153,1253,-1750,530,4151,-127,348,686
56.67795,153,1253,-1750,531,4155,-127,348,686
56.67845,153,1253,-1749,531,4158,-127,348,686
56.67895,153,1254,-1749,533,4161,-127,348,687
56.67945,153,1254,-1749,532,4160,-126,348,687
56.67995,153,1253,-1749,532,4152,-126,348,687
56.68045,153,1253,-1750,532,4150,-126,348,686
56.68095,153,1253,-1750,532,4151,-126,348,687
56.68145,153,1253,-1749,532,4155,-126,348,687
56.68195,154,1253,-1749,532,4152,-126,348,687
56.68245,153,1253,-1749,532,4152,-127,348,687
56.68295,153,1253,-1749,531,4154,-127,348,686
56.68345,153,1253,-1750,532,4164,-126,348,686
56.68395,153,1253,-1750,532,4207,-127,348,687
56.68445,153,1253,-1750,531,4210,-127,348,686
56.68495,153,1253,-1750,532,4199,-126,348,686
56.68545,153,1254,-1750,531,4179,-127,349,686
56.68595,153,1254,-1750,531,4151,-127,349,686
56.68645,153,1254,-1749,531,4142,-127,349,686
56.68695,153,1254,-1749,530,4148,-127,349,686
56.68745,154,1254,-1749,531,4156,-127,349,686
56.68795,153,1253,-1749,531,4165,-127,349,686
56.68845,153,1254,-1748,531,4173,-126,348,686
56.68895,153,1254,-1749,531,4177,-126,348,686
56.68945,153,1254,-1749,531,4180,-126,348,686
56.68995,153,1254,-1749,531,4180,-126,348,686
56.69045,154,1254,-1750,531,4180,-126,348,686
56.69095,153,1254,-1750,531,4179,-126,348,686
56.69145,153,1254,-1750,531,4179,-126,347,686
56.69195,153,1254,-1751,531,4179,-127,348,686
56.69245,153,1254,-1750,531,4178,-127,348,686
56.69295,154,1254,-1750,531,4177,-127,348,686
56.69345,153,1255,-1750,531,4184,-127,348,686
56.69395,154,1254,-1749,532,4219,-127,348,686
56.69445,154,1254,-1748,532,4220,-127,348,686
56.69495,153,1254,-1748,531,4210,-127,348,685
56.69545,154,1254,-1748,531,4180,-127,348,685
56.69595,154,1254,-1748,531,4147,-127,348,685
56.69645,154,1254,-1749,531,4142,-127,348,686
56.69695,154,1254,-1749,531,4152,-127,348,686
56.69745,154,1254,-1749,531,4167,-127,348,686
56.69795,154,1255,-1749,531,4177,-126,348,686
56.69845,154,1255,-1749,531,4180,-127,348,685
56.69895,154,1254,-1749,531,4181,-127,347,686
56.69945,154,1254,-1749,530,4179,-127,347,686
56.70005,154,1255,-1748,531,4184,-127,347,686
56.70055,154,1255,-1749,531,4188,-126,348,686
56.70105,154,1255,-1749,531,4188,-126,348,686
56.70155,154,1255,-1749,531,4189,-126,348,686
56.70205,154,1255,-1749,532,4186,-126,348,686
56.70255,154,1255,-1749,532,4187,-126,348,686
56.70305,154,1255,-1749,532,4190,-126,348,686
56.70355,154,1255,-1749,532,4204,-126,348,686
56.70405,154,1255,-1749,532,4240,-127,348,686
56.70455,154,1255,-1749,532,4242,-126,348,686
56.70505,154,1255,-1749,531,4237,-126,348,686
56.70555,154,1255,-1749,531,4212,-126,348,686
56.70605,154,1255,-1749,531,4184,-126,348,685
56.70655,154,1255,-1750,531,4177,-126,348,685
56.70705,154,1255,-1749,531,4180,-127,348,685
56.70755,154,1255,-1750,531,4188,-127,347,685
56.70805,154,1255,-1750,532,4195,-127,348,685
56.70855,154,1255,-1751,532,4200,-127,348,685
56.70905,154,1255,-1750,532,4202,-126,348,685
56.70955,154,1255,-1750,531,4203,-126,347,685
56.71005,154,1255,-1749,531,4200,-127,347,685
56.71055,154,1256,-1749,531,4202,-126,347,685
56.71105,154,1255,-1749,531,4206,-126,347,685
56.71155,154,1256,-1748,531,4209,-126,347,686
56.71205,154,1256,-1748,531,4210,-126,347,686
56.71255,154,1256,-1748,531,4214,-126,347,686
56.71305,154,1256,-1747,530,4211,-126,348,686
56.71355,154,1256,-1747,531,4219,-126,347,687
56.71405,154,1255,-1747,531,4249,-126,347,687
56.71455,155,1256,-1748,531,4243,-126,347,688
56.71505,154,1256,-1748,530,4231,-126,347,687
56.71555,154,1256,-1748,530,4205,-126,347,687
56.71605,154,1256,-1748,530,4174,-127,347,687
56.71655,154,1256,-1748,531,4171,-126,347,687
56.71705,154,1256,-1748,531,4180,-127,347,687
56.71755,155,1255,-1748,531,4191,-126,347,687
56.71805,155,1255,-1748,531,4195,-126,347,686
56.71855,155,1255,-1748,531,4198,-126,348,686
56.71905,155,1255,-1748,531,4209,-126,348,686
56.71955,155,1255,-1748,531,4214,-126,348,686
56.72005,155,1255,-1748,531,4214,-126,348,686
56.72055,155,1255,-1748,531,4214,-126,348,686
56.72105,155,1256,-1748,531,4216,-126,348,686
56.72155,156,1255,-1748,531,4217,-126,348,686
56.72205,155,1255,-1748,531,4218,-126,348,686
56.72255,155,1255,-1748,531,4220,-126,348,686
56.72305,156,1255,-1748,531,4219,-126,348,686
56.72355,156,1255,-1748,531,4234,-126,348,686
56.72405,155,1255,-1748,531,4267,-126,348,686
56.72455,155,1256,-1748,531,4265,-126,349,686
56.72505,154,1258,-1748,531,4255,-126,348,686
56.72555,153,1258,-1748,530,4227,-126,349,686
56.72605,153,1258,-1748,531,4200,-126,349,686
56.72655,154,1258,-1748,531,4193,-126,348,687
56.72705,153,1258,-1748,531,4196,-126,349,686
56.72755,154,1258,-1748,531,4199,-127,349,686
56.72805,154,1257,-1748,531,4205,-126,348,686
56.72855,154,1257,-1748,531,4209,-126,348,686
56.72905,154,1257,-1749,532,4210,-126,348,686
56.72955,155,1257,-1748,532,4209,-126,348,687
56.73005,154,1257,-1748,532,4207,-126,348,686
56.73055,155,1257,-1749,532,4202,-126,348,686
56.73105,155,1257,-1748,533,4206,-126,348,686
56.73155,155,1258,-1749,533,4209,-127,349,686
56.73205,155,1258,-1749,534,4208,-126,349,686
56.73255,155,1258,-1749,534,4209,-127,348,686
56.73305,155,1258,-1748,533,4206,-127,349,686
56.73355,155,1258,-1747,531,4224,-127,348,686
56.73405,155,1258,-1747,529,4254,-127,348,686
56.73455,155,1258,-1748,528,4253,-127,348,686
56.73505,155,1258,-1747,528,4243,-127,348,686
56.73555,155,1258,-1747,528,4209,-127,348,686
56.73605,155,1257,-1748,529,4186,-127,348,686
56.73655,155,1258,-1748,530,4184,-127,348,686
56.73705,155,1258,-1748,530,4193,-127,348,686
56.73755,155,1258,-1748,531,4204,-127,348,686
56.73805,155,1258,-1748,531,4213,-127,348,686
56.73855,155,1258,-1748,531,4218,-127,348,686
56.73905,155,1258,-1749,531,4220,-127,348,686
56.73955,155,1258,-1748,531,4221,-127,348,686
56.74005,155,1258,-1748,531,4222,-127,348,686
56.74055,155,1258,-1748,531,4223,-128,348,686
56.74105,155,1258,-1748,531,4225,-127,349,686
56.74155,155,1258,-1748,531,4226,-127,348,686
56.74205,155,1259,-1747,531,4224,-127,348,686
56.74255,155,1259,-1747,531,4226,-127,348,686
56.74305,155,1259,-1748,531,4228,-128,348,686
56.74355,154,1259,-1747,531,4253,-127,348,686
56.74405,155,1259,-1748,531,4281,-128,348,686
56.74455,155,1259,-1748,531,4278,-128,349,686
56.74505,154,1259,-1748,531,4271,-128,349,686
56.74555,155,1259,-1748,530,4239,-128,350,686
56.74605,155,1259,-1748,531,4213,-128,350,686
56.74655,155,1259,-1748,531,4209,-128,350,686
56.74705,155,1259,-1748,530,4219,-128,349,686
56.74755,155,1259,-1748,531,4231,-128,350,686
56.74805,155,1259,-1748,531,4240,-128,349,686
56.74855,155,1259,-1748,531,4249,-128,350,686
56.74905,155,1259,-1748,530,4255,-128,349,686
56.74955,155,1260,-1748,530,4259,-128,349,686
56.75005,155,1260,-1748,531,4260,-128,349,686
56.75055,155,1260,-1747,531,4266,-128,349,686
56.75105,155,1259,-1747,530,4275,-128,348,686
56.75155,155,1259,-1747,530,4280,-128,348,686
56.75205,155,1260,-1747,530,4283,-129,348,686
56.75255,155,1260,-1747,530,4285,-129,348,686
56.75305,155,1260,-1747,530,4284,-130,347,686
56.75355,155,1260,-1747,531,4310,-129,346,686
56.75405,155,1259,-1747,531,4336,-130,347,686
56.75455,155,1260,-1747,531,4335,-130,346,686
56.75505,155,1260,-1748,531,4323,-129,347,686
56.75555,155,1260,-1748,530,4289,-129,347,686
56.75605,155,1260,-1747,531,4272,-130,348,685
56.75655,155,1260,-1748,531,4275,-130,347,686
56.75705,155,1261,-1747,531,4281,-129,348,686
56.75755,155,1260,-1748,532,4294,-130,348,686
56.75805,155,1260,-1748,531,4298,-130,348,686
56.75855,155,1260,-1748,532,4300,-129,348,686
56.75905,155,1260,-1748,531,4305,-129,348,686
56.75955,155,1260,-1748,531,4308,-129,347,686
56.76005,155,1260,-1747,531,4311,-129,347,686
56.76055,155,1260,-1748,531,4314,-129,347,686
56.76115,155,1260,-1748,531,4317,-129,348,686
56.76165,155,1260,-1747,531,4319,-130,348,686
56.76215,155,1260,-1748,531,4320,-129,348,686
56.76265,155,1260,-1747,531,4321,-130,348,686
56.76315,155,1260,-1747,531,4321,-129,348,686
56.76365,155,1260,-1747,531,4351,-130,347,687
56.76415,155,1260,-1748,531,4371,-129,348,686
56.76465,155,1260,-1747,531,4363,-130,348,686
56.76515,155,1261,-1747,530,4358,-130,348,686
56.76565,155,1261,-1747,530,4328,-130,349,686
56.76615,155,1261,-1747,530,4315,-131,348,686
56.76665,155,1261,-1747,531,4315,-130,349,686
56.76715,155,1261,-1747,530,4325,-131,348,686
56.76765,155,1260,-1747,530,4337,-131,348,686
56.76815,155,1260,-1747,530,4344,-130,348,686
56.76865,155,1260,-1747,530,4351,-131,348,686
56.76915,155,1260,-1747,530,4357,-131,349,686
56.76965,155,1260,-1747,531,4361,-131,349,685
56.77015,155,1260,-1747,530,4363,-131,349,685
56.77065,155,1260,-1747,530,4361,-131,349,686
56.77115,155,1260,-1747,531,4363,-130,349,686
56.77165,155,1261,-1748,530,4373,-131,348,686
56.77215,155,1260,-1747,531,4376,-130,349,686
56.77265,155,1260,-1747,530,4377,-131,348,686
56.77315,155,1260,-1747,530,4374,-131,349,685
56.77365,155,1260,-1747,531,4403,-131,349,686
56.77415,155,1260,-1747,530,4415,-131,348,686
56.77465,155,1261,-1747,530,4416,-131,348,686
56.77515,155,1260,-1747,530,4405,-131,348,685
56.77565,155,1261,-1747,530,4368,-131,348,685
56.77615,155,1260,-1747,530,4350,-131,348,686
56.77665,155,1261,-1747,530,4355,-131,348,685
56.77715,155,1260,-1747,530,4373,-131,348,686
56.77765,155,1261,-1747,530,4381,-131,348,686
56.77815,155,1260,-1747,530,4391,-131,349,686
56.77865,155,1261,-1747,531,4395,-131,348,687
56.77915,155,1260,-1747,531,4395,-131,349,686
56.77965,155,1261,-1747,530,4391,-131,349,686
56.78015,155,1260,-1747,530,4396,-131,349,686
56.78065,155,1261,-1747,530,4399,-130,349,686
56.78115,155,1261,-1747,530,4400,-131,349,686
56.78165,155,1261,-1747,530,4399,-131,349,684
56.78215,155,1260,-1747,530,4398,-131,348,683
56.78265,155,1260,-1747,530,4402,-131,349,682
56.78315,155,1261,-1746,530,4404,-132,349,682
56.78365,155,1260,-1747,530,4446,-132,348,682
56.78415,155,1260,-1747,530,4460,-132,348,682
56.78465,155,1260,-1747,530,4456,-132,348,682
56.78515,155,1260,-1747,530,4442,-132,348,682
56.78565,155,1260,-1747,530,4410,-132,348,682
56.786148,155,1260,-1747,530,4400,-132,349,682
56.78665,154,1260,-1748,530,4400,-132,349,682
56.78715,155,1260,-1747,530,4411,-132,349,683
56.78765,155,1261,-1748,530,4422,-132,349,684
56.78815,155,1260,-1747,530,4424,-132,349,685
56.78865,155,1260,-1747,530,4433,-132,349,686
56.78915,155,1260,-1747,530,4434,-131,348,686
56.78965,155,1260,-1747,530,4436,-131,349,686
56.79015,155,1260,-1747,530,4436,-131,348,687
56.79065,155,1260,-1747,530,4438,-131,348,688
56.79115,155,1260,-1747,530,4435,-131,349,688
56.79165,155,1260,-1747,530,4439,-131,348,689
56.79215,154,1260,-1746,529,4440,-130,348,689
56.79265,154,1260,-1747,529,4435,-129,347,690
56.79315,155,1260,-1747,530,4437,-129,347,690
56.79365,154,1260,-1747,531,4477,-129,347,689
56.79415,154,1261,-1747,530,4484,-129,347,689
56.79465,155,1260,-1746,530,4474,-129,347,688
56.79515,155,1260,-1747,530,4453,-129,348,687
56.79565,154,1260,-1747,530,4421,-130,348,687
56.79615,155,1260,-1747,530,4407,-130,348,687
56.79665,154,1260,-1747,530,4409,-130,348,686
56.79715,154,1260,-1747,530,4421,-130,348,686
56.79765,154,1260,-1747,530,4435,-130,348,686
56.79815,154,1260,-1747,530,4438,-130,348,686
56.79865,154,1260,-1747,530,4441,-129,348,686
56.79915,155,1260,-1747,530,4446,-130,348,685
56.79965,155,1260,-1747,530,4449,-129,348,685
56.80015,155,1260,-1747,530,4446,-130,348,686
56.80065,155,1260,-1747,530,4448,-130,348,685
56.80115,154,1260,-1747,530,4454,-130,348,685
56.80165,155,1260,-1747,530,4452,-129,348,685
56.80215,154,1260,-1747,529,4451,-130,348,685
56.80265,154,1260,-1746,529,4452,-129,348,685
56.80315,154,1260,-1746,530,4459,-129,348,686
56.80365,154,1260,-1746,530,4498,-129,348,686
56.80415,154,1260,-1747,530,4508,-129,349,685
56.80465,154,1260,-1747,530,4502,-130,349,686
56.80515,155,1260,-1747,529,4476,-130,350,686
56.80565,154,1260,-1747,530,4447,-130,350,686
56.80615,155,1260,-1747,530,4439,-129,350,686
56.80665,154,1260,-1746,530,4438,-129,350,686
56.80715,155,1260,-1746,530,4438,-129,350,687
56.80765,154,1260,-1746,530,4444,-128,350,687
56.80815,155,1260,-1747,530,4440,-128,350,687
56.80865,154,1260,-1747,530,4442,-129,350,687
56.80915,154,1260,-1746,530,4447,-128,349,687
56.80965,154,1260,-1747,530,4450,-128,349,687
56.81015,155,1260,-1747,530,4452,-128,349,687
56.81065,154,1260,-1746,530,4453,-128,349,687
56.81115,155,1260,-1746,530,4454,-129,349,686
56.81165,154,1260,-1747,530,4454,-128,349,686
56.81215,155,1260,-1746,530,4459,-129,349,686
56.81265,154,1260,-1747,530,4458,-128,349,686
56.81315,155,1260,-1746,530,4463,-128,349,686
56.81365,155,1260,-1746,530,4497,-128,349,687
56.81415,155,1260,-1746,530,4497,-128,349,686
56.81465,154,1260,-1746,529,4487,-128,349,686
56.81515,154,1260,-1746,529,4465,-128,349,686
56.81565,155,1260,-1746,529,4432,-128,349,686
56.81615,155,1260,-1746,530,4425,-128,349,686
56.81665,154,1260,-1747,530,4429,-128,349,685
56.81715,154,1260,-1747,530,4441,-128,349,686
56.81765,154,1260,-1746,530,4445,-128,349,686
56.81815,154,1260,-1746,529,4453,-128,349,686
56.81865,155,1260,-1746,529,4457,-128,349,686
56.81915,154,1260,-1746,530,4458,-128,349,686
56.81965,154,1260,-1746,530,4459,-127,350,686
56.82015,154,1260,-1746,530,4459,-128,350,686
56.82065,155,1260,-1746,530,4461,-127,350,686
56.82115,154,1260,-1746,530,4461,-128,350,686
56.82165,154,1260,-1746,530,4459,-127,351,686
56.82225,154,1260,-1747,530,4459,-127,351,686
56.82275,154,1260,-1747,530,4461,-127,351,686
56.82325,154,1260,-1747,530,4472,-127,350,686
56.82375,154,1260,-1747,530,4507,-127,350,686
56.82425,154,1260,-1747,530,4504,-127,351,686
56.82475,154,1260,-1746,530,4495,-127,351,686
56.82525,154,1260,-1746,530,4470,-127,351,686
56.82575,155,1260,-1747,529,4439,-127,350,685
56.82625,155,1260,-1746,530,4430,-127,350,685
56.82675,155,1260,-1747,530,4424,-127,350,686
56.82725,155,1260,-1747,530,4434,-127,350,685
56.82775,155,1260,-1747,530,4445,-127,349,685
56.82825,155,1260,-1747,530,4445,-127,349,685
56.82875,155,1260,-1747,530,4448,-127,349,685
56.82925,155,1260,-1746,530,4448,-127,349,686
56.82975,155,1260,-1746,530,4445,-126,349,685
56.83025,155,1260,-1746,531,4449,-127,349,685
56.83075,155,1260,-1746,531,4449,-127,349,685
56.83125,155,1260,-1746,531,4450,-126,349,685
56.83175,155,1260,-1746,531,4450,-126,349,685
56.83225,155,1260,-1746,531,4452,-126,349,685
56.83275,155,1260,-1746,531,4452,-126,349,686
56.83325,155,1260,-1747,531,4463,-127,349,685
56.83375,155,1260,-1747,531,4501,-126,348,686
56.83425,155,1260,-1746,530,4497,-126,349,685
56.83475,155,1260,-1746,529,4493,-126,349,685
56.83525,155,1260,-1746,529,4461,-127,349,685
56.83575,155,1260,-1745,529,4426,-126,349,685
56.83625,155,1260,-1746,530,4422,-126,349,685
56.83675,155,1260,-1746,529,4426,-126,349,686
56.83725,155,1260,-1746,528,4438,-126,349,685
56.83775,154,1261,-1746,528,4449,-126,349,686
56.83825,155,1260,-1746,529,4451,-126,349,686
56.83875,155,1261,-1746,529,4458,-126,349,685
56.83925,154,1260,-1746,529,4460,-126,350,686
56.83975,154,1261,-1746,530,4455,-126,350,685
56.84025,155,1260,-1746,530,4457,-126,350,685
56.84075,155,1261,-1746,530,4452,-126,349,685
56.84125,155,1261,-1746,530,4449,-126,350,685
56.84175,155,1261,-1746,530,4448,-126,350,685
56.84225,155,1260,-1746,529,4446,-126,350,685
56.84275,155,1261,-1745,528,4442,-126,350,685
56.84325,155,1261,-1746,529,4455,-125,349,685
56.84375,155,1261,-1747,529,4489,-126,349,686
56.84425,155,1260,-1748,530,4486,-125,350,685
56.84475,155,1261,-1748,530,4481,-126,349,685
56.84525,155,1260,-1748,530,4447,-126,350,685
56.84575,155,1260,-1748,531,4416,-126,350,685
56.84625,155,1261,-1748,532,4409,-126,350,685
56.84675,155,1261,-1747,532,4409,-126,350,685
56.847248,155,1261,-1744,532,4411,-126,349,685
56.84775,155,1261,-1742,533,4417,-125,349,686
56.84825,155,1261,-1743,533,4420,-126,349,685
56.84875,155,1261,-1744,532,4429,-125,349,685
56.84925,155,1261,-1746,531,4430,-126,349,685
56.84975,155,1261,-1747,530,4431,-126,349,684
56.85025,155,1261,-1747,529,4433,-126,349,685
56.85075,155,1261,-1747,528,4438,-126,349,684
56.85125,155,1261,-1746,527,4435,-126,349,684
56.85175,155,1261,-1745,527,4438,-126,349,684
56.85225,155,1261,-1744,528,4438,-126,349,685
56.85275,155,1261,-1744,529,4433,-126,349,685
56.85325,156,1261,-1744,530,4441,-126,349,685
56.85375,155,1261,-1744,531,4470,-126,349,685
56.85425,155,1261,-1745,530,4468,-126,349,685
56.85475,156,1261,-1746,530,4462,-126,349,685
56.85525,155,1261,-1747,530,4432,-126,349,685
56.85575,155,1261,-1747,530,4402,-126,350,685
56.85625,156,1261,-1747,530,4397,-126,350,684
56.85675,155,1262,-1746,530,4400,-127,349,685
56.85725,156,1261,-1746,531,4414,-126,350,685
56.85775,155,1261,-1745,531,4416,-126,349,685
56.85825,155,1261,-1745,531,4416,-126,349,685
56.85875,156,1261,-1746,531,4416,-126,349,685
56.85925,155,1261,-1746,531,4415,-126,349,685
56.85975,155,1261,-1745,530,4414,-125,349,685
56.86025,156,1262,-1746,531,4411,-126,349,685
56.86075,156,1262,-1746,531,4409,-126,349,685
56.86125,155,1262,-1745,531,4405,-126,349,685
56.86175,156,1261,-1746,531,4401,-126,349,685
56.86225,156,1262,-1746,530,4399,-126,349,686
56.86275,156,1262,-1745,528,4399,-126,349,686
56.86325,156,1262,-1746,528,4420,-126,348,686
56.86375,156,1262,-1745,528,4449,-126,348,685
56.86425,156,1262,-1746,527,4439,-126,348,685
56.86475,156,1262,-1746,527,4423,-127,349,684
56.86525,156,1262,-1746,528,4391,-127,350,684
56.86575,156,1262,-1746,528,4370,-126,350,685
56.86625,156,1262,-1746,529,4366,-127,349,685
56.86675,156,1262,-1746,529,4358,-126,350,684
56.86725,156,1262,-1745,528,4366,-126,349,685
56.86775,156,1262,-1746,529,4375,-126,349,685
56.86825,156,1262,-1746,529,4372,-126,349,686
56.86875,156,1262,-1746,530,4374,-126,349,686
56.86925,156,1262,-1746,530,4376,-127,349,686
56.86975,156,1262,-1746,531,4372,-127,349,685
56.87025,156,1262,-1746,532,4369,-127,349,685
56.87075,156,1262,-1746,532,4366,-127,350,685
56.87125,156,1262,-1746,533,4364,-127,350,684
56.87175,156,1262,-1745,532,4362,-127,350,684
56.87225,156,1263,-1744,533,4364,-127,350,684
56.87275,156,1262,-1744,531,4360,-127,350,684
56.87325,156,1262,-1744,530,4376,-127,349,685
56.87375,156,1262,-1744,528,4394,-127,349,685
56.87425,156,1262,-1745,527,4377,-127,349,685
56.87475,156,1263,-1745,526,4362,-127,350,684
56.87525,156,1263,-1745,526,4325,-127,350,684
56.87575,156,1263,-1745,527,4300,-127,350,684
56.87625,156,1262,-1746,527,4295,-127,350,685
56.87675,157,1263,-1747,527,4295,-127,350,685
56.87725,157,1263,-1748,528,4298,-127,350,685
56.87775,157,1262,-1747,528,4298,-127,351,685
56.87825,156,1263,-1746,528,4300,-127,351,685
56.87875,156,1263,-1745,528,4299,-127,351,685
56.87925,156,1263,-1745,530,4296,-127,351,685
56.87975,157,1263,-1746,531,4292,-127,351,685
56.88025,156,1263,-1747,534,4289,-128,351,685
56.88075,156,1263,-1748,535,4286,-127,350,684
56.88125,156,1263,-1747,536,4284,-128,350,684
56.88175,156,1263,-1747,534,4287,-127,350,684
56.88225,156,1264,-1746,532,4286,-128,350,684
56.88285,156,1263,-1746,531,4281,-128,350,684
56.88335,157,1264,-1745,530,4305,-128,349,684
56.88385,156,1264,-1746,529,4325,-127,349,684
56.88435,157,1264,-1747,530,4315,-128,350,683
56.88485,156,1264,-1747,531,4298,-128,350,684
56.88535,157,1264,-1748,531,4258,-128,350,684
56.88585,157,1264,-1748,531,4241,-127,350,684
56.88635,157,1263,-1747,530,4240,-128,349,684
56.88685,157,1264,-1746,527,4238,-128,349,684
56.88735,157,1264,-1745,526,4242,-128,349,684
56.88785,157,1264,-1743,525,4248,-128,348,684
56.88835,157,1264,-1742,527,4248,-128,348,684
56.88885,157,1264,-1741,528,4250,-128,348,683
56.88935,157,1264,-1743,529,4250,-128,349,683
56.88985,156,1264,-1744,530,4242,-128,349,683
56.89035,157,1265,-1745,531,4238,-128,349,683
56.89085,157,1264,-1745,532,4236,-128,349,683
56.89135,157,1264,-1746,533,4233,-128,350,683
56.89185,157,1264,-1746,533,4230,-128,350,683
56.89235,157,1265,-1746,533,4227,-128,350,683
56.89285,157,1264,-1745,532,4223,-129,350,682
56.89335,158,1265,-1745,531,4249,-129,349,683
56.89385,157,1264,-1745,529,4269,-129,349,682
56.89435,158,1264,-1744,527,4256,-129,349,682
56.89485,157,1265,-1744,526,4244,-130,349,682
56.89535,157,1265,-1743,526,4205,-129,349,682
56.89585,157,1265,-1744,528,4179,-129,349,683
56.89635,157,1266,-1744,529,4173,-129,349,683
56.89685,157,1265,-1745,531,4170,-129,349,684
56.89735,157,1265,-1745,531,4178,-129,349,685
56.89785,157,1265,-1745,532,4186,-129,349,685
56.89835,157,1265,-1745,532,4183,-129,350,686
56.89885,157,1265,-1745,533,4182,-129,349,686
56.89935,157,1266,-1745,532,4187,-129,350,686
56.89985,157,1266,-1745,530,4187,-129,349,686
56.90035,157,1266,-1745,528,4183,-129,349,684
56.90085,158,1266,-1744,526,4180,-129,349,682
56.90135,158,1266,-1745,527,4174,-129,349,681
56.90185,157,1265,-1745,529,4167,-129,349,681
56.90235,158,1266,-1745,529,4161,-129,348,681
56.90285,158,1266,-1745,530,4159,-130,349,681
56.90335,158,1266,-1745,530,4190,-130,349,681
56.90385,158,1266,-1745,530,4205,-130,349,682
56.90435,158,1266,-1745,530,4196,-130,349,682
56.90485,158,1266,-1745,530,4185,-130,349,682
56.90535,157,1266,-1745,530,4149,-130,349,682
56.90585,158,1266,-1745,530,4128,-130,349,683
56.90635,158,1266,-1745,530,4122,-130,349,684
56.90685,158,1267,-1745,530,4115,-130,349,684
56.90735,158,1267,-1745,530,4126,-131,349,684
56.90785,158,1267,-1745,530,4130,-130,349,685
56.908348,158,1267,-1746,530,4129,-131,349,685
56.90885,158,1267,-1746,531,4125,-131,349,686
56.90935,158,1267,-1746,530,4122,-131,349,686
56.90985,158,1267,-1746,531,4123,-130,349,687
56.91035,158,1267,-1746,531,4125,-130,349,688
56.91085,158,1268,-1746,531,4121,-129,349,688
56.91135,157,1268,-1745,531,4121,-129,349,688
56.91185,157,1268,-1744,531,4120,-128,349,688
56.91235,157,1268,-1744,531,4116,-128,349,687
56.91285,158,1268,-1744,531,4111,-129,349,686
56.91335,158,1268,-1744,531,4136,-129,348,686
56.91385,158,1268,-1744,531,4146,-130,349,685
56.91435,158,1269,-1745,531,4136,-130,349,685
56.91485,158,1268,-1746,531,4112,-130,348,685
56.91535,158,1269,-1747,530,4073,-130,348,684
56.91585,158,1269,-1746,530,4056,-130,348,685
56.91635,158,1269,-1744,530,4060,-130,348,685
56.91685,158,1269,-1744,531,4062,-130,348,685
56.91735,158,1269,-1744,531,4070,-130,349,685
56.91785,158,1270,-1743,531,4072,-130,349,686
56.91835,158,1269,-1744,531,4074,-130,349,686
56.91885,158,1270,-1744,531,4079,-130,349,686
56.91935,158,1270,-1744,531,4078,-130,350,685
56.91985,158,1270,-1745,531,4074,-131,350,685
56.92035,158,1270,-1744,531,4066,-131,350,685
56.92085,158,1270,-1745,531,4063,-131,350,685
56.92135,158,1270,-1744,531,4062,-132,350,685
56.92185,158,1271,-1745,531,4061,-132,350,685
56.92235,158,1271,-1745,531,4059,-131,350,685
56.92285,158,1271,-1745,531,4060,-132,350,685
56.92335,158,1271,-1744,531,4095,-132,349,685
56.92385,158,1271,-1744,531,4099,-132,348,685
56.92435,159,1271,-1744,531,4088,-132,349,686
56.92485,159,1271,-1744,530,4068,-132,348,685
56.92535,159,1271,-1744,531,4034,-132,348,685
56.92585,159,1271,-1745,531,4015,-132,348,684
56.92635,159,1271,-1744,531,4013,-132,348,684
56.92685,159,1271,-1744,531,4019,-132,348,684
56.92735,159,1272,-1744,532,4020,-132,348,684
56.92785,159,1272,-1744,532,4022,-132,348,684
56.92835,159,1272,-1745,532,4019,-132,348,684
56.92885,159,1272,-1745,532,4020,-133,348,683
56.92935,159,1272,-1744,532,4018,-132,348,684
56.92985,159,1272,-1744,532,4010,-132,348,684
56.93035,159,1272,-1744,532,4011,-133,348,684
56.93085,159,1273,-1744,532,4010,-132,348,684
56.93135,159,1273,-1745,532,4008,-132,348,684
56.93185,159,1273,-1744,532,4005,-133,348,685
56.93235,159,1273,-1745,532,4003,-132,348,685
56.93285,159,1273,-1744,532,4000,-132,348,685
56.93335,159,1273,-1744,532,4032,-133,348,685
56.93385,159,1274,-1744,532,4035,-133,348,685
56.93435,159,1274,-1745,531,4027,-133,348,686
56.93485,160,1274,-1744,532,4005,-133,349,686
56.93535,159,1274,-1744,531,3971,-133,349,685
56.93585,160,1274,-1744,531,3958,-134,348,686
56.93635,160,1274,-1744,532,3952,-134,348,685
56.93685,159,1275,-1744,532,3963,-134,348,685
56.93735,159,1275,-1744,532,3966,-135,348,684
56.93785,160,1275,-1744,532,3968,-135,348,684
56.93835,160,1275,-1744,532,3972,-135,348,684
56.93885,160,1275,-1744,532,3971,-135,348,683
56.93935,160,1275,-1744,532,3966,-135,348,684
56.93985,160,1275,-1744,532,3958,-135,348,684
56.94035,159,1275,-1745,532,3958,-136,348,684
56.94085,160,1275,-1744,532,3955,-135,348,684
56.94135,160,1276,-1744,532,3948,-135,348,685
56.94185,160,1276,-1744,532,3942,-135,348,685
56.94235,160,1276,-1744,532,3936,-135,348,685
56.94285,161,1276,-1744,533,3941,-135,347,685
56.94345,160,1276,-1744,533,3976,-136,347,684
56.94395,160,1277,-1744,533,3974,-136,347,684
56.94445,160,1277,-1744,532,3966,-136,347,685
56.94495,160,1277,-1744,532,3939,-136,347,685
56.94545,160,1277,-1744,532,3898,-135,348,685
56.94595,160,1278,-1744,532,3885,-135,347,686
56.94645,160,1278,-1744,532,3883,-135,347,685
56.94695,160,1278,-1743,532,3886,-136,347,685
56.94745,160,1278,-1744,533,3888,-136,348,685
56.94795,160,1278,-1744,532,3887,-136,347,685
56.94845,160,1278,-1744,532,3888,-136,347,684
56.94895,161,1278,-1744,532,3890,-136,348,684
56.94945,161,1278,-1744,532,3892,-136,348,685
56.94995,161,1278,-1744,532,3890,-136,347,685
56.95045,161,1278,-1744,532,3886,-136,347,685
56.95095,161,1279,-1743,533,3884,-136,347,685
56.95145,161,1279,-1743,532,3881,-136,347,685
56.95195,161,1279,-1743,532,3878,-137,347,685
56.95245,161,1279,-1743,533,3872,-137,347,685
56.95295,161,1280,-1744,533,3876,-137,347,685
56.95345,161,1279,-1743,533,3906,-137,347,685
56.95395,161,1280,-1744,532,3898,-138,347,685
56.95445,161,1280,-1743,532,3885,-137,347,685
56.95495,161,1280,-1743,532,3857,-138,348,685
56.95545,161,1280,-1743,532,3823,-138,348,685
56.95595,161,1281,-1743,532,3810,-138,347,685
56.95645,161,1281,-1743,532,3808,-138,347,685
56.95695,161,1281,-1743,532,3810,-139,347,685
56.95745,161,1282,-1743,533,3818,-139,347,685
56.95795,161,1282,-1743,533,3819,-139,347,684
56.95845,161,1282,-1743,533,3822,-139,347,684
56.95895,161,1282,-1744,533,3828,-139,347,685
56.95945,161,1282,-1743,533,3827,-139,347,684
56.95995,161,1282,-1743,533,3819,-139,346,685
56.96045,162,1282,-1743,533,3818,-139,347,684
56.96095,161,1283,-1743,533,3811,-139,347,685
56.96145,162,1283,-1743,533,3810,-140,347,684
56.96195,162,1283,-1743,533,3804,-140,346,683
56.96245,162,1283,-1743,533,3802,-140,347,683
56.96295,162,1283,-1743,533,3806,-140,346,683
56.96345,162,1283,-1743,533,3837,-140,346,684
56.96395,162,1283,-1743,533,3833,-140,346,684
56.96445,162,1283,-1743,532,3824,-140,346,685
56.96495,162,1283,-1743,533,3795,-140,347,685
56.96545,162,1283,-1743,533,3760,-140,347,685
56.96595,162,1284,-1743,533,3751,-141,347,685
56.96645,162,1284,-1744,533,3754,-141,347,684
56.96695,162,1284,-1743,533,3759,-141,347,685
56.96745,163,1284,-1743,533,3761,-141,346,685
56.96795,162,1285,-1743,533,3756,-141,347,686
56.96845,163,1285,-1743,533,3752,-141,347,685
56.96895,162,1285,-1743,533,3757,-142,346,686
56.969448,163,1285,-1743,533,3756,-142,346,686
56.96995,163,1285,-1743,533,3758,-142,347,686
56.97045,163,1285,-1743,533,3757,-142,346,685
56.97095,163,1285,-1743,533,3753,-143,347,684
56.97145,163,1285,-1743,533,3746,-143,346,682
56.97195,163,1286,-1743,533,3746,-144,347,681
56.97245,163,1286,-1743,533,3743,-144,347,680
56.97295,163,1286,-1743,533,3748,-145,346,680
56.97345,164,1286,-1743,534,3780,-146,347,679
56.97395,163,1286,-1743,533,3775,-145,347,680
56.97445,164,1287,-1743,533,3759,-145,347,680
56.97495,164,1287,-1743,533,3729,-146,347,681
56.97545,164,1287,-1743,533,3694,-145,347,681
56.97595,164,1287,-1743,533,3681,-145,347,682
56.97645,164,1287,-1742,534,3681,-146,347,683
56.97695,164,1288,-1743,533,3695,-145,346,684
56.97745,165,1287,-1742,534,3697,-145,346,684
56.97795,164,1288,-1743,534,3700,-145,346,685
56.97845,165,1288,-1742,534,3696,-145,346,686
56.97895,164,1288,-1743,534,3686,-145,346,687
56.97945,165,1288,-1743,534,3685,-145,347,688
56.97995,165,1288,-1743,534,3678,-146,347,688
56.98045,165,1288,-1743,534,3677,-145,346,689
56.98095,165,1288,-1743,534,3672,-146,346,689
56.98145,165,1288,-1742,533,3658,-145,346,689
56.98195,165,1288,-1742,533,3653,-145,346,689
56.98245,165,1289,-1742,534,3652,-145,345,689
56.98295,165,1289,-1743,535,3666,-145,345,689
56.98345,165,1289,-1742,535,3697,-145,344,688
56.98395,165,1289,-1742,534,3689,-146,345,688
56.98445,165,1290,-1742,534,3680,-146,345,687
56.98495,165,1290,-1742,534,3647,-147,345,686
56.98545,165,1290,-1742,534,3608,-147,345,686
56.98595,165,1290,-1742,533,3604,-147,345,686
56.98645,165,1290,-1742,533,3603,-147,345,686
56.98695,165,1291,-1742,533,3604,-147,344,686
56.98745,166,1291,-1743,533,3611,-147,345,686
56.98795,166,1291,-1743,534,3610,-148,345,686
56.98845,165,1291,-1743,534,3611,-147,345,686
56.98895,166,1291,-1743,534,3610,-148,345,685
56.98945,166,1291,-1743,534,3603,-148,345,685
56.98995,166,1291,-1742,534,3595,-149,345,684
56.99045,166,1291,-1743,534,3594,-149,345,684
56.99095,166,1291,-1743,534,3597,-149,345,684
56.99145,167,1292,-1742,534,3595,-149,345,685
56.99195,166,1292,-1742,534,3590,-149,345,685
56.99245,167,1292,-1742,534,3580,-149,345,685
56.99295,167,1292,-1742,534,3595,-149,345,685
56.99345,167,1292,-1743,534,3622,-149,345,685
56.99395,167,1292,-1742,534,3614,-150,345,685
56.99445,167,1292,-1742,534,3601,-150,346,685
56.99495,167,1293,-1742,534,3568,-151,346,686
56.99545,167,1293,-1742,534,3540,-150,346,686
56.99595,167,1293,-1742,534,3533,-151,346,686
56.99645,167,1293,-1743,534,3533,-151,346,686
56.99695,168,1293,-1742,535,3537,-150,346,686
56.99745,168,1293,-1743,535,3543,-151,346,687
56.99795,168,1294,-1742,534,3543,-151,346,687
56.99845,168,1294,-1742,535,3540,-150,345,686
56.99895,168,1294,-1742,534,3539,-150,345,686
56.99945,169,1294,-1743,534,3541,-151,345,686
56.99995,168,1294,-1742,534,3539,-151,345,686
57.00045,168,1294,-1742,534,3535,-152,345,685
57.00095,169,1294,-1742,534,3530,-152,345,685
57.00145,169,1294,-1741,534,3522,-152,345,685
57.00195,169,1295,-1741,534,3520,-152,345,685
57.00245,169,1295,-1742,534,3517,-152,345,685
57.00295,169,1295,-1742,535,3538,-152,344,685
57.00345,169,1295,-1742,535,3565,-152,345,685
57.00405,169,1295,-1742,534,3558,-153,344,684
57.00455,170,1295,-1742,534,3546,-153,344,684
57.00505,169,1296,-1742,534,3519,-153,345,684
57.00555,170,1296,-1742,534,3497,-153,344,684
57.00605,169,1296,-1742,534,3494,-153,345,684
57.00655,170,1296,-1742,535,3496,-153,344,684
57.00705,169,1296,-1742,535,3498,-153,345,684
57.00755,170,1296,-1742,535,3499,-153,344,684
57.00805,170,1296,-1742,535,3503,-154,345,684
57.00855,170,1296,-1742,535,3503,-154,345,684
57.00905,170,1296,-1742,535,3504,-154,344,684
57.00955,171,1297,-1742,535,3505,-155,345,685
57.01005,170,1297,-1742,535,3501,-155,344,685
57.01055,170,1297,-1743,535,3492,-155,345,685
57.01105,170,1297,-1742,535,3488,-155,344,685
57.01155,171,1298,-1742,534,3486,-156,344,684
57.01205,170,1298,-1742,534,3484,-156,345,684
57.01255,170,1298,-1742,534,3483,-157,344,683
57.01305,171,1298,-1742,535,3504,-156,344,685
57.01355,170,1298,-1742,535,3519,-156,344,685
57.01405,171,1298,-1742,535,3510,-156,344,686
57.01455,171,1298,-1741,535,3501,-155,343,688
57.01505,171,1299,-1740,534,3472,-155,344,687
57.01555,171,1298,-1740,534,3449,-155,344,687
57.01605,171,1299,-1741,535,3440,-155,344,687
57.01655,172,1299,-1742,535,3443,-155,344,687
57.01705,171,1299,-1742,535,3455,-155,344,686
57.01755,172,1300,-1742,535,3460,-156,344,686
57.01805,172,1300,-1742,535,3466,-155,344,686
57.01855,171,1300,-1742,535,3466,-156,344,686
57.01905,171,1300,-1742,535,3465,-157,344,685
57.01955,171,1301,-1742,535,3465,-158,344,685
57.02005,171,1301,-1742,535,3461,-158,344,684
57.02055,172,1301,-1742,535,3463,-158,344,684
57.02105,172,1301,-1742,535,3470,-158,343,684
57.02155,172,1301,-1742,535,3471,-158,343,684
57.02205,172,1301,-1742,536,3473,-157,344,684
57.02255,173,1302,-1742,535,3470,-158,344,685
57.02305,173,1302,-1742,536,3497,-157,343,685
57.02355,173,1302,-1742,535,3510,-158,344,686
57.02405,173,1302,-1743,535,3496,-158,344,686
57.02455,173,1302,-1743,535,3483,-158,344,686
57.02505,173,1303,-1742,535,3446,-157,344,686
57.02555,174,1303,-1742,535,3424,-158,344,686
57.02605,174,1304,-1742,535,3421,-158,344,686
57.02655,174,1304,-1742,535,3422,-158,343,686
57.02705,174,1304,-1742,536,3425,-158,344,687
57.02755,174,1304,-1742,536,3430,-158,343,687
57.02805,174,1305,-1742,536,3426,-158,343,687
57.02855,174,1305,-1741,536,3425,-159,343,687
57.02905,174,1305,-1742,536,3426,-159,343,686
57.02955,174,1305,-1742,536,3423,-159,344,686
57.03005,174,1306,-1742,537,3428,-159,343,686
57.03055,174,1306,-1742,537,3432,-159,344,685
57.03105,174,1306,-1742,537,3429,-160,343,684
57.03155,174,1306,-1742,537,3425,-159,343,685
57.03205,174,1307,-1742,536,3429,-159,343,685
57.03255,175,1307,-1742,537,3425,-159,343,686
57.03305,175,1307,-1742,537,3455,-160,342,686
57.03355,175,1307,-1742,536,3479,-159,342,686
57.03405,175,1307,-1741,534,3472,-159,342,686
57.03455,175,1307,-1741,534,3456,-160,342,686
57.03505,175,1307,-1741,533,3424,-159,342,686
57.03555,175,1307,-1742,533,3410,-159,342,686
57.03605,175,1307,-1742,534,3406,-160,342,685
57.03655,175,1308,-1742,535,3412,-160,343,684
57.03705,176,1308,-1743,536,3418,-160,343,685
57.03755,176,1308,-1743,538,3434,-160,343,684
57.03805,176,1308,-1743,539,3440,-160,343,685
57.03855,176,1308,-1743,540,3451,-160,344,685
57.03905,176,1309,-1744,540,3455,-160,344,685
57.03955,176,1309,-1743,540,3457,-160,344,685
57.04005,176,1308,-1743,540,3459,-160,344,685
57.04055,176,1309,-1742,538,3459,-159,344,686
57.04105,176,1309,-1741,536,3460,-159,344,685
57.04155,177,1309,-1741,533,3464,-160,344,685
57.04205,176,1309,-1741,531,3461,-160,344,684
57.04255,177,1309,-1741,532,3462,-161,344,683
57.04305,177,1309,-1741,533,3504,-160,343,683
57.04355,177,1310,-1742,534,3518,-161,343,682
57.04405,177,1310,-1742,535,3514,-161,343,682
57.04455,177,1309,-1742,535,3508,-161,342,682
57.04505,177,1310,-1742,536,3479,-161,342,682
57.04555,177,1310,-1742,536,3467,-162,342,682
57.04605,177,1310,-1741,534,3469,-161,342,682
57.04655,177,1310,-1742,534,3476,-161,342,683
57.04705,177,1310,-1742,534,3485,-161,342,682
57.04755,178,1310,-1742,535,3488,-161,342,680
57.04805,178,1310,-1742,534,3505,-161,342,680
57.04855,178,1310,-1743,535,3518,-161,342,679
57.04905,178,1310,-1742,535,3529,-161,341,680
57.04955,178,1310,-1743,536,3537,-162,342,680
57.05005,178,1310,-1743,536,3550,-161,342,680
57.05055,178,1310,-1743,536,3561,-161,342,681
57.05105,178,1310,-1743,536,3568,-161,342,681
57.05155,178,1310,-1742,536,3570,-162,342,682
57.05205,178,1310,-1742,535,3578,-162,342,683
57.05255,178,1310,-1742,536,3595,-162,342,684
57.05305,178,1309,-1742,535,3636,-162,341,685
57.05355,178,1309,-1742,535,3653,-163,342,685
57.05405,178,1309,-1742,535,3655,-163,342,686
57.05455,178,1310,-1742,534,3645,-163,342,686
57.05505,178,1310,-1742,534,3625,-163,342,687
57.05555,178,1310,-1742,534,3625,-163,342,688
57.05605,178,1310,-1743,535,3626,-162,342,688
57.05655,178,1310,-1743,535,3637,-162,342,689
57.05705,178,1310,-1743,536,3651,-161,342,689
57.05755,178,1310,-1744,536,3656,-160,342,690
57.05805,178,1310,-1745,536,3666,-160,342,691
57.05855,178,1310,-1744,537,3680,-160,342,690
57.05905,178,1311,-1744,537,3685,-160,342,689
57.05955,178,1311,-1744,537,3694,-160,343,688
57.06005,178,1310,-1743,536,3696,-161,343,687
57.06055,178,1310,-1743,536,3704,-161,344,686
57.06105,178,1311,-1743,536,3704,-162,343,685
57.06155,179,1310,-1743,536,3711,-162,343,685
57.06205,178,1310,-1742,536,3715,-161,343,685
57.06255,178,1310,-1741,536,3725,-161,343,685
57.06305,178,1310,-1742,536,3768,-161,343,686
57.06355,178,1310,-1741,535,3779,-161,343,686
57.06415,178,1310,-1741,535,3781,-161,343,686
57.06465,178,1310,-1741,536,3766,-161,343,685
57.06515,178,1310,-1742,536,3739,-161,343,686
57.06565,178,1310,-1742,538,3735,-161,342,686
57.06615,178,1310,-1742,539,3750,-161,342,686
57.06665,178,1310,-1742,539,3767,-161,342,686
57.06715,178,1310,-1743,539,3779,-162,342,685
57.06765,178,1310,-1742,538,3788,-163,341,685
57.06815,178,1310,-1742,537,3791,-163,341,685
57.06865,178,1310,-1742,535,3797,-163,341,684
57.06915,178,1310,-1743,535,3805,-164,341,685
57.06965,178,1310,-1743,535,3813,-163,341,684
57.07015,178,1310,-1743,535,3818,-163,342,684
57.07065,178,1310,-1743,533,3830,-162,341,684
57.07115,178,1310,-1742,532,3837,-163,341,684
57.07165,178,1309,-1743,533,3841,-162,342,685
57.07215,178,1309,-1742,534,3843,-162,342,685
57.07265,178,1309,-1744,536,3849,-162,342,686
57.07315,178,1309,-1744,537,3890,-162,343,686
57.07365,178,1309,-1744,536,3902,-162,343,686
57.07415,178,1309,-1744,535,3896,-161,343,686
57.07465,178,1309,-1745,535,3871,-162,343,685
57.07515,178,1309,-1745,535,3841,-162,342,685
57.07565,177,1309,-1745,536,3829,-162,343,685
57.07615,178,1309,-1745,536,3829,-162,343,685
57.07665,177,1309,-1746,536,3840,-162,343,685
57.07715,178,1310,-1746,536,3852,-162,343,685
57.07765,178,1309,-1745,536,3866,-161,343,685
57.07815,177,1309,-1741,535,3876,-161,343,686
57.07865,177,1309,-1739,534,3888,-161,343,686
57.07915,177,1309,-1739,535,3901,-161,343,686
57.07965,177,1309,-1741,538,3907,-161,343,686
57.08015,177,1309,-1743,540,3911,-161,343,685
57.08065,177,1309,-1745,539,3915,-162,343,685
57.08115,177,1309,-1745,537,3915,-163,342,684
57.08165,177,1308,-1744,535,3919,-163,342,684
57.08215,177,1308,-1743,532,3928,-163,342,683
57.08265,177,1308,-1741,530,3942,-163,341,684
57.08315,177,1308,-1740,530,3978,-162,341,684
57.08365,177,1308,-1740,531,3985,-162,342,684
57.08415,177,1308,-1741,534,3983,-162,343,684
57.08465,176,1307,-1742,535,3958,-162,343,684
57.08515,177,1307,-1742,536,3931,-162,343,684
57.08565,177,1307,-1743,535,3928,-162,343,683
57.08615,177,1307,-1743,536,3932,-162,343,684
57.08665,177,1307,-1743,537,3938,-162,343,684
57.08715,177,1307,-1744,538,3949,-161,343,684
57.08765,176,1307,-1744,539,3955,-161,343,685
57.08815,176,1307,-1744,542,3963,-162,343,685
57.08865,176,1306,-1745,542,3966,-161,343,685
57.08915,176,1306,-1745,542,3973,-162,342,685
57.08965,176,1306,-1745,540,3982,-162,343,685
57.09015,176,1306,-1745,537,3989,-162,343,684
57.09065,176,1306,-1744,534,3994,-162,343,683
57.09115,176,1306,-1742,530,4002,-162,342,683
57.09165,176,1306,-1740,528,4002,-162,342,683
57.09215,176,1305,-1739,527,4003,-162,342,683
57.09265,176,1305,-1739,528,4017,-162,342,683
57.09315,176,1305,-1741,530,4056,-162,342,683
57.09365,176,1305,-1741,532,4062,-162,343,683
57.09415,176,1305,-1741,535,4060,-162,343,683
57.09465,176,1304,-1742,535,4038,-162,343,683
57.09515,175,1304,-1744,535,4014,-162,343,682
57.09565,175,1304,-1744,535,4013,-161,343,683
57.09615,175,1304,-1743,534,4017,-161,343,682
57.09665,175,1303,-1741,534,4021,-161,343,683
57.09715,175,1303,-1741,533,4030,-161,342,683
57.09765,175,1302,-1741,532,4035,-160,342,683
57.09815,175,1303,-1741,531,4043,-161,342,683
57.098648,175,1303,-1742,530,4051,-161,342,682
57.09915,175,1302,-1743,531,4055,-161,343,683
57.09965,175,1302,-1743,532,4063,-161,343,683
57.10015,175,1302,-1743,534,4062,-161,343,683
57.10065,175,1302,-1742,534,4062,-161,343,683
57.10115,175,1301,-1741,534,4059,-160,344,683
57.10165,175,1301,-1741,534,4062,-160,344,683
57.10215,175,1301,-1741,534,4065,-160,344,683
57.10265,175,1301,-1742,535,4080,-160,343,684
57.10315,174,1301,-1742,535,4114,-160,343,684
57.10365,174,1301,-1742,535,4115,-160,344,684
57.10415,174,1300,-1742,535,4106,-160,344,685
57.10465,174,1300,-1742,536,4075,-160,344,684
57.10515,174,1300,-1742,537,4042,-161,345,684
57.10565,174,1300,-1743,537,4041,-161,344,683
57.10615,174,1300,-1743,537,4045,-161,344,683
57.10665,174,1299,-1743,536,4046,-161,344,682
57.10715,174,1299,-1742,534,4047,-160,344,682
57.10765,173,1299,-1742,532,4058,-160,344,682
57.10815,174,1299,-1742,531,4062,-160,344,682
57.10865,173,1299,-1742,532,4065,-160,344,681
57.10915,174,1298,-1743,533,4067,-159,345,681
57.10965,173,1298,-1743,535,4063,-160,344,682
57.11015,173,1298,-1743,535,4067,-160,345,681
57.11065,174,1298,-1742,534,4076,-160,345,682
57.11115,173,1298,-1740,532,4074,-159,344,682
57.11165,173,1297,-1740,531,4079,-159,344,682
57.11215,173,1297,-1741,532,4079,-159,344,682
57.11265,173,1297,-1742,533,4092,-159,343,682
57.11315,173,1296,-1743,534,4126,-159,343,682
57.11365,173,1297,-1744,534,4124,-160,343,681
57.11415,173,1297,-1743,535,4115,-160,343,681
57.11465,173,1296,-1743,535,4085,-160,344,680
57.11515,173,1296,-1744,535,4062,-160,344,680
57.11565,172,1296,-1744,534,4069,-160,343,681
57.11615,173,1295,-1744,534,4073,-160,343,681
57.11665,172,1296,-1743,533,4077,-160,343,681
57.11715,172,1295,-1742,534,4084,-160,343,682
57.11765,172,1295,-1741,534,4095,-159,343,682
57.11815,172,1295,-1742,534,4104,-159,344,682
57.11865,172,1295,-1742,535,4109,-159,344,682
57.11915,172,1294,-1743,535,4110,-158,344,682
57.11965,172,1294,-1743,535,4108,-158,344,682
57.12015,172,1293,-1743,535,4105,-158,344,682
57.12065,172,1293,-1743,535,4103,-158,344,682
57.12115,172,1293,-1743,535,4101,-158,344,681
57.12165,172,1293,-1743,534,4098,-159,344,678
57.12215,172,1293,-1743,533,4089,-159,344,677
57.12265,172,1292,-1743,533,4107,-158,344,677
57.12315,172,1292,-1742,534,4130,-159,344,677
57.12365,172,1292,-1742,533,4119,-159,344,676
57.12425,172,1292,-1742,534,4106,-159,344,676
57.12475,172,1292,-1742,533,4073,-159,345,677
57.12525,171,1291,-1742,534,4043,-160,345,677
57.12575,172,1291,-1742,535,4030,-159,344,678
57.12625,172,1291,-1743,536,4027,-159,345,678
57.12675,171,1291,-1743,536,4034,-158,345,677
57.12725,171,1291,-1743,536,4032,-159,344,678
57.12775,171,1291,-1743,536,4023,-159,345,678
57.12825,171,1290,-1743,537,4026,-159,344,679
57.12875,171,1290,-1742,536,4019,-158,345,680
57.12925,171,1290,-1743,535,4003,-158,344,681
57.12975,171,1289,-1743,533,3990,-158,344,683
57.13025,171,1289,-1743,531,3964,-157,344,684
57.13075,171,1289,-1742,531,3938,-157,345,685
57.13125,171,1289,-1742,532,3920,-156,345,685
57.13175,171,1288,-1743,533,3897,-156,344,685
57.13225,171,1288,-1744,534,3879,-156,345,684
57.13275,170,1288,-1744,535,3889,-156,345,684
57.13325,171,1288,-1744,534,3909,-157,345,683
57.13375,171,1288,-1743,535,3898,-157,345,681
57.13425,170,1288,-1743,535,3877,-157,345,680
57.13475,170,1287,-1743,535,3839,-157,345,680
57.13525,170,1288,-1743,534,3823,-157,346,680
57.13575,170,1287,-1743,535,3825,-157,346,680
57.13625,170,1286,-1743,534,3826,-157,346,681
57.13675,170,1286,-1743,534,3833,-156,346,681
57.13725,170,1286,-1743,534,3838,-156,346,681
57.13775,170,1286,-1743,534,3852,-156,345,681
57.13825,170,1285,-1743,535,3869,-156,346,680
57.13875,170,1285,-1743,535,3889,-156,345,680
57.13925,170,1285,-1744,536,3913,-156,346,680
57.13975,170,1284,-1744,536,3930,-157,346,680
57.14025,170,1284,-1745,536,3943,-156,346,680
57.14075,170,1284,-1745,536,3950,-156,347,680
57.14125,170,1284,-1745,535,3955,-156,347,680
57.14175,170,1284,-1745,535,3967,-157,346,680
57.14225,170,1284,-1745,535,3978,-156,347,679
57.14275,170,1283,-1744,535,4016,-156,347,679
57.14325,170,1283,-1742,534,4051,-156,346,679
57.14375,169,1283,-1742,533,4059,-157,347,679
57.14425,170,1283,-1742,533,4064,-157,347,678
57.14475,169,1282,-1743,534,4045,-157,347,677
57.14525,170,1282,-1743,535,4046,-156,347,678
57.14575,170,1282,-1744,535,4059,-156,347,678
57.14625,170,1281,-1744,535,4083,-156,347,678
57.14675,170,1281,-1744,535,4106,-155,347,679
57.14725,170,1281,-1744,535,4123,-156,346,679
57.14775,169,1281,-1744,535,4136,-156,346,680
57.14825,170,1280,-1743,535,4157,-156,346,680
57.14875,169,1281,-1743,535,4180,-156,345,680
57.14925,169,1280,-1743,536,4197,-156,345,680
57.14975,169,1280,-1743,536,4211,-155,345,681
57.15025,169,1280,-1744,537,4220,-155,345,680
57.15075,169,1279,-1744,537,4222,-155,345,680
57.15125,169,1280,-1744,537,4229,-155,345,679
57.15175,169,1279,-1744,536,4234,-155,345,679
57.15225,169,1279,-1744,536,4232,-155,345,679
57.15275,169,1279,-1745,536,4262,-156,344,679
57.15325,169,1278,-1745,536,4287,-156,344,679
57.15375,169,1278,-1745,536,4286,-156,344,679
57.15425,169,1278,-1744,535,4280,-155,344,679
57.15475,169,1277,-1744,534,4250,-155,345,679
57.15525,169,1277,-1744,533,4235,-154,345,680
57.15575,169,1276,-1744,532,4244,-155,345,680
57.15625,169,1276,-1744,533,4259,-155,345,680
57.15675,168,1276,-1744,533,4275,-155,344,681
57.15725,169,1276,-1743,534,4288,-155,344,681
57.15775,169,1275,-1742,534,4294,-155,344,680
57.15825,169,1275,-1742,534,4307,-155,344,681
57.15875,169,1275,-1742,534,4327,-155,344,680
57.15925,169,1274,-1743,534,4340,-155,344,680
57.159748,169,1274,-1744,535,4356,-155,344,680
57.16025,169,1274,-1744,535,4368,-154,344,680
57.16075,169,1274,-1744,534,4378,-154,344,680
57.16125,169,1273,-1744,534,4388,-154,344,680
57.16175,168,1273,-1744,535,4403,-154,344,680
57.16225,168,1274,-1744,534,4417,-154,345,679
57.16275,169,1273,-1744,535,4463,-154,344,679
57.16325,168,1273,-1744,535,4489,-154,344,678
57.16375,168,1273,-1743,535,4490,-154,345,678
57.16425,168,1273,-1742,535,4486,-154,345,678
57.16475,168,1272,-1742,535,4455,-154,345,678
57.16525,168,1272,-1742,534,4441,-154,345,679
57.16575,168,1272,-1742,533,4443,-153,345,680
57.16625,168,1271,-1742,533,4445,-152,345,681
57.16675,167,1271,-1742,533,4455,-152,346,681
57.16725,168,1271,-1743,533,4453,-152,346,681
57.16775,167,1270,-1743,533,4447,-151,346,681
57.16825,168,1270,-1744,534,4449,-152,346,681
57.16875,168,1270,-1745,534,4453,-152,346,681
57.16925,168,1270,-1745,534,4456,-151,346,680
57.16975,168,1269,-1745,534,4459,-151,346,680
57.17025,168,1269,-1745,534,4464,-151,346,680
57.17075,168,1268,-1745,534,4457,-151,347,679
57.17125,168,1268,-1744,534,4441,-152,346,679
57.17175,167,1268,-1742,534,4427,-152,347,678
57.17225,168,1268,-1741,534,4420,-152,346,678
57.17275,167,1267,-1740,534,4457,-151,347,678
57.17325,167,1267,-1740,533,4505,-152,346,678
57.17375,167,1267,-1741,534,4510,-152,347,678
57.17425,167,1267,-1742,533,4477,-152,347,678
57.17475,167,1267,-1742,534,4425,-151,347,677
57.17525,168,1266,-1742,534,4404,-151,347,678
57.17575,167,1266,-1743,533,4395,-151,348,677
57.17625,168,1266,-1743,534,4395,-151,347,677
57.17675,167,1266,-1744,534,4393,-151,347,678
57.17725,167,1266,-1743,534,4397,-151,347,678
57.17775,167,1265,-1743,535,4417,-151,347,678
57.17825,167,1265,-1743,535,4430,-151,347,677
57.17875,167,1265,-1743,535,4441,-151,347,676
57.17925,167,1264,-1743,535,4442,-151,347,676
57.17975,167,1264,-1742,534,4448,-151,347,676
57.18025,167,1264,-1742,534,4452,-151,347,675
57.18075,166,1263,-1742,533,4453,-150,347,675
57.18125,167,1263,-1742,532,4449,-150,347,675
57.18175,167,1263,-1742,532,4453,-150,346,676
57.18225,167,1263,-1742,533,4466,-150,347,676
57.18275,167,1263,-1742,533,4518,-150,346,676
57.18325,167,1262,-1743,534,4537,-149,346,677
57.18375,166,1262,-1743,535,4541,-149,347,676
57.18425,167,1262,-1743,535,4528,-149,346,676
57.18485,166,1262,-1743,534,4504,-149,347,676
57.18535,167,1261,-1743,534,4502,-149,347,676
57.18585,166,1261,-1743,533,4510,-148,347,677
57.18635,167,1261,-1743,533,4517,-149,347,676
57.18685,167,1261,-1744,533,4523,-148,347,676
57.18735,166,1261,-1743,533,4532,-148,347,676
57.18785,166,1260,-1743,534,4541,-148,347,676
57.18835,166,1260,-1743,534,4546,-148,347,677
57.18885,166,1259,-1742,533,4549,-147,347,677
57.18935,166,1260,-1741,533,4549,-147,347,678
57.18985,166,1259,-1740,533,4555,-147,347,677
57.19035,166,1259,-1740,533,4563,-147,347,677
57.19085,167,1258,-1741,532,4558,-147,347,677
57.19135,166,1258,-1741,532,4555,-147,347,677
57.19185,166,1258,-1741,533,4552,-147,346,677
57.19235,167,1257,-1742,533,4551,-147,347,677
57.19285,166,1258,-1742,533,4580,-147,347,677
57.19335,166,1257,-1742,533,4579,-147,348,677
57.19385,166,1257,-1742,533,4569,-146,347,677
57.19435,166,1257,-1742,532,4545,-146,348,676
57.19485,166,1256,-1742,533,4507,-147,348,676
57.19535,166,1257,-1742,533,4498,-146,348,676
57.19585,166,1257,-1742,534,4490,-147,348,675
57.19635,166,1256,-1742,534,4480,-147,348,675
57.19685,166,1256,-1742,534,4469,-147,348,674
57.19735,166,1256,-1741,533,4466,-147,348,674
57.19785,166,1256,-1741,533,4469,-147,348,674
57.19835,166,1256,-1741,533,4471,-147,348,674
57.19885,166,1255,-1741,533,4470,-147,348,674
57.19935,166,1255,-1741,532,4470,-147,348,674
57.19985,166,1255,-1742,532,4468,-146,348,675
57.20035,166,1255,-1742,532,4464,-146,348,674
57.20085,166,1254,-1742,532,4455,-146,348,675
57.20135,166,1254,-1742,532,4453,-146,348,675
57.20185,166,1254,-1742,532,4446,-146,348,674
57.20235,166,1254,-1742,533,4450,-146,348,675
57.20285,166,1253,-1742,533,4491,-146,347,675
57.20335,166,1254,-1741,533,4490,-146,348,675
57.20385,166,1253,-1742,533,4480,-146,348,674
57.20435,165,1253,-1741,533,4457,-146,349,673
57.20485,166,1253,-1741,533,4431,-146,348,672
57.20535,166,1253,-1741,533,4421,-146,349,671
57.20585,166,1252,-1741,533,4427,-146,348,670
57.20635,166,1253,-1742,534,4431,-145,348,671
57.20685,165,1252,-1742,533,4440,-145,349,671
57.20735,165,1252,-1742,532,4436,-146,349,671
57.20785,165,1252,-1741,533,4439,-146,349,672
57.20835,166,1252,-1741,534,4443,-146,349,671
57.20885,166,1251,-1741,533,4448,-146,349,672
57.20935,165,1251,-1742,534,4447,-146,349,673
57.20985,166,1251,-1742,534,4451,-146,349,674
57.21035,166,1251,-1741,533,4450,-145,349,674
57.21085,166,1251,-1741,533,4453,-145,349,675
57.21135,166,1250,-1741,532,4453,-145,349,676
57.21185,166,1250,-1741,532,4446,-145,349,677
57.21235,166,1250,-1741,532,4456,-144,348,679
57.21285,166,1250,-1741,532,4484,-144,349,679
57.21335,165,1250,-1741,532,4481,-144,349,680
57.21385,166,1250,-1741,532,4475,-144,350,680
57.21435,165,1250,-1741,532,4452,-143,350,681
57.21485,165,1250,-1742,532,4418,-143,350,681
57.21535,165,1249,-1742,532,4405,-142,350,681
57.21585,165,1249,-1742,532,4403,-142,350,681
57.21635,165,1249,-1742,532,4403,-142,351,680
57.21685,166,1249,-1741,532,4405,-143,350,679
57.21735,165,1249,-1741,532,4408,-143,350,678
57.21785,166,1248,-1741,533,4408,-144,350,678
57.21835,165,1249,-1741,533,4414,-143,350,677
57.21885,165,1248,-1741,532,4415,-144,350,677
57.21935,165,1249,-1741,532,4407,-144,350,677
57.21985,165,1248,-1741,532,4402,-143,349,677
57.22035,166,1248,-1741,533,4400,-143,349,677
57.220848,165,1248,-1741,533,4396,-143,349,678
57.22135,165,1248,-1741,534,4396,-143,348,678
57.22185,165,1248,-1742,535,4402,-143,349,678
57.22235,166,1247,-1741,535,4413,-142,348,678
57.22285,166,1247,-1741,535,4447,-143,348,678
57.22335,165,1247,-1742,535,4444,-142,348,679
57.22385,165,1247,-1742,535,4433,-142,348,679
57.22435,166,1247,-1742,535,4399,-143,349,679
57.22485,166,1247,-1742,534,4366,-142,348,679
57.22535,165,1247,-1741,531,4362,-142,348,680
57.22585,165,1246,-1741,530,4369,-142,348,680
57.22635,166,1246,-1741,531,4384,-142,348,680
57.22685,165,1246,-1742,532,4394,-142,348,680
57.22735,166,1246,-1742,533,4400,-142,348,679
57.22785,165,1246,-1741,533,4408,-143,348,679
57.22835,165,1246,-1740,533,4415,-143,348,679
57.22885,165,1246,-1739,534,4424,-143,348,679
57.22935,165,1246,-1740,533,4433,-142,348,680
57.22985,165,1246,-1740,533,4447,-142,348,679
57.23035,165,1245,-1741,532,4461,-142,348,679
57.23085,165,1246,-1740,531,4466,-142,348,679
57.23135,165,1245,-1740,531,4473,-142,348,679
57.23185,165,1245,-1741,532,4481,-142,348,680
57.23235,165,1245,-1741,533,4503,-142,348,680
57.23285,165,1245,-1741,533,4549,-143,348,680
57.23335,165,1245,-1741,533,4552,-143,348,679
57.23385,165,1245,-1741,533,4542,-143,348,679
57.23435,165,1245,-1741,532,4505,-142,348,679
57.23485,165,1245,-1740,532,4467,-142,348,679
57.23535,166,1245,-1740,532,4454,-141,348,679
57.23585,165,1244,-1741,532,4447,-141,348,679
57.23635,166,1245,-1741,532,4439,-141,349,679
57.23685,165,1244,-1741,533,4431,-141,349,680
57.23735,165,1245,-1740,532,4427,-141,349,680
57.23785,166,1245,-1740,532,4428,-141,348,679
57.23835,165,1244,-1740,532,4428,-141,348,679
57.23885,165,1244,-1740,532,4419,-141,348,679
57.23935,165,1244,-1740,532,4416,-141,349,679
57.23985,165,1244,-1740,532,4413,-142,348,679
57.24035,166,1244,-1740,532,4410,-141,349,679
57.24085,165,1244,-1741,533,4408,-141,348,679
57.24145,166,1244,-1740,532,4407,-141,349,679
57.24185,166,1244,-1741,532,4406,-141,349,680
57.24235,166,1243,-1740,532,4423,-141,348,680
57.24285,165,1243,-1740,532,4465,-141,348,680
57.24335,166,1244,-1740,532,4468,-140,348,680
57.24385,166,1243,-1740,532,4461,-140,349,681
57.24435,165,1243,-1740,531,4434,-141,349,681
57.24485,165,1243,-1740,532,4404,-141,349,680
57.24545,166,1243,-1740,532,4404,-141,349,681
57.24595,166,1243,-1740,532,4417,-140,349,681
57.24645,166,1243,-1740,532,4422,-140,348,681
57.24695,166,1243,-1740,532,4426,-140,348,681
57.24745,166,1243,-1741,532,4427,-140,348,681
57.24795,166,1243,-1741,532,4428,-140,348,681
57.24845,166,1242,-1741,532,4434,-140,348,681
57.24895,166,1243,-1739,533,4436,-140,348,681
57.24945,165,1242,-1739,533,4439,-140,349,681
57.24995,166,1243,-1739,533,4440,-140,349,681
57.25045,165,1243,-1740,534,4436,-140,349,681
57.25095,166,1242,-1741,535,4430,-140,348,682
57.25145,166,1243,-1742,535,4423,-139,349,681
57.25195,166,1242,-1742,535,4420,-140,349,681
57.25245,166,1243,-1741,535,4427,-139,349,681
57.25295,166,1243,-1740,535,4451,-139,348,681
57.25345,166,1243,-1740,533,4448,-139,349,682
57.25395,166,1243,-1740,532,4442,-139,349,682
57.25445,165,1242,-1740,532,4414,-139,349,681
57.25495,166,1243,-1740,532,4383,-139,349,682
57.25545,166,1242,-1740,532,4374,-139,349,681
57.25595,166,1242,-1740,532,4380,-140,349,681
57.25645,166,1241,-1740,531,4380,-140,349,681
57.25695,166,1242,-1740,530,4385,-139,349,681
57.25745,166,1241,-1740,530,4393,-140,348,681
57.25795,166,1242,-1739,531,4405,-139,349,682
57.25845,166,1242,-1739,531,4417,-140,348,681
57.25895,166,1242,-1739,531,4429,-139,348,681
57.25945,166,1242,-1739,531,4428,-139,348,681
57.25995,166,1242,-1739,531,4426,-139,348,681
57.26045,166,1242,-1739,532,4425,-139,348,681
57.26095,166,1242,-1740,531,4422,-139,349,681
57.26145,166,1242,-1740,532,4421,-140,348,681
57.26195,166,1241,-1740,533,4419,-140,349,681
57.26245,166,1242,-1740,533,4434,-139,348,682
57.26295,166,1241,-1740,534,4456,-140,348,682
57.26345,166,1241,-1740,533,4448,-139,348,682
57.26395,166,1242,-1740,533,4435,-140,348,682
57.26445,166,1241,-1741,534,4402,-139,349,681
57.26495,166,1242,-1742,534,4376,-140,348,682
57.26545,166,1242,-1742,534,4368,-139,349,682
57.26595,166,1242,-1742,533,4373,-139,348,682
57.26645,166,1241,-1743,532,4380,-139,349,682
57.26695,166,1242,-1742,531,4382,-139,349,682
57.26745,166,1242,-1743,530,4382,-139,349,682
57.26795,166,1242,-1742,531,4384,-139,349,682
57.26845,165,1242,-1740,532,4391,-139,348,682
57.26895,166,1242,-1737,531,4394,-139,348,682
57.26945,166,1242,-1736,532,4401,-139,348,683
57.26995,166,1242,-1737,532,4406,-139,348,682
57.27045,165,1242,-1738,531,4406,-139,348,682
57.27095,166,1242,-1738,531,4413,-139,348,682
57.27145,165,1242,-1738,531,4418,-140,348,682
57.27195,165,1242,-1738,531,4417,-140,348,682
57.27245,166,1242,-1739,533,4443,-140,348,682
57.27295,166,1242,-1739,533,4466,-140,348,682
57.27345,166,1242,-1740,533,4457,-140,348,683
57.27395,166,1242,-1741,533,4444,-140,349,683
57.27445,165,1242,-1741,532,4407,-140,349,683
57.27495,165,1242,-1740,531,4387,-140,348,683
57.27545,166,1242,-1740,530,4389,-139,348,683
57.27595,166,1242,-1740,530,4395,-140,348,684
57.27645,166,1242,-1740,530,4398,-140,348,684
57.27695,166,1242,-1739,531,4401,-140,348,684
57.27745,166,1242,-1738,531,4403,-140,348,684
57.27795,166,1242,-1738,532,4406,-140,348,683
57.27845,165,1242,-1738,532,4415,-140,348,683
57.27895,166,1242,-1738,532,4422,-141,348,682
57.27945,166,1242,-1739,532,4436,-141,347,682
57.27995,165,1242,-1739,532,4457,-141,347,682
57.28045,165,1242,-1740,533,4473,-141,347,681
57.28095,166,1242,-1740,534,4484,-141,348,682
57.28145,165,1242,-1739,534,4487,-141,347,681
57.281948,166,1242,-1739,533,4494,-140,347,682
57.28245,165,1242,-1739,532,4523,-141,347,682
57.28295,166,1242,-1738,530,4550,-140,346,682
57.28345,165,1242,-1738,529,4546,-140,347,682
57.28395,165,1243,-1737,529,4533,-141,346,682
57.28445,165,1242,-1738,529,4495,-141,347,682
57.28495,165,1242,-1738,529,4469,-141,347,682
57.28545,165,1243,-1738,529,4456,-141,348,682
57.28595,165,1243,-1738,530,4449,-141,348,682
57.28645,165,1243,-1739,530,4446,-141,348,682
57.28695,165,1243,-1739,530,4440,-141,348,683
57.28745,165,1242,-1739,531,4432,-141,348,682
57.28795,165,1243,-1739,531,4419,-141,348,682
57.28845,165,1243,-1739,531,4420,-141,348,681
57.28895,165,1243,-1739,531,4415,-141,348,681
57.28945,165,1243,-1739,531,4405,-141,348,681
57.28995,165,1242,-1739,532,4396,-141,348,681
57.29045,165,1243,-1739,532,4384,-142,349,681
57.29095,165,1243,-1739,532,4370,-142,349,682
57.29145,165,1243,-1738,532,4356,-142,349,682
57.29195,165,1243,-1738,532,4347,-142,349,682
57.29245,165,1243,-1738,532,4366,-142,348,683
57.29295,165,1243,-1738,530,4371,-143,348,683
57.29345,164,1243,-1738,529,4351,-143,348,682
57.29395,164,1243,-1738,528,4331,-143,349,683
57.29445,164,1243,-1738,528,4290,-144,349,682
57.29495,164,1244,-1738,529,4261,-144,348,683
57.29545,164,1244,-1738,530,4266,-144,348,684
57.29595,164,1244,-1739,530,4275,-143,348,685
57.29645,164,1243,-1739,530,4288,-143,349,686
57.29695,164,1244,-1739,531,4296,-143,348,686
57.29745,164,1244,-1739,531,4306,-142,348,687
57.29795,164,1244,-1739,531,4314,-142,348,687
57.29845,163,1244,-1739,531,4312,-141,348,688
57.29895,164,1244,-1739,531,4312,-140,348,688
57.29945,163,1245,-1739,531,4321,-140,348,687
57.29995,163,1244,-1739,531,4324,-140,348,686
57.30045,163,1244,-1740,530,4318,-141,348,686
57.30095,163,1245,-1739,530,4321,-142,348,686
57.30145,163,1245,-1738,530,4330,-141,348,686
57.30195,163,1244,-1737,530,4340,-141,348,686
57.30245,163,1245,-1737,530,4381,-141,347,687
57.30295,163,1244,-1737,530,4398,-142,347,686
57.30345,163,1245,-1738,530,4392,-143,348,685
57.30395,163,1245,-1739,530,4388,-144,348,684
57.30445,163,1244,-1739,531,4361,-144,349,684
57.30495,163,1244,-1739,531,4356,-143,349,685
57.30545,163,1245,-1739,531,4360,-143,349,686
57.30605,164,1244,-1739,531,4357,-143,348,687
57.30655,163,1244,-1738,530,4361,-143,348,687
57.30705,163,1244,-1738,530,4359,-143,348,688
57.30755,163,1245,-1738,530,4358,-143,348,688
57.30805,163,1244,-1738,530,4363,-143,347,689
57.30855,163,1245,-1738,530,4367,-143,347,688
57.30905,162,1245,-1738,530,4363,-144,347,687
57.30955,162,1245,-1738,530,4368,-144,347,686
57.31005,162,1245,-1738,530,4370,-144,346,685
57.31055,162,1246,-1738,530,4376,-144,346,685
57.31105,162,1246,-1738,530,4374,-144,346,685
57.31155,162,1246,-1739,530,4373,-144,346,685
57.31205,162,1246,-1739,530,4376,-144,346,686
57.31255,162,1246,-1739,531,4414,-144,346,686
57.31305,162,1245,-1740,531,4426,-144,346,686
57.31355,161,1246,-1739,531,4419,-144,347,686
57.31405,162,1246,-1740,531,4405,-145,347,686
57.31455,161,1246,-1740,531,4377,-145,347,686
57.31505,161,1246,-1740,531,4370,-145,346,685
57.31555,161,1246,-1740,531,4376,-145,347,686
57.31605,161,1246,-1740,531,4382,-145,346,686
57.31655,162,1246,-1739,531,4390,-145,346,686
57.31705,161,1246,-1738,531,4395,-145,346,686
57.31755,161,1246,-1738,531,4403,-145,347,686
57.31805,161,1246,-1737,531,4410,-145,346,687
57.31855,161,1246,-1737,531,4418,-144,346,687
57.31905,161,1246,-1737,531,4419,-144,346,688
57.31955,161,1246,-1737,531,4427,-144,346,688
57.32005,160,1246,-1738,530,4438,-144,346,688
57.32055,161,1246,-1738,530,4441,-144,347,688
57.32105,161,1246,-1738,530,4443,-144,347,688
57.32155,161,1246,-1738,530,4446,-145,347,688
57.32205,161,1247,-1738,531,4452,-144,346,689
57.32255,161,1246,-1738,531,4489,-144,346,689
57.32305,161,1246,-1739,531,4486,-144,346,689
57.32355,161,1246,-1739,531,4469,-145,346,689
57.32405,160,1247,-1739,531,4440,-145,347,688
57.32455,161,1247,-1740,531,4396,-145,346,688
57.32505,160,1247,-1740,531,4377,-145,347,688
57.32555,160,1247,-1740,531,4363,-145,346,688
57.32605,160,1247,-1739,531,4350,-145,346,689
57.32655,160,1247,-1738,531,4333,-145,346,689
57.32705,160,1247,-1738,530,4303,-145,347,689
57.32755,160,1247,-1738,530,4271,-145,347,688
57.32805,160,1248,-1738,529,4244,-145,347,689
57.32855,160,1247,-1738,529,4224,-146,347,688
57.32905,160,1248,-1738,530,4198,-146,347,688
57.32955,160,1248,-1738,530,4182,-146,347,689
57.33005,160,1248,-1738,529,4165,-146,347,689
57.33055,160,1248,-1738,529,4140,-146,347,690
57.33105,159,1248,-1738,528,4121,-146,347,690
57.33155,159,1248,-1738,529,4109,-145,347,691
57.33205,160,1248,-1738,529,4101,-145,347,691
57.33255,160,1247,-1738,530,4120,-145,347,692
57.33305,160,1248,-1738,529,4116,-145,347,692
57.33355,160,1247,-1738,530,4111,-145,347,692
57.33405,159,1247,-1738,529,4087,-144,348,691
57.33455,159,1248,-1739,529,4050,-145,347,691
57.33505,159,1248,-1740,529,4032,-144,347,691
57.33555,159,1248,-1739,529,4030,-145,347,691
57.33605,160,1248,-1740,529,4035,-144,347,691
57.33655,159,1248,-1739,529,4037,-144,347,691
57.33705,159,1248,-1739,529,4038,-144,347,691
57.33755,159,1248,-1738,529,4042,-144,347,692
57.33805,159,1248,-1738,530,4049,-144,347,692
57.33855,159,1248,-1738,530,4063,-144,347,692
57.33905,159,1248,-1739,530,4073,-144,346,692
57.33955,159,1248,-1738,530,4077,-144,346,692
57.34005,159,1248,-1739,530,4081,-144,346,692
57.34055,159,1248,-1739,530,4081,-144,347,692
57.34105,159,1248,-1739,530,4083,-144,346,692
57.34155,159,1248,-1739,530,4089,-143,346,692
57.34205,159,1248,-1739,530,4104,-143,346,693
57.34255,159,1248,-1739,530,4140,-143,346,693
57.34305,159,1248,-1739,530,4135,-143,347,693
57.34355,159,1248,-1739,530,4125,-143,346,693
57.34405,159,1248,-1739,529,4100,-143,347,693
57.34455,159,1248,-1739,530,4067,-143,347,693
57.34505,158,1248,-1739,529,4057,-143,347,693
57.34555,158,1248,-1740,530,4056,-143,347,692
57.34605,158,1248,-1739,530,4062,-143,347,692
57.34655,158,1249,-1740,530,4070,-143,347,693
57.34705,158,1248,-1739,530,4076,-142,347,693
57.34755,158,1248,-1739,530,4074,-143,347,693
57.34805,158,1248,-1740,531,4079,-142,346,693
57.34855,158,1248,-1739,530,4091,-142,346,693
57.34905,158,1248,-1739,531,4100,-143,346,693
57.34955,158,1248,-1739,530,4110,-144,346,693
57.35005,158,1248,-1740,530,4122,-144,346,692
57.35055,158,1248,-1739,530,4131,-144,346,693
57.35105,158,1248,-1739,530,4142,-144,346,693
57.35155,158,1249,-1739,530,4140,-143,346,693
57.35205,158,1248,-1739,531,4152,-143,346,693
57.35255,158,1248,-1739,531,4192,-143,346,693
57.35305,158,1249,-1740,530,4197,-143,346,693
57.35355,158,1248,-1739,530,4193,-143,346,693
57.35405,158,1248,-1739,530,4173,-143,346,693
57.35455,158,1249,-1739,530,4147,-143,347,692
57.35505,158,1249,-1739,530,4142,-143,346,693
57.35555,158,1249,-1739,530,4150,-143,347,693
57.35605,158,1248,-1739,530,4152,-142,347,693
57.35655,158,1249,-1739,530,4149,-142,347,692
57.35705,158,1249,-1739,530,4147,-142,347,692
57.35755,158,1248,-1739,530,4153,-142,347,692
57.35805,158,1248,-1740,530,4154,-142,346,693
57.35855,158,1248,-1739,530,4154,-142,346,693
57.35905,158,1249,-1740,530,4150,-142,346,692
57.35955,158,1249,-1740,530,4151,-142,346,692
57.36005,157,1249,-1740,530,4156,-142,346,692
57.36055,158,1248,-1740,530,4157,-142,346,692
57.36105,158,1248,-1740,530,4153,-142,346,692
57.36155,157,1248,-1740,530,4145,-142,346,692
57.36205,158,1248,-1740,531,4150,-142,346,692
57.36255,158,1248,-1740,530,4177,-142,346,692
57.36305,158,1248,-1740,530,4170,-142,346,692
57.36355,158,1249,-1740,530,4159,-142,346,692
57.36405,158,1249,-1740,530,4130,-142,346,692
57.36455,158,1249,-1740,530,4098,-142,346,692
57.36505,158,1248,-1740,530,4093,-142,346,692
57.36555,158,1248,-1740,530,4097,-142,346,693
57.36605,157,1248,-1740,530,4103,-142,346,692
57.36655,158,1248,-1740,530,4106,-142,346,693
57.36705,157,1249,-1740,531,4114,-141,346,693
57.36765,157,1248,-1740,530,4113,-141,346,693
57.36815,157,1248,-1740,530,4118,-141,345,694
57.36865,157,1249,-1740,530,4126,-141,346,694
57.36915,157,1249,-1740,530,4135,-141,345,694
57.36965,157,1248,-1740,530,4140,-141,346,694
57.37015,157,1249,-1740,530,4140,-141,346,694
57.37065,157,1249,-1740,530,4137,-141,346,693
57.37115,157,1249,-1740,530,4134,-141,346,693
57.37165,157,1249,-1740,530,4126,-141,346,693
57.37215,157,1249,-1741,531,4132,-140,346,693
57.37265,157,1249,-1740,530,4160,-140,345,693
57.37315,157,1249,-1740,530,4156,-140,346,693
57.37365,156,1249,-1740,531,4148,-141,346,693
57.37415,156,1249,-1740,530,4121,-141,347,692
57.37465,156,1249,-1740,530,4090,-141,346,692
57.37515,156,1249,-1740,530,4084,-141,347,692
57.37565,156,1249,-1740,530,4084,-141,347,692
57.37615,156,1249,-1740,530,4087,-141,347,692
57.37665,156,1249,-1740,530,4085,-142,347,692
57.37715,156,1249,-1740,531,4081,-141,347,692
57.37765,156,1248,-1740,530,4081,-141,347,693
57.37815,156,1248,-1740,531,4085,-141,347,693
57.37865,156,1248,-1740,531,4084,-141,347,693
57.37915,156,1248,-1740,531,4086,-141,347,692
57.37965,156,1248,-1740,531,4088,-141,347,693
57.38015,156,1248,-1741,531,4091,-141,347,692
57.38065,156,1248,-1741,530,4085,-141,347,692
57.38115,156,1248,-1740,531,4094,-141,347,692
57.38165,156,1248,-1741,530,4106,-141,347,692
57.38215,157,1248,-1740,531,4124,-141,346,692
57.38265,156,1248,-1740,530,4158,-141,345,692
57.38315,155,1248,-1740,529,4157,-141,345,692
57.38365,155,1248,-1740,530,4150,-141,346,692
57.38415,155,1248,-1740,530,4123,-141,346,692
57.38465,155,1248,-1740,530,4101,-141,347,691
57.38515,155,1248,-1740,531,4096,-141,347,690
57.38565,155,1248,-1740,530,4095,-142,347,690
57.38615,156,1248,-1740,530,4108,-142,347,688
57.38665,156,1247,-1740,530,4113,-142,346,687
57.38715,156,1247,-1740,530,4115,-142,347,686
57.38765,156,1248,-1740,530,4112,-142,347,686
57.38815,156,1247,-1741,530,4120,-142,347,686
57.38865,155,1247,-1740,530,4132,-143,346,686
57.38915,156,1248,-1740,531,4137,-143,347,686
57.38965,155,1248,-1740,531,4144,-143,347,686
57.39015,155,1247,-1740,530,4150,-143,346,687
57.39065,155,1248,-1741,531,4153,-143,346,687
57.39115,155,1248,-1741,530,4152,-143,346,688
57.39165,155,1247,-1740,530,4155,-143,345,688
57.39215,155,1247,-1740,531,4184,-142,345,690
57.39265,155,1247,-1741,531,4216,-143,345,690
57.39315,154,1247,-1741,530,4213,-143,345,690
57.39365,154,1247,-1741,530,4204,-144,345,691
57.39415,154,1247,-1741,530,4172,-144,345,691
57.39465,154,1248,-1741,530,4143,-144,345,691
57.39515,153,1248,-1741,530,4136,-143,344,692
57.39565,153,1248,-1741,530,4140,-142,344,693
57.39615,153,1247,-1740,530,4151,-142,344,694
57.39665,153,1247,-1741,530,4149,-141,344,694
57.39715,153,1248,-1741,530,4154,-141,344,694
57.39765,153,1247,-1741,531,4161,-141,344,693
57.39815,153,1247,-1741,531,4166,-141,345,693
57.39865,153,1247,-1741,531,4169,-142,344,692
57.39915,153,1247,-1741,531,4174,-142,344,691
57.39965,153,1247,-1741,531,4186,-142,344,692
57.40015,153,1247,-1741,531,4188,-142,344,691
57.40065,153,1247,-1741,531,4193,-142,344,691
57.40115,152,1247,-1741,531,4191,-142,344,690
57.40165,152,1247,-1741,531,4190,-142,344,691
57.40215,153,1247,-1740,531,4219,-142,344,690
57.40265,153,1247,-1741,530,4243,-142,344,690
57.40315,152,1246,-1741,530,4242,-142,344,689
57.40365,152,1247,-1741,531,4232,-142,345,689
57.40415,152,1246,-1741,530,4194,-142,345,688
57.40465,152,1246,-1741,530,4174,-142,345,688
57.40515,152,1246,-1741,530,4181,-142,345,688
57.40565,151,1247,-1741,530,4189,-143,346,688
57.40615,151,1247,-1741,531,4198,-142,346,689
57.40665,150,1247,-1741,531,4202,-143,346,689
57.40715,150,1247,-1741,531,4200,-143,346,689
57.40765,150,1247,-1741,531,4198,-143,346,689
57.40815,150,1246,-1741,531,4204,-143,346,689
57.40865,150,1246,-1741,530,4206,-143,346,688
57.40915,150,1246,-1741,530,4207,-143,347,688
57.40965,149,1246,-1741,530,4213,-143,347,688
57.41015,149,1246,-1740,530,4216,-143,347,687
57.41065,149,1246,-1741,530,4214,-143,347,687
57.411148,148,1246,-1741,530,4206,-143,347,687
57.41165,148,1246,-1741,531,4201,-143,348,687
57.41215,148,1246,-1741,532,4225,-143,348,687
57.41265,148,1246,-1741,532,4244,-143,348,687
57.41315,148,1245,-1741,532,4239,-142,348,688
57.41365,148,1245,-1742,531,4230,-142,348,688
57.41415,148,1246,-1741,531,4202,-142,348,688
57.41465,148,1245,-1741,530,4185,-142,348,688
57.41515,148,1246,-1741,530,4181,-142,348,688
57.41565,148,1245,-1741,529,4185,-142,348,688
57.41615,148,1245,-1741,529,4196,-142,347,688
57.41665,148,1245,-1741,530,4199,-142,347,688
57.41715,147,1246,-1741,530,4201,-142,347,687
57.41765,147,1246,-1741,531,4206,-143,347,686
57.41815,147,1245,-1741,531,4212,-143,347,685
57.41865,146,1246,-1741,531,4228,-144,346,684
57.41915,146,1245,-1741,531,4235,-144,346,684
57.41965,146,1245,-1741,531,4246,-144,345,684
57.42015,147,1245,-1742,531,4248,-144,346,684
57.42065,146,1245,-1742,531,4246,-143,346,684
57.42115,146,1245,-1741,531,4251,-143,346,684
57.42165,146,1245,-1741,530,4253,-143,346,684
57.42215,146,1244,-1741,530,4282,-143,346,684
57.42265,146,1244,-1741,529,4298,-143,346,684
57.42315,146,1245,-1741,530,4288,-143,346,684
57.42365,145,1244,-1741,530,4274,-142,346,685
57.42415,145,1244,-1741,530,4238,-143,346,685
57.42465,145,1244,-1742,531,4215,-143,346,685
57.42515,145,1244,-1743,531,4208,-143,346,686
57.42565,145,1244,-1743,532,4209,-143,346,685
57.42615,145,1244,-1743,532,4218,-144,346,685
57.42665,145,1243,-1743,532,4216,-144,347,685
57.42715,145,1243,-1743,533,4215,-144,347,685
57.42765,144,1243,-1742,532,4217,-144,347,684
57.42815,145,1243,-1742,532,4217,-144,347,684
57.42875,145,1243,-1742,532,4227,-144,347,684
57.42925,144,1243,-1743,531,4230,-144,347,684
57.42975,144,1243,-1742,531,4231,-145,347,684
57.43025,144,1243,-1742,530,4234,-144,347,684
57.43075,144,1242,-1742,531,4235,-144,347,684
57.43125,144,1243,-1742,531,4237,-144,347,685
57.43175,144,1242,-1742,531,4237,-144,347,686
57.43225,144,1242,-1742,532,4268,-144,346,686
57.43275,143,1242,-1742,531,4289,-144,347,686
57.43325,143,1242,-1742,530,4289,-144,346,685
57.43375,143,1242,-1742,529,4278,-144,346,685
57.43425,142,1243,-1741,528,4244,-144,346,684
57.43475,142,1242,-1741,528,4232,-144,347,684
57.43525,142,1243,-1741,529,4239,-144,346,684
57.43575,142,1242,-1741,529,4247,-145,346,684
57.43625,142,1242,-1741,529,4258,-144,346,684
57.43675,142,1242,-1741,529,4262,-145,347,684
57.43725,142,1242,-1742,530,4266,-145,347,684
57.43775,142,1242,-1742,530,4275,-145,347,684
57.43825,141,1241,-1742,530,4284,-145,347,684
57.43875,141,1241,-1742,531,4295,-145,347,684
57.43925,140,1242,-1742,530,4303,-145,347,684
57.43975,140,1242,-1742,530,4311,-145,347,685
57.44025,139,1242,-1742,530,4315,-145,347,685
57.44075,139,1241,-1742,530,4313,-145,347,685
57.44125,140,1241,-1742,530,4314,-145,347,684
57.44175,140,1241,-1742,530,4319,-145,347,684
57.44225,140,1240,-1742,530,4361,-145,346,684
57.44275,140,1240,-1742,530,4371,-146,346,683
57.44325,140,1240,-1742,530,4364,-146,346,683
57.44375,140,1240,-1742,529,4343,-146,347,683
57.44425,140,1240,-1742,529,4309,-146,347,683
57.44475,140,1240,-1742,529,4300,-146,347,683
57.44525,140,1239,-1742,530,4305,-146,347,683
57.44575,140,1239,-1742,530,4315,-146,347,682
57.44625,140,1239,-1743,530,4326,-146,347,683
57.44675,139,1238,-1742,530,4337,-146,348,683
57.44725,139,1239,-1742,530,4339,-146,348,683
57.44775,139,1238,-1743,530,4341,-146,348,684
57.44825,139,1238,-1742,529,4353,-146,348,684
57.44875,139,1238,-1742,529,4368,-147,349,683
57.44925,140,1237,-1742,530,4378,-146,349,684
57.44975,139,1238,-1742,530,4385,-146,349,684
57.45025,139,1238,-1743,530,4396,-146,349,684
57.45075,139,1238,-1743,530,4405,-146,349,684
57.45125,139,1237,-1743,530,4410,-147,349,683
57.45175,139,1237,-1744,531,4419,-147,348,682
57.45225,139,1237,-1744,532,4456,-147,347,682
57.45275,139,1236,-1744,533,4472,-147,348,683
57.45325,140,1236,-1743,533,4477,-147,347,682
57.45375,139,1235,-1743,531,4465,-147,347,683
57.45425,139,1235,-1742,530,4445,-147,347,683
57.45475,139,1235,-1742,529,4440,-147,347,683
57.45525,139,1235,-1741,528,4445,-147,347,683
57.45575,139,1234,-1742,528,4460,-147,347,683
57.45625,139,1234,-1742,529,4477,-147,347,683
57.45675,140,1234,-1742,529,4485,-147,348,682
57.45725,139,1234,-1742,529,4493,-148,347,682
57.45775,139,1234,-1742,529,4507,-148,348,682
57.45825,139,1234,-1742,530,4516,-148,347,682
57.45875,139,1233,-1742,530,4528,-148,348,682
57.45925,139,1233,-1742,529,4537,-148,348,682
57.45975,139,1233,-1742,529,4545,-148,348,683
57.46025,140,1233,-1742,529,4546,-148,348,683
57.46075,139,1232,-1742,529,4544,-148,348,684
57.46125,139,1231,-1743,530,4552,-148,348,684
57.46175,139,1231,-1742,530,4572,-148,348,684
57.46225,139,1231,-1742,531,4619,-148,347,684
57.46275,139,1231,-1742,530,4627,-149,348,683
57.46325,140,1230,-1742,530,4625,-149,348,683
57.46375,140,1230,-1742,529,4605,-149,348,683
57.46425,139,1229,-1742,530,4581,-149,349,682
57.46475,140,1230,-1742,529,4583,-149,348,682
57.46525,139,1229,-1742,530,4596,-149,348,682
57.46575,139,1229,-1742,530,4611,-149,348,682
57.46625,139,1229,-1742,530,4625,-149,348,682
57.46675,139,1229,-1742,529,4637,-150,348,682
57.46725,139,1228,-1742,529,4647,-150,347,682
57.46775,139,1228,-1742,529,4656,-151,348,682
57.46825,139,1228,-1742,530,4665,-150,348,683
57.46875,138,1228,-1743,530,4678,-150,348,683
57.46925,139,1227,-1742,529,4685,-150,348,684
57.46975,138,1227,-1742,529,4695,-150,348,684
57.47025,139,1227,-1742,530,4713,-150,348,683
57.47075,138,1226,-1742,529,4725,-151,348,684
57.47125,139,1226,-1742,529,4730,-151,348,683
57.47175,138,1226,-1742,529,4750,-151,348,683
57.472248,138,1226,-1742,530,4790,-151,348,683
57.47275,138,1225,-1742,530,4797,-151,348,683
57.47325,138,1225,-1742,529,4799,-151,348,684
57.47375,138,1225,-1743,529,4787,-151,349,684
57.47425,137,1225,-1742,529,4772,-151,349,684
57.47475,137,1224,-1742,530,4773,-151,349,684
57.47525,137,1224,-1742,530,4776,-151,349,684
57.47575,137,1224,-1742,531,4786,-151,349,684
57.47625,137,1223,-1742,531,4797,-151,349,684
57.47675,137,1223,-1743,531,4804,-151,349,683
57.47725,137,1223,-1743,531,4807,-152,349,683
57.47775,137,1222,-1742,531,4811,-152,350,683
57.47825,137,1222,-1743,530,4820,-152,349,683
57.47875,137,1222,-1742,529,4834,-152,349,683
57.47925,137,1221,-1742,529,4845,-152,349,683
57.47975,137,1221,-1743,528,4857,-152,349,683
57.48025,137,1220,-1742,528,4867,-153,349,682
57.48075,136,1220,-1742,528,4875,-152,349,680
57.48125,136,1220,-1742,528,4886,-152,349,679
57.48175,136,1218,-1742,529,4902,-152,349,679
57.48225,136,1218,-1742,529,4939,-153,349,679
57.48275,136,1218,-1742,529,4945,-152,349,679
57.48325,135,1218,-1741,528,4943,-152,349,679
57.48375,136,1217,-1741,528,4925,-153,349,679
57.48425,135,1216,-1742,528,4900,-153,350,680
57.48475,135,1216,-1741,529,4903,-153,349,680
57.48525,135,1215,-1741,528,4922,-154,350,681
57.48575,135,1214,-1742,528,4934,-154,350,682
57.48625,135,1214,-1741,529,4944,-154,350,682
57.48675,135,1213,-1742,529,4957,-154,350,682
57.48725,134,1213,-1742,529,4967,-155,350,683
57.48775,134,1213,-1742,529,4974,-155,350,683
57.48825,134,1212,-1742,529,4973,-156,350,683
57.48875,133,1211,-1742,529,4981,-155,350,685
57.48925,133,1211,-1742,529,4991,-155,350,685
57.48985,133,1210,-1743,529,4999,-155,350,685
57.49035,132,1210,-1742,529,5009,-154,350,686
57.49085,131,1209,-1742,529,5018,-154,350,686
57.49135,130,1210,-1742,528,5028,-153,350,687
57.49185,130,1209,-1741,529,5044,-153,350,687
57.49235,130,1208,-1742,529,5073,-153,350,686
57.49285,129,1208,-1741,529,5076,-153,350,685
57.49335,128,1207,-1741,529,5081,-153,350,685
57.49385,128,1207,-1741,529,5060,-154,351,683
57.49435,128,1206,-1741,529,5036,-154,351,683
57.49485,127,1206,-1741,529,5036,-155,351,683
57.49535,127,1204,-1742,529,5039,-155,351,683
57.49585,126,1204,-1742,529,5049,-155,351,683
57.49635,126,1203,-1742,529,5060,-155,351,683
57.49685,126,1203,-1743,528,5064,-155,351,683
57.49735,126,1202,-1742,529,5067,-155,351,683
57.49785,125,1201,-1742,528,5074,-155,351,683
57.49835,124,1201,-1742,528,5084,-156,351,683
57.49885,123,1200,-1741,528,5096,-156,351,683
57.49935,123,1199,-1741,528,5106,-156,351,683
57.49985,123,1198,-1741,528,5113,-155,351,683
57.50035,122,1198,-1742,528,5116,-155,351,683
57.50085,121,1197,-1742,528,5122,-155,352,683
57.50135,121,1196,-1742,528,5128,-155,352,683
57.50185,120,1195,-1741,528,5145,-155,351,683
57.50235,120,1194,-1741,527,5182,-155,351,683
57.50285,119,1194,-1740,527,5182,-155,352,683
57.50335,119,1193,-1740,528,5177,-156,352,683
57.50385,118,1193,-1741,527,5152,-156,352,683
57.50435,118,1192,-1741,527,5131,-156,352,683
57.50485,117,1191,-1741,528,5133,-156,352,683
57.50535,117,1190,-1741,528,5140,-156,352,683
57.50585,116,1190,-1741,528,5152,-156,352,683
57.50635,116,1190,-1742,528,5164,-156,352,683
57.50685,115,1189,-1742,527,5172,-156,352,682
57.50735,115,1188,-1742,527,5180,-156,352,682
57.50785,114,1188,-1742,528,5192,-157,352,681
57.50835,113,1187,-1742,527,5197,-157,353,681
57.50885,113,1187,-1742,528,5201,-157,353,682
57.50935,113,1187,-1741,528,5206,-157,353,682
57.50985,113,1186,-1740,528,5217,-157,353,681
57.51035,112,1186,-1740,528,5224,-157,353,681
57.51085,112,1186,-1740,529,5225,-157,353,681
57.51135,112,1186,-1741,529,5225,-157,353,682
57.51185,111,1186,-1741,529,5245,-157,353,682
57.51235,111,1185,-1741,529,5284,-157,353,682
57.51285,111,1185,-1742,529,5285,-157,353,682
57.51335,111,1185,-1741,529,5278,-157,353,683
57.51385,111,1185,-1741,528,5252,-157,354,683
57.51435,110,1184,-1741,529,5225,-157,354,684
57.51485,110,1185,-1741,529,5225,-156,354,683
57.51535,110,1184,-1742,530,5234,-157,354,683
57.51585,110,1184,-1742,530,5241,-157,354,683
57.51635,110,1184,-1742,531,5249,-158,354,682
57.51685,110,1184,-1742,530,5257,-158,355,682
57.51735,110,1183,-1742,530,5265,-158,354,681
57.51785,109,1184,-1741,527,5273,-158,354,681
57.51835,109,1184,-1741,525,5276,-158,354,681
57.51885,109,1183,-1740,525,5287,-158,354,681
57.51935,109,1183,-1741,525,5296,-158,354,682
57.51985,109,1183,-1741,526,5304,-158,354,682
57.52035,109,1183,-1740,526,5315,-158,354,682
57.52085,109,1183,-1741,527,5319,-158,355,683
57.52135,109,1183,-1741,527,5321,-158,355,683
57.52185,109,1183,-1741,528,5339,-158,354,683
57.52235,109,1183,-1741,527,5369,-158,354,683
57.52285,109,1183,-1740,527,5368,-158,354,682
57.52335,109,1182,-1740,526,5360,-158,353,682
57.52385,109,1182,-1740,526,5334,-158,353,682
57.52435,109,1183,-1740,526,5311,-158,353,682
57.52485,108,1183,-1740,526,5310,-158,352,682
57.52535,108,1183,-1741,527,5316,-158,352,682
57.52585,108,1182,-1741,527,5323,-158,352,682
57.52635,108,1183,-1742,527,5328,-158,352,682
57.52685,108,1182,-1741,528,5332,-159,352,682
57.52735,108,1182,-1741,528,5335,-158,352,682
57.52785,108,1182,-1741,527,5337,-159,353,681
57.52835,108,1182,-1741,527,5337,-159,352,681
57.52885,108,1182,-1740,528,5337,-159,352,681
57.52935,108,1182,-1740,528,5339,-159,353,681
57.52985,108,1182,-1741,528,5343,-158,353,681
57.53035,108,1181,-1741,529,5348,-158,353,681
57.53085,108,1181,-1741,528,5350,-159,354,681
57.53135,107,1181,-1741,528,5350,-159,354,681
57.53185,108,1181,-1741,528,5372,-159,354,681
57.53235,108,1181,-1741,528,5395,-159,354,682
57.53285,108,1181,-1741,529,5393,-159,355,682
57.533348,108,1181,-1741,528,5390,-159,354,682
57.53385,108,1181,-1741,527,5358,-159,355,682
57.53435,108,1181,-1740,526,5334,-159,355,682
57.53485,107,1181,-1740,525,5327,-159,355,682
57.53535,108,1181,-1739,524,5324,-159,355,682
57.53585,108,1181,-1739,525,5326,-159,355,682
57.53635,108,1180,-1740,526,5330,-159,356,682
57.53685,108,1181,-1740,527,5328,-159,356,681
57.53735,108,1181,-1740,527,5326,-159,355,682
57.53785,108,1181,-1741,527,5325,-160,356,681
57.53835,108,1181,-1741,528,5334,-159,356,681
57.53885,108,1181,-1742,529,5337,-160,356,681
57.53935,108,1181,-1742,529,5340,-160,356,681
57.53985,108,1181,-1743,530,5340,-160,356,681
57.54035,108,1182,-1743,529,5337,-160,356,681
57.54085,108,1181,-1743,529,5337,-160,356,681
57.54135,108,1182,-1742,529,5335,-160,356,681
57.54185,108,1182,-1742,530,5358,-159,356,682
57.54235,108,1182,-1742,529,5377,-160,356,681
57.54285,108,1183,-1742,528,5371,-160,356,681
57.54335,108,1183,-1741,525,5352,-160,356,681
57.54385,108,1183,-1741,523,5315,-160,356,681
57.54435,108,1184,-1741,523,5293,-160,356,681
57.54485,108,1184,-1741,524,5288,-160,357,681
57.54535,108,1184,-1740,525,5288,-160,356,681
57.54585,108,1184,-1740,527,5290,-160,357,681
57.54635,108,1185,-1741,528,5291,-161,356,681
57.54685,108,1185,-1741,527,5291,-161,356,681
57.54735,108,1185,-1741,526,5291,-161,356,681
57.54785,108,1185,-1741,525,5293,-161,356,681
57.54835,108,1186,-1741,525,5291,-161,356,682
57.54885,108,1186,-1741,525,5297,-161,357,682
57.54935,108,1187,-1742,526,5304,-161,357,682
57.54985,108,1187,-1742,527,5304,-161,357,681
57.55035,108,1187,-1742,528,5304,-161,357,681
57.55085,109,1188,-1742,527,5298,-162,357,681
57.55145,109,1188,-1742,527,5292,-161,357,681
57.55195,109,1188,-1743,528,5320,-161,357,681
57.55245,109,1189,-1743,526,5336,-161,357,681
57.55295,109,1189,-1742,526,5326,-161,357,681
57.55345,110,1190,-1741,526,5310,-161,357,680
57.55395,110,1190,-1741,526,5274,-162,357,680
57.55445,110,1190,-1740,525,5257,-161,357,680
57.55495,111,1191,-1740,525,5251,-161,357,680
57.55545,111,1191,-1740,525,5244,-162,357,680
57.55595,111,1191,-1740,525,5242,-161,357,680
57.55645,111,1191,-1741,525,5239,-162,357,681
57.55695,111,1192,-1742,526,5231,-162,357,680
57.55745,111,1192,-1742,527,5216,-161,357,680
57.55795,112,1193,-1742,527,5215,-161,357,680
57.55845,112,1193,-1742,527,5210,-161,358,680
57.55895,112,1193,-1743,527,5208,-161,357,680
57.55945,113,1193,-1743,528,5204,-161,358,680
57.55995,113,1193,-1743,528,5200,-161,357,679
57.56045,114,1193,-1743,528,5195,-162,357,679
57.56095,114,1194,-1743,527,5184,-162,357,679
57.56145,115,1194,-1745,526,5177,-163,358,679
57.56195,115,1194,-1744,526,5204,-162,357,679
57.56245,115,1195,-1744,525,5210,-162,358,678
57.56295,115,1195,-1743,525,5195,-162,358,679
57.56345,116,1196,-1744,526,5175,-162,359,679
57.56395,116,1196,-1745,527,5127,-162,358,679
57.56445,116,1196,-1744,529,5102,-162,359,679
57.56495,117,1196,-1742,530,5098,-162,359,680
57.56545,117,1197,-1740,530,5098,-162,359,680
57.56595,117,1198,-1740,531,5103,-161,359,679
57.56645,117,1198,-1741,530,5099,-162,359,679
57.56695,118,1198,-1742,529,5088,-161,359,679
57.56745,118,1198,-1741,528,5082,-161,358,679
57.56795,118,1199,-1742,526,5076,-162,358,679
57.56845,119,1199,-1742,523,5069,-162,358,679
57.56895,119,1199,-1742,522,5068,-161,357,679
57.56945,119,1200,-1742,522,5065,-162,357,679
57.56995,119,1200,-1741,524,5061,-161,357,679
57.57045,120,1200,-1741,525,5058,-161,357,680
57.57095,120,1201,-1740,526,5054,-161,357,680
57.57145,120,1202,-1741,526,5052,-161,357,680
57.57195,121,1202,-1742,527,5079,-162,357,679
57.57245,121,1202,-1743,527,5079,-162,357,679
57.57295,121,1203,-1743,527,5063,-162,357,679
57.57345,121,1203,-1743,527,5039,-162,358,679
57.57395,122,1204,-1743,528,4998,-162,359,679
57.57445,122,1204,-1743,528,4978,-161,358,679
57.57495,122,1204,-1743,527,4970,-161,358,679
57.57545,123,1205,-1742,527,4964,-161,358,679
57.57595,123,1205,-1742,526,4962,-161,358,679
57.57645,123,1206,-1742,525,4959,-161,358,678
57.57695,124,1206,-1742,524,4953,-161,358,679
57.57745,124,1206,-1742,524,4947,-161,358,679
57.57795,124,1207,-1741,524,4939,-160,358,679
57.57845,125,1207,-1741,524,4932,-160,358,679
57.57895,125,1208,-1742,524,4931,-160,358,679
57.57945,126,1208,-1742,525,4927,-160,358,679
57.57995,126,1208,-1744,526,4920,-160,358,679
57.58045,126,1209,-1745,528,4912,-160,359,679
57.58095,126,1209,-1746,528,4909,-160,358,679
57.58145,127,1210,-1747,529,4909,-160,358,679
57.58195,127,1210,-1747,530,4939,-160,358,679
57.58245,128,1211,-1747,531,4939,-159,359,679
57.58295,128,1211,-1747,531,4926,-159,359,679
57.58345,128,1212,-1747,532,4900,-159,359,679
57.58395,128,1212,-1746,532,4861,-159,359,679
57.58445,129,1213,-1746,533,4847,-159,359,679
57.58495,129,1213,-1745,532,4843,-159,359,679
57.58545,130,1213,-1744,531,4842,-158,358,679
57.58595,130,1214,-1744,529,4842,-158,358,679
57.58645,130,1214,-1743,527,4840,-158,358,679
57.58695,130,1215,-1743,526,4838,-158,358,679
57.58745,131,1215,-1744,525,4836,-158,358,677
57.58795,131,1215,-1744,524,4835,-158,358,676
57.58845,131,1216,-1744,523,4831,-158,358,676
57.58895,132,1216,-1743,524,4832,-158,357,675
57.58945,132,1216,-1743,524,4830,-157,358,676
57.58995,132,1217,-1744,526,4819,-157,358,675
57.59045,132,1217,-1745,527,4818,-157,358,676
57.59095,133,1218,-1745,528,4811,-156,359,676
57.59145,133,1218,-1745,528,4813,-156,358,677
57.59195,134,1218,-1744,526,4844,-155,358,678
57.59245,134,1219,-1744,524,4839,-155,358,679
57.59295,134,1219,-1745,524,4829,-155,358,679
57.59345,134,1220,-1746,525,4799,-155,358,679
57.59395,135,1220,-1746,525,4759,-155,358,679
57.594448,135,1221,-1746,526,4745,-154,358,680
57.59495,136,1221,-1746,526,4739,-154,358,681
57.59545,136,1221,-1745,527,4736,-153,359,682
57.59595,136,1222,-1746,527,4730,-153,359,683
57.59645,136,1222,-1746,527,4729,-153,359,683
57.59695,136,1222,-1746,527,4720,-152,358,684
57.59745,136,1223,-1745,526,4709,-152,358,684
57.59795,137,1224,-1744,526,4712,-151,359,683
57.59845,137,1224,-1745,527,4712,-151,359,683
57.59895,137,1225,-1746,527,4710,-151,358,682
57.59945,137,1225,-1745,527,4710,-150,358,682
57.59995,137,1225,-1745,527,4716,-150,359,681
57.60045,138,1225,-1745,527,4715,-150,358,681
57.60095,138,1226,-1745,528,4705,-149,358,680
57.60145,138,1226,-1745,530,4708,-148,358,681
57.60195,139,1227,-1744,530,4744,-148,357,681
57.60245,139,1227,-1744,530,4736,-148,358,680
57.60295,139,1228,-1745,530,4722,-148,358,680
57.60345,139,1228,-1746,529,4697,-147,359,680
57.60395,139,1229,-1748,530,4661,-147,359,681
57.60445,139,1229,-1749,532,4650,-146,359,682
57.60495,140,1229,-1749,532,4648,-145,359,682
57.60545,140,1229,-1749,532,4657,-144,358,683
57.60595,140,1230,-1748,531,4660,-144,358,683
57.60645,141,1230,-1747,529,4654,-143,358,683
57.60695,141,1230,-1746,528,4650,-143,358,683
57.60745,141,1231,-1746,526,4646,-143,358,682
57.60795,141,1231,-1746,525,4642,-143,358,682
57.60845,142,1231,-1745,525,4638,-143,358,682
57.60895,141,1232,-1745,525,4636,-142,358,682
57.60945,142,1233,-1745,525,4631,-141,358,683
57.60995,142,1233,-1746,524,4626,-141,358,682
57.61045,142,1233,-1746,525,4622,-140,358,682
57.61095,142,1233,-1746,525,4622,-140,358,681
57.61145,143,1234,-1746,526,4629,-139,357,681
57.61205,143,1234,-1746,526,4652,-138,357,682
57.61255,143,1235,-1746,526,4648,-137,358,682
57.61305,143,1235,-1746,527,4647,-136,358,683
57.61355,143,1236,-1747,527,4622,-136,358,683
57.61405,143,1236,-1747,528,4585,-135,358,683
57.61455,143,1237,-1747,528,4576,-135,358,683
57.61505,144,1236,-1747,529,4575,-135,357,682
57.61555,144,1237,-1748,529,4577,-135,358,682
57.61605,144,1237,-1748,529,4584,-134,358,682
57.61655,144,1238,-1748,528,4587,-133,358,682
57.61705,145,1238,-1748,528,4585,-133,359,682
57.61755,145,1238,-1748,527,4582,-132,358,683
57.61805,145,1239,-1749,527,4582,-131,359,683
57.61855,145,1239,-1749,527,4579,-131,358,684
57.61905,145,1239,-1749,528,4583,-130,359,683
57.61955,146,1240,-1750,528,4588,-131,359,683
57.62005,146,1240,-1749,528,4582,-130,359,682
57.62055,146,1240,-1747,528,4581,-129,359,683
57.62105,146,1241,-1746,528,4590,-129,359,683
57.62155,146,1241,-1745,528,4602,-129,359,683
57.62205,147,1241,-1745,528,4637,-128,358,683
57.62255,147,1242,-1746,527,4640,-128,358,683
57.62305,147,1242,-1747,528,4636,-128,358,684
57.62355,147,1242,-1749,527,4614,-127,358,684
57.62405,147,1243,-1749,528,4594,-127,358,683
57.62455,147,1243,-1749,528,4592,-126,357,683
57.62505,148,1244,-1749,528,4592,-126,357,683
57.62555,148,1244,-1749,529,4599,-126,357,683
57.62605,148,1244,-1749,528,4605,-125,356,684
57.62655,148,1244,-1749,529,4612,-125,356,683
57.62705,148,1245,-1749,528,4620,-124,357,684
57.62755,149,1245,-1750,529,4621,-124,357,684
57.62805,149,1245,-1749,529,4627,-124,357,683
57.62855,149,1245,-1749,528,4626,-124,357,683
57.62905,150,1246,-1747,529,4621,-124,356,683
57.62955,149,1246,-1747,528,4622,-124,357,682
57.63005,150,1246,-1747,528,4623,-124,356,682
57.63055,150,1247,-1748,528,4631,-124,356,682
57.63105,150,1247,-1748,528,4634,-123,357,682
57.63155,150,1248,-1748,529,4646,-123,356,683
57.63205,150,1248,-1747,529,4678,-122,356,683
57.63255,150,1248,-1747,528,4671,-122,356,682
57.63305,150,1248,-1747,529,4663,-122,357,683
57.63355,150,1249,-1748,528,4642,-122,357,683
57.63405,151,1249,-1748,528,4612,-122,357,683
57.63455,151,1249,-1748,528,4606,-121,356,684
57.63505,151,1249,-1749,528,4609,-121,357,684
57.63555,152,1250,-1748,528,4619,-121,357,685
57.63605,152,1249,-1748,528,4622,-121,356,684
57.63655,152,1250,-1749,528,4620,-120,357,685
57.63705,152,1250,-1749,528,4623,-120,357,684
57.63755,152,1251,-1748,528,4619,-120,357,684
57.63805,152,1251,-1749,528,4626,-120,357,684
57.63855,153,1251,-1749,528,4631,-120,357,684
57.63905,153,1251,-1749,529,4638,-119,357,684
57.63955,153,1252,-1749,528,4641,-119,357,684
57.64005,153,1252,-1749,529,4645,-119,357,684
57.64055,153,1252,-1749,528,4648,-119,357,684
57.64105,153,1253,-1749,528,4647,-119,357,684
57.64155,153,1253,-1749,528,4663,-118,357,684
57.64205,154,1253,-1749,528,4696,-119,357,684
57.64255,154,1254,-1749,527,4693,-118,357,684
57.64305,154,1254,-1749,527,4685,-118,356,683
57.64355,154,1255,-1749,528,4655,-118,357,683
57.64405,154,1255,-1749,528,4623,-118,357,682
57.64455,154,1255,-1749,528,4623,-118,357,683
57.64505,155,1255,-1749,529,4638,-118,357,684
57.64555,155,1255,-1749,528,4644,-118,357,685
57.64605,155,1256,-1750,528,4649,-117,356,685
57.64655,155,1256,-1749,528,4650,-118,356,685
57.64705,155,1256,-1750,528,4653,-118,356,685
57.64755,155,1256,-1749,528,4658,-117,356,686
57.64805,155,1256,-1750,528,4665,-117,356,686
57.64855,156,1257,-1750,528,4671,-117,356,688
57.64905,155,1257,-1750,528,4681,-116,356,687
57.64955,156,1257,-1750,528,4686,-116,356,687
57.65005,156,1257,-1750,528,4688,-116,356,688
57.65055,156,1258,-1750,528,4696,-116,355,688
57.65105,156,1258,-1750,528,4705,-116,356,688
57.65155,156,1258,-1750,528,4729,-116,355,688
57.65205,157,1258,-1750,528,4760,-116,356,687
57.65255,157,1258,-1750,528,4762,-116,356,687
57.65305,157,1258,-1750,528,4755,-117,356,687
57.65355,157,1259,-1751,527,4731,-117,356,686
57.65405,157,1259,-1750,528,4715,-117,356,686
57.65455,157,1260,-1750,527,4723,-117,356,685
57.65505,157,1260,-1750,527,4729,-117,356,686
57.65555,157,1260,-1749,527,4731,-116,356,686
57.65605,158,1260,-1749,527,4740,-116,356,686
57.65655,158,1260,-1750,527,4747,-116,356,686
57.65705,158,1261,-1750,528,4749,-116,356,686
57.65755,158,1261,-1751,527,4747,-116,356,686
57.65805,158,1261,-1751,528,4750,-116,355,686
57.65855,158,1261,-1751,528,4753,-116,356,686
57.65905,158,1261,-1751,528,4762,-116,355,686
57.65955,159,1261,-1750,528,4768,-116,356,686
57.66005,159,1262,-1751,528,4772,-116,356,686
57.66055,159,1262,-1751,527,4778,-116,356,686
57.66105,159,1262,-1751,528,4784,-115,355,686
57.66155,159,1262,-1751,528,4813,-116,355,686
57.66205,159,1263,-1751,527,4842,-116,355,685
57.66255,159,1263,-1751,527,4839,-116,355,685
57.66305,159,1263,-1751,527,4826,-115,355,686
57.66355,159,1263,-1751,527,4798,-115,355,686
57.66405,159,1263,-1751,527,4786,-115,356,687
57.66455,159,1263,-1751,527,4789,-114,356,687
57.66505,160,1263,-1752,528,4792,-114,356,688
57.66555,160,1263,-1751,527,4803,-114,356,687
57.66605,160,1263,-1752,527,4815,-115,356,687
57.66655,160,1264,-1752,527,4820,-116,355,687
57.66705,160,1263,-1752,527,4826,-115,355,687
57.66755,160,1264,-1752,527,4835,-115,355,687
57.66805,160,1264,-1752,527,4843,-115,355,687
57.66855,160,1264,-1752,528,4851,-115,356,686
57.66905,161,1264,-1752,528,4860,-115,356,685
57.66955,161,1264,-1752,527,4879,-116,356,683
57.67005,161,1264,-1752,527,4888,-116,356,682
57.67055,161,1265,-1752,527,4904,-116,356,682
57.67105,161,1264,-1752,527,4926,-117,356,682
57.67155,161,1265,-1752,527,4968,-117,355,682
57.67205,161,1265,-1752,527,5005,-117,355,682
57.67255,161,1265,-1752,526,5014,-117,355,683
57.67315,162,1265,-1752,527,5017,-117,356,684
57.67365,161,1265,-1752,526,4999,-117,356,685
57.67415,161,1265,-1752,527,5000,-117,356,685
57.67465,162,1265,-1752,527,5015,-116,356,685
57.67515,162,1266,-1752,527,5038,-117,356,685
57.67565,161,1266,-1752,527,5067,-116,356,684
57.67615,162,1266,-1752,526,5093,-116,356,684
57.67665,161,1266,-1752,527,5116,-116,356,685
57.67715,162,1266,-1752,526,5123,-116,356,686
57.67765,162,1266,-1752,527,5109,-116,356,687
57.67815,162,1266,-1753,526,5099,-115,356,687
57.67865,162,1266,-1753,527,5077,-115,356,688
57.67915,162,1266,-1752,527,5057,-114,355,688
57.67965,162,1266,-1753,527,5041,-113,355,688
57.68015,162,1266,-1753,526,5018,-113,354,688
57.68065,162,1266,-1753,526,4993,-113,354,688
57.68115,162,1266,-1753,526,4964,-113,354,687
57.68165,162,1266,-1753,527,4966,-113,354,687
57.68215,162,1266,-1753,526,4958,-113,355,687
57.68265,163,1266,-1753,526,4930,-113,355,686
57.68315,162,1266,-1753,526,4898,-113,356,686
57.68365,162,1266,-1753,526,4846,-114,356,686
57.68415,163,1266,-1753,526,4806,-114,356,686
57.68465,163,1267,-1753,526,4782,-115,357,685
57.68515,163,1266,-1753,526,4763,-115,357,685
57.68565,163,1267,-1753,526,4738,-116,357,684
57.68615,163,1266,-1753,526,4713,-115,358,684
57.68665,163,1267,-1753,526,4699,-115,358,684
57.68715,163,1267,-1753,526,4682,-115,358,685
57.68765,163,1267,-1754,527,4663,-115,357,685
57.68815,163,1267,-1754,527,4641,-116,357,685
57.68865,163,1267,-1754,527,4618,-115,357,685
57.68915,163,1267,-1754,527,4603,-115,357,686
57.68965,163,1267,-1754,527,4588,-115,357,686
57.69015,163,1267,-1754,527,4576,-114,356,686
57.69065,163,1267,-1754,527,4563,-114,356,686
57.69115,163,1267,-1754,526,4545,-114,357,686
57.69165,164,1267,-1754,527,4559,-114,357,687
57.69215,164,1266,-1754,526,4559,-114,358,686
57.69265,164,1267,-1754,526,4541,-115,358,686
57.69315,164,1267,-1754,526,4524,-115,358,685
57.69365,164,1267,-1754,526,4483,-115,358,685
57.69415,164,1267,-1754,526,4454,-115,358,685
57.69465,164,1267,-1754,527,4444,-115,358,685
57.69515,164,1267,-1754,526,4441,-115,357,685
57.69565,164,1267,-1754,527,4434,-115,357,684
57.69615,164,1267,-1754,527,4425,-115,358,685
57.69665,164,1266,-1754,527,4420,-115,358,685
57.69715,164,1267,-1754,527,4405,-115,358,685
57.69765,164,1267,-1754,526,4390,-115,358,685
57.69815,165,1266,-1754,526,4381,-115,357,685
57.69865,164,1266,-1754,527,4376,-115,357,685
57.69915,165,1267,-1754,526,4377,-115,358,686
57.69965,164,1267,-1754,526,4375,-115,358,686
57.70015,164,1267,-1754,526,4379,-115,358,686
57.70065,164,1267,-1754,527,4379,-115,358,686
57.70115,164,1267,-1754,527,4375,-115,358,686
57.70165,164,1266,-1754,527,4406,-115,357,687
57.70215,164,1266,-1754,526,4414,-114,356,686
57.70265,164,1266,-1754,526,4401,-114,355,686
57.70315,164,1266,-1754,526,4387,-115,355,686
57.70365,164,1266,-1754,526,4355,-115,355,685
57.70415,165,1266,-1754,527,4343,-116,355,684
57.70465,165,1266,-1754,527,4343,-116,355,684
57.70515,165,1266,-1754,527,4356,-116,356,684
57.70565,165,1266,-1754,527,4366,-116,357,684
57.70615,165,1266,-1754,527,4367,-116,357,684
57.70665,164,1266,-1754,527,4367,-116,358,684
57.70715,164,1266,-1754,527,4365,-117,359,684
57.70765,165,1265,-1755,527,4362,-117,360,684
57.70815,165,1265,-1755,527,4358,-117,360,684
57.70865,165,1265,-1754,527,4355,-117,360,685
57.70915,165,1265,-1754,527,4347,-116,360,684
57.70965,165,1265,-1754,527,4341,-116,360,684
57.71015,165,1265,-1754,526,4345,-116,360,685
57.71065,165,1265,-1754,526,4346,-116,360,685
57.71115,165,1264,-1754,527,4347,-116,359,684
57.71165,165,1264,-1754,527,4383,-116,358,685
57.71215,165,1265,-1754,527,4392,-117,358,685
57.71265,165,1264,-1754,527,4378,-117,358,685
57.71315,165,1265,-1755,527,4357,-117,358,685
57.71365,165,1264,-1755,528,4325,-117,358,685
57.71415,165,1264,-1755,528,4316,-117,357,685
57.71465,165,1264,-1755,528,4318,-117,357,685
57.71515,165,1264,-1755,528,4324,-117,357,685
57.71565,165,1264,-1755,528,4329,-118,356,685
57.71615,165,1264,-1755,527,4331,-118,355,685
57.71665,165,1263,-1755,528,4335,-119,355,685
57.71715,165,1263,-1755,527,4338,-118,354,685
57.71765,165,1263,-1755,528,4336,-119,355,684
57.71815,165,1263,-1754,527,4338,-119,355,685
57.71865,165,1263,-1755,528,4343,-119,355,685
57.71915,165,1263,-1755,528,4344,-119,354,685
57.71965,165,1263,-1755,528,4348,-119,354,684
57.72015,166,1263,-1755,528,4351,-119,353,684
57.72065,165,1262,-1754,528,4356,-118,354,685
57.72115,165,1262,-1755,528,4359,-119,354,685
57.72165,166,1262,-1755,528,4387,-119,354,686
57.72215,166,1262,-1754,527,4386,-119,355,685
57.72265,165,1262,-1754,527,4383,-119,355,685
57.72315,166,1262,-1754,527,4357,-119,356,685
57.723648,166,1262,-1754,527,4321,-119,357,684
57.72415,166,1262,-1754,527,4311,-119,358,685
57.72465,166,1261,-1754,528,4317,-120,359,685
57.72515,166,1261,-1754,528,4317,-120,360,685
57.72565,166,1261,-1755,528,4316,-120,361,685
57.72615,166,1262,-1755,528,4315,-120,361,685
57.72665,165,1261,-1755,528,4319,-120,362,684
57.72715,166,1261,-1755,528,4323,-121,363,684
57.72765,166,1261,-1755,528,4329,-121,363,684
57.72815,166,1261,-1755,528,4330,-121,363,684
57.72865,166,1261,-1755,528,4325,-121,363,683
57.72915,166,1261,-1755,529,4324,-122,362,683
57.72965,165,1261,-1755,528,4319,-122,363,683
57.73015,166,1260,-1755,529,4319,-122,362,683
57.73065,166,1260,-1755,529,4323,-122,362,683
57.73115,166,1260,-1755,529,4334,-122,360,683
57.73165,167,1260,-1755,529,4370,-122,359,683
57.73215,166,1260,-1755,529,4373,-122,358,684
57.73265,166,1260,-1755,528,4370,-122,357,684
57.73315,166,1260,-1755,528,4355,-121,356,683
57.73365,166,1259,-1754,528,4326,-121,354,683
57.73415,167,1260,-1755,528,4311,-121,353,683
57.73475,167,1259,-1755,529,4309,-122,353,683
57.73525,167,1259,-1754,528,4311,-122,352,683
57.73575,167,1258,-1754,528,4312,-123,352,682
57.73625,167,1259,-1754,528,4311,-122,351,683
57.73675,167,1259,-1754,528,4316,-122,351,682
57.73725,167,1259,-1754,527,4311,-122,350,682
57.73775,167,1259,-1754,527,4313,-121,350,682
57.73825,167,1258,-1754,527,4320,-122,349,681
57.73875,168,1258,-1754,527,4324,-122,348,681
57.73925,167,1258,-1753,527,4326,-122,347,680
57.73975,168,1258,-1753,527,4327,-122,347,679
57.74025,168,1258,-1753,527,4331,-122,347,679
57.74075,168,1257,-1754,528,4327,-122,348,679
57.74125,168,1257,-1754,528,4335,-122,349,679
57.74175,167,1257,-1754,528,4366,-122,350,680
57.74225,167,1257,-1754,528,4360,-122,351,679
57.74275,167,1258,-1754,528,4348,-123,352,679
57.74325,167,1258,-1754,528,4311,-123,353,678
57.74375,167,1258,-1754,528,4274,-124,353,678
57.74425,167,1258,-1754,528,4266,-125,353,678
57.74475,167,1258,-1753,528,4266,-125,352,678
57.74525,167,1258,-1754,528,4269,-125,352,679
57.74575,167,1258,-1754,528,4267,-125,352,680
57.74625,168,1258,-1754,528,4256,-125,352,681
57.74675,168,1257,-1754,529,4253,-125,353,682
57.74725,168,1256,-1755,529,4247,-124,353,683
57.74775,168,1257,-1755,530,4246,-123,353,684
57.74825,168,1256,-1755,529,4240,-122,353,685
57.74875,168,1256,-1755,530,4237,-121,353,687
57.74925,168,1257,-1755,529,4222,-121,354,688
57.74975,169,1256,-1755,530,4214,-120,355,688
57.75025,168,1257,-1755,529,4214,-120,355,688
57.75075,169,1256,-1755,530,4212,-120,356,687
57.75125,168,1256,-1755,530,4221,-120,356,687
57.75175,169,1256,-1755,530,4245,-120,356,687
57.75225,169,1256,-1755,530,4237,-121,356,685
57.75275,169,1256,-1754,529,4220,-122,356,684
57.75325,169,1256,-1754,529,4185,-123,356,683
57.75375,169,1257,-1754,529,4156,-122,356,683
57.75425,169,1257,-1754,529,4142,-122,357,683
57.75475,169,1256,-1754,529,4137,-122,357,683
57.75525,169,1257,-1754,529,4134,-122,358,683
57.75575,169,1256,-1754,530,4131,-122,359,682
57.75625,169,1256,-1755,530,4125,-123,359,682
57.75675,169,1256,-1755,530,4125,-122,359,682
57.75725,169,1257,-1755,530,4119,-123,360,681
57.75775,169,1257,-1755,530,4108,-122,361,680
57.75825,169,1257,-1755,531,4100,-122,361,680
57.75875,169,1257,-1755,531,4103,-122,361,680
57.75925,170,1257,-1755,531,4105,-121,361,681
57.75975,169,1257,-1755,531,4100,-121,361,681
57.76025,170,1256,-1755,531,4089,-121,361,680
57.76075,170,1256,-1755,531,4078,-122,360,680
57.76125,170,1257,-1755,531,4088,-121,359,681
57.76175,171,1256,-1755,531,4115,-122,358,681
57.76225,170,1256,-1755,531,4102,-121,357,681
57.76275,171,1256,-1755,531,4086,-121,356,681
57.76325,171,1256,-1755,531,4054,-121,355,681
57.76375,171,1256,-1755,530,4019,-121,353,681
57.76425,171,1256,-1755,531,4008,-121,352,681
57.76475,171,1256,-1755,531,4011,-121,351,681
57.76525,171,1256,-1755,531,4018,-120,350,682
57.76575,171,1256,-1754,531,4027,-121,349,681
57.76625,171,1256,-1754,531,4029,-121,349,681
57.76675,171,1256,-1754,531,4022,-122,349,681
57.76725,171,1256,-1754,531,4021,-122,349,680
57.76775,171,1256,-1754,531,4025,-122,350,680
57.76825,171,1256,-1754,531,4030,-122,350,680
57.76875,171,1256,-1754,531,4029,-122,351,679
57.76925,171,1257,-1754,531,4031,-122,350,680
57.76975,171,1256,-1754,531,4029,-121,351,680
57.77025,171,1256,-1754,531,4030,-121,351,681
57.77075,172,1256,-1754,531,4020,-121,351,681
57.77125,172,1256,-1755,532,4017,-121,351,682
57.77175,172,1256,-1754,532,4039,-121,351,681
57.77225,172,1256,-1754,532,4038,-122,351,681
57.77275,172,1256,-1754,532,4019,-122,351,682
57.77325,172,1256,-1754,531,3984,-122,352,682
57.77375,171,1256,-1754,531,3957,-121,351,683
57.77425,172,1257,-1754,532,3949,-122,351,682
57.77475,172,1257,-1754,531,3945,-121,350,682
57.77525,172,1256,-1754,532,3950,-122,350,681
57.77575,172,1257,-1754,532,3945,-122,350,681
57.77625,172,1256,-1754,532,3931,-122,351,681
57.77675,172,1257,-1754,532,3924,-121,351,681
57.77725,172,1257,-1755,532,3920,-121,352,681
57.77775,172,1257,-1755,532,3916,-121,352,680
57.77825,172,1257,-1755,533,3916,-121,353,681
57.77875,172,1257,-1754,533,3913,-121,353,680
57.77925,172,1257,-1754,533,3908,-121,354,680
57.77975,172,1257,-1755,533,3910,-121,354,679
57.78025,172,1257,-1754,533,3908,-121,355,680
57.78075,172,1257,-1754,533,3900,-120,355,680
57.78125,172,1257,-1755,534,3921,-120,356,681
57.78175,172,1257,-1755,533,3949,-120,356,681
57.78225,172,1257,-1754,533,3936,-119,357,681
57.78275,172,1257,-1754,533,3920,-119,357,682
57.78325,172,1257,-1755,533,3886,-119,358,682
57.78375,172,1257,-1755,533,3865,-120,359,681
57.78425,172,1257,-1754,533,3856,-120,359,681
57.784748,172,1257,-1755,533,3852,-121,359,681
57.78525,172,1257,-1754,533,3861,-121,358,681
57.78575,173,1257,-1754,533,3864,-120,358,682
57.78625,172,1257,-1754,533,3859,-120,357,681
57.78675,172,1257,-1754,533,3858,-120,356,682
57.78725,173,1257,-1754,534,3852,-121,355,682
57.78775,172,1257,-1754,533,3853,-120,354,681
57.78825,172,1257,-1754,533,3851,-121,353,680
57.78875,172,1257,-1754,534,3842,-120,353,680
57.78925,172,1257,-1754,534,3844,-121,353,679
57.78975,172,1257,-1754,534,3850,-121,352,679
57.79025,172,1258,-1754,534,3842,-121,352,679
57.79075,172,1257,-1754,533,3841,-120,352,680
57.79125,173,1257,-1754,534,3865,-120,351,681
57.79175,172,1258,-1754,533,3891,-120,349,681
57.79225,173,1257,-1754,533,3876,-120,348,681
57.79275,173,1257,-1754,533,3865,-120,347,681
57.79325,173,1257,-1753,533,3837,-120,346,680
57.79375,173,1257,-1754,533,3818,-120,347,680
57.79425,173,1257,-1754,533,3819,-120,347,680
57.79485,172,1257,-1754,533,3820,-121,348,679
57.79535,172,1258,-1754,533,3819,-121,348,679
57.79585,173,1258,-1754,533,3814,-121,348,679
57.79635,173,1258,-1754,533,3816,-120,349,680
57.79685,172,1258,-1753,533,3819,-121,349,680
57.79735,173,1258,-1754,533,3822,-121,350,680
57.79785,172,1259,-1753,533,3825,-121,352,680
57.79835,172,1259,-1753,533,3829,-121,353,680
57.79885,172,1258,-1753,533,3835,-121,354,680
57.79935,172,1259,-1753,533,3843,-120,355,680
57.79985,172,1259,-1753,534,3847,-120,356,680
57.80035,172,1258,-1753,534,3851,-120,356,679
57.80085,172,1259,-1754,534,3851,-120,356,680
57.80135,172,1259,-1754,535,3874,-120,355,679
57.80185,172,1259,-1754,534,3903,-120,355,678
57.80235,172,1259,-1754,534,3897,-121,355,677
57.80285,173,1258,-1754,535,3892,-121,354,676
57.80335,172,1259,-1754,534,3858,-122,354,675
57.80385,172,1259,-1754,534,3844,-122,354,676
57.80435,172,1259,-1754,534,3847,-122,353,676
57.80485,172,1260,-1754,534,3861,-122,353,676
57.80535,172,1260,-1753,534,3873,-122,353,677
57.80585,171,1260,-1754,534,3876,-122,352,678
57.80635,171,1260,-1754,534,3869,-122,351,678
57.80685,171,1260,-1753,534,3875,-123,351,678
57.80735,172,1260,-1754,535,3878,-123,351,678
57.80785,171,1260,-1754,534,3879,-123,351,679
57.80835,172,1260,-1753,534,3878,-123,351,679
57.80885,172,1260,-1753,534,3871,-123,351,679
57.80935,172,1260,-1753,534,3872,-122,351,680
57.80985,172,1260,-1753,534,3874,-122,352,681
57.81035,172,1260,-1753,533,3879,-122,352,682
57.81085,172,1260,-1753,534,3875,-122,353,683
57.81135,172,1260,-1753,534,3901,-121,353,684
57.81185,173,1260,-1752,533,3914,-121,354,684
57.81235,172,1261,-1753,534,3912,-120,353,684
57.81285,172,1261,-1753,534,3902,-120,352,685
57.81335,172,1261,-1753,533,3866,-120,352,684
57.81385,172,1261,-1753,534,3840,-119,351,684
57.81435,172,1261,-1752,533,3841,-120,351,684
57.81485,172,1261,-1753,533,3848,-120,350,683
57.81535,172,1261,-1753,534,3855,-121,349,683
57.81585,172,1261,-1753,534,3844,-121,349,683
57.81635,172,1262,-1753,534,3839,-121,348,683
57.81685,172,1261,-1753,534,3840,-121,348,684
57.81735,172,1262,-1752,534,3840,-121,348,684
57.81785,172,1262,-1753,534,3839,-121,347,684
57.81835,172,1262,-1753,534,3838,-121,346,684
57.81885,172,1263,-1752,534,3835,-121,344,684
57.81935,172,1263,-1752,534,3838,-121,344,683
57.81985,172,1263,-1752,534,3838,-122,346,683
57.82035,172,1263,-1752,533,3831,-122,347,682
57.82085,172,1263,-1752,534,3831,-122,349,682
57.82135,172,1263,-1752,535,3868,-122,350,682
57.82185,172,1263,-1752,534,3884,-123,350,681
57.82235,172,1264,-1752,534,3872,-124,350,681
57.82285,172,1264,-1752,534,3850,-124,349,680
57.82335,172,1264,-1752,534,3812,-124,349,679
57.82385,172,1264,-1752,533,3799,-125,348,679
57.82435,173,1264,-1752,534,3792,-124,348,680
57.82485,172,1264,-1752,533,3791,-125,347,679
57.82535,173,1264,-1752,534,3800,-124,347,680
57.82585,172,1264,-1752,534,3798,-124,347,681
57.82635,173,1264,-1752,534,3799,-124,346,682
57.82685,172,1264,-1752,534,3796,-123,345,683
57.82735,173,1265,-1752,534,3799,-123,344,683
57.82785,173,1264,-1752,534,3797,-123,344,683
57.82835,173,1265,-1752,534,3795,-124,344,682
57.82885,173,1265,-1752,534,3795,-124,344,682
57.82935,173,1265,-1752,534,3797,-124,343,682
57.82985,173,1265,-1751,534,3801,-124,342,682
57.83035,173,1265,-1751,534,3801,-125,342,682
57.83085,173,1265,-1751,534,3802,-124,342,682
57.83135,173,1266,-1751,534,3839,-124,341,682
57.83185,172,1266,-1751,534,3842,-125,342,682
57.83235,172,1266,-1751,534,3830,-125,343,682
57.83285,172,1267,-1752,534,3820,-125,344,682
57.83335,172,1266,-1751,533,3792,-125,346,682
57.83385,171,1267,-1751,533,3782,-125,346,683
57.83435,171,1267,-1751,533,3781,-125,346,682
57.83485,171,1267,-1751,533,3783,-125,346,682
57.83535,172,1267,-1751,533,3790,-126,346,683
57.83585,171,1268,-1751,533,3792,-126,346,683
57.83635,171,1268,-1751,533,3792,-126,346,684
57.83685,171,1267,-1751,534,3794,-125,346,683
57.83735,171,1268,-1751,534,3798,-126,347,684
57.83785,171,1269,-1751,534,3797,-127,347,683
57.83835,171,1268,-1751,534,3803,-127,348,682
57.83885,171,1268,-1751,534,3808,-127,348,682
57.83935,171,1268,-1751,534,3818,-127,349,683
57.83985,171,1268,-1751,534,3823,-127,349,683
57.84035,171,1268,-1751,534,3820,-126,350,683
57.84085,172,1268,-1751,535,3821,-127,350,683
57.84135,172,1269,-1751,535,3859,-127,349,683
57.84185,171,1269,-1751,535,3867,-127,350,683
57.84235,171,1269,-1752,535,3860,-127,350,683
57.84285,171,1269,-1752,535,3841,-128,350,683
57.84335,172,1269,-1752,534,3805,-128,349,683
57.84385,172,1270,-1752,535,3796,-127,348,683
57.84435,172,1269,-1752,535,3801,-127,348,684
57.84485,171,1270,-1752,535,3810,-127,347,684
57.84535,171,1270,-1751,534,3821,-127,346,684
57.845848,171,1270,-1752,534,3821,-127,346,683
57.84635,172,1270,-1751,534,3817,-127,345,683
57.84685,171,1271,-1751,534,3811,-127,345,683
57.84735,171,1271,-1751,534,3808,-128,345,682
57.84785,171,1271,-1751,534,3810,-127,344,682
57.84835,171,1271,-1750,534,3817,-128,345,683
57.84885,171,1271,-1751,534,3815,-128,345,683
57.84935,171,1272,-1751,534,3815,-128,346,683
57.84985,171,1272,-1751,534,3815,-128,346,682
57.85035,171,1272,-1751,534,3817,-128,346,682
57.85085,171,1272,-1751,534,3827,-128,346,683
57.85135,171,1272,-1750,534,3859,-129,346,684
57.85185,171,1272,-1750,533,3853,-129,346,684
57.85235,171,1273,-1751,533,3848,-128,346,684
57.85285,172,1273,-1751,533,3828,-129,346,684
57.85335,171,1273,-1750,533,3795,-128,346,684
57.85385,171,1273,-1750,533,3784,-129,346,684
57.85435,171,1273,-1750,533,3785,-129,346,684
57.85485,171,1274,-1750,533,3791,-129,346,683
57.85545,171,1273,-1750,533,3797,-130,346,683
57.85595,172,1273,-1751,534,3791,-130,346,683
57.85645,171,1274,-1750,533,3790,-130,346,683
57.85695,171,1274,-1750,533,3793,-130,346,682
57.85745,171,1274,-1751,533,3795,-130,346,682
57.85795,171,1274,-1750,533,3796,-130,346,682
57.85845,171,1274,-1750,533,3796,-131,346,682
57.85895,171,1274,-1750,533,3796,-131,346,682
57.85945,171,1275,-1750,533,3800,-131,346,682
57.85995,171,1275,-1750,533,3802,-132,346,682
57.86045,171,1275,-1750,533,3803,-132,345,682
57.86095,171,1275,-1750,533,3813,-132,345,683
57.86145,171,1275,-1750,534,3849,-133,345,682
57.86195,171,1276,-1750,534,3845,-132,345,683
57.86245,171,1276,-1750,534,3839,-132,345,683
57.86295,170,1276,-1750,533,3809,-133,345,683
57.86345,171,1276,-1750,534,3773,-133,345,683
57.86395,171,1276,-1750,533,3763,-133,345,684
57.86445,171,1276,-1750,533,3763,-133,345,683
57.86495,171,1276,-1750,534,3774,-133,345,684
57.86545,171,1277,-1750,534,3779,-133,345,685
57.86595,171,1277,-1750,534,3786,-133,345,685
57.86645,171,1277,-1750,534,3784,-133,345,686
57.86695,171,1277,-1751,534,3785,-133,345,686
57.86745,171,1277,-1750,533,3792,-133,345,686
57.86795,171,1277,-1750,533,3796,-133,345,686
57.86845,171,1277,-1749,533,3796,-133,345,686
57.86895,171,1277,-1750,533,3795,-133,344,686
57.86945,171,1278,-1750,533,3791,-133,345,686
57.86995,171,1278,-1749,533,3795,-134,345,686
57.87045,171,1278,-1750,533,3795,-134,344,686
57.87095,171,1278,-1750,534,3810,-134,344,686
57.87145,171,1278,-1750,534,3849,-133,344,686
57.87195,171,1278,-1750,534,3849,-134,345,686
57.87245,171,1278,-1750,534,3842,-134,345,685
57.87295,171,1278,-1750,533,3818,-134,345,685
57.87345,171,1279,-1750,534,3789,-134,345,685
57.87395,171,1279,-1750,534,3787,-134,345,685
57.87445,171,1279,-1750,533,3797,-134,345,686
57.87495,171,1278,-1750,533,3814,-135,345,685
57.87545,171,1279,-1749,533,3831,-135,345,685
57.87595,171,1279,-1749,534,3835,-135,345,685
57.87645,171,1279,-1750,533,3839,-135,345,686
57.87695,171,1279,-1749,533,3846,-135,345,685
57.87745,171,1279,-1749,533,3851,-135,345,686
57.87795,171,1279,-1750,534,3849,-136,345,685
57.87845,171,1279,-1749,534,3853,-136,346,686
57.87895,171,1279,-1750,534,3856,-136,345,685
57.87945,171,1280,-1750,533,3864,-136,346,685
57.87995,171,1280,-1750,533,3866,-137,346,685
57.88045,171,1280,-1750,533,3867,-137,346,686
57.88095,171,1280,-1749,534,3884,-136,345,686
57.88145,170,1280,-1749,534,3930,-136,345,686
57.88195,171,1280,-1749,533,3936,-137,346,686
57.88245,170,1280,-1749,533,3933,-137,345,686
57.88295,171,1280,-1749,533,3911,-137,346,686
57.88345,171,1280,-1749,533,3887,-137,346,686
57.88395,170,1280,-1749,533,3892,-137,346,686
57.88445,171,1280,-1749,533,3906,-137,346,685
57.88495,170,1280,-1749,534,3922,-137,346,686
57.88545,171,1280,-1749,533,3934,-137,346,685
57.88595,171,1280,-1750,534,3947,-137,346,685
57.88645,170,1280,-1749,533,3954,-137,345,685
57.88695,171,1280,-1749,534,3962,-137,346,685
57.88745,170,1280,-1749,534,3972,-137,346,685
57.88795,170,1280,-1750,534,3983,-137,346,685
57.88845,170,1280,-1749,533,3992,-137,346,686
57.88895,171,1280,-1749,533,4001,-137,346,686
57.88945,170,1280,-1749,533,4018,-137,346,687
57.88995,170,1280,-1749,533,4027,-137,346,687
57.89045,171,1279,-1749,533,4028,-137,346,687
57.89095,171,1280,-1749,534,4048,-136,346,687
57.89145,171,1280,-1749,533,4084,-137,346,687
57.89195,171,1280,-1749,533,4086,-137,347,686
57.89245,171,1280,-1749,533,4086,-137,347,687
57.89295,171,1280,-1749,533,4070,-137,347,687
57.89345,171,1280,-1749,533,4045,-137,348,687
57.89395,171,1280,-1749,533,4043,-138,348,688
57.89445,171,1280,-1749,533,4046,-138,348,688
57.89495,171,1280,-1749,533,4057,-137,347,688
57.89545,171,1280,-1749,533,4060,-137,347,688
57.89595,171,1280,-1749,533,4060,-138,347,688
57.89645,171,1281,-1749,533,4060,-138,347,687
57.89695,171,1280,-1749,533,4063,-138,346,687
57.89745,171,1280,-1749,533,4061,-138,346,687
57.89795,171,1280,-1749,533,4060,-138,345,688
57.89845,171,1280,-1749,533,4067,-138,346,687
57.89895,171,1281,-1749,533,4080,-138,345,687
57.89945,171,1280,-1749,533,4090,-138,345,687
57.89995,171,1280,-1749,533,4097,-138,345,685
57.90045,171,1280,-1749,533,4102,-139,345,684
57.90095,171,1280,-1749,534,4121,-139,345,684
57.90145,171,1280,-1749,533,4159,-139,344,683
57.90195,171,1280,-1749,534,4156,-139,345,683
57.90245,170,1280,-1749,534,4141,-139,345,683
57.90295,170,1281,-1750,534,4114,-139,345,683
57.90345,169,1280,-1750,534,4090,-139,345,684
57.90395,169,1281,-1750,534,4089,-139,345,686
57.90445,168,1280,-1750,534,4098,-139,345,686
57.90495,168,1280,-1749,534,4104,-139,345,686
57.90545,169,1280,-1749,534,4106,-140,345,687
57.90595,169,1280,-1748,534,4105,-139,345,687
57.90645,169,1280,-1748,534,4099,-139,345,687
57.906948,169,1280,-1748,534,4099,-140,345,687
57.90745,169,1280,-1748,534,4098,-140,345,688
57.90795,169,1280,-1748,534,4096,-140,345,689
57.90845,169,1280,-1748,534,4098,-140,345,690
57.90895,169,1280,-1748,533,4094,-140,346,690
57.90945,169,1280,-1748,533,4094,-139,346,690
57.90995,169,1280,-1748,532,4097,-139,346,690
57.91045,169,1280,-1748,532,4092,-139,346,691
57.91095,169,1280,-1748,533,4107,-138,345,691
57.91145,169,1280,-1749,533,4129,-138,345,690
57.91195,169,1280,-1749,534,4122,-138,346,690
57.91245,169,1280,-1749,533,4118,-139,346,689
57.91295,169,1280,-1748,534,4090,-139,347,689
57.91345,169,1280,-1748,534,4063,-139,346,689
57.91395,169,1280,-1749,535,4060,-139,346,690
57.91445,169,1280,-1749,536,4068,-139,346,690
57.91495,168,1280,-1749,535,4083,-139,346,690
57.91545,168,1280,-1749,535,4089,-139,346,690
57.91605,168,1280,-1749,534,4092,-139,346,690
57.91655,168,1280,-1749,534,4095,-139,346,690
57.91705,168,1280,-1749,533,4097,-139,346,689
57.91755,169,1280,-1749,533,4094,-139,346,689
57.91805,169,1280,-1748,533,4089,-139,346,688
57.91855,169,1280,-1748,532,4092,-140,346,688
57.91905,169,1280,-1747,532,4101,-139,346,688
57.91955,168,1280,-1747,532,4110,-140,346,687
57.92005,168,1280,-1747,533,4114,-140,346,688
57.92055,169,1280,-1748,534,4113,-140,346,687
57.92105,168,1280,-1748,535,4140,-140,346,688
57.92155,168,1280,-1749,535,4170,-140,346,688
57.92205,168,1280,-1749,535,4171,-140,346,688
57.92255,168,1280,-1750,535,4164,-139,346,688
57.92305,168,1279,-1749,535,4129,-140,346,688
57.92355,168,1280,-1750,535,4103,-140,346,688
57.92405,168,1280,-1750,535,4102,-140,346,688
57.92455,168,1280,-1750,534,4108,-140,346,688
57.92505,168,1280,-1750,534,4116,-141,346,688
57.92555,168,1280,-1749,533,4121,-140,346,688
57.92605,168,1280,-1749,533,4121,-141,346,688
57.92655,168,1280,-1749,533,4122,-141,346,688
57.92705,168,1280,-1748,533,4126,-141,346,688
57.92755,168,1279,-1748,535,4129,-141,346,688
57.92805,168,1280,-1748,536,4130,-141,347,687
57.92855,168,1280,-1747,536,4130,-141,347,688
57.92905,167,1280,-1746,535,4125,-141,347,687
57.92955,167,1280,-1746,533,4133,-141,346,687
57.93005,168,1280,-1746,531,4132,-140,347,687
57.93055,168,1280,-1747,530,4131,-140,346,688
57.93105,167,1279,-1747,532,4160,-140,346,689
57.93155,168,1280,-1748,532,4189,-140,346,689
57.93205,168,1280,-1748,533,4184,-141,346,688
57.93255,167,1280,-1748,534,4179,-141,346,688
57.93305,167,1279,-1748,534,4157,-141,347,688
57.93355,168,1279,-1748,534,4143,-141,347,688
57.93405,168,1279,-1747,535,4144,-141,347,689
57.93455,168,1279,-1747,535,4150,-141,347,689
57.93505,168,1279,-1747,535,4155,-141,347,689
57.93555,167,1279,-1747,534,4160,-142,347,687
57.93605,168,1279,-1747,534,4164,-142,346,687
57.93655,167,1279,-1746,534,4168,-142,346,687
57.93705,167,1279,-1748,535,4176,-142,346,687
57.93755,167,1279,-1749,536,4185,-142,346,686
57.93805,167,1279,-1751,537,4188,-143,347,686
57.93855,167,1279,-1752,538,4197,-143,347,686
57.93905,167,1279,-1752,537,4203,-143,347,686
57.93955,167,1279,-1752,535,4210,-143,346,686
57.94005,167,1279,-1751,532,4217,-143,346,686
57.94055,167,1279,-1750,530,4220,-143,346,686
57.94105,167,1279,-1749,530,4254,-143,345,686
57.94155,167,1279,-1748,531,4276,-144,346,686
57.94205,167,1279,-1746,532,4270,-144,346,686
57.94255,167,1279,-1744,533,4259,-143,346,686
57.94305,167,1279,-1743,532,4227,-142,347,686
57.94355,166,1279,-1744,532,4212,-142,347,687
57.94405,167,1280,-1746,532,4211,-142,346,687
57.94455,167,1279,-1748,532,4213,-142,346,687
57.94505,167,1279,-1750,533,4221,-143,346,686
57.94555,167,1278,-1751,534,4232,-143,347,686
57.94605,167,1279,-1751,535,4242,-144,347,685
57.94655,167,1278,-1751,535,4246,-143,347,685
57.94705,167,1279,-1751,534,4247,-143,347,685
57.94755,167,1279,-1752,533,4255,-143,347,686
57.94805,167,1279,-1751,531,4262,-143,346,686
57.94855,167,1279,-1749,531,4275,-143,346,687
57.94905,167,1279,-1746,533,4281,-142,346,687
57.94955,167,1279,-1746,534,4278,-142,346,687
57.95005,167,1279,-1747,537,4285,-143,346,686
57.95055,167,1279,-1748,537,4291,-142,347,686
57.95105,167,1279,-1748,537,4334,-142,347,687
57.95155,167,1279,-1746,535,4357,-143,347,687
57.95205,167,1279,-1745,533,4349,-142,347,688
57.95255,166,1279,-1744,531,4338,-143,348,688
57.95305,166,1279,-1743,531,4312,-143,348,688
57.95355,166,1279,-1744,531,4301,-143,348,689
57.95405,166,1279,-1745,532,4301,-142,348,689
57.95455,166,1279,-1745,533,4302,-143,348,689
57.95505,167,1279,-1746,532,4307,-143,348,689
57.95555,166,1279,-1748,531,4311,-143,348,689
57.95605,167,1279,-1749,532,4316,-143,348,689
57.95655,167,1279,-1749,533,4317,-143,348,688
57.95705,167,1279,-1748,534,4318,-143,347,689
57.95755,167,1279,-1748,534,4324,-142,347,688
57.95805,167,1279,-1747,533,4319,-142,347,688
57.95855,166,1279,-1748,534,4320,-142,347,688
57.95905,167,1279,-1748,535,4324,-143,347,688
57.95955,167,1279,-1747,536,4334,-143,347,688
57.96005,167,1279,-1746,536,4341,-143,347,687
57.96055,167,1279,-1746,534,4343,-142,346,688
57.96105,167,1279,-1745,532,4375,-143,346,688
57.96155,166,1279,-1745,529,4390,-143,346,688
57.96205,166,1279,-1744,528,4382,-143,346,688
57.96255,166,1279,-1745,529,4363,-143,346,689
57.96305,166,1279,-1745,529,4322,-143,347,689
57.96355,167,1279,-1746,528,4301,-143,346,689
57.96405,166,1279,-1746,527,4303,-145,346,688
57.96455,166,1280,-1745,526,4309,-145,346,687
57.96505,166,1280,-1744,527,4318,-145,347,687
57.96555,166,1280,-1744,527,4316,-145,347,687
57.96605,166,1280,-1744,528,4316,-144,347,688
57.96655,166,1280,-1745,528,4317,-143,347,687
57.96705,166,1280,-1747,530,4322,-144,347,687
57.96755,166,1280,-1748,531,4319,-144,348,687
57.96805,166,1280,-1749,532,4318,-143,348,687
57.96855,166,1280,-1749,533,4319,-143,347,688
57.96905,166,1280,-1749,533,4320,-142,348,688
57.96955,166,1280,-1749,533,4325,-143,347,688
57.97005,166,1280,-1749,533,4330,-142,347,688
57.97055,166,1280,-1747,532,4334,-143,348,688
57.97105,166,1280,-1746,532,4372,-142,347,689
57.97155,166,1280,-1745,532,4381,-142,348,688
57.97205,166,1280,-1745,532,4371,-142,348,688
57.97255,166,1280,-1745,532,4356,-143,348,688
57.97305,166,1280,-1746,533,4324,-143,348,688
57.97355,166,1280,-1746,533,4312,-143,348,688
57.97405,166,1280,-1747,534,4312,-142,347,688
57.97455,166,1281,-1747,534,4315,-142,348,688
57.97505,166,1280,-1748,534,4320,-142,348,688
57.97555,166,1280,-1748,533,4321,-142,348,688
57.97615,167,1280,-1748,533,4319,-142,348,688
57.97665,166,1281,-1748,532,4316,-143,349,688
57.97715,166,1281,-1746,531,4316,-142,349,688
57.97765,166,1281,-1746,530,4316,-142,349,688
57.97815,166,1281,-1744,530,4311,-143,348,688
57.97865,166,1281,-1744,530,4310,-142,348,688
57.97915,166,1281,-1744,530,4311,-143,348,687
57.97965,166,1281,-1745,530,4311,-143,348,687
57.98015,166,1282,-1745,530,4308,-143,348,687
57.98065,166,1282,-1746,530,4314,-143,348,686
57.98115,165,1282,-1747,531,4356,-143,348,686
57.98165,166,1283,-1747,531,4365,-143,348,685
57.98215,165,1282,-1746,531,4357,-143,348,685
57.98265,165,1282,-1746,531,4329,-143,347,685
57.98315,166,1282,-1746,531,4296,-143,347,686
57.98365,166,1282,-1746,532,4289,-142,347,687
57.98415,166,1282,-1746,532,4295,-142,347,687
57.98465,165,1281,-1747,532,4297,-142,347,686
57.98515,166,1281,-1746,532,4302,-142,347,686
57.98565,165,1282,-1746,531,4312,-142,347,684
57.98615,165,1282,-1746,532,4316,-142,348,683
57.98665,166,1282,-1746,532,4315,-142,348,683
57.98715,166,1283,-1747,531,4312,-142,348,683
57.98765,166,1282,-1747,531,4315,-142,348,683
57.98815,166,1283,-1747,531,4318,-142,348,684
57.98865,166,1283,-1747,531,4321,-142,348,684
57.98915,166,1283,-1746,531,4326,-142,348,684
57.98965,166,1283,-1746,531,4324,-142,348,685
57.99015,166,1283,-1746,531,4323,-142,349,685
57.99065,166,1284,-1746,531,4326,-142,348,686
57.99115,166,1284,-1747,531,4362,-141,348,686
57.99165,166,1284,-1747,531,4371,-142,349,686
57.99215,165,1284,-1747,531,4364,-142,348,686
57.99265,165,1284,-1747,533,4339,-141,349,687
57.99315,165,1285,-1746,534,4307,-141,348,688
57.99365,165,1285,-1747,534,4296,-141,349,688
57.99415,165,1285,-1747,533,4303,-141,348,688
57.99465,165,1285,-1747,533,4311,-140,348,689
57.99515,165,1286,-1747,532,4312,-139,348,689
57.99565,165,1285,-1747,532,4309,-138,348,690
57.99615,166,1285,-1747,530,4311,-138,348,689
57.99665,166,1285,-1747,530,4316,-138,349,689
57.99715,166,1285,-1747,530,4315,-138,349,689
57.99765,165,1286,-1747,531,4317,-138,349,688
57.99815,165,1285,-1748,531,4317,-138,349,689
57.99865,166,1286,-1748,531,4323,-138,349,689
57.99915,166,1285,-1748,531,4322,-138,349,690
57.99965,166,1285,-1748,531,4328,-138,349,690
58.00015,166,1285,-1749,531,4338,-138,349,690
58.00065,166,1286,-1749,531,4354,-138,348,690
58.00115,166,1286,-1750,532,4391,-139,348,690
58.00165,166,1286,-1750,532,4391,-139,348,690
58.00215,166,1286,-1748,532,4384,-139,348,690
58.00265,166,1286,-1746,531,4358,-139,349,689
58.00315,166,1286,-1744,531,4327,-139,349,689
58.00365,166,1286,-1744,532,4320,-139,349,689
58.00415,167,1286,-1746,532,4328,-138,349,688
58.00465,167,1286,-1747,533,4340,-138,349,689
58.00515,167,1286,-1748,532,4353,-138,349,689
58.00565,167,1286,-1749,533,4355,-138,349,688
58.00615,168,1287,-1750,533,4359,-138,349,688
58.00665,167,1287,-1749,534,4368,-138,349,688
58.00715,167,1287,-1746,534,4374,-138,349,688
58.00765,167,1287,-1745,533,4377,-138,349,689
58.00815,167,1287,-1745,534,4379,-137,349,689
58.00865,167,1287,-1745,533,4378,-137,349,689
58.00915,167,1287,-1745,531,4379,-137,349,690
58.00965,167,1287,-1745,530,4385,-137,349,690
58.01015,167,1286,-1745,529,4396,-137,349,690
58.01065,167,1286,-1745,529,4413,-137,349,690
58.01115,167,1286,-1746,530,4453,-137,349,690
58.01165,167,1286,-1746,530,4459,-137,349,689
58.01215,167,1287,-1746,530,4453,-137,349,689
58.01265,166,1288,-1746,530,4423,-138,350,688
58.01315,166,1288,-1746,530,4397,-138,350,688
58.01365,165,1288,-1747,531,4398,-137,350,688
58.01415,166,1288,-1747,531,4403,-137,350,688
58.01465,166,1288,-1747,531,4410,-137,350,688
58.01515,166,1287,-1747,531,4414,-138,350,688
58.01565,167,1287,-1747,531,4417,-138,350,687
58.01615,167,1287,-1746,531,4417,-138,350,687
58.01665,167,1287,-1746,531,4412,-138,350,687
58.01715,167,1287,-1747,531,4415,-138,350,688
58.01765,167,1286,-1747,531,4421,-138,350,688
58.01815,168,1286,-1747,531,4424,-138,350,688
58.01865,168,1287,-1747,530,4425,-139,349,688
58.01915,168,1287,-1747,531,4428,-139,349,688
58.01965,168,1287,-1747,531,4432,-138,350,688
58.02015,168,1287,-1748,531,4436,-138,350,688
58.02065,168,1288,-1748,532,4452,-138,349,689
58.02115,167,1288,-1748,532,4489,-138,350,689
58.02165,167,1289,-1748,531,4484,-138,350,688
58.02215,167,1289,-1748,531,4473,-139,350,688
58.02265,166,1289,-1748,531,4450,-139,351,688
58.02315,166,1289,-1746,530,4423,-140,350,688
58.02365,166,1289,-1746,530,4416,-140,350,687
58.02415,166,1289,-1746,531,4417,-140,349,687
58.02465,167,1289,-1747,531,4417,-141,348,687
58.02515,167,1289,-1747,532,4420,-141,349,686
58.02565,166,1290,-1747,532,4424,-142,349,686
58.02615,167,1290,-1747,532,4431,-142,349,685
58.02665,167,1290,-1747,532,4432,-142,349,685
58.02715,166,1290,-1747,532,4428,-142,350,685
58.02765,167,1290,-1746,531,4430,-142,350,685
58.02815,167,1290,-1747,531,4430,-142,350,685
58.02865,166,1290,-1747,531,4430,-143,349,685
58.02915,167,1290,-1747,531,4430,-142,349,685
58.02965,168,1290,-1747,531,4428,-143,349,685
58.03015,168,1289,-1747,531,4429,-142,350,686
58.03065,168,1290,-1747,531,4448,-143,349,685
58.03115,168,1289,-1747,531,4485,-143,350,686
58.03165,168,1290,-1747,531,4479,-142,349,687
58.03215,167,1290,-1747,531,4471,-142,350,687
58.03265,167,1290,-1747,531,4437,-142,350,687
58.03315,167,1290,-1748,531,4405,-143,350,687
58.03365,167,1290,-1748,531,4397,-144,350,687
58.03415,168,1290,-1748,532,4397,-144,350,686
58.03465,168,1290,-1748,532,4401,-144,350,687
58.03515,168,1290,-1748,532,4405,-144,350,687
58.03565,168,1289,-1747,532,4404,-144,350,687
58.03625,168,1289,-1747,532,4405,-144,350,686
58.03675,168,1289,-1746,533,4405,-145,350,686
58.03725,168,1289,-1747,533,4412,-145,350,686
58.03775,168,1289,-1747,533,4415,-145,350,687
58.03825,169,1289,-1747,533,4411,-145,350,687
58.03875,168,1289,-1747,533,4404,-145,350,687
58.03925,169,1289,-1747,533,4402,-145,350,687
58.03975,168,1290,-1747,533,4406,-145,350,687
58.04025,168,1290,-1747,533,4408,-145,350,687
58.04075,169,1290,-1747,532,4429,-145,350,687
58.04125,168,1289,-1747,530,4459,-145,350,688
58.04175,169,1290,-1747,528,4453,-146,350,688
58.04225,169,1290,-1748,528,4446,-146,350,688
58.04275,169,1290,-1748,529,4412,-146,350,689
58.04325,168,1290,-1748,530,4379,-146,351,688
58.04375,168,1290,-1748,531,4370,-146,351,689
58.04425,168,1291,-1748,531,4376,-147,351,688
58.04475,168,1291,-1747,531,4379,-147,351,688
58.04525,168,1291,-1746,531,4384,-148,351,687
58.04575,168,1290,-1746,531,4384,-148,350,687
58.04625,168,1291,-1746,532,4374,-149,350,687
58.04675,169,1290,-1747,532,4365,-148,350,687
58.04725,169,1290,-1749,533,4356,-149,350,687
58.04775,169,1290,-1750,534,4349,-148,349,688
58.04825,170,1289,-1749,533,4340,-149,349,688
58.04875,169,1290,-1748,532,4337,-148,349,688
58.04925,170,1289,-1747,532,4327,-149,349,689
58.04975,170,1289,-1748,533,4316,-148,349,689
58.05025,169,1289,-1749,534,4303,-148,350,690
58.05075,170,1289,-1749,534,4318,-148,349,690
58.05125,169,1289,-1748,533,4345,-148,349,690
58.05175,170,1288,-1747,531,4337,-148,349,690
58.05225,170,1288,-1746,528,4320,-148,348,690
58.05275,170,1289,-1747,527,4280,-149,348,689
58.05325,169,1289,-1747,529,4247,-150,348,689
58.05375,169,1289,-1748,531,4229,-150,349,688
58.05425,169,1289,-1749,532,4223,-150,349,688
58.05475,169,1289,-1750,533,4226,-151,350,687
58.05525,169,1289,-1751,535,4222,-151,349,687
58.05575,169,1289,-1751,535,4209,-151,350,687
58.05625,170,1289,-1753,534,4198,-151,350,687
58.05675,170,1288,-1754,534,4189,-151,350,687
58.05725,170,1288,-1754,534,4184,-152,350,687
58.05775,170,1289,-1751,533,4178,-151,349,687
58.05825,169,1289,-1748,532,4168,-152,350,687
58.05875,168,1289,-1747,532,4160,-152,349,687
58.05925,168,1289,-1747,532,4156,-151,350,687
58.05975,167,1290,-1746,532,4152,-152,350,687
58.06025,167,1290,-1746,532,4147,-151,350,686
58.06075,167,1289,-1746,531,4170,-151,350,687
58.06125,167,1289,-1746,529,4195,-152,350,687
58.06175,167,1288,-1748,530,4179,-153,351,687
58.06225,168,1288,-1749,530,4158,-152,351,688
58.06275,168,1288,-1750,532,4118,-153,352,688
58.06325,168,1288,-1750,533,4094,-152,351,689
58.06375,168,1288,-1749,534,4084,-153,350,689
58.06425,169,1288,-1748,533,4074,-153,349,689
58.06475,168,1287,-1747,532,4073,-153,349,689
58.06525,168,1288,-1746,531,4070,-153,349,688
58.06575,168,1287,-1745,532,4067,-154,349,688
58.06625,168,1287,-1746,533,4068,-153,349,688
58.06675,169,1287,-1747,535,4062,-154,350,688
58.06725,169,1287,-1748,535,4055,-154,350,688
58.06775,168,1286,-1748,537,4050,-154,350,688
58.06825,168,1286,-1748,537,4045,-154,350,689
58.06875,168,1286,-1748,536,4040,-154,351,688
58.06925,168,1286,-1747,533,4031,-154,350,688
58.06975,169,1285,-1747,531,4029,-154,350,687
58.07025,169,1285,-1747,530,4029,-155,349,688
58.07075,169,1285,-1748,531,4053,-155,348,688
58.07125,170,1284,-1749,534,4076,-155,349,689
58.07175,170,1284,-1749,536,4071,-155,349,689
58.07225,169,1284,-1750,538,4051,-156,349,689
58.07275,169,1283,-1749,536,4014,-156,349,688
58.07325,169,1283,-1746,532,3996,-156,349,688
58.07375,168,1283,-1743,528,3997,-157,349,688
58.07425,169,1283,-1742,527,3998,-158,349,687
58.07475,169,1283,-1743,530,3997,-159,349,686
58.07525,169,1283,-1744,532,3989,-159,349,686
58.07575,169,1283,-1745,533,3991,-159,349,686
58.07625,169,1282,-1746,534,3986,-159,349,687
58.07675,169,1283,-1746,535,3976,-159,349,687
58.07725,169,1283,-1746,534,3964,-159,349,688
58.07775,169,1283,-1746,534,3959,-159,349,687
58.07825,169,1282,-1747,535,3955,-159,349,686
58.07875,169,1282,-1747,536,3945,-160,349,685
58.07925,169,1281,-1746,536,3942,-160,349,684
58.07975,169,1281,-1746,534,3936,-160,348,685
58.08025,170,1281,-1746,531,3937,-160,348,685
58.08075,169,1280,-1747,530,3965,-161,347,685
58.08125,170,1280,-1748,528,3983,-162,347,685
58.08175,170,1280,-1749,527,3978,-162,347,685
58.08225,169,1280,-1747,528,3965,-163,348,685
58.08275,170,1280,-1746,528,3930,-163,349,685
58.08325,170,1280,-1745,529,3912,-163,349,686
58.08375,170,1280,-1746,529,3914,-163,349,687
58.08425,170,1280,-1746,528,3921,-164,348,688
58.08475,169,1280,-1747,528,3920,-164,348,688
58.08525,169,1280,-1749,529,3920,-163,348,689
58.08575,169,1280,-1751,531,3916,-163,348,690
58.08625,168,1279,-1752,532,3906,-163,349,691
58.08675,169,1279,-1751,534,3905,-164,349,691
58.08725,168,1279,-1750,535,3900,-164,350,692
58.08775,169,1278,-1750,535,3899,-164,349,692
58.08825,169,1278,-1751,535,3904,-163,349,693
58.08875,169,1278,-1750,535,3905,-163,349,693
58.08925,169,1278,-1747,532,3898,-163,348,693
58.08975,169,1277,-1744,530,3895,-162,347,692
58.09025,169,1277,-1742,528,3898,-162,346,692
58.09075,169,1276,-1741,527,3936,-163,346,691
58.09125,170,1276,-1741,527,3944,-164,347,690
58.09175,170,1275,-1742,529,3931,-164,347,690
58.09225,170,1275,-1744,529,3916,-165,347,690
58.09275,170,1275,-1745,530,3882,-165,347,690
58.09325,169,1275,-1745,530,3867,-166,347,690
58.09375,169,1275,-1745,531,3865,-166,347,690
58.09425,168,1275,-1745,532,3866,-167,348,689
58.09475,168,1276,-1745,533,3867,-167,348,690
58.09525,167,1276,-1745,533,3860,-167,348,689
58.09575,167,1275,-1746,533,3860,-168,348,689
58.09625,167,1275,-1747,534,3852,-168,348,689
58.09685,167,1275,-1748,535,3847,-168,349,689
58.09735,167,1274,-1748,535,3849,-168,348,689
58.09785,168,1274,-1747,534,3850,-168,348,689
58.09835,168,1274,-1746,534,3846,-169,348,688
58.09885,168,1274,-1745,531,3845,-169,348,688
58.09935,168,1273,-1745,530,3851,-169,347,687
58.09985,168,1273,-1746,530,3850,-170,347,688
58.10035,169,1273,-1747,531,3853,-170,347,688
58.10085,169,1273,-1747,531,3897,-170,347,688
58.10135,169,1272,-1747,531,3909,-170,347,688
58.10185,169,1272,-1746,532,3903,-170,348,688
58.10235,169,1272,-1745,533,3885,-170,348,688
58.10285,169,1271,-1745,533,3851,-171,348,688
58.10335,169,1271,-1745,533,3840,-170,348,689
58.10385,170,1271,-1745,531,3842,-170,347,689
58.10435,170,1270,-1744,531,3845,-170,347,690
58.10485,170,1270,-1744,531,3853,-171,346,690
58.10535,170,1270,-1744,531,3865,-171,346,690
58.10585,171,1269,-1743,530,3870,-171,346,689
58.10635,171,1269,-1745,530,3873,-171,346,689
58.10685,171,1269,-1746,530,3869,-172,347,688
58.10735,171,1269,-1747,533,3871,-172,347,688
58.10785,171,1268,-1748,535,3881,-172,347,688
58.10835,170,1268,-1748,536,3886,-172,347,688
58.10885,170,1268,-1748,537,3887,-173,347,687
58.10935,170,1268,-1746,536,3888,-173,347,688
58.10985,170,1267,-1747,535,3883,-173,347,688
58.11035,170,1267,-1746,535,3897,-173,347,688
58.11085,170,1266,-1746,534,3939,-173,346,688
58.11135,170,1266,-1745,532,3952,-173,346,689
58.11185,169,1266,-1745,530,3950,-173,346,688
58.11235,169,1266,-1744,529,3925,-173,347,688
58.11285,169,1266,-1745,531,3893,-174,348,688
58.11335,169,1266,-1745,533,3882,-174,347,688
58.11385,169,1266,-1745,534,3881,-174,348,687
58.11435,169,1266,-1744,534,3885,-174,347,687
58.11485,168,1266,-1744,533,3881,-174,347,687
58.11535,168,1266,-1744,533,3878,-174,346,688
58.11585,168,1266,-1745,533,3881,-173,346,689
58.11635,168,1266,-1745,532,3885,-174,346,690
58.11685,169,1265,-1744,531,3883,-173,347,690
58.11735,169,1265,-1744,532,3889,-173,347,690
58.11785,169,1264,-1745,532,3896,-174,348,690
58.11835,169,1264,-1745,533,3898,-174,348,690
58.11885,169,1264,-1746,533,3899,-174,348,689
58.11935,169,1264,-1746,533,3895,-174,348,688
58.11985,169,1263,-1745,532,3904,-174,347,688
58.12035,169,1263,-1745,532,3924,-174,347,688
58.12085,169,1263,-1745,533,3965,-173,347,688
58.12135,169,1263,-1745,533,3969,-173,347,688
58.12185,169,1262,-1745,533,3965,-172,347,688
58.12235,169,1263,-1745,532,3945,-172,346,688
58.12285,169,1262,-1745,532,3914,-172,347,688
58.12335,169,1262,-1745,532,3910,-172,346,688
58.12385,169,1262,-1744,532,3919,-171,345,689
58.12435,169,1261,-1744,532,3929,-171,345,689
58.12485,169,1261,-1744,532,3934,-170,345,689
58.12535,169,1261,-1743,532,3941,-170,345,689
58.12585,169,1261,-1744,532,3951,-170,345,689
58.12635,170,1261,-1743,533,3959,-169,345,689
58.12685,170,1261,-1742,533,3968,-169,345,689
58.12735,170,1261,-1743,534,3976,-169,345,689
58.12785,170,1261,-1744,534,3984,-169,345,689
58.12835,170,1260,-1744,534,3992,-169,345,688
58.12885,170,1260,-1744,534,3998,-169,345,689
58.12935,171,1260,-1744,534,4003,-169,345,688
58.12985,170,1260,-1744,533,3998,-169,346,689
58.13035,170,1260,-1744,533,4013,-169,345,688
58.13085,170,1260,-1744,533,4046,-169,344,688
58.13135,170,1260,-1744,533,4049,-169,345,688
58.13185,169,1260,-1744,533,4041,-169,345,688
58.13235,169,1259,-1744,533,4016,-169,345,688
58.13285,169,1259,-1744,533,3988,-169,345,688
58.13335,170,1259,-1744,533,3985,-169,345,688
58.13385,170,1258,-1744,533,3992,-169,345,688
58.13435,170,1258,-1744,534,4003,-169,345,688
58.13485,170,1258,-1744,534,4011,-168,345,688
58.13535,170,1258,-1745,535,4016,-169,345,688
58.13585,169,1258,-1745,535,4021,-168,346,688
58.13635,170,1257,-1745,535,4026,-168,345,688
58.13685,170,1257,-1745,534,4031,-169,345,687
58.13735,170,1257,-1745,534,4034,-168,345,687
58.13785,170,1257,-1744,533,4030,-169,345,687
58.13835,170,1256,-1744,533,4031,-168,345,687
58.13885,170,1257,-1744,533,4038,-168,344,687
58.13935,170,1257,-1744,533,4043,-168,345,686
58.13985,170,1257,-1744,533,4049,-168,345,687
58.14035,170,1256,-1744,534,4067,-168,345,687
58.14085,171,1256,-1744,534,4102,-168,344,687
58.14135,171,1256,-1744,534,4099,-168,345,686
58.14185,171,1256,-1744,533,4090,-168,345,686
58.14235,172,1256,-1744,534,4067,-169,346,686
58.14285,171,1255,-1744,534,4036,-168,346,687
58.14335,172,1256,-1744,534,4027,-168,345,688
58.14385,172,1255,-1744,534,4023,-168,346,688
58.14435,172,1255,-1744,535,4032,-168,346,688
58.14485,172,1255,-1744,534,4038,-168,346,688
58.14535,172,1255,-1745,535,4039,-168,346,688
58.14585,172,1255,-1745,534,4039,-167,347,687
58.14635,172,1254,-1744,534,4035,-168,347,687
58.14685,172,1254,-1745,535,4029,-168,347,687
58.14735,172,1253,-1744,535,4029,-168,347,686
58.14785,172,1253,-1744,535,4033,-168,346,686
58.14835,172,1253,-1743,534,4041,-167,347,687
58.14885,172,1253,-1743,534,4044,-168,346,687
58.14935,171,1252,-1743,534,4036,-168,346,687
58.14985,170,1254,-1743,534,4037,-167,346,687
58.15035,170,1254,-1744,535,4057,-167,346,687
58.15085,170,1254,-1745,534,4095,-167,345,687
58.15135,170,1254,-1745,533,4097,-167,345,687
58.15185,169,1254,-1744,533,4091,-167,346,687
58.15235,169,1254,-1744,534,4065,-167,346,687
58.15285,169,1254,-1744,534,4039,-168,346,687
58.15335,169,1254,-1744,534,4036,-167,346,687
58.15385,169,1254,-1744,534,4039,-168,345,687
58.15435,170,1254,-1745,534,4047,-167,346,687
58.15485,169,1254,-1744,535,4050,-167,346,687
58.15535,170,1254,-1745,535,4054,-167,346,687
58.15585,170,1253,-1745,534,4060,-168,345,687
58.15635,170,1254,-1745,535,4061,-167,345,687
58.156948,170,1253,-1745,535,4060,-168,345,687
58.15745,171,1253,-1746,535,4061,-168,345,687
58.15795,171,1252,-1745,535,4060,-168,345,687
58.15845,171,1252,-1744,534,4055,-168,345,687
58.15895,172,1251,-1743,535,4051,-168,345,686
58.15945,172,1251,-1743,534,4054,-168,345,685
58.15995,172,1251,-1743,534,4064,-168,345,685
58.16045,172,1252,-1743,535,4084,-168,345,685
58.16095,171,1252,-1743,535,4120,-168,345,686
58.16145,171,1252,-1744,535,4121,-168,346,686
58.16195,171,1252,-1744,535,4118,-168,346,685
58.16245,171,1252,-1744,534,4088,-168,346,685
58.16295,172,1251,-1744,535,4051,-168,346,685
58.16345,172,1251,-1744,535,4046,-167,345,685
58.16395,172,1250,-1744,535,4052,-168,345,685
58.16445,171,1250,-1744,535,4059,-168,346,686
58.16495,171,1250,-1744,535,4066,-167,346,686
58.16545,171,1250,-1744,535,4075,-167,346,685
58.16595,171,1250,-1744,536,4080,-167,345,685
58.16645,171,1250,-1744,535,4077,-167,345,685
58.16695,171,1250,-1744,535,4077,-168,345,685
58.16745,170,1251,-1744,534,4081,-167,345,685
58.16795,169,1252,-1744,535,4085,-168,345,685
58.16845,169,1252,-1744,534,4088,-168,345,685
58.16895,169,1252,-1744,535,4091,-168,345,685
58.16945,168,1251,-1744,534,4093,-168,345,685
58.16995,169,1251,-1744,535,4093,-167,345,686
58.17045,170,1251,-1744,535,4121,-167,344,686
58.17095,170,1251,-1744,535,4161,-167,345,686
58.17145,170,1250,-1745,535,4164,-167,345,686
58.17195,171,1250,-1745,535,4159,-167,345,686
58.17245,171,1250,-1744,534,4132,-167,346,686
58.17295,171,1250,-1744,534,4108,-167,345,686
58.17345,171,1250,-1743,534,4105,-167,345,686
58.17395,170,1250,-1743,534,4109,-166,345,686
58.17445,170,1250,-1743,534,4117,-166,345,685
58.17495,170,1251,-1743,534,4124,-166,345,685
58.17545,171,1250,-1743,535,4124,-166,346,685
58.17595,171,1250,-1744,534,4127,-166,346,685
58.17645,171,1250,-1745,535,4132,-166,346,684
58.17695,171,1250,-1744,535,4136,-166,346,683
58.17745,171,1249,-1745,535,4146,-166,346,682
58.17795,172,1249,-1745,536,4151,-167,346,680
58.17845,172,1249,-1745,535,4158,-167,346,680
58.17895,172,1249,-1744,535,4163,-167,346,680
58.17945,171,1249,-1744,535,4170,-166,346,680
58.17995,171,1249,-1745,536,4175,-167,346,680
58.18045,171,1249,-1745,536,4207,-166,346,680
58.18095,172,1249,-1745,536,4242,-166,346,680
58.18145,172,1248,-1745,535,4244,-166,346,681
58.18195,172,1248,-1745,535,4239,-166,346,681
58.18245,172,1249,-1746,535,4207,-167,347,682
58.18295,172,1249,-1746,535,4189,-167,347,682
58.18345,172,1248,-1746,535,4199,-166,347,683
58.18395,172,1248,-1745,535,4209,-166,347,684
58.18445,172,1248,-1745,534,4219,-166,346,685
58.18495,172,1248,-1745,534,4231,-166,346,685
58.18545,172,1248,-1744,534,4236,-166,346,686
58.18595,172,1248,-1743,535,4242,-166,346,686
58.18645,171,1249,-1744,535,4253,-165,346,686
58.18695,170,1249,-1744,534,4260,-164,346,687
58.18745,171,1249,-1743,535,4265,-164,345,687
58.18795,171,1249,-1743,535,4267,-163,346,688
58.18845,170,1249,-1743,534,4273,-163,345,688
58.18895,170,1249,-1744,535,4284,-163,346,687
58.18945,170,1248,-1744,535,4289,-164,346,686
58.18995,171,1248,-1745,536,4286,-164,346,684
58.19045,171,1248,-1745,536,4325,-164,345,684
58.19095,171,1248,-1745,536,4357,-164,346,683
58.19145,171,1248,-1745,537,4357,-164,346,683
58.19195,171,1248,-1745,536,4348,-164,346,683
58.19245,171,1248,-1745,536,4320,-164,346,683
58.19295,171,1248,-1745,536,4307,-164,346,683
58.19345,171,1249,-1745,535,4311,-164,346,682
58.19395,171,1248,-1745,534,4319,-164,346,682
58.19445,171,1249,-1745,534,4332,-164,346,682
58.19495,171,1249,-1745,534,4336,-164,346,682
58.19545,171,1249,-1745,534,4342,-164,346,682
58.19595,171,1248,-1745,535,4345,-164,346,683
58.19645,171,1248,-1745,534,4343,-164,346,684
58.19695,171,1248,-1745,535,4336,-163,346,683
58.19745,171,1248,-1745,535,4339,-163,346,683
58.19795,172,1248,-1745,535,4339,-163,346,682
58.19845,172,1248,-1745,536,4336,-164,346,682
58.19895,172,1248,-1745,536,4341,-163,346,682
58.19945,172,1248,-1745,536,4345,-163,347,681
58.19995,172,1248,-1746,537,4347,-163,346,681
58.20045,172,1247,-1745,537,4378,-163,346,681
58.20095,173,1247,-1745,536,4403,-163,346,681
58.20145,173,1247,-1743,535,4400,-163,346,680
58.20195,173,1247,-1743,534,4389,-164,346,680
58.20245,173,1247,-1744,534,4358,-163,347,680
58.20295,173,1248,-1744,533,4340,-163,347,681
58.20345,172,1248,-1745,533,4343,-162,346,681
58.20395,172,1248,-1745,533,4348,-162,346,682
58.20445,172,1248,-1744,533,4356,-162,347,682
58.20495,173,1248,-1744,533,4363,-162,346,682
58.20545,172,1248,-1745,533,4362,-161,347,682
58.20595,172,1248,-1745,534,4358,-161,347,682
58.20645,173,1248,-1745,533,4353,-161,346,682
58.20695,173,1248,-1744,534,4348,-161,346,681
58.20745,173,1248,-1745,533,4343,-162,347,680
58.20795,173,1248,-1745,534,4337,-162,346,680
58.20845,173,1248,-1745,534,4338,-162,346,680
58.20895,173,1247,-1745,535,4336,-162,346,679
58.20945,173,1247,-1745,534,4331,-162,346,679
58.20995,173,1247,-1746,535,4320,-162,346,678
58.21045,173,1247,-1746,535,4352,-161,346,679
58.21095,173,1247,-1746,535,4372,-161,346,679
58.21145,173,1247,-1746,535,4361,-160,346,679
58.21195,173,1247,-1747,535,4345,-160,347,679
58.21245,172,1247,-1748,535,4310,-161,346,679
58.21295,173,1247,-1748,535,4291,-160,347,679
58.21345,173,1247,-1748,535,4288,-161,346,678
58.21395,173,1247,-1747,535,4292,-161,346,678
58.21445,173,1248,-1747,534,4304,-161,346,676
58.21495,173,1248,-1746,534,4308,-161,346,676
58.21545,173,1248,-1745,533,4309,-161,346,677
58.21595,173,1248,-1744,534,4312,-161,347,677
58.21645,173,1247,-1744,534,4309,-161,346,677
58.21695,173,1247,-1745,534,4307,-161,346,677
58.21745,173,1247,-1745,534,4310,-161,347,677
58.21805,172,1248,-1746,535,4314,-161,347,678
58.21855,173,1248,-1746,534,4315,-161,347,677
58.21905,172,1248,-1745,533,4321,-160,347,677
58.21955,173,1248,-1744,533,4325,-160,346,677
58.22005,173,1248,-1744,533,4335,-160,346,677
58.22055,173,1248,-1745,534,4385,-160,345,678
58.22105,172,1248,-1745,534,4414,-160,346,678
58.22155,173,1248,-1746,535,4425,-160,346,677
58.22205,172,1248,-1746,535,4415,-160,346,677
58.22255,173,1247,-1746,536,4372,-160,346,677
58.22305,173,1248,-1747,537,4348,-160,346,677
58.22355,173,1248,-1747,538,4335,-160,346,677
58.22405,172,1247,-1747,538,4325,-160,347,677
58.22455,173,1247,-1747,539,4317,-159,347,677
58.22505,173,1247,-1747,537,4310,-159,346,678
58.22555,173,1248,-1747,535,4307,-158,347,678
58.22605,172,1247,-1747,532,4309,-158,347,678
58.22655,172,1247,-1747,531,4306,-159,347,677
58.22705,172,1247,-1746,531,4302,-158,347,677
58.22755,172,1247,-1747,532,4296,-158,347,676
58.22805,172,1247,-1746,533,4295,-159,347,675
58.22855,172,1247,-1746,533,4298,-159,347,675
58.22905,173,1247,-1745,533,4293,-158,347,674
58.22955,172,1247,-1744,533,4288,-158,347,674
58.23005,172,1246,-1743,534,4295,-158,347,675
58.23055,172,1246,-1744,534,4335,-157,347,676
58.23105,173,1246,-1744,533,4338,-157,346,676
58.23155,172,1246,-1745,533,4336,-157,347,676
58.23205,172,1247,-1745,533,4321,-157,347,676
58.23255,172,1247,-1746,534,4286,-157,347,676
58.23305,172,1247,-1746,535,4273,-157,347,675
58.23355,172,1247,-1746,535,4271,-158,347,674
58.23405,172,1247,-1745,535,4268,-158,347,674
58.23455,172,1247,-1745,535,4275,-158,347,674
58.23505,172,1247,-1745,536,4279,-157,347,674
58.23555,172,1247,-1746,536,4284,-157,347,675
58.23605,171,1247,-1746,536,4286,-157,346,675
58.23655,171,1247,-1746,535,4279,-157,347,676
58.23705,171,1247,-1746,536,4275,-157,347,676
58.23755,171,1248,-1747,536,4281,-157,347,675
58.23805,171,1247,-1746,536,4285,-156,346,675
58.23855,171,1247,-1746,535,4278,-156,346,675
58.23905,171,1247,-1746,535,4273,-156,346,676
58.23955,171,1248,-1745,535,4274,-156,346,676
58.24005,171,1247,-1745,535,4286,-156,346,676
58.24055,172,1247,-1745,534,4329,-155,346,676
58.24105,172,1247,-1744,532,4334,-155,346,676
58.24155,171,1247,-1745,531,4325,-155,347,676
58.24205,171,1247,-1745,531,4300,-155,347,676
58.24255,171,1248,-1746,532,4263,-155,347,676
58.24305,170,1247,-1747,533,4252,-154,347,676
58.24355,170,1247,-1747,534,4254,-154,347,676
58.24405,171,1247,-1748,535,4259,-154,346,677
58.24455,171,1247,-1748,535,4260,-154,347,676
58.24505,171,1246,-1747,536,4257,-154,347,676
58.24555,171,1247,-1745,535,4262,-154,347,676
58.24605,171,1246,-1745,534,4264,-154,347,676
58.24655,171,1247,-1747,533,4264,-154,347,676
58.24705,171,1247,-1747,534,4260,-154,347,676
58.24755,171,1247,-1744,535,4259,-154,347,676
58.24805,171,1247,-1741,535,4259,-154,347,676
58.24855,171,1247,-1742,535,4259,-154,347,676
58.24905,172,1247,-1744,535,4259,-154,347,676
58.24955,171,1247,-1747,537,4259,-154,347,677
58.25005,171,1247,-1749,538,4264,-154,347,677
58.25055,171,1247,-1751,538,4298,-153,346,676
58.25105,171,1247,-1751,536,4302,-154,347,677
58.25155,171,1246,-1751,533,4301,-153,347,676
58.25205,170,1247,-1750,532,4278,-154,347,676
58.25255,170,1247,-1748,533,4249,-153,348,676
58.25305,170,1247,-1746,536,4240,-153,347,676
58.25355,170,1247,-1746,539,4239,-153,347,676
58.25405,170,1247,-1746,539,4244,-153,347,676
58.25455,170,1247,-1746,538,4247,-153,348,676
58.25505,170,1248,-1746,536,4248,-153,348,676
58.25555,170,1247,-1745,535,4249,-153,347,676
58.25605,170,1248,-1744,535,4249,-153,348,677
58.25655,171,1248,-1743,535,4247,-153,348,677
58.25705,170,1248,-1743,535,4239,-152,348,677
58.25755,171,1247,-1745,535,4237,-152,348,677
58.25805,171,1247,-1745,534,4239,-152,348,677
58.25855,171,1247,-1744,533,4237,-151,348,677
58.25905,171,1247,-1743,531,4234,-151,348,678
58.25955,171,1247,-1744,531,4237,-151,348,678
58.26005,171,1247,-1746,533,4257,-151,348,678
58.26055,171,1247,-1747,535,4295,-151,347,678
58.26105,171,1247,-1748,535,4296,-151,347,678
58.26155,170,1248,-1746,533,4289,-151,346,678
58.26205,170,1248,-1743,529,4265,-151,346,678
58.26255,171,1248,-1742,525,4234,-151,345,677
58.26305,170,1247,-1743,525,4226,-150,345,678
58.26355,171,1248,-1745,527,4224,-151,345,678
58.26405,171,1247,-1746,529,4233,-150,345,678
58.26455,170,1248,-1746,530,4240,-150,345,678
58.26505,170,1248,-1744,531,4243,-150,346,678
58.26555,170,1248,-1744,531,4246,-150,345,678
58.26605,169,1248,-1744,532,4246,-150,346,678
58.26655,169,1248,-1744,533,4245,-150,346,678
58.26705,168,1248,-1745,535,4248,-150,346,678
58.26755,168,1248,-1745,538,4251,-149,346,678
58.26805,168,1248,-1746,540,4253,-150,346,678
58.26855,169,1248,-1747,541,4254,-149,346,679
58.26905,168,1248,-1748,541,4254,-149,347,679
58.26955,168,1248,-1749,541,4246,-149,347,679
58.27005,169,1248,-1747,538,4260,-148,346,680
58.27055,168,1248,-1747,531,4301,-148,345,680
58.27105,168,1248,-1746,528,4309,-148,344,679
58.27155,168,1248,-1744,526,4305,-148,345,679
58.27205,168,1249,-1742,526,4275,-148,345,679
58.27255,168,1249,-1740,525,4243,-148,345,680
58.27305,168,1249,-1740,526,4235,-147,346,680
58.27355,168,1249,-1741,529,4240,-147,346,680
58.27405,168,1249,-1742,530,4242,-147,347,680
58.27455,168,1249,-1743,531,4240,-147,347,680
58.27505,167,1249,-1744,530,4239,-147,347,680
58.27555,167,1249,-1744,529,4241,-147,346,680
58.27605,168,1249,-1745,531,4240,-147,346,680
58.27655,167,1249,-1746,533,4237,-147,346,680
58.27705,167,1249,-1746,534,4233,-146,346,680
58.27755,167,1250,-1746,534,4231,-146,346,680
58.27805,168,1250,-1744,532,4231,-146,346,680
58.27855,167,1250,-1744,532,4228,-146,347,679
58.27905,168,1250,-1745,532,4224,-146,347,680
58.27965,168,1250,-1746,533,4218,-146,347,680
58.28015,168,1249,-1746,533,4238,-146,346,680
58.28065,169,1249,-1745,533,4278,-146,346,680
58.28115,169,1249,-1744,532,4279,-145,346,680
58.28165,169,1249,-1743,534,4273,-145,346,680
58.28215,169,1249,-1744,534,4244,-145,347,680
58.28265,169,1249,-1744,534,4213,-145,347,680
58.28315,169,1248,-1743,533,4209,-145,347,681
58.28365,169,1248,-1743,533,4212,-145,346,681
58.28415,169,1248,-1745,533,4212,-144,346,682
58.28465,169,1248,-1746,533,4216,-144,346,683
58.28515,168,1249,-1746,532,4222,-143,346,683
58.28565,168,1249,-1747,532,4220,-143,346,683
58.286148,168,1249,-1747,532,4219,-143,346,683
58.28665,168,1249,-1747,531,4220,-143,347,683
58.28715,168,1250,-1747,531,4219,-143,346,683
58.28765,168,1249,-1747,531,4219,-144,346,683
58.28815,168,1250,-1745,532,4220,-143,346,682
58.28865,167,1250,-1743,532,4222,-143,346,682
58.28915,167,1251,-1742,532,4226,-143,346,681
58.28965,167,1251,-1742,533,4223,-142,346,680
58.29015,166,1252,-1742,536,4228,-143,346,679
58.29065,165,1252,-1744,538,4261,-143,346,678
58.29115,165,1253,-1745,540,4255,-144,347,678
58.29165,166,1252,-1746,540,4246,-143,346,678
58.29215,165,1252,-1747,540,4218,-143,346,678
58.29265,165,1253,-1747,538,4191,-143,347,679
58.29315,165,1253,-1746,536,4184,-142,347,680
58.29365,165,1252,-1746,536,4179,-143,347,680
58.29415,166,1252,-1745,537,4187,-143,346,681
58.29465,166,1252,-1745,536,4191,-143,346,681
58.29515,166,1251,-1744,534,4185,-142,346,682
58.29565,166,1251,-1743,531,4183,-142,346,683
58.29615,166,1251,-1742,526,4185,-142,346,683
58.29665,165,1251,-1742,525,4178,-141,347,684
58.29715,165,1251,-1743,525,4171,-141,347,685
58.29765,165,1251,-1744,527,4173,-140,347,686
58.29815,165,1252,-1745,529,4170,-140,347,687
58.29865,165,1252,-1745,530,4171,-140,347,687
58.29915,165,1253,-1746,531,4166,-139,347,688
58.29965,165,1253,-1746,532,4168,-139,346,688
58.30015,165,1253,-1745,533,4200,-137,346,689
58.30065,165,1253,-1744,532,4244,-137,346,688
58.30115,165,1253,-1743,532,4254,-138,346,687
58.30165,165,1253,-1744,531,4279,-138,345,687
58.30215,165,1252,-1744,531,4280,-138,345,686
58.30265,165,1252,-1746,532,4270,-138,345,686
58.30315,165,1252,-1746,532,4248,-138,345,686
58.30365,165,1253,-1745,532,4205,-138,346,686
58.30415,164,1253,-1745,532,4159,-138,346,686
58.30465,164,1253,-1744,531,4110,-138,346,686
58.30515,163,1254,-1743,531,4063,-138,346,686
58.30565,164,1254,-1744,532,4023,-138,347,686
58.30615,164,1253,-1743,532,3996,-138,347,686
58.30665,164,1253,-1742,533,3977,-138,347,686
58.30715,164,1254,-1742,533,3963,-138,348,686
58.30765,164,1254,-1743,533,3945,-138,347,686
58.30815,164,1254,-1744,535,3917,-137,348,685
58.30865,164,1254,-1746,536,3887,-138,347,686
58.30915,164,1254,-1745,535,3856,-137,348,686
58.30965,163,1254,-1744,532,3832,-137,347,686
58.31015,164,1254,-1742,531,3843,-137,347,686
58.31065,164,1254,-1743,530,3868,-137,347,686
58.31115,164,1255,-1742,531,3867,-137,346,686
58.31165,164,1255,-1743,531,3871,-137,346,685
58.31215,163,1255,-1743,531,3854,-137,346,685
58.31265,163,1255,-1743,531,3843,-136,346,685
58.31315,163,1255,-1743,531,3863,-136,346,685
58.31365,163,1256,-1743,533,3898,-136,346,685
58.31415,163,1256,-1744,535,3936,-135,346,686
58.31465,163,1256,-1744,536,3973,-135,346,686
58.31515,163,1256,-1744,535,4018,-135,346,686
58.31565,164,1256,-1744,533,4055,-135,345,686
58.31615,164,1255,-1745,532,4085,-135,346,686
58.31665,164,1256,-1745,532,4115,-134,345,687
58.31715,163,1255,-1745,533,4141,-134,345,688
58.31765,164,1255,-1745,532,4164,-134,345,688
58.31815,163,1255,-1744,532,4195,-133,345,687
58.31865,163,1255,-1743,532,4221,-133,345,687
58.31915,163,1255,-1743,531,4236,-133,345,687
58.31965,163,1255,-1742,532,4254,-133,345,687
58.32015,163,1255,-1742,534,4299,-133,345,687
58.32065,163,1255,-1742,534,4346,-133,344,687
58.32115,164,1255,-1742,534,4362,-133,345,687
58.32165,164,1255,-1742,534,4366,-133,345,687
58.32215,164,1256,-1742,533,4340,-134,345,687
58.32265,162,1256,-1743,533,4319,-133,345,688
58.32315,162,1256,-1744,534,4316,-133,344,687
58.32365,162,1257,-1745,534,4315,-133,344,687
58.32415,162,1257,-1745,533,4305,-132,344,688
58.32465,161,1257,-1746,534,4296,-132,344,688
58.32515,161,1257,-1745,534,4296,-132,344,688
58.32565,162,1257,-1745,534,4292,-132,344,689
58.32615,162,1257,-1745,534,4286,-132,345,688
58.32665,161,1257,-1745,534,4279,-132,344,689
58.32715,161,1258,-1744,534,4279,-132,344,689
58.32765,161,1258,-1744,532,4275,-131,344,689
58.32815,161,1258,-1744,532,4270,-131,344,689
58.32865,161,1258,-1745,532,4267,-132,345,688
58.32915,160,1258,-1745,533,4267,-131,345,688
58.32965,161,1258,-1744,533,4269,-131,345,687
58.33015,161,1257,-1744,533,4291,-130,345,688
58.33065,161,1257,-1744,533,4302,-130,345,687
58.33115,161,1257,-1743,533,4290,-131,345,687
58.33165,161,1258,-1743,533,4264,-131,346,687
58.33215,160,1258,-1743,534,4220,-130,346,687
58.33265,160,1258,-1743,534,4196,-130,346,688
58.33315,161,1258,-1743,535,4189,-129,346,689
58.33365,160,1258,-1744,535,4191,-129,346,689
58.33415,160,1258,-1744,536,4189,-129,346,690
58.33465,160,1258,-1745,536,4189,-129,346,690
58.33515,160,1257,-1744,537,4196,-129,347,690
58.33565,160,1258,-1744,536,4200,-129,347,690
58.33615,160,1258,-1743,534,4203,-130,347,690
58.33665,160,1258,-1743,531,4208,-130,347,689
58.33715,161,1258,-1742,530,4211,-130,347,690
58.33765,161,1258,-1742,530,4212,-129,347,689
58.33815,161,1258,-1743,531,4220,-130,347,689
58.33865,161,1258,-1743,532,4221,-129,347,690
58.33915,161,1258,-1743,533,4226,-129,347,691
58.33965,161,1258,-1743,533,4244,-128,347,692
58.34015,161,1258,-1743,533,4286,-128,346,693
58.34075,160,1258,-1743,533,4321,-128,346,694
58.34125,161,1259,-1743,533,4321,-127,346,693
58.34175,160,1258,-1743,533,4321,-127,346,694
58.34225,160,1259,-1743,532,4295,-127,346,693
58.34275,161,1258,-1743,533,4292,-127,346,693
58.34325,161,1258,-1743,533,4297,-127,345,692
58.34375,161,1258,-1743,533,4305,-127,345,692
58.34425,160,1259,-1743,534,4323,-127,345,692
58.34475,159,1259,-1743,533,4333,-127,345,692
58.34525,159,1259,-1743,534,4342,-127,345,692
58.34575,159,1259,-1743,533,4356,-127,345,692
58.34625,159,1259,-1743,533,4377,-126,345,692
58.34675,159,1259,-1743,534,4403,-127,345,692
58.347248,159,1259,-1743,533,4428,-127,345,692
58.34775,159,1259,-1743,533,4441,-128,345,691
58.34825,159,1259,-1743,533,4441,-128,345,691
58.34875,159,1260,-1743,533,4427,-128,345,690
58.34925,159,1260,-1742,533,4410,-127,345,690
58.34975,159,1260,-1742,533,4397,-127,346,691
58.35025,159,1260,-1742,533,4415,-126,345,691
58.35075,159,1260,-1742,533,4414,-127,346,692
58.35125,159,1260,-1743,532,4401,-126,345,692
58.35175,159,1260,-1743,532,4394,-126,345,692
58.35225,159,1261,-1743,532,4369,-126,346,692
58.35275,158,1261,-1743,532,4364,-125,346,692
58.35325,158,1262,-1743,532,4373,-125,346,693
58.35375,158,1262,-1743,532,4388,-125,345,693
58.35425,158,1261,-1742,532,4400,-125,346,693
58.35475,158,1261,-1741,532,4418,-125,345,693
58.35525,159,1261,-1740,532,4438,-125,345,693
58.35575,158,1261,-1741,532,4455,-125,345,693
58.35625,158,1261,-1741,532,4468,-124,345,694
58.35675,158,1262,-1741,532,4480,-124,345,693
58.35725,158,1262,-1741,532,4488,-124,345,693
58.35775,158,1262,-1741,532,4488,-124,345,693
58.35825,158,1261,-1742,532,4491,-124,345,693
58.35875,158,1261,-1742,531,4491,-125,346,692
58.35925,158,1262,-1742,532,4487,-125,346,692
58.35975,158,1261,-1742,532,4490,-124,346,692
58.36025,158,1261,-1742,532,4525,-124,345,691
58.36075,158,1261,-1742,532,4536,-125,345,692
58.36125,158,1261,-1741,532,4528,-125,345,691
58.36175,158,1262,-1741,531,4520,-124,345,692
58.36225,158,1262,-1741,531,4486,-124,345,692
58.36275,158,1262,-1741,531,4477,-124,345,692
58.36325,158,1262,-1741,531,4484,-123,345,692
58.36375,158,1262,-1741,532,4493,-123,345,692
58.36425,158,1262,-1741,531,4502,-123,345,692
58.36475,158,1262,-1741,531,4509,-123,345,692
58.36525,158,1262,-1740,531,4516,-123,345,692
58.36575,158,1262,-1741,531,4521,-124,345,692
58.36625,158,1262,-1741,531,4524,-123,345,691
58.36675,158,1262,-1741,531,4521,-123,345,691
58.36725,158,1262,-1741,531,4512,-123,345,691
58.36775,158,1263,-1740,531,4506,-122,345,691
58.36825,158,1263,-1741,531,4503,-122,345,691
58.36875,158,1262,-1741,531,4499,-122,346,691
58.36925,158,1263,-1741,531,4495,-122,345,691
58.36975,158,1263,-1741,531,4497,-121,345,691
58.37025,159,1262,-1741,532,4535,-122,345,692
58.37075,158,1262,-1741,531,4549,-121,345,691
58.37125,158,1263,-1741,531,4548,-121,345,691
58.37175,158,1262,-1741,531,4522,-121,346,691
58.37225,158,1263,-1741,531,4487,-121,346,691
58.37275,158,1263,-1741,531,4476,-121,346,691
58.37325,158,1263,-1741,531,4471,-121,346,691
58.37375,157,1263,-1741,531,4471,-120,347,692
58.37425,157,1263,-1741,531,4467,-120,346,692
58.37475,157,1263,-1741,531,4462,-120,346,692
58.37525,157,1263,-1741,531,4454,-120,347,691
58.37575,157,1263,-1741,531,4443,-119,347,691
58.37625,157,1264,-1740,531,4428,-119,346,691
58.37675,157,1264,-1741,531,4418,-120,347,691
58.37725,157,1264,-1740,531,4409,-120,347,691
58.37775,157,1264,-1740,531,4405,-120,347,692
58.37825,158,1264,-1740,531,4409,-119,347,692
58.37875,157,1264,-1740,531,4417,-119,347,692
58.37925,158,1264,-1741,531,4414,-119,347,691
58.37975,158,1264,-1741,531,4418,-118,347,691
58.38025,158,1264,-1741,532,4442,-119,347,692
58.38075,158,1264,-1741,531,4434,-119,347,691
58.38125,157,1264,-1741,531,4423,-119,347,690
58.38175,157,1264,-1741,531,4392,-119,347,690
58.38225,157,1264,-1741,531,4366,-120,348,690
58.38275,157,1264,-1740,531,4366,-119,348,690
58.38325,157,1264,-1740,531,4373,-119,348,690
58.38375,157,1264,-1739,531,4384,-118,348,690
58.38425,157,1265,-1739,531,4388,-118,348,692
58.38475,157,1264,-1740,531,4387,-117,348,692
58.38525,158,1264,-1740,530,4384,-117,347,693
58.38575,158,1264,-1740,531,4378,-118,347,693
58.38625,158,1264,-1741,530,4359,-117,347,693
58.38675,158,1264,-1741,530,4348,-117,347,693
58.38725,157,1264,-1741,530,4340,-117,347,693
58.38775,157,1265,-1741,531,4328,-117,347,693
58.38825,158,1265,-1741,531,4316,-117,348,692
58.38875,157,1265,-1741,531,4310,-117,348,691
58.38925,157,1265,-1741,531,4309,-117,349,690
58.38975,157,1265,-1741,531,4312,-117,349,688
58.39025,157,1265,-1741,532,4347,-117,349,688
58.39075,157,1265,-1741,531,4348,-117,349,687
58.39125,157,1266,-1741,531,4338,-117,348,687
58.39175,157,1266,-1741,531,4305,-117,348,687
58.39225,157,1266,-1741,532,4278,-117,348,687
58.39275,157,1266,-1741,531,4275,-117,347,687
58.39325,157,1266,-1741,532,4278,-117,347,688
58.39375,157,1266,-1741,531,4281,-117,347,689
58.39425,157,1266,-1740,531,4284,-117,346,689
58.39475,157,1266,-1741,531,4280,-117,346,690
58.39525,157,1266,-1741,531,4282,-117,346,690
58.39575,156,1266,-1741,531,4286,-117,346,690
58.39625,156,1266,-1741,531,4286,-117,345,691
58.39675,155,1266,-1740,531,4284,-117,345,692
58.39725,155,1267,-1740,532,4278,-117,345,693
58.39775,155,1266,-1740,532,4283,-117,345,694
58.39825,155,1267,-1740,532,4285,-116,345,694
58.39875,155,1267,-1740,532,4290,-116,345,694
58.39935,156,1267,-1740,532,4290,-115,346,694
58.39975,157,1266,-1740,532,4304,-115,345,695
58.40025,157,1266,-1740,532,4343,-114,345,695
58.40075,158,1266,-1740,532,4341,-114,345,695
58.40125,157,1266,-1740,532,4333,-114,346,694
58.40175,158,1266,-1740,531,4310,-114,346,694
58.40235,157,1266,-1740,531,4284,-114,346,694
58.40285,157,1266,-1740,532,4277,-114,345,695
58.40335,157,1266,-1740,532,4279,-114,346,694
58.40385,156,1267,-1740,532,4280,-114,346,694
58.40435,156,1267,-1740,532,4289,-114,346,693
58.40485,156,1267,-1740,532,4287,-114,346,693
58.40535,156,1267,-1740,532,4271,-114,346,692
58.40585,155,1267,-1740,532,4258,-115,346,692
58.40635,157,1267,-1740,531,4251,-115,346,691
58.40685,156,1266,-1740,532,4239,-115,345,692
58.40735,156,1266,-1740,531,4219,-115,345,692
58.40785,156,1266,-1740,531,4204,-115,346,692
58.408348,155,1267,-1740,532,4189,-115,346,692
58.40885,154,1268,-1740,531,4173,-114,345,692
58.40935,154,1268,-1740,531,4155,-115,346,692
58.40985,154,1268,-1740,532,4152,-114,346,692
58.41035,153,1269,-1740,532,4170,-115,345,692
58.41085,153,1269,-1740,532,4157,-114,346,692
58.41135,153,1270,-1740,531,4138,-114,346,692
58.41185,153,1271,-1740,531,4101,-114,346,692
58.41235,153,1271,-1740,531,4066,-114,346,692
58.41285,153,1271,-1740,532,4055,-113,346,692
58.41335,153,1271,-1740,532,4050,-113,346,692
58.41385,154,1271,-1740,532,4049,-113,346,692
58.41435,154,1270,-1740,532,4048,-113,347,692
58.41485,154,1269,-1740,532,4047,-113,347,693
58.41535,155,1268,-1740,532,4046,-112,347,692
58.41585,156,1268,-1740,532,4042,-112,347,693
58.41635,156,1267,-1740,532,4046,-112,347,692
58.41685,156,1267,-1740,531,4046,-112,347,693
58.41735,157,1267,-1740,531,4046,-113,348,692
58.41785,157,1267,-1740,532,4045,-114,349,691
58.41835,156,1268,-1740,532,4050,-114,349,691
58.41885,156,1268,-1740,532,4048,-113,350,691
58.41935,156,1268,-1740,532,4043,-113,350,692
58.41985,157,1268,-1740,532,4061,-113,350,692
58.42035,157,1268,-1740,533,4103,-113,350,692
58.42085,156,1268,-1740,533,4106,-113,350,692
58.42135,156,1268,-1741,533,4096,-114,350,691
58.42185,155,1269,-1741,533,4065,-114,350,691
58.42235,155,1268,-1740,533,4029,-114,350,691
58.42285,156,1269,-1741,533,4019,-114,350,691
58.42335,156,1269,-1741,533,4018,-114,349,691
58.42385,156,1269,-1741,533,4022,-114,349,691
58.42435,156,1269,-1741,532,4024,-114,348,691
58.42485,156,1270,-1741,532,4023,-114,348,691
58.42535,155,1270,-1740,532,4022,-113,348,691
58.42585,155,1270,-1740,532,4020,-114,348,691
58.42635,155,1270,-1740,532,4020,-114,348,690
58.42685,154,1270,-1740,532,4027,-115,348,690
58.42735,154,1270,-1741,532,4030,-114,347,689
58.42785,154,1271,-1740,532,4024,-114,347,690
58.42835,154,1271,-1740,532,4017,-114,347,690
58.42885,154,1271,-1740,533,4020,-114,347,690
58.42935,154,1271,-1740,533,4019,-114,346,690
58.42985,154,1272,-1741,533,4035,-114,346,690
58.43035,155,1271,-1741,534,4070,-114,346,691
58.43085,155,1271,-1740,533,4079,-114,346,691
58.43135,156,1270,-1741,533,4078,-113,347,690
58.43185,156,1270,-1740,533,4061,-114,346,690
58.43235,155,1271,-1740,532,4051,-114,346,690
58.43285,155,1271,-1741,532,4051,-113,346,690
58.43335,154,1271,-1741,533,4054,-113,346,690
58.43385,154,1272,-1741,532,4055,-113,346,691
58.43435,154,1272,-1740,533,4050,-114,346,691
58.43485,154,1272,-1740,532,4046,-114,346,691
58.43535,155,1271,-1740,533,4049,-114,346,691
58.43585,154,1271,-1740,532,4055,-115,345,691
58.43635,155,1271,-1740,532,4062,-115,345,691
58.43685,155,1271,-1740,532,4065,-115,345,691
58.43735,154,1272,-1740,532,4068,-115,345,691
58.43785,154,1271,-1740,533,4073,-115,345,691
58.43835,154,1272,-1740,533,4076,-115,345,691
58.43885,155,1273,-1740,532,4071,-116,345,691
58.43935,155,1273,-1740,532,4064,-116,345,691
58.43985,155,1273,-1740,533,4086,-115,344,691
58.44035,154,1273,-1740,533,4117,-117,344,691
58.44085,154,1272,-1740,533,4116,-117,344,691
58.44135,155,1272,-1741,533,4108,-117,344,689
58.44185,155,1271,-1740,532,4077,-117,344,689
58.44235,156,1271,-1740,532,4052,-118,344,689
58.44285,156,1271,-1740,533,4053,-117,344,689
58.44335,157,1271,-1740,533,4058,-117,344,690
58.44385,156,1271,-1740,533,4066,-117,345,690
58.44435,156,1271,-1740,533,4074,-117,345,690
58.44485,156,1272,-1740,533,4077,-117,345,691
58.44535,156,1272,-1740,533,4076,-117,345,691
58.44585,157,1272,-1740,533,4071,-117,345,692
58.44635,157,1272,-1740,533,4070,-117,345,692
58.44685,157,1271,-1740,532,4077,-118,346,692
58.44735,158,1272,-1740,533,4080,-117,346,691
58.44785,157,1272,-1740,533,4080,-118,346,692
58.44835,157,1272,-1740,533,4077,-117,346,691
58.44885,156,1272,-1740,533,4082,-118,346,691
58.44935,157,1271,-1740,533,4079,-118,347,691
58.44985,157,1271,-1740,533,4105,-118,346,691
58.45035,157,1272,-1741,532,4130,-118,347,691
58.45085,157,1272,-1740,533,4124,-118,348,691
58.45135,156,1273,-1740,532,4117,-118,348,691
58.45185,156,1273,-1740,532,4085,-119,349,691
58.45235,156,1273,-1741,532,4068,-119,349,691
58.45285,155,1274,-1740,532,4069,-119,349,691
58.45335,154,1274,-1740,533,4073,-119,349,691
58.45385,154,1273,-1740,533,4080,-119,349,691
58.45435,153,1273,-1741,532,4084,-119,349,692
58.45485,153,1273,-1741,532,4088,-119,349,692
58.45535,152,1273,-1740,532,4096,-119,349,691
58.45585,153,1273,-1740,533,4099,-120,349,690
58.45635,153,1273,-1741,533,4097,-120,349,690
58.45685,153,1274,-1741,533,4101,-121,348,690
58.45735,153,1274,-1741,533,4099,-121,349,690
58.45785,153,1274,-1741,533,4097,-121,348,691
58.45835,153,1274,-1741,533,4099,-121,348,691
58.45885,152,1274,-1741,533,4096,-120,348,692
58.45935,153,1274,-1741,533,4092,-120,347,692
58.45985,153,1274,-1741,534,4127,-120,347,692
58.46035,153,1274,-1741,534,4153,-121,347,692
58.46085,153,1273,-1741,533,4153,-121,347,692
58.46135,154,1273,-1741,533,4144,-121,347,692
58.46185,154,1273,-1741,533,4113,-121,347,692
58.46235,154,1273,-1741,533,4095,-122,346,692
58.46285,154,1273,-1741,533,4091,-122,346,692
58.46335,154,1274,-1741,533,4091,-122,346,692
58.46395,154,1274,-1741,533,4096,-122,346,692
58.46445,154,1274,-1741,533,4098,-122,346,692
58.46495,154,1274,-1741,533,4099,-123,345,692
58.46545,154,1273,-1741,533,4099,-123,345,691
58.46595,154,1273,-1741,533,4098,-123,345,691
58.46645,154,1273,-1741,532,4096,-123,344,691
58.46695,154,1274,-1740,533,4102,-123,345,692
58.46745,154,1274,-1741,532,4108,-123,344,692
58.46795,154,1274,-1741,532,4116,-123,344,692
58.46845,154,1274,-1740,532,4119,-123,344,692
58.46895,155,1274,-1741,532,4119,-123,343,692
58.469448,155,1273,-1741,532,4117,-123,343,692
58.46995,155,1273,-1740,533,4149,-123,343,692
58.47045,155,1273,-1741,532,4167,-124,343,692
58.47095,155,1273,-1741,532,4165,-124,343,692
58.47145,155,1273,-1740,532,4155,-124,343,692
58.47195,155,1273,-1741,532,4122,-125,343,692
58.47245,155,1273,-1740,532,4108,-126,343,692
58.47295,155,1273,-1741,532,4108,-125,343,692
58.47345,155,1274,-1741,532,4112,-126,343,692
58.47395,154,1274,-1741,532,4116,-126,343,692
58.47445,154,1274,-1741,532,4119,-126,343,692
58.47495,154,1274,-1741,532,4126,-126,343,692
58.47545,154,1273,-1741,532,4133,-126,343,692
58.47595,155,1273,-1740,532,4136,-126,343,692
58.47645,155,1273,-1740,532,4140,-126,344,692
58.47695,154,1274,-1740,532,4142,-126,344,692
58.47745,154,1274,-1740,532,4138,-126,345,692
58.47795,153,1274,-1740,532,4137,-126,345,692
58.47845,153,1273,-1740,533,4138,-127,345,692
58.47895,152,1274,-1740,532,4139,-127,345,692
58.47945,153,1273,-1741,532,4138,-127,345,692
58.47995,153,1273,-1741,533,4179,-127,344,692
58.48045,154,1272,-1742,533,4198,-128,345,692
58.48095,154,1272,-1741,533,4198,-128,345,692
58.48145,154,1272,-1742,533,4186,-128,345,691
58.48195,154,1272,-1741,533,4155,-129,346,691
58.48245,155,1272,-1741,533,4142,-129,346,691
58.48295,155,1272,-1741,533,4147,-130,346,691
58.48345,154,1272,-1741,532,4158,-130,345,691
58.48395,154,1272,-1741,532,4167,-130,345,690
58.48445,154,1272,-1741,532,4173,-130,345,691
58.48495,154,1272,-1741,531,4180,-131,346,691
58.48545,153,1272,-1741,531,4176,-130,346,692
58.48595,153,1272,-1741,532,4175,-131,346,692
58.48645,153,1272,-1741,532,4181,-131,346,692
58.48695,153,1272,-1742,531,4183,-131,346,691
58.48745,153,1272,-1741,531,4182,-131,346,691
58.48795,152,1272,-1741,531,4179,-132,345,691
58.48845,153,1272,-1741,532,4183,-132,346,691
58.48895,153,1273,-1741,533,4186,-131,345,691
58.48945,153,1272,-1742,533,4193,-132,345,691
58.48995,154,1272,-1741,533,4232,-132,345,691
58.49045,154,1271,-1741,532,4242,-133,345,691
58.49095,155,1271,-1741,532,4234,-133,345,691
58.49145,155,1270,-1742,532,4219,-133,345,691
58.49195,155,1270,-1743,533,4186,-133,346,691
58.49245,155,1270,-1744,534,4175,-132,346,691
58.49295,155,1270,-1745,535,4178,-133,346,689
58.49345,155,1270,-1746,535,4189,-134,346,688
58.49395,154,1271,-1746,535,4198,-134,346,687
58.49445,153,1272,-1747,534,4206,-135,346,688
58.49495,152,1273,-1745,534,4206,-135,346,688
58.49545,152,1273,-1742,533,4211,-135,346,688
58.49595,153,1272,-1739,531,4213,-135,345,688
58.49645,152,1272,-1739,530,4213,-136,345,688
58.49695,153,1271,-1739,528,4214,-136,345,689
58.49745,152,1271,-1739,529,4212,-136,346,689
58.49795,152,1271,-1739,530,4207,-136,346,690
58.49845,151,1271,-1740,532,4209,-137,346,690
58.49895,151,1271,-1741,533,4215,-137,346,690
58.49945,152,1271,-1742,534,4217,-137,346,690
58.49995,153,1270,-1743,536,4255,-137,345,691
58.50045,153,1271,-1742,537,4263,-138,346,692
58.50095,153,1270,-1743,537,4259,-137,346,693
58.50145,154,1270,-1743,536,4247,-137,346,693
58.50195,154,1270,-1743,535,4218,-137,346,694
58.50245,154,1269,-1743,533,4215,-136,346,694
58.50295,154,1269,-1742,531,4226,-135,346,695
58.50345,154,1269,-1741,531,4236,-135,346,695
58.50395,154,1269,-1740,531,4239,-135,347,695
58.50445,153,1269,-1741,532,4242,-136,347,694
58.50495,154,1269,-1742,533,4247,-136,347,693
58.50545,153,1269,-1743,533,4255,-137,347,692
58.50595,153,1269,-1744,533,4253,-138,347,691
58.50645,153,1269,-1745,535,4259,-138,347,691
58.50695,153,1269,-1745,537,4261,-139,347,691
58.50745,153,1269,-1745,539,4257,-139,347,691
58.50795,153,1269,-1744,539,4253,-139,348,691
58.50845,153,1269,-1743,538,4252,-140,348,691
58.50895,153,1269,-1742,538,4252,-140,348,690
58.50945,152,1270,-1741,537,4262,-139,347,691
58.50995,152,1270,-1742,534,4306,-139,347,692
58.51045,151,1270,-1744,531,4305,-139,346,692
58.51095,151,1270,-1745,532,4303,-139,346,692
58.51145,150,1270,-1747,533,4284,-140,347,692
58.51195,150,1270,-1746,534,4252,-140,347,693
58.51245,150,1269,-1746,533,4245,-140,347,693
58.51295,150,1269,-1746,532,4241,-140,347,693
58.51345,150,1268,-1745,533,4244,-140,347,693
58.51395,150,1267,-1745,533,4248,-141,348,694
58.51445,151,1267,-1745,532,4255,-141,348,693
58.51495,151,1266,-1743,530,4269,-141,347,693
58.51545,151,1267,-1742,528,4270,-141,348,693
58.51595,151,1267,-1740,527,4271,-141,347,692
58.51645,151,1267,-1736,526,4276,-142,347,691
58.51695,152,1267,-1734,525,4283,-142,346,691
58.51745,151,1268,-1735,524,4275,-142,346,691
58.51795,152,1267,-1737,525,4273,-142,346,691
58.51845,152,1267,-1738,526,4278,-142,346,691
58.51895,152,1267,-1738,529,4280,-142,347,691
58.51945,152,1266,-1740,530,4287,-142,348,691
58.51995,152,1266,-1742,531,4325,-143,347,691
58.52045,153,1266,-1745,532,4325,-143,348,691
58.52095,152,1266,-1746,533,4320,-143,347,691
58.52145,152,1265,-1747,532,4297,-143,347,690
58.52195,153,1265,-1746,532,4269,-143,347,690
58.52245,153,1264,-1747,534,4266,-144,347,690
58.52295,153,1265,-1749,537,4273,-144,348,690
58.52345,154,1265,-1749,539,4280,-144,348,690
58.52395,154,1265,-1749,539,4287,-144,348,690
58.52445,154,1264,-1749,538,4291,-144,348,690
58.52495,155,1264,-1749,536,4295,-144,347,691
58.52555,155,1263,-1750,535,4298,-144,346,691
58.52605,155,1263,-1750,536,4296,-144,346,691
58.52655,154,1264,-1748,536,4298,-144,346,691
58.52705,153,1264,-1745,535,4304,-144,346,692
58.52755,153,1264,-1742,534,4309,-144,347,692
58.52805,153,1264,-1741,531,4316,-143,347,692
58.52855,153,1264,-1738,527,4321,-144,347,691
58.52905,153,1264,-1735,525,4323,-144,347,691
58.52955,153,1264,-1734,524,4331,-145,346,691
58.53005,153,1264,-1734,522,4368,-145,345,690
58.53055,153,1264,-1735,522,4370,-145,346,690
58.53105,153,1264,-1737,523,4365,-145,346,690
58.53155,152,1264,-1738,526,4342,-145,346,691
58.53205,151,1264,-1740,527,4314,-144,347,691
58.53255,150,1264,-1741,528,4307,-145,346,691
58.53305,149,1264,-1741,528,4314,-144,346,692
58.53355,149,1264,-1742,529,4327,-144,346,692
58.53405,149,1264,-1743,529,4342,-145,346,692
58.53455,150,1263,-1744,529,4349,-145,346,692
58.53505,150,1262,-1744,530,4351,-146,346,691
58.53555,151,1262,-1745,530,4353,-146,346,691
58.53605,152,1262,-1745,530,4350,-146,346,691
58.53655,151,1262,-1744,531,4352,-147,346,691
58.53705,151,1262,-1742,530,4354,-147,346,691
58.53755,152,1262,-1741,530,4355,-147,346,692
58.53805,152,1262,-1741,530,4357,-147,346,692
58.53855,151,1262,-1741,530,4366,-147,346,692
58.53905,152,1261,-1742,530,4368,-147,346,690
58.53955,152,1260,-1743,530,4376,-147,347,690
58.54005,152,1260,-1742,529,4411,-147,347,690
58.54055,152,1260,-1742,529,4411,-147,347,689
58.54105,152,1259,-1742,530,4405,-148,348,689
58.54155,152,1259,-1742,530,4375,-147,348,689
58.54205,152,1259,-1743,530,4347,-148,348,689
58.54255,152,1258,-1743,531,4342,-148,348,689
58.54305,152,1258,-1743,532,4343,-147,348,690
58.54355,152,1258,-1743,532,4348,-147,347,690
58.54405,152,1258,-1742,532,4356,-147,348,690
58.54455,151,1259,-1741,531,4357,-147,348,690
58.54505,151,1258,-1740,530,4357,-148,348,690
58.54555,151,1258,-1740,530,4356,-149,348,690
58.54605,151,1258,-1741,529,4355,-149,348,690
58.54655,151,1258,-1742,529,4365,-149,348,690
58.54705,151,1257,-1743,529,4399,-149,348,690
58.54755,152,1256,-1743,528,4393,-149,347,690
58.54805,151,1256,-1743,528,4391,-149,347,690
58.54855,151,1256,-1742,527,4388,-149,347,689
58.54905,150,1256,-1742,528,4385,-150,347,689
58.54955,151,1256,-1742,528,4394,-149,346,689
58.55005,150,1255,-1742,529,4425,-150,346,690
58.55055,151,1255,-1742,529,4421,-150,347,690
58.55105,152,1254,-1743,531,4421,-150,347,690
58.55155,152,1253,-1744,531,4396,-150,348,690
58.55205,151,1253,-1744,533,4368,-150,348,690
58.55255,151,1253,-1744,533,4365,-149,348,690
58.55305,150,1253,-1744,533,4368,-149,348,690
58.55355,150,1253,-1743,534,4372,-149,347,689
58.55405,150,1253,-1743,533,4374,-149,347,689
58.55455,150,1252,-1743,532,4375,-149,348,689
58.55505,150,1251,-1743,531,4380,-149,347,689
58.55555,151,1251,-1743,531,4384,-149,347,689
58.55605,151,1250,-1743,530,4386,-149,347,689
58.55655,151,1249,-1742,529,4391,-149,347,689
58.55705,152,1249,-1743,528,4394,-150,347,689
58.55755,152,1248,-1743,529,4394,-150,347,689
58.55805,151,1248,-1744,530,4394,-150,347,689
58.55855,151,1248,-1744,530,4396,-150,347,688
58.55905,150,1247,-1744,531,4396,-151,347,688
58.55955,149,1246,-1744,531,4415,-151,347,688
58.56005,149,1246,-1744,531,4449,-150,347,689
58.56055,148,1245,-1744,531,4446,-150,347,689
58.56105,147,1245,-1744,531,4436,-150,347,689
58.56155,146,1245,-1744,530,4408,-150,347,688
58.56205,146,1245,-1743,529,4387,-151,347,688
58.56255,145,1245,-1743,529,4390,-151,347,688
58.56305,145,1245,-1743,529,4394,-151,347,688
58.56355,145,1245,-1743,529,4401,-151,347,688
58.56405,146,1244,-1744,529,4405,-151,347,688
58.56455,146,1244,-1744,529,4410,-151,347,689
58.56505,147,1243,-1744,529,4410,-151,347,689
58.56555,147,1243,-1744,529,4406,-151,347,689
58.56605,147,1242,-1743,529,4406,-151,347,689
58.56655,147,1242,-1743,530,4409,-151,347,689
58.56705,147,1242,-1743,530,4413,-152,348,689
58.56755,147,1242,-1744,530,4416,-152,348,689
58.56805,147,1241,-1744,530,4416,-152,348,688
58.56855,147,1241,-1744,529,4419,-152,347,689
58.56905,147,1241,-1744,529,4425,-152,347,689
58.56955,147,1241,-1744,530,4444,-151,347,689
58.57005,147,1240,-1744,530,4471,-151,347,690
58.57055,147,1240,-1744,530,4467,-151,347,689
58.57105,147,1240,-1744,530,4459,-151,347,690
58.57155,147,1240,-1744,530,4428,-150,348,690
58.57205,147,1240,-1745,530,4410,-151,347,690
58.57255,147,1239,-1745,531,4413,-151,348,690
58.57305,147,1239,-1746,531,4419,-151,347,690
58.57355,147,1239,-1746,531,4425,-151,347,689
58.57405,148,1239,-1744,531,4425,-152,347,689
58.57455,148,1239,-1743,531,4418,-152,347,688
58.57505,148,1238,-1743,531,4416,-152,347,688
58.57555,148,1238,-1744,531,4420,-152,348,687
58.57605,148,1237,-1745,531,4417,-153,348,687
58.57655,149,1236,-1745,530,4410,-153,348,687
58.57705,149,1236,-1744,529,4404,-153,347,687
58.57755,149,1236,-1744,529,4400,-153,347,687
58.57805,149,1236,-1744,528,4396,-153,347,687
58.57855,150,1236,-1744,528,4395,-153,347,687
58.57905,149,1235,-1743,528,4393,-153,347,687
58.57955,149,1235,-1743,529,4410,-153,347,687
58.58005,149,1235,-1743,529,4433,-153,347,687
58.58055,148,1234,-1744,529,4427,-153,347,687
58.58105,148,1234,-1744,529,4419,-153,347,687
58.58155,148,1233,-1745,529,4389,-153,348,687
58.58205,148,1233,-1745,529,4369,-152,348,688
58.58255,147,1234,-1746,531,4369,-153,348,688
58.58305,145,1236,-1746,531,4378,-152,348,687
58.58355,143,1237,-1746,531,4385,-152,348,687
58.58405,142,1238,-1746,531,4384,-152,348,688
58.58455,142,1238,-1745,531,4384,-152,349,687
58.58505,142,1238,-1744,531,4388,-152,349,688
58.58555,143,1237,-1744,531,4381,-152,349,688
58.58615,143,1236,-1745,531,4381,-152,349,687
58.58665,144,1236,-1745,530,4385,-152,349,687
58.58715,144,1235,-1745,529,4380,-152,349,687
58.58765,145,1235,-1745,529,4377,-152,348,687
58.58815,145,1234,-1744,528,4377,-152,348,687
58.58865,145,1234,-1745,529,4377,-152,348,687
58.58915,146,1233,-1745,529,4374,-152,348,687
58.58965,145,1233,-1745,530,4400,-152,348,687
58.59015,145,1233,-1746,530,4421,-153,349,687
58.59065,145,1233,-1746,530,4410,-152,349,687
58.59115,145,1233,-1746,530,4393,-152,349,687
58.59165,145,1233,-1746,530,4359,-153,349,687
58.59215,145,1233,-1746,530,4338,-153,350,687
58.59265,145,1233,-1746,530,4337,-153,350,687
58.59315,145,1232,-1746,530,4340,-153,350,687
58.59365,145,1232,-1746,530,4342,-154,350,687
58.59415,145,1232,-1746,530,4341,-154,350,686
58.59465,145,1232,-1746,531,4345,-155,350,686
58.59515,145,1232,-1746,530,4350,-155,350,685
58.59565,145,1232,-1746,530,4348,-155,350,683
58.59615,146,1232,-1746,530,4339,-155,350,682
58.59665,145,1232,-1746,530,4336,-155,350,681
58.59715,145,1232,-1746,530,4336,-155,350,682
58.59765,145,1232,-1746,530,4325,-155,350,682
58.59815,145,1232,-1746,530,4320,-155,349,683
58.598648,145,1232,-1746,530,4317,-155,349,683
58.59915,145,1231,-1746,530,4307,-155,349,684
58.59965,145,1231,-1747,530,4332,-155,348,685
58.60015,145,1231,-1746,530,4355,-154,348,684
58.60065,145,1231,-1746,530,4346,-155,348,685
58.60115,145,1231,-1746,530,4339,-154,348,685
58.60165,145,1230,-1746,529,4302,-155,348,685
58.60215,145,1230,-1746,530,4285,-155,348,685
58.60265,145,1231,-1746,530,4287,-154,349,686
58.60315,145,1231,-1746,530,4290,-154,348,686
58.60365,145,1230,-1746,530,4300,-154,348,688
58.60415,145,1230,-1747,530,4301,-153,348,689
58.60465,144,1230,-1747,530,4300,-153,349,689
58.60515,144,1230,-1747,530,4294,-153,349,689
58.60565,144,1230,-1747,531,4293,-153,350,690
58.60615,144,1230,-1747,530,4293,-152,350,689
58.60665,144,1230,-1747,530,4297,-151,350,689
58.60715,144,1230,-1747,530,4291,-152,350,689
58.60765,144,1230,-1747,530,4286,-152,350,688
58.60815,145,1230,-1747,530,4281,-152,350,688
58.60865,145,1230,-1747,530,4283,-152,350,687
58.60915,144,1230,-1747,530,4281,-153,350,687
58.60965,145,1230,-1747,531,4307,-153,350,687
58.61015,144,1230,-1747,531,4318,-153,350,687
58.61065,144,1230,-1747,530,4309,-153,350,687
58.61115,144,1229,-1748,530,4291,-154,350,686
58.61165,145,1229,-1748,530,4260,-154,350,686
58.61215,144,1230,-1748,530,4250,-154,350,686
58.61265,144,1230,-1747,530,4249,-154,350,687
58.61315,144,1230,-1748,531,4252,-153,350,687
58.61365,143,1230,-1748,531,4250,-153,350,686
58.61415,144,1230,-1748,531,4249,-153,350,686
58.61465,144,1230,-1748,531,4253,-153,350,686
58.61515,144,1230,-1748,530,4253,-153,349,685
58.61565,144,1230,-1748,530,4252,-153,349,685
58.61615,144,1230,-1748,530,4249,-153,349,685
58.61665,144,1229,-1748,530,4250,-154,349,685
58.61715,144,1229,-1748,530,4250,-154,348,685
58.61765,145,1229,-1748,530,4247,-155,348,685
58.61815,145,1229,-1748,530,4245,-155,347,685
58.61865,145,1229,-1748,530,4245,-155,348,685
58.61915,145,1229,-1748,530,4245,-155,348,685
58.61965,145,1229,-1748,531,4277,-154,348,685
58.62015,145,1229,-1749,531,4286,-154,348,685
58.62065,145,1228,-1748,531,4279,-154,349,684
58.62115,145,1228,-1749,531,4269,-154,349,684
58.62165,145,1229,-1749,531,4244,-154,349,684
58.62215,145,1228,-1748,531,4236,-153,349,684
58.62265,146,1228,-1749,531,4236,-154,349,685
58.62315,146,1228,-1749,531,4238,-154,350,685
58.62365,146,1228,-1748,531,4236,-154,350,685
58.62415,146,1227,-1749,531,4234,-153,350,685
58.62465,146,1228,-1749,531,4233,-153,351,686
58.62515,146,1228,-1749,531,4233,-153,351,685
58.62565,146,1228,-1749,531,4233,-153,351,685
58.62615,146,1228,-1749,531,4229,-152,351,685
58.62665,146,1228,-1749,531,4232,-152,351,686
58.62715,146,1228,-1749,531,4234,-152,351,685
58.62765,146,1227,-1749,531,4238,-153,352,685
58.62815,146,1227,-1749,531,4230,-153,352,685
58.62865,146,1227,-1749,531,4226,-153,352,685
58.62915,146,1227,-1749,531,4229,-153,353,685
58.62965,146,1227,-1749,531,4264,-154,353,685
58.63015,145,1227,-1749,531,4269,-153,354,684
58.63065,144,1227,-1749,531,4259,-153,355,684
58.63115,144,1228,-1749,531,4244,-153,355,684
58.63165,144,1228,-1749,531,4215,-153,355,684
58.63215,144,1228,-1749,531,4207,-153,354,684
58.63265,144,1227,-1749,531,4213,-153,354,684
58.63315,144,1227,-1749,531,4219,-153,354,684
58.63365,143,1227,-1749,531,4224,-153,354,685
58.63415,143,1227,-1750,531,4228,-153,353,685
58.63465,143,1227,-1750,531,4228,-153,352,685
58.63515,144,1227,-1750,531,4229,-153,352,685
58.63565,144,1226,-1750,532,4228,-153,351,684
58.63615,145,1226,-1750,532,4229,-153,351,684
58.63665,144,1226,-1750,532,4234,-153,350,684
58.63715,145,1226,-1750,532,4234,-153,349,684
58.63765,144,1226,-1750,532,4230,-153,349,684
58.63815,144,1226,-1750,532,4227,-153,349,684
58.63865,145,1226,-1750,532,4226,-153,348,684
58.63915,145,1226,-1750,532,4230,-152,348,684
58.63965,145,1226,-1750,532,4261,-152,347,684
58.64015,145,1226,-1750,532,4260,-153,346,684
58.64065,144,1226,-1750,531,4247,-152,347,684
58.64115,144,1226,-1750,531,4224,-153,348,683
58.64165,144,1226,-1750,531,4188,-153,349,683
58.64215,144,1226,-1750,531,4173,-153,349,683
58.64265,144,1226,-1750,531,4173,-153,350,683
58.64315,144,1225,-1750,531,4175,-153,350,683
58.64365,144,1225,-1750,531,4177,-153,351,683
58.64415,144,1225,-1750,531,4175,-153,351,683
58.64465,144,1225,-1750,531,4171,-153,352,683
58.64515,144,1225,-1750,531,4168,-153,352,683
58.64565,144,1224,-1750,532,4164,-152,353,682
58.64615,144,1225,-1750,531,4159,-153,353,682
58.64665,145,1224,-1750,531,4160,-152,353,683
58.64715,145,1225,-1750,532,4156,-152,353,683
58.64775,145,1224,-1751,532,4146,-152,354,683
58.64825,145,1224,-1751,531,4140,-152,354,683
58.64875,144,1225,-1751,532,4137,-152,355,683
58.64925,144,1225,-1751,532,4143,-152,355,684
58.64975,144,1225,-1751,533,4179,-152,355,684
58.65025,145,1224,-1751,532,4182,-152,355,684
58.65075,145,1224,-1751,532,4172,-152,356,683
58.65125,144,1224,-1751,532,4140,-152,355,684
58.65175,145,1224,-1751,532,4105,-152,355,684
58.65225,145,1224,-1751,532,4100,-151,354,684
58.65275,145,1224,-1751,532,4102,-151,354,684
58.65325,145,1223,-1751,532,4108,-151,354,684
58.65375,145,1224,-1751,532,4109,-151,353,684
58.65425,145,1224,-1751,532,4107,-151,353,684
58.65475,145,1223,-1751,532,4106,-151,352,684
58.65525,145,1223,-1751,532,4104,-151,351,684
58.65575,145,1223,-1752,532,4102,-151,351,684
58.65625,145,1222,-1751,532,4100,-151,350,684
58.65675,145,1222,-1752,532,4098,-151,350,684
58.65725,145,1222,-1752,532,4094,-151,350,684
58.65775,145,1222,-1752,533,4088,-151,350,684
58.65825,145,1223,-1752,533,4084,-151,350,684
58.65875,145,1222,-1752,533,4082,-151,350,684
58.65925,145,1222,-1752,533,4088,-151,350,684
58.659748,145,1222,-1752,533,4120,-151,349,684
58.66025,145,1222,-1752,533,4118,-151,349,684
58.66075,145,1222,-1752,532,4110,-151,349,685
58.66125,145,1222,-1751,532,4086,-151,350,685
58.66175,146,1222,-1751,532,4055,-151,350,684
58.66225,146,1222,-1751,532,4049,-150,350,684
58.66275,146,1222,-1752,532,4056,-150,350,684
58.66325,146,1222,-1751,532,4061,-150,349,684
58.66375,146,1222,-1752,532,4064,-150,349,684
58.66425,146,1222,-1752,532,4065,-150,348,684
58.66475,146,1222,-1751,532,4067,-150,347,683
58.66525,145,1222,-1751,532,4066,-150,347,683
58.66575,146,1222,-1752,532,4062,-150,347,683
58.66625,145,1222,-1752,532,4066,-150,347,683
58.66675,145,1222,-1752,532,4074,-150,347,684
58.66725,145,1222,-1751,532,4079,-150,348,684
58.66775,145,1222,-1752,532,4087,-150,349,684
58.66825,145,1222,-1752,532,4088,-149,350,684
58.66875,145,1222,-1752,532,4089,-149,351,684
58.66925,146,1222,-1752,533,4104,-149,351,684
58.66975,146,1221,-1752,533,4142,-149,351,684
58.67025,146,1222,-1752,533,4143,-149,350,685
58.67075,146,1222,-1752,532,4136,-149,350,685
58.67125,145,1222,-1752,532,4110,-149,351,685
58.67175,145,1222,-1752,532,4088,-148,351,685
58.67225,144,1223,-1752,533,4087,-149,352,685
58.67275,144,1223,-1752,533,4096,-148,351,685
58.67325,144,1223,-1753,533,4104,-148,352,685
58.67375,144,1223,-1752,533,4107,-148,352,684
58.67425,144,1223,-1752,532,4113,-148,352,684
58.67475,145,1223,-1752,533,4123,-149,353,684
58.67525,145,1223,-1752,532,4126,-148,353,684
58.67575,146,1223,-1753,532,4127,-148,353,684
58.67625,146,1223,-1752,533,4128,-148,353,685
58.67675,146,1223,-1753,533,4130,-148,354,684
58.67725,145,1223,-1753,533,4128,-147,354,684
58.67775,145,1224,-1753,533,4132,-147,353,684
58.67825,145,1224,-1753,533,4135,-147,353,684
58.67875,144,1225,-1753,533,4137,-147,353,684
58.67925,144,1225,-1753,533,4153,-147,352,684
58.67975,144,1225,-1753,533,4185,-147,352,684
58.68025,144,1225,-1753,533,4184,-147,352,684
58.68075,145,1224,-1753,533,4178,-147,352,684
58.68125,145,1224,-1753,533,4156,-147,352,683
58.68175,145,1224,-1753,533,4134,-147,353,683
58.68225,145,1225,-1753,533,4130,-146,353,683
58.68275,144,1225,-1753,533,4138,-146,354,683
58.68325,143,1225,-1753,534,4150,-146,354,683
58.68375,143,1225,-1753,533,4159,-146,353,684
58.68425,143,1225,-1753,534,4166,-146,353,683
58.68475,143,1225,-1753,533,4175,-146,353,683
58.68525,144,1225,-1753,533,4176,-146,352,683
58.68575,144,1224,-1753,533,4180,-146,352,683
58.68625,144,1225,-1753,533,4186,-145,351,683
58.68675,144,1226,-1752,533,4192,-145,351,683
58.68725,144,1226,-1753,533,4198,-145,351,682
58.68775,144,1226,-1753,533,4205,-145,351,683
58.68825,145,1226,-1753,533,4214,-145,351,682
58.68875,144,1226,-1753,533,4215,-144,352,683
58.68925,145,1226,-1753,534,4237,-144,352,683
58.68975,145,1226,-1753,534,4273,-144,352,683
58.69025,145,1225,-1754,534,4273,-144,353,683
58.69075,145,1225,-1754,533,4269,-144,353,683
58.69125,145,1226,-1754,533,4241,-144,354,683
58.69175,145,1226,-1754,533,4222,-144,353,683
58.69225,145,1226,-1754,533,4222,-144,353,683
58.69275,145,1226,-1754,533,4228,-144,353,682
58.69325,145,1226,-1754,533,4240,-144,353,683
58.69375,145,1226,-1754,534,4253,-144,354,682
58.69425,146,1226,-1753,533,4253,-144,354,682
58.69475,146,1227,-1754,534,4257,-143,354,682
58.69525,146,1227,-1754,533,4260,-143,355,683
58.69575,145,1228,-1753,533,4258,-143,356,683
58.69625,144,1229,-1754,533,4253,-142,356,684
58.69675,144,1229,-1753,533,4252,-142,356,684
58.69725,144,1230,-1753,533,4256,-142,356,684
58.69775,144,1229,-1753,533,4257,-142,356,685
58.69825,144,1229,-1754,533,4259,-142,356,685
58.69875,144,1228,-1754,533,4256,-142,356,685
58.69925,144,1228,-1754,534,4274,-141,356,685
58.69975,144,1228,-1754,534,4307,-141,357,685
58.70025,144,1229,-1754,534,4308,-141,357,685
58.70075,143,1229,-1754,534,4306,-141,358,684
58.70125,143,1229,-1755,534,4285,-141,357,684
58.70175,143,1230,-1755,534,4272,-140,357,683
58.70225,143,1229,-1754,534,4273,-140,357,684
58.70275,142,1229,-1755,533,4272,-140,357,684
58.70325,142,1229,-1754,534,4284,-140,355,685
58.70375,142,1230,-1754,533,4289,-139,354,685
58.70425,142,1230,-1754,533,4288,-139,353,685
58.70475,142,1230,-1754,533,4290,-139,351,685
58.70525,143,1229,-1754,533,4290,-139,349,684
58.70575,143,1230,-1754,533,4291,-139,348,684
58.70625,144,1229,-1754,533,4301,-139,348,684
58.70675,144,1229,-1754,533,4305,-139,347,684
58.70725,144,1229,-1753,533,4304,-139,347,684
58.70775,144,1229,-1753,533,4302,-139,347,682
58.70825,145,1229,-1753,532,4299,-139,347,681
58.70875,144,1229,-1753,533,4297,-139,348,680
58.70925,145,1229,-1754,533,4316,-139,347,680
58.70985,144,1229,-1754,533,4345,-139,348,680
58.71035,145,1228,-1754,533,4342,-139,348,679
58.71085,144,1229,-1754,533,4329,-139,349,680
58.71135,145,1229,-1754,533,4296,-139,348,680
58.71185,145,1228,-1754,533,4281,-138,348,680
58.71235,145,1229,-1754,533,4282,-137,347,681
58.71285,145,1229,-1754,533,4287,-137,348,682
58.71335,145,1229,-1754,533,4287,-137,347,683
58.71385,145,1228,-1754,533,4292,-137,348,684
58.71435,145,1228,-1754,533,4296,-137,349,684
58.71485,144,1229,-1754,533,4304,-137,349,684
58.71535,144,1228,-1754,533,4309,-137,350,684
58.71585,145,1229,-1754,533,4311,-137,350,686
58.71635,145,1228,-1754,533,4313,-136,351,686
58.71685,145,1228,-1754,533,4315,-136,351,687
58.71735,146,1228,-1754,533,4316,-135,352,688
58.71785,146,1228,-1754,532,4311,-134,351,688
58.71835,146,1228,-1754,533,4314,-134,352,688
58.71885,146,1228,-1754,533,4317,-133,352,688
58.71935,146,1228,-1754,533,4344,-132,352,688
58.71985,146,1228,-1754,533,4365,-133,352,687
58.72035,146,1228,-1754,533,4359,-133,352,686
58.720848,146,1229,-1754,533,4345,-133,351,685
58.72135,146,1229,-1754,532,4322,-133,351,686
58.72185,147,1229,-1754,532,4304,-132,351,686
58.72235,147,1228,-1754,533,4309,-132,352,685
58.72285,147,1228,-1754,533,4317,-133,352,685
58.72335,146,1229,-1755,533,4319,-134,352,685
58.72385,145,1230,-1755,534,4321,-134,353,684
58.72435,145,1231,-1755,533,4323,-134,352,684
58.72485,144,1231,-1755,533,4329,-134,353,684
58.72535,145,1231,-1755,533,4329,-134,353,684
58.72585,145,1231,-1755,533,4330,-133,352,685
58.72635,145,1230,-1755,533,4329,-132,352,685
58.72685,146,1230,-1754,533,4325,-132,351,685
58.72735,146,1230,-1754,533,4324,-132,351,686
58.72785,146,1230,-1754,533,4326,-132,351,686
58.72835,147,1230,-1754,533,4330,-131,351,686
58.72885,146,1230,-1754,533,4330,-131,350,686
58.72935,147,1230,-1754,533,4358,-131,349,686
58.72985,146,1229,-1754,533,4379,-131,349,686
58.73035,147,1229,-1754,532,4373,-131,348,686
58.73085,147,1229,-1754,532,4362,-131,348,686
58.73135,147,1230,-1754,532,4328,-131,347,685
58.73185,147,1230,-1754,532,4314,-132,347,686
58.73235,147,1229,-1754,532,4313,-131,347,685
58.73285,148,1229,-1754,532,4324,-131,348,685
58.73335,147,1230,-1754,532,4334,-131,348,685
58.73385,147,1230,-1754,532,4339,-130,348,685
58.73435,147,1229,-1754,532,4344,-130,349,685
58.73485,147,1230,-1754,533,4346,-130,349,684
58.73535,148,1229,-1754,532,4348,-130,349,684
58.73585,148,1230,-1754,532,4355,-130,350,684
58.73635,148,1229,-1754,532,4358,-130,350,685
58.73685,148,1230,-1754,532,4358,-129,350,685
58.73735,148,1230,-1754,532,4351,-129,351,685
58.73785,148,1230,-1754,533,4351,-128,352,686
58.73835,148,1230,-1754,532,4357,-128,352,686
58.73885,148,1230,-1754,532,4366,-128,352,686
58.73935,148,1230,-1754,533,4399,-127,352,687
58.73985,148,1230,-1754,532,4417,-128,352,687
58.74035,148,1230,-1754,532,4409,-128,352,686
58.74085,148,1230,-1754,532,4400,-128,353,687
58.74135,148,1230,-1754,532,4378,-128,353,686
58.74185,148,1230,-1754,532,4366,-128,353,686
58.74235,148,1230,-1754,532,4375,-128,353,686
58.74285,149,1231,-1755,533,4382,-128,353,686
58.74335,148,1231,-1755,533,4390,-127,352,685
58.74385,148,1231,-1754,532,4394,-128,352,685
58.74435,148,1231,-1755,532,4392,-128,352,685
58.74485,149,1231,-1754,532,4394,-128,352,685
58.74535,149,1231,-1754,532,4393,-128,352,685
58.74585,149,1231,-1754,532,4397,-128,351,686
58.74635,149,1231,-1755,532,4405,-128,352,686
58.74685,149,1231,-1754,532,4414,-128,351,686
58.74735,149,1231,-1754,532,4419,-127,352,686
58.74785,149,1231,-1755,532,4419,-127,352,686
58.74835,149,1232,-1754,532,4419,-127,354,687
58.74885,149,1232,-1755,533,4422,-126,355,686
58.74935,150,1232,-1755,533,4456,-126,356,687
58.74985,150,1232,-1755,533,4473,-126,357,687
58.75035,150,1232,-1755,533,4466,-125,358,688
58.75085,150,1232,-1755,533,4451,-125,358,688
58.75135,150,1232,-1755,532,4430,-124,358,688
58.75185,150,1232,-1755,532,4425,-125,358,687
58.75235,150,1232,-1754,533,4428,-125,358,687
58.75285,150,1232,-1755,533,4432,-125,358,687
58.75335,151,1233,-1754,532,4440,-125,358,687
58.75385,150,1232,-1755,532,4448,-125,358,688
58.75435,151,1233,-1755,532,4459,-125,357,687
58.75485,151,1233,-1755,532,4470,-124,356,687
58.75535,151,1233,-1755,532,4471,-125,355,687
58.75585,151,1233,-1755,532,4474,-125,355,687
58.75635,151,1233,-1755,532,4479,-125,353,687
58.75685,151,1233,-1755,532,4483,-125,354,686
58.75735,151,1233,-1755,533,4487,-125,353,686
58.75785,151,1234,-1755,532,4492,-125,353,686
58.75835,151,1234,-1755,532,4492,-125,353,687
58.75885,151,1234,-1755,533,4497,-125,353,687
58.75935,152,1234,-1755,533,4531,-124,352,687
58.75985,152,1234,-1755,532,4538,-125,351,687
58.76035,152,1234,-1754,531,4535,-124,349,687
58.76085,151,1234,-1755,531,4520,-125,348,687
58.76135,151,1234,-1754,531,4495,-125,347,687
58.76185,152,1234,-1754,532,4493,-125,346,687
58.76235,152,1234,-1755,531,4500,-125,345,686
58.76285,152,1234,-1754,532,4510,-125,346,686
58.76335,152,1234,-1754,531,4524,-125,347,686
58.76385,152,1234,-1754,531,4530,-125,347,686
58.76435,152,1235,-1754,531,4533,-125,348,686
58.76485,152,1235,-1754,531,4537,-125,349,685
58.76535,153,1235,-1754,531,4540,-125,350,686
58.76585,153,1235,-1754,531,4541,-125,350,685
58.76635,153,1235,-1754,531,4550,-125,351,686
58.76685,153,1235,-1755,531,4553,-125,351,686
58.76735,153,1235,-1754,531,4563,-125,351,687
58.76785,153,1235,-1754,531,4568,-124,351,687
58.76835,153,1235,-1754,531,4564,-124,351,687
58.76885,153,1235,-1754,531,4572,-124,350,688
58.76935,154,1235,-1755,532,4616,-124,350,688
58.76985,153,1235,-1754,531,4630,-124,349,688
58.77035,154,1235,-1754,531,4628,-124,348,688
58.77085,153,1236,-1754,530,4609,-124,348,688
58.77145,154,1236,-1754,531,4582,-124,347,687
58.77195,154,1235,-1754,531,4581,-125,347,687
58.77245,154,1235,-1754,531,4582,-125,347,687
58.77295,154,1235,-1754,531,4593,-125,347,687
58.77345,154,1235,-1754,530,4603,-125,347,687
58.77395,154,1235,-1754,530,4606,-125,347,687
58.77445,154,1237,-1754,530,4608,-126,347,686
58.77495,154,1236,-1754,530,4610,-126,347,687
58.77545,154,1237,-1754,530,4615,-126,347,686
58.77595,154,1237,-1754,530,4613,-126,347,687
58.77645,154,1237,-1754,530,4617,-126,348,687
58.77695,153,1237,-1754,530,4614,-126,348,687
58.77745,153,1237,-1754,530,4610,-126,349,687
58.77795,153,1237,-1754,530,4614,-126,349,687
58.77845,153,1237,-1754,530,4616,-126,350,687
58.77895,153,1237,-1754,531,4623,-127,350,687
58.77945,154,1237,-1754,531,4662,-127,350,687
58.77995,154,1237,-1754,531,4663,-127,351,687
58.78045,154,1237,-1755,531,4653,-128,351,687
58.78095,154,1237,-1755,530,4630,-128,351,687
58.78145,154,1237,-1755,531,4601,-127,352,687
58.781948,155,1237,-1755,530,4602,-127,351,688
58.78245,154,1237,-1755,531,4611,-127,351,688
58.78295,155,1237,-1754,531,4627,-128,351,688
58.78345,155,1237,-1755,531,4636,-128,351,688
58.78395,155,1238,-1754,530,4639,-128,351,688
58.78445,155,1237,-1755,531,4641,-128,350,688
58.78495,155,1238,-1755,530,4642,-128,351,688
58.78545,155,1237,-1754,531,4642,-128,350,688
58.78595,155,1238,-1754,531,4647,-128,351,688
58.78645,155,1238,-1754,531,4653,-128,351,688
58.78695,155,1238,-1755,531,4656,-128,351,687
58.78745,156,1237,-1755,530,4658,-129,351,687
58.78795,156,1237,-1755,530,4655,-129,351,687
58.78845,156,1238,-1755,530,4655,-129,351,687
58.78895,156,1237,-1755,531,4669,-129,351,687
58.78945,156,1237,-1755,530,4707,-129,351,687
58.78995,156,1237,-1754,530,4709,-129,351,687
58.79045,156,1238,-1754,530,4702,-129,351,687
58.79095,156,1238,-1754,530,4675,-129,351,686
58.79145,155,1238,-1754,530,4645,-129,351,685
58.79195,155,1238,-1754,530,4647,-129,351,685
58.79245,155,1238,-1754,530,4647,-129,351,684
58.79295,155,1238,-1755,530,4654,-130,351,684
58.79345,155,1238,-1755,530,4663,-129,351,685
58.79395,155,1238,-1755,530,4667,-130,351,684
58.79445,155,1238,-1755,530,4667,-130,351,685
58.79495,156,1238,-1756,530,4672,-131,351,685
58.79545,156,1238,-1755,530,4669,-131,351,685
58.79595,156,1238,-1755,530,4667,-131,351,685
58.79645,156,1238,-1754,530,4668,-131,351,686
58.79695,157,1238,-1754,529,4668,-131,351,687
58.79745,157,1238,-1753,530,4672,-131,351,687
58.79795,157,1238,-1754,529,4667,-131,351,688
58.79845,157,1238,-1754,529,4663,-132,351,689
58.79895,158,1238,-1754,530,4679,-131,350,690
58.79945,157,1237,-1754,530,4714,-131,351,691
58.79995,158,1238,-1754,530,4715,-131,351,691
58.80045,158,1238,-1754,529,4705,-131,351,691
58.80095,157,1238,-1755,529,4679,-131,352,691
58.80145,157,1238,-1755,529,4656,-130,352,692
58.80195,157,1238,-1754,529,4657,-130,352,692
58.80245,157,1238,-1755,529,4668,-130,352,691
58.80295,157,1238,-1754,529,4678,-130,352,690
58.80345,158,1237,-1755,529,4679,-131,351,689
58.80395,158,1237,-1755,529,4684,-131,351,689
58.80445,158,1237,-1754,529,4685,-131,350,689
58.80495,157,1237,-1755,530,4686,-131,350,688
58.80545,157,1237,-1754,530,4690,-131,350,689
58.80595,157,1238,-1754,530,4697,-132,350,690
58.80645,156,1238,-1755,530,4695,-131,350,689
58.80695,156,1238,-1755,530,4698,-132,351,690
58.80745,155,1238,-1755,529,4697,-132,350,690
58.80795,156,1237,-1754,529,4701,-132,351,689
58.80845,156,1237,-1755,529,4699,-132,350,690
58.80895,156,1237,-1754,529,4708,-132,351,689
58.80945,157,1237,-1755,529,4746,-133,350,690
58.80995,157,1237,-1755,529,4743,-133,351,689
58.81045,157,1237,-1754,529,4740,-133,351,689
58.81095,157,1237,-1755,528,4711,-133,351,689
58.81145,157,1237,-1754,528,4681,-133,351,689
58.81195,157,1237,-1754,529,4682,-133,351,689
58.81245,157,1237,-1755,529,4688,-133,350,689
58.81295,158,1237,-1754,529,4697,-133,350,689
58.81345,158,1237,-1755,529,4708,-133,349,690
58.81395,158,1237,-1755,529,4714,-133,350,689
58.81445,158,1236,-1755,529,4722,-133,350,690
58.81495,158,1237,-1755,529,4724,-133,350,690
58.81545,158,1236,-1755,529,4732,-134,350,690
58.81595,158,1236,-1754,529,4739,-134,350,689
58.81645,158,1237,-1755,529,4743,-134,350,689
58.81695,158,1236,-1755,529,4741,-134,350,689
58.81745,158,1236,-1755,529,4745,-134,350,689
58.81795,158,1236,-1755,529,4753,-134,350,689
58.81845,158,1236,-1755,528,4758,-134,350,689
58.81895,158,1236,-1755,529,4778,-134,351,689
58.81945,158,1236,-1754,529,4818,-135,350,688
58.81995,158,1236,-1755,529,4820,-135,351,688
58.82045,158,1236,-1755,529,4820,-135,352,689
58.82095,158,1236,-1754,528,4799,-135,351,688
58.82145,158,1236,-1755,528,4777,-135,351,688
58.82195,158,1236,-1755,528,4788,-135,351,688
58.82245,158,1236,-1754,528,4802,-135,351,689
58.82295,158,1235,-1754,528,4814,-135,350,688
58.82345,159,1236,-1755,528,4821,-135,351,689
58.82395,159,1236,-1754,528,4830,-135,351,689
58.82445,159,1235,-1755,528,4834,-135,352,689
58.82495,159,1235,-1755,528,4836,-135,352,689
58.82545,159,1235,-1755,528,4841,-135,353,689
58.82595,159,1236,-1754,528,4851,-135,353,689
58.82645,159,1236,-1754,528,4862,-135,354,689
58.82695,158,1236,-1755,528,4870,-135,354,689
58.82745,159,1236,-1754,528,4877,-135,354,689
58.82795,159,1235,-1755,528,4885,-135,355,689
58.82845,159,1236,-1754,527,4890,-135,354,689
58.82895,159,1235,-1755,528,4916,-135,354,689
58.82945,159,1235,-1754,528,4954,-135,354,689
58.82995,159,1235,-1754,527,4957,-135,354,689
58.83045,159,1235,-1754,527,4956,-135,355,689
58.83095,159,1236,-1754,527,4934,-135,355,689
58.83145,159,1235,-1754,527,4919,-135,355,690
58.83195,159,1236,-1754,527,4931,-135,355,690
58.83245,159,1235,-1754,527,4951,-135,354,690
58.83305,159,1235,-1754,527,4968,-135,354,690
58.83355,159,1235,-1754,527,4984,-135,354,689
58.83405,159,1235,-1754,527,4997,-135,353,689
58.83455,159,1236,-1754,527,5005,-135,353,688
58.83505,159,1235,-1754,527,5015,-135,352,688
58.83555,159,1236,-1754,527,5029,-135,352,688
58.83605,159,1235,-1754,527,5028,-135,352,688
58.83655,159,1235,-1754,527,5013,-135,351,688
58.83705,159,1235,-1754,527,4991,-135,351,688
58.83755,159,1235,-1754,527,4969,-135,351,688
58.83805,159,1235,-1754,527,4945,-135,350,688
58.83855,160,1235,-1754,527,4922,-135,350,688
58.83905,160,1235,-1754,527,4930,-135,349,689
58.83955,159,1235,-1754,527,4943,-135,349,689
58.84005,160,1235,-1754,526,4919,-135,348,688
58.84055,159,1236,-1754,526,4896,-135,348,689
58.84105,159,1236,-1754,526,4859,-135,349,689
58.84155,159,1236,-1754,527,4830,-135,348,689
58.84205,159,1235,-1754,526,4823,-135,348,689
58.84255,159,1235,-1754,527,4824,-135,348,689
58.84305,159,1235,-1754,526,4830,-135,348,689
58.84355,160,1236,-1754,527,4830,-135,349,690
58.84405,159,1235,-1754,527,4829,-135,350,690
58.84455,160,1235,-1754,526,4832,-135,350,691
58.84505,159,1235,-1754,527,4831,-135,352,691
58.84555,159,1236,-1755,527,4823,-135,353,690
58.84605,159,1236,-1754,527,4818,-135,354,690
58.84655,159,1236,-1754,527,4819,-135,354,689
58.84705,159,1236,-1755,527,4816,-135,355,688
58.84755,159,1236,-1754,527,4807,-136,355,688
58.84805,159,1237,-1754,527,4806,-136,355,688
58.84855,158,1237,-1754,527,4801,-136,355,688
58.84905,159,1236,-1755,527,4823,-135,355,689
58.84955,159,1237,-1755,527,4843,-135,355,689
58.85005,159,1236,-1755,527,4830,-135,355,689
58.85055,159,1237,-1755,527,4816,-135,355,689
58.85105,159,1237,-1755,526,4779,-135,355,689
58.85155,159,1237,-1755,527,4753,-135,354,688
58.85205,158,1237,-1755,527,4754,-136,354,688
58.85255,158,1237,-1755,527,4763,-136,354,688
58.85305,159,1237,-1755,528,4766,-136,354,689
58.85355,159,1237,-1755,527,4766,-135,354,689
58.85405,158,1237,-1755,528,4757,-135,353,689
58.85455,159,1238,-1755,527,4755,-135,353,688
58.85505,159,1237,-1755,527,4754,-135,352,689
58.85555,159,1238,-1755,527,4755,-135,351,689
58.85605,159,1237,-1755,527,4747,-135,350,689
58.85655,159,1238,-1754,527,4739,-134,350,689
58.85705,158,1238,-1754,526,4731,-135,350,689
58.85755,158,1238,-1754,527,4724,-135,350,689
58.85805,158,1238,-1754,526,4719,-135,349,689
58.85855,158,1238,-1754,526,4709,-135,350,689
58.85905,158,1238,-1755,527,4730,-134,349,689
58.85955,158,1238,-1755,527,4745,-135,350,689
58.86005,158,1239,-1755,526,4730,-135,350,689
58.86055,158,1239,-1755,526,4709,-135,351,689
58.86105,158,1239,-1755,526,4669,-135,352,688
58.86155,158,1239,-1755,526,4652,-134,352,688
58.86205,158,1239,-1754,526,4654,-135,352,688
58.86255,158,1240,-1755,526,4656,-135,352,688
58.86305,158,1239,-1754,526,4654,-135,353,688
58.86355,158,1239,-1754,526,4650,-135,353,688
58.86405,157,1239,-1754,526,4646,-134,353,688
58.86455,157,1240,-1754,526,4641,-134,353,687
58.86505,157,1240,-1754,526,4634,-134,353,687
58.86555,157,1240,-1754,526,4627,-134,352,688
58.86605,157,1240,-1754,526,4629,-134,352,687
58.86655,157,1240,-1755,527,4634,-134,352,687
58.86705,157,1240,-1755,527,4628,-134,352,688
58.86755,157,1241,-1755,527,4626,-134,352,688
58.86805,157,1241,-1755,527,4629,-134,351,688
58.86855,157,1241,-1755,527,4625,-134,352,688
58.86905,157,1241,-1755,528,4653,-134,351,689
58.86955,157,1241,-1755,528,4666,-134,351,688
58.87005,158,1241,-1755,527,4652,-134,351,688
58.87055,157,1241,-1755,527,4639,-134,351,688
58.87105,157,1242,-1755,526,4602,-134,351,688
58.87155,157,1241,-1755,527,4586,-134,351,689
58.87205,157,1241,-1754,527,4584,-133,350,689
58.87255,157,1241,-1755,527,4581,-133,350,688
58.87305,157,1242,-1755,527,4586,-133,350,688
58.87355,157,1242,-1754,526,4595,-133,350,688
58.87405,157,1242,-1754,527,4596,-133,350,688
58.87455,157,1242,-1754,526,4592,-133,350,689
58.87505,157,1242,-1754,526,4587,-133,350,689
58.87555,157,1242,-1754,526,4578,-133,350,688
58.87605,157,1243,-1754,526,4575,-133,349,688
58.87655,156,1243,-1754,526,4578,-133,349,688
58.87705,156,1243,-1754,526,4576,-133,349,688
58.87755,156,1243,-1754,527,4573,-133,350,689
58.87805,156,1243,-1755,527,4568,-133,349,689
58.87855,156,1243,-1755,527,4559,-133,350,688
58.87905,157,1243,-1755,528,4590,-133,350,689
58.87955,156,1243,-1755,528,4604,-133,350,688
58.88005,157,1244,-1755,527,4589,-133,351,689
58.88055,156,1244,-1755,527,4572,-132,351,688
58.88105,157,1244,-1755,527,4533,-133,352,688
58.88155,156,1244,-1755,527,4524,-132,351,688
58.88205,157,1244,-1754,528,4530,-132,351,688
58.88255,156,1244,-1755,527,4535,-132,352,688
58.88305,157,1245,-1755,527,4542,-132,352,688
58.88355,156,1245,-1755,527,4545,-132,352,688
58.88405,156,1245,-1755,527,4544,-132,351,687
58.88455,157,1245,-1754,527,4543,-132,352,688
58.88505,156,1245,-1755,527,4537,-132,351,687
58.88555,156,1246,-1755,528,4539,-132,351,688
58.88605,157,1246,-1755,527,4537,-132,351,688
58.88655,156,1246,-1754,527,4539,-131,350,688
58.88705,157,1246,-1755,527,4539,-132,350,688
58.88755,156,1246,-1755,527,4537,-131,350,688
58.88805,157,1247,-1755,527,4535,-131,350,688
58.88855,156,1246,-1755,527,4535,-131,350,688
58.88905,157,1247,-1755,528,4569,-131,349,688
58.88955,156,1247,-1754,527,4575,-131,349,688
58.89005,156,1247,-1755,527,4566,-131,350,688
58.89055,156,1248,-1755,526,4545,-131,350,688
58.89105,156,1248,-1754,526,4509,-131,351,688
58.89155,156,1247,-1754,527,4493,-131,351,688
58.89205,157,1248,-1754,527,4494,-131,351,688
58.89255,156,1248,-1754,527,4499,-131,351,688
58.89305,157,1248,-1754,527,4504,-131,352,688
58.89355,157,1248,-1754,527,4507,-131,353,688
58.89405,157,1248,-1755,527,4508,-131,353,688
58.89465,157,1248,-1755,527,4508,-131,353,688
58.89515,157,1249,-1755,527,4507,-131,354,688
58.89565,157,1248,-1755,527,4504,-131,354,688
58.89615,157,1249,-1754,527,4499,-131,354,688
58.89665,157,1249,-1755,527,4495,-131,354,688
58.89715,157,1249,-1755,527,4490,-130,354,688
58.89765,157,1250,-1755,527,4490,-131,353,688
58.89815,157,1250,-1754,527,4489,-130,353,687
58.89865,157,1250,-1754,528,4489,-130,352,687
58.89915,157,1250,-1754,528,4518,-130,352,688
58.89965,157,1250,-1755,527,4524,-130,351,688
58.90015,157,1250,-1754,527,4522,-130,351,687
58.90065,157,1250,-1754,527,4500,-130,351,688
58.90115,157,1250,-1754,527,4465,-130,351,687
58.90165,158,1251,-1754,527,4463,-130,350,687
58.90215,158,1250,-1754,528,4466,-129,349,688
58.90265,157,1251,-1754,527,4475,-129,349,688
58.90315,158,1251,-1754,528,4487,-129,349,688
58.90365,157,1251,-1754,528,4489,-129,348,687
58.90415,158,1251,-1754,528,4489,-130,348,687
58.90465,157,1251,-1754,528,4482,-129,348,687
58.90515,157,1251,-1754,528,4480,-129,348,687
58.90565,158,1252,-1754,528,4484,-129,349,687
58.90615,158,1252,-1754,528,4487,-129,349,687
58.90665,158,1252,-1754,527,4486,-129,349,687
58.90715,158,1252,-1754,528,4484,-129,349,687
58.90765,157,1252,-1754,528,4483,-129,349,687
58.90815,157,1252,-1754,528,4480,-129,350,687
58.90865,158,1252,-1754,528,4486,-129,350,687
58.90915,157,1253,-1754,528,4522,-128,350,687
58.90965,158,1253,-1754,528,4527,-128,351,687
58.91015,157,1253,-1754,528,4520,-128,351,687
58.91065,157,1253,-1754,528,4493,-128,352,687
58.911148,157,1253,-1754,528,4458,-128,352,687
58.91165,157,1254,-1754,528,4449,-128,352,687
58.91215,158,1254,-1754,528,4454,-128,353,687
58.91265,157,1254,-1754,529,4464,-128,352,688
58.91315,158,1254,-1754,528,4475,-128,353,687
58.91365,157,1253,-1754,528,4478,-127,353,688
58.91415,158,1254,-1754,528,4473,-127,353,688
58.91465,158,1253,-1754,528,4472,-127,353,688
58.91515,158,1253,-1754,528,4470,-127,353,687
58.91565,158,1253,-1754,528,4466,-127,352,688
58.91615,159,1253,-1754,528,4459,-127,353,688
58.91665,159,1253,-1754,528,4461,-127,353,687
58.91715,159,1254,-1754,528,4462,-127,353,687
58.91765,158,1254,-1754,529,4460,-126,353,688
58.91815,158,1254,-1754,528,4452,-126,354,687
58.91865,159,1254,-1754,529,4456,-126,353,687
58.91915,159,1254,-1754,529,4481,-126,353,688
58.91965,159,1254,-1754,528,4475,-126,353,687
58.92015,159,1255,-1754,528,4459,-126,353,687
58.92065,159,1254,-1754,528,4418,-126,353,687
58.92115,159,1255,-1754,528,4385,-126,352,687
58.92165,159,1255,-1754,528,4374,-126,351,687
58.92215,159,1255,-1754,528,4376,-126,351,687
58.92265,159,1255,-1754,528,4378,-126,350,687
58.92315,159,1255,-1754,528,4376,-126,350,687
58.92365,159,1255,-1754,529,4370,-126,349,687
58.92415,159,1256,-1754,529,4359,-126,349,687
58.92465,159,1256,-1754,529,4347,-126,349,687
58.92515,160,1256,-1754,529,4338,-126,349,687
58.92565,160,1256,-1753,529,4330,-126,349,687
58.92615,160,1256,-1754,529,4319,-126,350,687
58.92665,160,1256,-1754,529,4308,-126,351,687
58.92715,160,1257,-1753,529,4297,-126,351,687
58.92765,160,1257,-1753,528,4287,-126,352,687
58.92815,159,1257,-1753,529,4275,-126,353,687
58.92865,160,1257,-1754,529,4277,-126,353,688
58.92915,160,1257,-1754,529,4303,-126,354,688
58.92965,159,1258,-1754,529,4296,-126,354,688
58.93015,160,1257,-1754,529,4280,-126,355,687
58.93065,159,1258,-1753,529,4246,-126,355,687
58.93115,159,1258,-1754,529,4203,-125,356,687
58.93165,160,1258,-1754,529,4183,-125,356,687
58.93215,159,1258,-1754,529,4182,-125,355,687
58.93265,160,1258,-1753,529,4186,-125,354,687
58.93315,160,1258,-1754,529,4187,-126,354,688
58.93365,160,1258,-1753,529,4192,-125,354,687
58.93415,160,1258,-1754,529,4201,-125,353,688
58.93465,159,1259,-1753,529,4191,-125,353,688
58.93515,160,1259,-1754,529,4187,-125,353,687
58.93565,159,1260,-1754,530,4185,-125,352,687
58.93615,159,1260,-1754,529,4177,-125,352,688
58.93665,159,1260,-1753,529,4166,-125,351,687
58.93715,159,1260,-1753,530,4160,-125,351,688
58.93765,159,1260,-1753,530,4158,-125,350,688
58.93815,160,1260,-1753,529,4155,-125,350,688
58.93865,160,1260,-1754,530,4166,-125,349,687
58.93915,160,1260,-1753,530,4199,-126,348,686
58.93965,160,1260,-1753,529,4187,-126,349,684
58.94015,159,1261,-1753,529,4173,-126,348,684
58.94065,159,1261,-1753,529,4146,-126,349,683
58.94115,159,1261,-1753,529,4111,-126,349,683
58.94165,159,1261,-1752,529,4094,-126,349,683
58.94215,159,1261,-1753,529,4108,-126,350,683
58.94265,159,1261,-1753,530,4130,-126,350,683
58.94315,159,1261,-1753,530,4133,-126,351,684
58.94365,159,1261,-1753,530,4130,-126,351,685
58.94415,159,1261,-1753,530,4136,-126,353,686
58.94465,160,1261,-1753,530,4131,-126,353,687
58.94515,159,1261,-1753,530,4126,-126,354,687
58.94565,160,1262,-1753,530,4129,-126,355,687
58.94615,160,1262,-1753,530,4138,-126,355,687
58.94665,160,1262,-1753,530,4135,-126,356,688
58.94715,160,1262,-1753,530,4136,-126,356,688
58.94765,160,1262,-1753,530,4140,-126,356,689
58.94815,160,1262,-1753,530,4155,-126,356,689
58.94865,160,1262,-1753,530,4170,-125,356,690
58.94915,160,1262,-1753,530,4192,-125,355,691
58.94965,160,1263,-1753,530,4193,-124,356,691
58.95015,160,1263,-1753,530,4181,-124,356,691
58.95065,159,1263,-1752,530,4148,-123,355,690
58.95115,160,1263,-1752,530,4137,-123,355,689
58.95165,159,1263,-1753,530,4145,-124,354,689
58.95215,160,1263,-1753,530,4143,-124,353,689
58.95265,160,1263,-1753,530,4146,-124,352,688
58.95315,160,1263,-1753,530,4163,-124,351,688
58.95365,160,1263,-1752,530,4177,-124,350,688
58.95415,160,1263,-1752,530,4172,-124,350,688
58.95465,160,1263,-1752,530,4167,-124,350,688
58.95515,160,1263,-1753,530,4163,-124,350,688
58.95565,160,1264,-1752,530,4176,-124,350,688
58.95615,160,1264,-1752,530,4179,-124,351,688
58.95675,160,1264,-1752,530,4152,-123,352,688
58.95725,160,1264,-1752,530,4141,-124,353,688
58.95775,161,1264,-1752,530,4140,-123,354,688
58.95825,160,1264,-1752,530,4146,-123,354,688
58.95875,160,1264,-1752,530,4168,-123,354,688
58.95925,160,1264,-1752,530,4202,-123,355,688
58.95975,161,1264,-1752,530,4198,-124,356,688
58.96025,160,1264,-1752,530,4188,-123,357,688
58.96075,160,1264,-1752,530,4160,-124,357,687
58.96125,160,1265,-1753,530,4137,-124,357,687
58.96175,160,1264,-1753,531,4130,-124,357,687
58.96225,160,1264,-1753,531,4143,-124,357,687
58.96275,160,1264,-1753,530,4158,-124,357,687
58.96325,160,1265,-1753,530,4164,-124,357,688
58.96375,160,1264,-1752,531,4167,-124,357,687
58.96425,160,1265,-1753,531,4169,-124,356,687
58.96475,160,1265,-1753,531,4158,-124,356,687
58.96525,160,1265,-1752,531,4157,-124,356,687
58.96575,160,1265,-1752,530,4160,-123,355,687
58.96625,160,1265,-1752,530,4162,-124,355,686
58.96675,160,1265,-1752,530,4163,-124,353,687
58.96725,160,1265,-1752,530,4173,-123,353,686
58.96775,161,1265,-1752,530,4173,-124,351,687
58.96825,161,1265,-1752,529,4168,-124,350,687
58.96875,161,1265,-1752,530,4169,-124,348,687
58.96925,161,1265,-1751,530,4195,-124,347,688
58.96975,161,1265,-1751,529,4195,-124,347,689
58.97025,160,1265,-1751,530,4185,-124,347,690
58.97075,161,1265,-1752,530,4158,-123,348,690
58.97125,160,1265,-1752,530,4149,-123,348,689
58.97175,161,1265,-1752,531,4143,-124,348,689
58.972248,161,1265,-1752,531,4130,-124,348,689
58.97275,161,1265,-1752,531,4145,-124,348,689
58.97325,160,1266,-1752,530,4157,-124,348,689
58.97375,161,1265,-1752,530,4164,-124,348,688
58.97425,161,1266,-1752,531,4163,-124,348,688
58.97475,161,1265,-1752,530,4154,-125,349,688
58.97525,160,1266,-1752,530,4158,-125,349,687
58.97575,161,1266,-1752,531,4169,-125,349,687
58.97625,161,1266,-1752,530,4168,-125,348,688
58.97675,161,1266,-1752,530,4158,-125,349,688
58.97725,161,1266,-1752,531,4165,-125,348,688
58.97775,161,1266,-1751,530,4178,-125,349,688
58.97825,160,1266,-1752,530,4175,-125,349,688
58.97875,160,1266,-1752,531,4192,-125,348,689
58.97925,160,1266,-1752,531,4211,-125,348,688
58.97975,160,1266,-1752,531,4208,-125,348,688
58.98025,159,1267,-1751,530,4209,-125,348,688
58.98075,159,1266,-1751,530,4185,-125,348,688
58.98125,160,1267,-1751,530,4156,-125,347,687
58.98175,160,1266,-1751,530,4115,-125,346,688
58.98225,160,1266,-1751,530,4104,-126,347,688
58.98275,160,1266,-1751,530,4117,-125,347,688
58.98325,160,1266,-1751,530,4133,-126,347,688
58.98375,161,1266,-1751,530,4148,-126,347,688
58.98425,160,1266,-1751,530,4161,-126,348,688
58.98475,161,1267,-1752,530,4169,-126,348,688
58.98525,161,1267,-1751,530,4177,-127,348,688
58.98575,160,1267,-1751,531,4189,-127,348,688
58.98625,161,1267,-1751,530,4198,-127,348,688
58.98675,160,1267,-1751,530,4204,-127,348,688
58.98725,161,1267,-1751,530,4211,-127,348,688
58.98775,161,1267,-1751,530,4217,-128,349,688
58.98825,161,1267,-1751,531,4220,-128,350,688
58.98875,161,1267,-1752,532,4251,-128,349,688
58.98925,161,1267,-1752,531,4274,-128,349,688
58.98975,161,1267,-1752,531,4270,-129,349,688
58.99025,161,1267,-1752,531,4260,-129,349,688
58.99075,161,1267,-1752,531,4228,-129,350,687
58.99125,161,1267,-1752,531,4210,-129,349,687
58.99175,161,1267,-1752,531,4203,-130,349,687
58.99225,161,1267,-1752,531,4211,-130,348,687
58.99275,161,1267,-1751,531,4221,-130,348,687
58.99325,161,1267,-1751,530,4229,-131,347,687
58.99375,162,1267,-1750,530,4235,-131,347,687
58.99425,162,1267,-1751,530,4237,-130,347,687
58.99475,161,1266,-1751,531,4238,-131,347,687
58.99525,161,1267,-1751,531,4237,-131,347,687
58.99575,162,1267,-1751,531,4237,-131,347,687
58.99625,161,1267,-1751,531,4235,-131,348,688
58.99675,161,1267,-1751,530,4235,-132,348,687
58.99725,162,1267,-1751,529,4239,-132,348,687
58.99775,162,1266,-1751,529,4236,-132,349,687
58.99825,162,1267,-1751,530,4232,-133,349,687
58.99875,162,1267,-1751,530,4261,-133,349,687
58.99925,162,1267,-1751,530,4280,-133,350,687
58.99975,161,1267,-1751,530,4276,-133,350,687
59.00025,161,1268,-1751,530,4260,-133,350,687
59.00075,159,1269,-1751,530,4225,-133,349,687
59.00125,159,1269,-1751,530,4211,-133,350,688
59.00175,159,1269,-1751,530,4213,-133,349,687
59.00225,159,1268,-1751,530,4226,-133,349,687
59.00275,160,1268,-1750,530,4231,-134,348,687
59.00325,160,1267,-1751,530,4236,-134,348,687
59.00375,160,1268,-1751,530,4240,-134,349,687
59.00425,161,1267,-1751,531,4240,-135,349,687
59.00475,161,1267,-1752,531,4241,-135,349,687
59.00525,161,1267,-1751,531,4241,-134,349,687
59.00575,161,1267,-1751,531,4239,-135,349,687
59.00625,161,1267,-1751,530,4237,-135,349,687
59.00675,161,1267,-1750,530,4236,-135,349,687
59.00725,162,1267,-1750,530,4234,-135,349,687
59.00775,162,1267,-1750,529,4232,-135,349,687
59.00825,162,1267,-1750,530,4230,-136,349,687
59.00875,162,1267,-1750,530,4261,-136,349,687
59.00925,162,1267,-1750,530,4270,-136,349,687
59.00975,162,1267,-1751,530,4263,-136,350,687
59.01025,161,1267,-1751,530,4245,-136,350,687
59.01075,162,1266,-1751,530,4210,-136,351,687
59.01125,162,1266,-1751,530,4195,-136,351,687
59.01175,162,1266,-1751,531,4192,-136,352,687
59.01225,162,1266,-1751,531,4199,-136,352,687
59.01275,162,1266,-1751,531,4204,-137,352,686
59.01325,161,1266,-1751,531,4206,-137,352,686
59.01375,162,1266,-1751,531,4215,-137,352,686
59.01425,161,1266,-1751,531,4216,-138,352,686
59.01475,161,1266,-1751,530,4216,-137,351,686
59.01525,161,1267,-1751,530,4216,-138,351,686
59.01575,161,1267,-1751,531,4218,-138,351,686
59.01625,161,1267,-1751,530,4219,-138,350,686
59.01675,161,1267,-1751,530,4218,-138,350,687
59.01725,161,1267,-1751,530,4221,-138,350,687
59.01775,162,1267,-1751,530,4221,-138,349,687
59.01835,161,1266,-1751,531,4223,-139,350,687
59.01885,162,1266,-1751,531,4258,-139,349,687
59.01935,161,1267,-1751,531,4267,-139,349,687
59.01985,161,1266,-1752,531,4263,-139,348,687
59.02035,161,1266,-1751,530,4244,-140,348,687
59.02085,161,1265,-1751,530,4209,-139,348,687
59.02135,161,1266,-1751,531,4201,-140,348,686
59.02185,162,1266,-1751,531,4207,-140,348,687
59.02235,162,1266,-1751,531,4222,-140,348,686
59.02285,162,1266,-1751,531,4229,-141,349,686
59.02335,161,1266,-1751,531,4236,-141,349,686
59.02385,161,1266,-1751,531,4238,-141,350,686
59.02435,162,1266,-1751,530,4235,-141,350,686
59.02485,162,1266,-1751,530,4231,-141,349,686
59.02535,162,1266,-1751,530,4231,-141,348,687
59.02585,162,1265,-1751,530,4233,-140,349,687
59.02635,162,1266,-1751,531,4228,-141,349,687
59.02685,163,1265,-1751,531,4226,-141,348,687
59.02735,162,1265,-1751,531,4227,-141,349,687
59.02785,162,1266,-1751,531,4226,-141,349,688
59.02835,163,1265,-1751,531,4232,-141,349,687
59.02885,163,1266,-1751,531,4271,-141,348,688
59.02935,163,1265,-1751,531,4271,-142,348,687
59.02985,162,1266,-1751,531,4266,-141,348,687
59.03035,162,1265,-1751,530,4241,-141,348,687
59.03085,162,1265,-1751,530,4207,-141,349,688
59.03135,162,1265,-1751,531,4200,-141,349,688
59.03185,161,1265,-1751,531,4205,-141,349,688
59.03235,162,1264,-1751,531,4216,-141,349,688
59.03285,162,1265,-1751,531,4224,-142,348,687
59.033348,162,1264,-1751,530,4228,-142,348,687
59.03385,161,1265,-1751,531,4231,-142,348,686
59.03435,162,1264,-1751,531,4235,-142,348,686
59.03485,162,1264,-1751,531,4243,-143,348,687
59.03535,162,1264,-1751,531,4245,-143,348,687
59.03585,162,1265,-1751,531,4241,-142,348,687
59.03635,161,1265,-1751,531,4243,-142,349,688
59.03685,161,1265,-1751,531,4247,-142,349,688
59.03735,161,1265,-1751,531,4254,-142,349,688
59.03785,161,1265,-1751,531,4257,-142,349,689
59.03835,161,1265,-1752,531,4263,-142,348,689
59.03885,161,1265,-1751,531,4293,-142,348,689
59.03935,161,1264,-1751,531,4294,-142,349,688
59.03985,161,1264,-1751,531,4289,-142,349,688
59.04035,161,1264,-1751,530,4269,-143,349,687
59.04085,161,1264,-1751,530,4236,-143,349,687
59.04135,161,1264,-1751,530,4223,-143,349,687
59.04185,161,1264,-1751,531,4224,-144,349,686
59.04235,161,1265,-1751,531,4235,-144,349,686
59.04285,161,1264,-1751,531,4249,-144,348,686
59.04335,161,1265,-1751,531,4256,-144,349,686
59.04385,161,1265,-1751,531,4260,-144,349,686
59.04435,161,1265,-1751,531,4260,-144,349,686
59.04485,161,1264,-1751,531,4261,-144,349,687
59.04535,161,1264,-1751,531,4260,-144,348,687
59.04585,161,1264,-1751,531,4257,-144,348,687
59.04635,162,1264,-1751,531,4257,-145,348,687
59.04685,162,1264,-1751,531,4259,-145,349,686
59.04735,162,1264,-1751,531,4262,-145,349,686
59.04785,162,1264,-1752,531,4269,-145,349,686
59.04835,162,1264,-1751,531,4281,-145,349,687
59.04885,161,1264,-1752,531,4317,-144,348,687
59.04935,162,1264,-1751,531,4315,-145,349,688
59.04985,161,1264,-1751,531,4310,-144,349,688
59.05035,161,1264,-1751,531,4293,-144,349,688
59.05085,161,1264,-1751,531,4268,-144,349,688
59.05135,161,1264,-1751,531,4263,-145,349,688
59.05185,161,1264,-1751,531,4265,-145,349,688
59.05235,161,1264,-1751,531,4277,-146,349,688
59.05285,161,1264,-1751,531,4285,-147,349,687
59.05335,161,1264,-1751,531,4290,-147,349,687
59.05385,161,1264,-1751,531,4290,-147,349,686
59.05435,161,1264,-1751,531,4293,-147,349,686
59.05485,161,1264,-1751,530,4302,-147,349,686
59.05535,161,1264,-1751,530,4305,-147,349,686
59.05585,161,1264,-1751,529,4306,-147,349,685
59.05635,161,1264,-1751,529,4305,-147,348,685
59.05685,161,1264,-1751,530,4299,-147,348,685
59.05735,160,1264,-1752,530,4302,-147,349,686
59.05785,160,1264,-1752,530,4305,-147,349,686
59.05835,160,1264,-1752,531,4320,-146,349,686
59.05885,160,1264,-1752,531,4353,-146,348,686
59.05935,160,1263,-1751,531,4351,-147,349,686
59.05985,160,1263,-1750,530,4343,-147,349,686
59.06035,160,1264,-1750,530,4316,-147,349,686
59.06085,160,1264,-1751,530,4283,-147,350,687
59.06135,160,1264,-1750,530,4277,-147,349,687
59.06185,160,1264,-1750,530,4277,-147,349,688
59.06235,160,1264,-1751,530,4288,-148,348,688
59.06285,160,1264,-1751,530,4300,-148,348,687
59.06335,160,1264,-1751,530,4304,-148,348,687
59.06385,160,1264,-1751,530,4299,-148,349,686
59.06435,160,1264,-1751,531,4298,-147,349,686
59.06485,159,1264,-1752,531,4303,-148,349,686
59.06535,159,1264,-1751,531,4309,-148,349,687
59.06585,159,1264,-1751,531,4313,-148,350,686
59.06635,159,1264,-1751,531,4312,-148,350,687
59.06685,159,1264,-1752,531,4317,-148,350,688
59.06735,159,1264,-1752,531,4317,-148,350,688
59.06785,159,1264,-1752,531,4322,-148,350,688
59.06835,159,1263,-1751,532,4337,-148,350,688
59.06885,160,1263,-1752,531,4372,-148,350,687
59.06935,159,1263,-1752,531,4368,-148,350,687
59.06985,159,1263,-1752,531,4357,-148,350,687
59.07035,159,1263,-1751,531,4333,-148,350,686
59.07085,159,1263,-1751,531,4310,-149,350,686
59.07135,160,1263,-1751,531,4312,-149,349,686
59.07185,160,1263,-1751,531,4313,-149,349,686
59.07235,160,1263,-1751,531,4322,-149,349,686
59.07285,160,1263,-1751,532,4326,-149,349,686
59.07335,160,1263,-1751,531,4329,-149,349,687
59.07385,160,1263,-1751,531,4332,-149,349,686
59.07435,160,1263,-1751,530,4327,-149,349,686
59.07485,159,1263,-1751,531,4329,-149,348,686
59.07535,160,1263,-1751,530,4330,-149,349,686
59.07585,159,1264,-1751,530,4328,-149,348,686
59.07635,160,1263,-1751,530,4327,-149,349,687
59.07685,160,1263,-1751,530,4326,-149,348,686
59.07735,160,1263,-1751,531,4322,-149,349,687
59.07785,160,1263,-1751,530,4323,-149,349,687
59.07835,160,1263,-1751,531,4332,-149,349,687
59.07885,160,1263,-1751,531,4361,-150,349,687
59.07935,160,1263,-1751,531,4357,-149,350,687
59.07995,160,1263,-1751,531,4347,-150,350,687
59.08045,160,1263,-1752,531,4315,-150,351,686
59.08095,160,1263,-1752,531,4286,-150,351,687
59.08145,160,1263,-1753,531,4286,-150,350,687
59.08195,160,1263,-1753,532,4287,-149,351,688
59.08245,159,1263,-1752,531,4298,-149,350,687
59.08295,159,1264,-1752,531,4310,-149,351,687
59.08345,159,1264,-1752,531,4312,-149,350,687
59.08395,159,1264,-1752,531,4314,-150,349,687
59.08445,159,1263,-1752,530,4316,-149,348,687
59.08495,159,1263,-1751,530,4318,-150,348,687
59.08545,159,1263,-1751,530,4319,-149,349,687
59.08595,159,1263,-1752,530,4321,-150,348,687
59.08645,159,1263,-1751,530,4321,-150,349,687
59.08695,159,1263,-1751,529,4322,-150,349,687
59.08745,159,1264,-1751,530,4322,-149,349,687
59.08795,159,1264,-1751,531,4321,-150,349,687
59.08845,159,1264,-1751,531,4336,-150,349,688
59.08895,159,1263,-1751,531,4367,-150,349,687
59.08945,158,1264,-1751,531,4367,-150,349,687
59.08995,158,1264,-1751,531,4352,-150,349,688
59.09045,158,1265,-1751,531,4320,-150,349,687
59.09095,158,1265,-1752,531,4297,-150,349,687
59.09145,158,1265,-1752,530,4284,-150,349,687
59.09195,158,1264,-1753,531,4283,-150,349,687
59.09245,158,1264,-1754,531,4290,-150,349,687
59.09295,158,1264,-1753,531,4292,-150,350,687
59.09345,158,1264,-1753,531,4295,-150,349,687
59.09395,159,1264,-1752,531,4295,-150,350,687
59.094448,158,1264,-1752,531,4294,-151,350,687
59.09495,159,1264,-1751,531,4291,-151,350,687
59.09545,159,1264,-1751,531,4290,-151,349,687
59.09595,159,1264,-1751,531,4286,-150,350,687
59.09645,159,1264,-1751,531,4280,-151,350,686
59.09695,159,1264,-1752,531,4277,-150,350,687
59.09745,159,1264,-1752,531,4283,-151,350,687
59.09795,159,1265,-1752,531,4277,-150,349,687
59.09845,159,1265,-1752,531,4292,-150,349,687
59.09895,159,1265,-1753,531,4316,-150,349,688
59.09945,159,1265,-1752,531,4310,-150,349,687
59.09995,158,1265,-1753,531,4305,-150,350,687
59.10045,158,1265,-1753,531,4268,-151,350,687
59.10095,158,1265,-1753,532,4241,-151,350,686
59.10145,158,1265,-1753,532,4240,-151,350,686
59.10195,158,1265,-1752,532,4249,-151,349,686
59.10245,158,1265,-1752,532,4261,-151,349,686
59.10295,157,1265,-1751,532,4267,-151,349,686
59.10345,157,1265,-1752,532,4271,-151,349,686
59.10395,158,1265,-1752,532,4271,-151,350,687
59.10445,158,1265,-1752,532,4269,-151,350,687
59.10495,157,1265,-1752,532,4264,-150,349,687
59.10545,157,1265,-1752,532,4266,-151,349,687
59.10595,157,1265,-1752,532,4269,-150,349,687
59.10645,157,1264,-1752,532,4268,-151,349,687
59.10695,158,1264,-1752,531,4267,-151,349,687
59.10745,158,1264,-1752,530,4266,-151,349,687
59.10795,158,1264,-1752,531,4262,-151,349,687
59.10845,159,1264,-1752,530,4285,-151,349,687
59.10895,158,1264,-1751,530,4306,-151,350,687
59.10945,158,1264,-1752,530,4298,-151,350,687
59.10995,158,1265,-1752,530,4286,-151,350,687
59.11045,158,1264,-1752,530,4253,-151,350,687
59.11095,157,1265,-1752,530,4231,-151,351,687
59.11145,157,1266,-1751,530,4227,-151,351,687
59.11195,156,1265,-1751,530,4227,-151,351,687
59.11245,157,1265,-1751,531,4235,-151,351,687
59.11295,157,1265,-1751,531,4238,-150,351,687
59.11345,157,1265,-1751,531,4238,-151,350,687
59.11395,157,1264,-1752,532,4240,-150,350,687
59.11445,157,1264,-1753,531,4242,-151,350,687
59.11495,157,1265,-1754,531,4241,-151,350,687
59.11545,156,1266,-1754,532,4240,-151,349,687
59.11595,155,1267,-1754,533,4240,-151,349,687
59.11645,156,1267,-1755,534,4239,-150,349,687
59.11695,156,1266,-1756,535,4240,-151,349,686
59.11745,156,1266,-1758,536,4240,-150,349,687
59.11795,156,1266,-1758,536,4242,-151,349,686
59.11845,156,1265,-1758,537,4264,-151,349,687
59.11895,157,1266,-1757,536,4285,-151,349,686
59.11945,157,1266,-1756,535,4275,-151,349,686
59.11995,157,1266,-1755,534,4268,-151,349,686
59.12045,157,1266,-1753,531,4234,-151,349,686
59.12095,157,1266,-1751,529,4211,-151,349,687
59.12145,156,1266,-1748,526,4210,-150,349,687
59.12195,156,1266,-1746,525,4210,-151,349,687
59.12245,157,1266,-1746,525,4221,-151,349,687
59.12295,157,1266,-1748,527,4228,-151,349,688
59.12345,156,1266,-1750,528,4234,-151,349,687
59.12395,156,1266,-1751,529,4240,-151,348,687
59.12445,156,1266,-1751,530,4235,-151,348,687
59.12495,157,1266,-1752,530,4231,-151,348,687
59.12545,157,1266,-1752,531,4230,-151,348,687
59.12595,157,1266,-1753,531,4229,-151,349,687
59.12645,157,1266,-1753,531,4229,-150,349,687
59.12695,157,1266,-1753,531,4228,-151,349,687
59.12745,157,1266,-1753,531,4227,-150,349,686
59.12795,157,1266,-1753,531,4224,-150,348,686
59.12845,157,1266,-1752,532,4255,-150,348,687
59.12895,157,1266,-1752,531,4274,-150,348,687
59.12945,157,1266,-1752,531,4261,-150,349,687
59.12995,157,1267,-1752,531,4245,-150,349,687
59.13045,157,1267,-1751,530,4212,-151,349,686
59.13095,157,1267,-1751,529,4194,-151,348,684
59.13145,157,1267,-1752,530,4195,-152,348,683
59.13195,157,1267,-1752,531,4201,-152,349,683
59.13245,157,1267,-1752,532,4205,-152,349,681
59.13295,157,1267,-1753,532,4207,-152,349,681
59.13345,157,1267,-1754,532,4212,-152,349,682
59.13395,157,1267,-1754,532,4216,-152,349,682
59.13445,157,1267,-1754,531,4220,-151,348,682
59.13495,157,1267,-1754,531,4219,-151,348,683
59.13545,157,1267,-1754,530,4218,-151,348,683
59.13595,157,1268,-1754,529,4211,-151,348,684
59.13645,157,1268,-1754,530,4209,-151,349,685
59.13695,157,1267,-1755,531,4216,-151,349,686
59.13745,156,1268,-1755,533,4219,-151,350,686
59.13795,156,1268,-1756,534,4224,-150,349,686
59.13845,156,1268,-1756,535,4259,-150,349,687
59.13895,156,1268,-1756,535,4267,-151,349,687
59.13945,156,1268,-1754,535,4253,-150,349,688
59.13995,156,1268,-1753,534,4237,-150,349,688
59.14045,156,1268,-1751,533,4205,-150,350,688
59.14105,156,1268,-1749,532,4188,-149,349,689
59.14155,156,1268,-1749,531,4185,-149,349,690
59.14205,156,1268,-1749,531,4185,-148,349,691
59.14255,156,1268,-1750,531,4199,-148,349,690
59.14305,156,1269,-1751,532,4201,-148,349,690
59.14355,156,1268,-1752,532,4207,-149,349,689
59.14405,156,1268,-1753,531,4207,-148,348,688
59.14455,156,1268,-1753,530,4199,-149,348,688
59.14505,157,1269,-1753,530,4202,-148,348,688
59.14555,156,1269,-1752,530,4206,-148,349,688
59.14605,156,1269,-1753,531,4203,-148,349,687
59.14655,156,1269,-1753,531,4199,-149,349,687
59.14705,156,1269,-1752,532,4192,-149,349,687
59.14755,156,1268,-1752,532,4189,-149,349,687
59.14805,157,1269,-1753,532,4191,-149,349,686
59.14855,157,1269,-1753,533,4227,-148,349,687
59.14905,156,1269,-1753,532,4240,-149,350,687
59.14955,157,1269,-1752,533,4229,-148,350,687
59.15005,157,1268,-1753,533,4211,-149,350,687
59.15055,157,1269,-1753,534,4178,-149,351,687
59.15105,157,1269,-1753,534,4168,-148,351,687
59.15155,157,1269,-1753,533,4169,-148,350,687
59.15205,157,1269,-1752,531,4171,-148,350,687
59.15255,157,1270,-1752,530,4181,-148,350,687
59.15305,157,1269,-1752,530,4184,-149,350,686
59.15355,157,1270,-1752,529,4187,-149,350,686
59.15405,157,1269,-1752,530,4194,-148,350,686
59.15455,157,1269,-1752,531,4199,-148,350,686
59.15505,157,1269,-1752,531,4198,-148,350,686
59.15555,157,1269,-1752,532,4196,-148,350,687
59.15605,157,1270,-1752,532,4193,-148,350,686
59.15655,156,1270,-1753,532,4188,-147,350,686
59.15705,157,1270,-1753,532,4191,-148,350,687
59.15755,157,1270,-1753,532,4191,-147,349,687
59.15805,156,1271,-1753,532,4189,-147,349,686
59.15855,156,1270,-1754,533,4223,-147,348,687
59.15905,156,1271,-1754,532,4230,-148,349,687
59.15955,156,1271,-1753,533,4218,-147,349,686
59.16005,156,1270,-1753,533,4198,-147,349,686
59.16055,157,1270,-1752,532,4172,-147,350,686
59.16105,157,1270,-1752,532,4160,-147,349,686
59.16155,157,1270,-1753,531,4160,-147,349,686
59.16205,157,1270,-1752,532,4165,-146,349,686
59.16255,157,1270,-1752,532,4175,-146,349,686
59.16305,157,1270,-1752,532,4178,-146,349,687
59.16355,157,1270,-1752,532,4180,-146,349,686
59.16405,157,1271,-1752,532,4177,-147,349,686
59.16455,157,1271,-1753,532,4181,-146,349,686
59.16505,157,1271,-1753,532,4183,-147,350,686
59.16555,157,1271,-1752,532,4184,-146,349,686
59.16605,157,1271,-1752,533,4185,-146,349,686
59.16655,157,1271,-1752,534,4186,-146,349,686
59.16705,157,1271,-1753,534,4187,-146,349,686
59.16755,157,1271,-1753,534,4188,-146,350,686
59.16805,158,1271,-1753,535,4193,-145,349,687
59.16855,158,1271,-1754,535,4229,-145,349,687
59.16905,158,1271,-1754,535,4228,-145,349,687
59.16955,158,1271,-1754,536,4221,-145,349,687
59.17005,158,1271,-1754,534,4201,-145,349,686
59.17055,158,1271,-1754,531,4173,-145,349,687
59.17105,158,1271,-1754,530,4174,-145,349,687
59.17155,158,1271,-1754,530,4172,-145,349,687
59.17205,158,1271,-1753,530,4181,-145,349,686
59.17255,158,1271,-1751,530,4192,-145,348,686
59.17305,159,1271,-1750,531,4201,-145,348,686
59.17355,158,1271,-1750,531,4207,-144,349,687
59.17405,159,1271,-1751,531,4208,-144,349,687
59.17455,158,1271,-1752,532,4203,-144,349,686
59.17505,159,1271,-1753,532,4202,-144,349,687
59.17555,158,1271,-1753,532,4208,-144,349,686
59.17605,158,1271,-1752,532,4203,-144,349,686
59.17655,158,1271,-1752,532,4205,-144,349,687
59.17705,158,1272,-1753,533,4209,-143,349,686
59.17755,158,1272,-1753,533,4206,-143,349,686
59.17805,158,1272,-1752,533,4218,-143,349,687
59.17855,158,1272,-1752,534,4252,-142,348,687
59.17905,158,1272,-1752,533,4244,-142,349,687
59.17955,157,1272,-1753,533,4232,-142,349,687
59.18005,157,1272,-1753,533,4207,-142,349,687
59.18055,157,1272,-1753,533,4175,-142,349,688
59.18105,157,1273,-1753,532,4164,-142,349,687
59.18155,157,1273,-1753,532,4169,-142,349,687
59.18205,157,1273,-1753,532,4173,-142,349,687
59.18255,157,1272,-1754,532,4182,-142,349,687
59.18305,158,1273,-1753,533,4190,-143,349,686
59.18355,157,1273,-1753,532,4198,-143,349,686
59.18405,158,1273,-1753,532,4204,-143,349,685
59.18455,158,1273,-1752,532,4205,-143,349,686
59.18505,158,1273,-1753,533,4204,-142,349,686
59.18555,158,1273,-1753,534,4211,-142,349,686
59.18605,158,1273,-1752,534,4214,-141,349,686
59.18655,158,1273,-1753,534,4215,-142,349,686
59.18705,158,1273,-1753,533,4214,-141,349,686
59.18755,158,1273,-1753,534,4215,-141,350,686
59.18805,158,1273,-1753,534,4227,-141,350,686
59.18855,158,1273,-1753,533,4263,-141,350,686
59.18905,158,1273,-1753,533,4262,-141,350,686
59.18955,158,1273,-1754,532,4252,-141,350,686
59.19005,158,1273,-1754,532,4225,-141,350,685
59.19055,159,1274,-1752,532,4195,-141,350,685
59.19105,158,1273,-1752,532,4183,-141,350,686
59.19155,159,1274,-1752,532,4184,-140,349,685
59.19205,159,1274,-1753,532,4192,-141,350,686
59.19255,159,1274,-1754,534,4196,-140,350,686
59.19305,159,1273,-1755,535,4204,-141,350,685
59.19355,159,1274,-1754,535,4207,-141,350,685
59.19405,159,1274,-1753,535,4205,-141,349,685
59.19455,159,1274,-1753,535,4208,-141,349,685
59.19505,159,1274,-1752,535,4210,-141,348,684
59.19555,159,1274,-1752,535,4212,-141,349,685
59.19605,159,1274,-1753,535,4217,-141,349,685
59.19655,159,1274,-1753,534,4212,-140,348,684
59.19705,159,1274,-1752,534,4211,-141,349,684
59.19755,159,1273,-1751,533,4217,-140,348,685
59.19805,159,1274,-1751,532,4230,-140,348,686
59.19855,160,1274,-1752,531,4260,-140,348,686
59.19905,159,1274,-1752,531,4263,-139,348,687
59.19955,159,1274,-1753,531,4256,-140,349,687
59.20005,159,1273,-1753,531,4227,-139,349,687
59.20055,159,1274,-1753,531,4199,-139,349,687
59.20105,158,1274,-1753,531,4192,-139,348,687
59.20155,159,1274,-1753,531,4197,-139,348,687
59.20205,159,1274,-1752,532,4206,-139,348,686
59.20255,159,1274,-1752,532,4218,-139,348,686
59.20315,159,1274,-1752,532,4229,-139,348,686
59.20365,159,1274,-1752,532,4236,-139,348,685
59.20415,159,1273,-1752,533,4238,-139,348,685
59.20465,160,1274,-1752,533,4235,-139,348,686
59.20515,160,1274,-1753,532,4236,-139,348,686
59.20565,160,1274,-1752,533,4242,-139,349,685
59.20615,160,1274,-1753,533,4243,-139,349,685
59.20665,160,1274,-1752,533,4237,-139,349,685
59.20715,160,1274,-1753,533,4235,-139,349,685
59.20765,160,1274,-1753,533,4233,-139,349,685
59.20815,160,1274,-1753,533,4244,-139,349,685
59.20865,161,1274,-1753,533,4276,-139,349,686
59.20915,160,1274,-1753,533,4276,-139,349,686
59.20965,160,1274,-1753,534,4271,-139,349,686
59.21015,160,1274,-1754,533,4243,-139,349,685
59.21065,160,1274,-1754,533,4215,-139,349,686
59.21115,160,1274,-1754,534,4205,-139,349,686
59.21165,160,1274,-1754,533,4211,-139,349,687
59.21215,160,1274,-1753,533,4216,-139,349,687
59.21265,160,1274,-1753,533,4213,-139,349,687
59.21315,160,1275,-1752,532,4217,-139,349,688
59.21365,160,1275,-1752,533,4219,-139,349,687
59.21415,160,1275,-1752,534,4228,-138,349,688
59.21465,160,1275,-1752,534,4229,-139,349,687
59.21515,160,1275,-1752,533,4232,-139,349,687
59.21565,159,1275,-1753,533,4230,-139,349,687
59.21615,159,1275,-1752,533,4227,-139,349,687
59.21665,160,1275,-1752,533,4230,-139,349,687
59.21715,160,1275,-1752,533,4237,-139,349,687
59.21765,160,1274,-1753,533,4240,-139,349,687
59.21815,160,1274,-1753,534,4257,-139,349,687
59.21865,160,1274,-1753,534,4290,-139,349,687
59.21915,160,1274,-1753,534,4286,-139,349,686
59.21965,160,1274,-1753,534,4277,-139,349,687
59.22015,160,1274,-1753,532,4255,-139,350,686
59.22065,160,1274,-1753,531,4228,-139,350,686
59.22115,161,1274,-1752,531,4225,-139,349,687
59.22165,160,1274,-1752,530,4231,-139,349,687
59.22215,160,1275,-1752,531,4235,-139,349,687
59.22265,160,1275,-1753,531,4245,-138,349,687
59.22315,160,1275,-1753,532,4251,-139,349,687
59.223648,160,1275,-1753,532,4256,-139,349,687
59.22415,160,1275,-1752,532,4255,-139,349,687
59.22465,161,1275,-1751,532,4255,-140,349,686
59.22515,160,1275,-1750,532,4260,-139,349,686
59.22565,161,1275,-1751,532,4268,-139,349,686
59.22615,161,1275,-1752,532,4270,-140,349,686
59.22665,161,1275,-1752,532,4270,-139,349,687
59.22715,161,1275,-1752,532,4269,-139,349,687
59.22765,161,1275,-1752,532,4263,-139,349,686
59.22815,161,1275,-1752,533,4284,-139,349,686
59.22865,161,1275,-1752,532,4319,-139,349,686
59.22915,161,1275,-1752,532,4315,-139,349,686
59.22965,161,1275,-1752,532,4304,-140,349,686
59.23015,161,1275,-1753,532,4273,-139,349,686
59.23065,161,1275,-1753,532,4252,-139,349,686
59.23115,161,1275,-1753,533,4252,-139,349,686
59.23165,161,1275,-1753,533,4257,-139,349,687
59.23215,161,1275,-1752,533,4262,-139,349,687
59.23265,161,1275,-1752,533,4266,-139,349,687
59.23315,161,1275,-1752,532,4272,-139,349,687
59.23365,161,1275,-1752,532,4278,-139,349,687
59.23415,162,1275,-1752,533,4286,-139,349,687
59.23465,161,1275,-1752,533,4291,-139,349,687
59.23515,161,1275,-1752,533,4294,-139,349,687
59.23565,161,1275,-1753,532,4296,-139,349,687
59.23615,161,1275,-1752,532,4299,-139,349,686
59.23665,162,1275,-1752,533,4301,-139,349,687
59.23715,162,1275,-1752,533,4308,-139,350,686
59.23765,162,1275,-1752,533,4305,-140,349,686
59.23815,162,1275,-1752,533,4333,-140,349,686
59.23865,161,1276,-1752,533,4362,-140,350,685
59.23915,162,1276,-1752,533,4355,-140,350,685
59.23965,161,1276,-1752,533,4340,-140,350,685
59.24015,162,1275,-1752,532,4309,-140,350,685
59.24065,162,1276,-1752,532,4288,-140,350,685
59.24115,162,1276,-1752,533,4282,-140,350,686
59.24165,162,1275,-1752,533,4286,-140,350,686
59.24215,162,1275,-1752,533,4298,-139,350,686
59.24265,162,1275,-1752,533,4309,-139,350,686
59.24315,162,1275,-1752,533,4313,-139,350,686
59.24365,162,1275,-1752,532,4317,-139,350,686
59.24415,162,1275,-1752,533,4319,-139,350,686
59.24465,162,1275,-1752,532,4319,-139,350,686
59.24515,162,1275,-1752,532,4319,-139,350,686
59.24565,162,1275,-1752,532,4319,-139,350,686
59.24615,162,1275,-1752,532,4318,-139,350,686
59.24665,162,1275,-1752,533,4317,-138,350,686
59.24715,162,1275,-1751,533,4318,-139,350,686
59.24765,162,1275,-1752,533,4315,-139,349,686
59.24815,162,1276,-1752,533,4341,-139,349,686
59.24865,162,1276,-1752,533,4366,-139,349,686
59.24915,162,1276,-1752,533,4364,-139,349,686
59.24965,162,1276,-1752,533,4354,-139,349,687
59.25015,162,1276,-1752,532,4323,-139,349,687
59.25065,162,1276,-1752,532,4302,-139,350,687
59.25115,162,1275,-1752,533,4302,-139,349,687
59.25165,163,1275,-1752,532,4309,-138,350,687
59.25215,163,1276,-1752,533,4315,-139,350,687
59.25265,163,1275,-1752,532,4322,-138,350,687
59.25315,163,1276,-1752,532,4327,-138,350,687
59.25365,163,1276,-1752,533,4330,-138,350,687
59.25415,163,1276,-1752,532,4333,-138,350,687
59.25465,163,1276,-1752,532,4336,-138,350,687
59.25515,163,1276,-1752,532,4338,-138,349,687
59.25565,163,1276,-1752,532,4340,-139,349,686
59.25615,163,1276,-1752,532,4342,-138,349,687
59.25665,163,1276,-1752,532,4347,-139,349,687
59.25715,163,1276,-1751,532,4343,-139,349,686
59.25765,163,1276,-1752,532,4340,-139,349,686
59.25815,163,1276,-1752,533,4375,-138,348,687
59.25865,164,1276,-1752,532,4393,-139,349,687
59.25915,163,1276,-1752,532,4380,-138,348,687
59.25965,163,1276,-1752,531,4365,-138,349,686
59.26015,163,1276,-1752,532,4330,-138,349,686
59.26065,163,1276,-1752,532,4313,-138,350,687
59.26115,163,1276,-1751,532,4311,-138,350,687
59.26165,163,1276,-1752,532,4309,-138,350,686
59.26215,163,1276,-1751,532,4320,-137,350,687
59.26265,163,1276,-1752,532,4329,-137,350,687
59.26315,163,1276,-1752,532,4328,-138,350,686
59.26365,163,1276,-1752,532,4326,-137,351,687
59.26415,164,1277,-1752,533,4328,-138,351,686
59.26475,164,1276,-1752,532,4326,-138,351,686
59.26525,164,1277,-1752,533,4333,-138,351,686
59.26575,164,1277,-1752,532,4335,-138,351,686
59.26625,164,1277,-1752,533,4336,-137,350,686
59.26675,164,1277,-1752,533,4337,-138,350,686
59.26725,164,1277,-1752,533,4338,-137,350,686
59.26775,164,1277,-1752,532,4339,-138,349,686
59.26825,164,1276,-1751,533,4372,-137,348,687
59.26875,164,1277,-1751,532,4386,-138,348,687
59.26925,164,1277,-1751,532,4372,-137,348,687
59.26975,164,1277,-1751,532,4357,-137,348,687
59.27025,164,1277,-1751,532,4324,-137,348,686
59.27075,164,1277,-1751,533,4312,-137,348,686
59.27125,164,1277,-1751,532,4319,-138,347,686
59.27175,164,1277,-1751,532,4324,-137,347,687
59.27225,165,1277,-1751,532,4326,-137,348,686
59.27275,165,1277,-1752,533,4329,-137,348,686
59.27325,164,1277,-1752,533,4334,-137,348,686
59.27375,165,1277,-1752,533,4337,-137,348,686
59.27425,165,1277,-1752,533,4339,-137,348,686
59.27475,165,1277,-1751,532,4338,-137,348,686
59.27525,165,1277,-1751,533,4335,-137,348,686
59.27575,165,1277,-1751,532,4332,-137,348,686
59.27625,165,1277,-1751,532,4329,-137,348,686
59.27675,165,1277,-1751,532,4328,-137,348,686
59.27725,165,1277,-1751,532,4326,-137,347,686
59.27775,165,1278,-1751,532,4325,-137,348,686
59.27825,165,1277,-1751,532,4358,-137,348,687
59.27875,165,1278,-1751,532,4366,-137,348,686
59.27925,165,1277,-1751,532,4351,-137,348,686
59.27975,165,1278,-1751,531,4334,-137,348,686
59.28025,165,1278,-1751,531,4301,-137,348,686
59.28075,165,1278,-1751,531,4288,-137,348,686
59.28125,165,1278,-1751,531,4283,-137,348,686
59.28175,165,1278,-1751,531,4288,-137,348,686
59.28225,165,1279,-1751,531,4294,-137,348,686
59.28275,165,1279,-1751,531,4302,-137,348,686
59.28325,165,1279,-1751,532,4307,-137,349,686
59.28375,165,1279,-1751,532,4312,-137,349,686
59.28425,165,1278,-1751,532,4314,-137,349,686
59.284748,165,1279,-1751,532,4313,-137,349,686
59.28525,166,1278,-1751,532,4313,-137,349,686
59.28575,166,1279,-1751,532,4313,-137,349,686
59.28625,166,1278,-1751,532,4313,-137,349,686
59.28675,166,1279,-1751,532,4313,-137,350,686
59.28725,166,1278,-1752,533,4312,-137,350,686
59.28775,166,1279,-1752,533,4314,-137,350,686
59.28825,167,1278,-1752,533,4349,-137,350,686
59.28875,166,1279,-1752,533,4355,-137,350,686
59.28925,166,1279,-1752,533,4348,-137,350,686
59.28975,166,1279,-1751,532,4325,-137,350,686
59.29025,166,1279,-1751,533,4290,-137,351,686
59.29075,166,1280,-1751,532,4278,-137,350,686
59.29125,166,1280,-1751,532,4276,-137,351,686
59.29175,166,1279,-1751,533,4278,-137,350,686
59.29225,166,1279,-1751,533,4277,-137,350,686
59.29275,166,1279,-1752,533,4278,-137,350,686
59.29325,166,1280,-1752,533,4280,-137,350,686
59.29375,166,1279,-1752,533,4280,-137,350,686
59.29425,166,1280,-1752,532,4282,-137,350,686
59.29475,166,1280,-1751,532,4280,-137,350,686
59.29525,166,1280,-1751,532,4277,-137,350,686
59.29575,166,1280,-1751,532,4271,-136,350,686
59.29625,166,1280,-1751,532,4264,-137,349,686
59.29675,166,1280,-1751,532,4264,-137,350,686
59.29725,166,1280,-1751,533,4264,-137,349,686
59.29775,166,1280,-1751,533,4268,-136,350,687
59.29825,166,1280,-1752,533,4302,-137,350,687
59.29875,166,1280,-1752,533,4299,-137,350,687
59.29925,167,1280,-1752,533,4287,-136,350,686
59.29975,167,1280,-1752,534,4266,-137,351,686
59.30025,167,1280,-1752,533,4240,-136,351,686
59.30075,167,1281,-1751,532,4232,-136,350,686
59.30125,167,1280,-1751,532,4227,-137,350,686
59.30175,167,1280,-1751,532,4232,-137,349,686
59.30225,167,1281,-1752,533,4237,-137,349,686
59.30275,167,1281,-1752,533,4243,-137,350,686
59.30325,167,1281,-1751,533,4247,-136,350,686
59.30375,167,1281,-1751,532,4247,-136,350,686
59.30425,167,1281,-1751,531,4246,-136,350,686
59.30475,167,1281,-1751,531,4247,-137,350,686
59.30525,167,1281,-1751,532,4248,-137,349,686
59.30575,167,1281,-1751,532,4247,-137,350,687
59.30625,167,1281,-1751,532,4244,-137,350,686
59.30675,167,1281,-1751,532,4238,-137,350,685
59.30725,167,1281,-1751,532,4239,-137,350,683
59.30775,167,1281,-1751,532,4242,-137,349,682
59.30825,167,1281,-1751,532,4276,-137,349,683
59.30875,168,1281,-1752,532,4280,-137,349,682
59.30925,167,1282,-1751,532,4267,-137,350,682
59.30975,167,1282,-1750,532,4243,-137,350,683
59.31025,168,1282,-1750,532,4213,-137,350,683
59.31075,167,1282,-1750,532,4200,-137,350,683
59.31125,168,1282,-1750,532,4199,-137,350,683
59.31175,167,1281,-1750,532,4205,-138,350,684
59.31225,168,1282,-1750,532,4209,-138,350,684
59.31275,168,1282,-1750,532,4212,-137,350,685
59.31325,168,1282,-1751,533,4216,-137,349,686
59.31375,168,1282,-1752,533,4211,-137,349,687
59.31425,168,1282,-1752,534,4214,-137,349,687
59.31475,168,1282,-1752,534,4213,-137,349,688
59.31525,168,1282,-1752,534,4212,-137,349,688
59.31575,168,1282,-1752,535,4217,-137,350,688
59.31625,167,1282,-1752,535,4218,-137,350,689
59.31675,168,1282,-1752,534,4217,-137,350,689
59.31725,168,1282,-1751,534,4211,-136,350,689
59.31775,167,1283,-1751,534,4220,-135,350,690
59.31825,167,1282,-1751,533,4255,-135,350,689
59.31875,167,1283,-1751,531,4257,-135,350,689
59.31925,167,1283,-1751,531,4241,-135,350,688
59.31975,168,1283,-1751,530,4210,-136,350,687
59.32025,168,1283,-1751,531,4184,-136,350,687
59.32075,167,1283,-1751,531,4173,-136,350,687
59.32125,168,1283,-1751,532,4170,-136,350,687
59.32175,168,1283,-1751,532,4177,-136,350,687
59.32225,168,1283,-1751,533,4183,-136,350,687
59.32275,168,1283,-1750,532,4190,-136,350,687
59.32325,168,1283,-1751,532,4196,-136,350,686
59.32375,168,1283,-1751,533,4200,-136,350,687
59.32425,168,1283,-1752,532,4206,-136,350,687
59.32475,168,1283,-1752,532,4201,-136,350,687
59.32525,168,1284,-1751,533,4197,-136,350,686
59.32575,168,1283,-1751,534,4198,-136,350,686
59.32635,168,1283,-1751,533,4202,-136,350,687
59.32685,168,1283,-1751,534,4202,-136,350,686
59.32735,168,1283,-1751,533,4195,-136,350,687
59.32785,168,1284,-1750,533,4207,-136,350,687
59.32835,168,1284,-1750,533,4238,-136,350,687
59.32885,168,1283,-1750,532,4237,-136,350,687
59.32935,169,1284,-1750,532,4229,-137,350,687
59.32985,168,1284,-1752,533,4200,-137,350,686
59.33035,168,1284,-1753,534,4172,-137,350,687
59.33085,168,1284,-1754,534,4172,-137,349,687
59.33135,168,1284,-1755,533,4169,-136,349,686
59.33185,168,1284,-1756,533,4175,-137,349,686
59.33235,168,1284,-1755,533,4185,-136,350,686
59.33285,168,1284,-1752,533,4193,-136,349,687
59.33335,168,1284,-1749,534,4198,-136,350,687
59.33385,168,1284,-1748,536,4197,-136,349,687
59.33435,168,1284,-1750,537,4201,-136,349,687
59.33485,169,1284,-1751,538,4204,-136,350,687
59.33535,168,1284,-1752,538,4205,-136,349,686
59.33585,168,1284,-1752,536,4205,-137,349,686
59.33635,169,1285,-1752,533,4211,-137,349,686
59.33685,168,1285,-1753,531,4219,-137,349,685
59.33735,168,1285,-1752,530,4219,-137,349,685
59.33785,168,1285,-1750,529,4229,-137,348,686
59.33835,169,1285,-1748,529,4263,-137,348,686
59.33885,168,1284,-1747,529,4267,-137,348,685
59.33935,169,1285,-1747,531,4257,-137,349,686
59.33985,169,1285,-1748,531,4222,-137,350,685
59.34035,169,1285,-1750,533,4199,-137,350,685
59.34085,169,1285,-1751,534,4192,-137,350,685
59.34135,169,1285,-1752,535,4188,-137,350,685
59.34185,169,1285,-1752,536,4194,-137,350,686
59.34235,169,1285,-1751,536,4201,-137,350,686
59.34285,168,1285,-1750,536,4213,-137,350,686
59.34335,169,1286,-1750,536,4219,-137,350,686
59.34385,169,1286,-1750,535,4220,-137,349,686
59.34435,169,1286,-1748,533,4220,-136,349,687
59.34485,169,1285,-1749,531,4222,-136,349,687
59.34535,169,1285,-1749,530,4219,-136,348,688
59.345848,169,1286,-1750,529,4218,-135,348,688
59.34635,169,1285,-1750,530,4221,-136,348,688
59.34685,169,1285,-1750,531,4221,-137,348,687
59.34735,169,1285,-1750,532,4218,-137,349,687
59.34785,169,1285,-1751,534,4228,-136,349,687
59.34835,169,1285,-1750,534,4262,-137,349,687
59.34885,169,1285,-1748,532,4264,-137,349,687
59.34935,169,1285,-1747,530,4258,-137,349,686
59.34985,169,1286,-1747,529,4232,-137,349,686
59.35035,169,1286,-1748,530,4215,-137,349,686
59.35085,169,1286,-1749,530,4215,-137,350,686
59.35135,169,1286,-1750,531,4220,-137,350,686
59.35185,170,1285,-1750,531,4227,-137,350,686
59.35235,169,1286,-1749,530,4231,-137,350,686
59.35285,169,1285,-1748,530,4231,-137,349,686
59.35335,170,1286,-1746,530,4236,-137,348,686
59.35385,169,1286,-1746,529,4238,-137,348,687
59.35435,169,1286,-1747,530,4242,-137,348,687
59.35485,169,1286,-1748,531,4242,-137,348,686
59.35535,169,1286,-1749,532,4245,-137,349,686
59.35585,169,1287,-1751,533,4250,-137,349,687
59.35635,169,1286,-1751,534,4250,-137,350,687
59.35685,169,1286,-1750,534,4244,-137,350,687
59.35735,169,1286,-1750,533,4240,-136,350,687
59.35785,169,1286,-1749,532,4257,-136,350,688
59.35835,169,1286,-1749,531,4285,-137,349,688
59.35885,169,1286,-1750,531,4284,-137,350,687
59.35935,169,1286,-1750,532,4272,-138,350,687
59.35985,169,1286,-1751,532,4232,-137,350,687
59.36035,170,1286,-1751,533,4206,-137,350,687
59.36085,169,1286,-1750,532,4203,-137,350,687
59.36135,169,1287,-1751,532,4202,-137,350,687
59.36185,169,1287,-1750,533,4207,-137,350,687
59.36235,169,1286,-1749,533,4212,-137,349,687
59.36285,169,1287,-1747,532,4217,-138,349,686
59.36335,169,1287,-1745,531,4222,-138,348,686
59.36385,169,1287,-1745,530,4231,-139,348,685
59.36435,170,1287,-1746,529,4233,-139,348,685
59.36485,169,1287,-1748,529,4227,-139,348,685
59.36535,169,1287,-1748,530,4226,-139,348,685
59.36585,169,1287,-1749,531,4228,-139,348,685
59.36635,169,1287,-1748,532,4230,-138,348,685
59.36685,169,1287,-1748,533,4231,-138,349,686
59.36735,169,1287,-1749,533,4230,-138,349,686
59.36785,169,1287,-1749,534,4257,-138,349,686
59.36835,169,1287,-1749,534,4286,-138,349,687
59.36885,169,1287,-1749,533,4283,-138,349,687
59.36935,169,1287,-1749,532,4268,-137,348,687
59.36985,169,1287,-1749,531,4234,-138,348,687
59.37035,169,1287,-1750,531,4215,-138,348,687
59.37085,169,1287,-1749,531,4216,-138,349,687
59.37135,169,1288,-1749,531,4223,-138,348,686
59.37185,169,1288,-1748,532,4232,-138,349,685
59.37235,169,1288,-1747,532,4239,-139,349,685
59.37285,169,1288,-1746,531,4240,-139,349,685
59.37335,169,1288,-1746,531,4242,-138,349,686
59.37385,169,1288,-1747,531,4245,-138,349,686
59.37435,169,1288,-1748,531,4253,-138,349,686
59.37485,169,1288,-1749,531,4254,-138,349,686
59.37535,169,1288,-1748,531,4251,-138,349,686
59.37585,169,1288,-1748,532,4247,-138,348,686
59.37635,168,1288,-1749,534,4248,-138,348,687
59.37685,168,1288,-1748,534,4250,-138,348,686
59.37735,169,1288,-1749,534,4245,-138,348,687
59.37785,169,1288,-1749,534,4274,-138,348,687
59.37835,169,1288,-1750,534,4293,-138,349,687
59.37885,169,1288,-1750,534,4286,-138,349,688
59.37935,169,1288,-1750,534,4273,-138,349,688
59.37985,169,1288,-1749,534,4243,-137,350,688
59.38035,169,1288,-1747,533,4227,-138,349,688
59.38085,169,1288,-1747,533,4225,-138,350,687
59.38135,169,1288,-1746,532,4225,-138,350,687
59.38185,169,1288,-1747,533,4229,-138,350,687
59.38235,169,1288,-1747,535,4235,-138,349,687
59.38285,169,1288,-1748,535,4247,-138,349,687
59.38335,169,1288,-1748,535,4256,-138,349,687
59.38385,169,1288,-1748,534,4261,-138,349,688
59.38435,169,1288,-1748,533,4264,-138,349,688
59.38485,169,1288,-1747,531,4274,-138,349,688
59.38535,169,1288,-1748,530,4280,-138,349,688
59.38585,169,1288,-1749,529,4280,-139,349,687
59.38635,169,1288,-1749,529,4280,-140,348,686
59.38695,169,1289,-1750,530,4276,-140,349,686
59.38745,168,1288,-1750,530,4281,-140,348,686
59.38795,169,1288,-1750,532,4314,-139,349,686
59.38845,169,1288,-1749,532,4335,-139,349,686
59.38895,169,1288,-1747,532,4330,-139,349,687
59.38945,169,1288,-1746,532,4318,-139,349,687
59.38995,169,1288,-1745,532,4278,-139,349,687
59.39045,169,1289,-1745,533,4260,-139,349,688
59.39095,168,1289,-1746,533,4261,-139,349,688
59.39145,168,1288,-1747,534,4270,-139,349,688
59.39195,169,1288,-1748,535,4279,-139,349,689
59.39245,168,1288,-1748,535,4281,-139,349,689
59.39295,169,1289,-1748,534,4274,-139,349,689
59.39345,169,1289,-1747,533,4278,-139,349,688
59.39395,168,1289,-1746,531,4283,-139,349,689
59.39445,169,1289,-1745,531,4290,-139,348,688
59.39495,168,1289,-1746,531,4291,-139,349,688
59.39545,169,1289,-1747,532,4296,-139,349,688
59.39595,168,1289,-1746,532,4296,-139,349,688
59.39645,168,1288,-1746,532,4293,-139,349,687
59.39695,168,1289,-1746,531,4292,-139,348,687
59.39745,168,1289,-1747,531,4285,-139,349,687
59.39795,168,1289,-1747,532,4317,-139,348,687
59.39845,168,1289,-1747,531,4335,-139,349,687
59.39895,168,1289,-1747,532,4330,-140,349,688
59.39945,169,1289,-1747,531,4317,-139,349,687
59.39995,168,1289,-1747,532,4287,-139,349,687
59.40045,168,1289,-1747,532,4270,-139,349,686
59.40095,168,1289,-1747,532,4271,-139,349,687
59.40145,168,1289,-1747,531,4278,-139,349,686
59.40195,169,1289,-1746,531,4282,-140,349,685
59.40245,169,1288,-1747,531,4290,-140,349,684
59.40295,168,1288,-1747,531,4295,-140,349,683
59.40345,169,1288,-1747,532,4306,-140,349,683
59.40395,168,1288,-1747,532,4308,-140,348,683
59.40445,168,1288,-1747,532,4311,-140,348,683
59.40495,168,1289,-1747,531,4313,-140,348,684
59.40545,168,1289,-1747,532,4316,-140,348,684
59.40595,169,1289,-1747,532,4321,-140,348,685
59.40645,168,1289,-1747,532,4322,-140,348,686
59.406948,169,1288,-1747,532,4317,-140,348,686
59.40745,168,1289,-1746,533,4320,-140,348,687
59.40795,169,1289,-1747,533,4354,-139,348,687
59.40845,168,1289,-1747,533,4361,-140,348,687
59.40895,168,1289,-1747,533,4354,-139,348,687
59.40945,168,1289,-1747,533,4337,-140,349,687
59.40995,168,1289,-1746,532,4301,-140,349,687
59.41045,168,1289,-1747,533,4289,-140,349,688
59.41095,168,1289,-1746,532,4291,-140,349,688
59.41145,168,1289,-1746,532,4300,-139,348,688
59.41195,168,1289,-1746,532,4304,-139,348,688
59.41245,168,1289,-1746,532,4301,-139,348,689
59.41295,168,1289,-1746,532,4301,-138,348,689
59.41345,168,1290,-1746,532,4298,-138,349,689
59.41395,168,1289,-1746,532,4298,-138,348,688
59.41445,168,1289,-1746,532,4303,-138,348,687
59.41495,168,1289,-1746,532,4310,-138,348,686
59.41545,168,1289,-1746,532,4306,-138,349,687
59.41595,168,1289,-1746,532,4308,-139,348,687
59.41645,168,1289,-1746,532,4308,-139,349,687
59.41695,168,1290,-1746,532,4309,-139,349,687
59.41745,168,1289,-1746,532,4312,-138,349,687
59.41795,168,1289,-1746,532,4349,-139,348,688
59.41845,168,1289,-1746,532,4355,-138,349,688
59.41895,168,1290,-1746,533,4353,-138,349,689
59.41945,168,1289,-1746,532,4333,-138,349,688
59.41995,168,1289,-1747,533,4293,-138,350,688
59.42045,168,1289,-1746,533,4287,-137,349,688
59.42095,168,1289,-1746,532,4290,-138,349,688
59.42145,168,1289,-1746,533,4290,-138,349,687
59.42195,168,1289,-1746,532,4296,-138,349,687
59.42245,168,1289,-1746,532,4293,-138,349,688
59.42295,168,1289,-1746,533,4300,-138,349,688
59.42345,168,1289,-1746,532,4308,-139,349,688
59.42395,168,1289,-1746,532,4310,-138,349,688
59.42445,168,1289,-1747,532,4310,-139,349,687
59.42495,168,1289,-1746,532,4307,-139,349,687
59.42545,168,1289,-1746,532,4299,-139,350,687
59.42595,168,1290,-1746,532,4295,-139,350,687
59.42645,168,1289,-1746,532,4293,-139,350,688
59.42695,168,1289,-1746,533,4292,-139,350,687
59.42745,168,1289,-1746,532,4301,-138,350,687
59.42795,168,1289,-1746,533,4330,-139,350,687
59.42845,168,1290,-1746,533,4328,-139,350,687
59.42895,168,1289,-1746,533,4315,-139,350,687
59.42945,167,1290,-1746,532,4286,-139,350,687
59.42995,168,1290,-1746,532,4245,-139,350,687
59.43045,167,1290,-1745,532,4230,-139,351,687
59.43095,167,1290,-1746,533,4225,-138,350,687
59.43145,168,1289,-1746,532,4223,-138,349,687
59.43195,168,1290,-1745,532,4223,-138,349,687
59.43245,168,1290,-1746,532,4220,-138,349,687
59.43295,168,1290,-1745,532,4214,-138,349,687
59.43345,167,1290,-1745,532,4212,-138,348,687
59.43395,168,1290,-1745,531,4211,-138,348,687
59.43445,168,1290,-1745,532,4208,-137,348,687
59.43495,168,1290,-1745,532,4208,-137,347,687
59.43545,168,1290,-1746,532,4206,-137,347,688
59.43595,168,1290,-1746,532,4201,-137,347,688
59.43645,168,1290,-1746,532,4200,-137,347,688
59.43695,167,1290,-1746,533,4196,-138,348,688
59.43745,168,1290,-1746,533,4198,-138,347,688
59.43795,168,1290,-1746,533,4231,-138,348,688
59.43845,167,1290,-1746,533,4229,-138,348,688
59.43895,167,1290,-1746,533,4216,-138,348,688
59.43945,167,1290,-1746,532,4183,-138,348,687
59.43995,168,1290,-1746,533,4144,-138,349,687
59.44045,168,1290,-1746,533,4129,-138,349,687
59.44095,167,1290,-1746,533,4126,-138,348,687
59.44145,167,1290,-1746,533,4125,-138,349,687
59.44195,168,1290,-1746,533,4125,-138,349,687
59.44245,167,1290,-1746,533,4125,-137,349,687
59.44295,167,1290,-1746,533,4129,-137,348,688
59.44345,167,1290,-1746,533,4134,-137,349,688
59.44395,167,1291,-1746,533,4140,-137,348,688
59.44445,167,1291,-1746,533,4140,-138,348,688
59.44495,167,1290,-1746,533,4136,-138,348,688
59.44545,167,1291,-1746,533,4132,-137,348,688
59.44595,167,1291,-1746,533,4127,-137,348,687
59.44645,167,1291,-1746,532,4122,-138,348,687
59.44695,167,1291,-1746,532,4113,-137,348,687
59.44745,167,1291,-1746,533,4118,-138,347,688
59.44795,168,1291,-1746,533,4153,-138,348,688
59.44855,167,1290,-1746,533,4159,-137,347,688
59.44905,167,1291,-1746,533,4151,-138,348,687
59.44955,167,1291,-1746,533,4122,-138,349,688
59.45005,167,1291,-1746,532,4085,-138,349,688
59.45055,167,1290,-1746,533,4080,-138,349,688
59.45105,167,1291,-1746,532,4081,-138,349,687
59.45155,167,1291,-1746,533,4083,-138,350,688
59.45205,167,1291,-1746,533,4081,-138,350,687
59.45255,167,1291,-1746,533,4081,-137,350,687
59.45305,167,1291,-1746,533,4079,-137,350,687
59.45355,167,1291,-1746,532,4078,-137,350,688
59.45405,167,1291,-1745,532,4078,-137,351,687
59.45455,167,1291,-1745,532,4084,-137,351,688
59.45505,167,1291,-1746,532,4080,-136,351,688
59.45555,167,1291,-1745,532,4078,-137,352,688
59.45605,167,1291,-1746,532,4076,-137,352,687
59.45655,167,1291,-1746,533,4075,-137,352,688
59.45705,167,1291,-1746,533,4068,-137,352,688
59.45755,167,1291,-1746,533,4080,-137,352,688
59.45805,167,1291,-1746,534,4112,-137,351,688
59.45855,167,1291,-1746,533,4107,-137,351,688
59.45905,167,1292,-1746,533,4094,-138,351,688
59.45955,167,1292,-1746,533,4062,-138,351,687
59.46005,167,1292,-1746,533,4026,-138,351,687
59.46055,167,1292,-1746,534,4013,-137,350,688
59.46105,167,1291,-1746,533,4013,-137,350,688
59.46155,167,1292,-1746,533,4019,-137,350,688
59.46205,167,1292,-1746,533,4022,-137,350,687
59.46255,167,1292,-1746,533,4021,-138,350,687
59.46305,167,1292,-1746,533,4018,-137,349,687
59.46355,167,1292,-1747,533,4020,-137,349,686
59.46405,168,1292,-1747,533,4023,-137,348,686
59.46455,167,1292,-1746,534,4030,-137,348,686
59.46505,167,1292,-1746,533,4031,-137,348,686
59.46555,167,1292,-1746,534,4029,-137,347,685
59.46605,167,1292,-1746,533,4027,-138,347,685
59.46655,167,1293,-1746,533,4021,-137,347,685
59.46705,167,1292,-1746,533,4016,-138,347,686
59.46755,167,1292,-1746,533,4031,-137,346,687
59.46805,167,1292,-1746,533,4069,-136,346,687
59.46855,167,1292,-1746,533,4062,-137,347,687
59.46905,167,1292,-1746,533,4049,-136,348,687
59.46955,167,1293,-1745,532,4019,-137,348,686
59.47005,167,1293,-1746,532,3990,-138,349,686
59.47055,167,1293,-1746,533,3989,-138,349,686
59.47105,167,1293,-1746,533,3992,-138,349,686
59.47155,167,1293,-1746,533,3999,-138,349,686
59.47205,167,1294,-1746,533,4002,-138,348,687
59.47255,167,1293,-1746,533,4002,-138,348,687
59.47305,167,1293,-1746,533,3994,-137,348,688
59.47355,167,1293,-1746,533,3995,-137,348,688
59.47405,167,1293,-1746,533,3999,-138,348,688
59.47455,167,1293,-1746,533,3996,-138,348,688
59.47505,167,1293,-1746,533,3995,-138,348,688
59.47555,167,1294,-1746,533,3992,-138,348,687
59.47605,167,1294,-1746,533,3989,-138,349,687
59.47655,167,1293,-1746,533,3981,-138,349,687
59.47705,167,1294,-1746,533,3975,-138,348,688
59.47755,167,1294,-1746,534,3989,-138,348,688
59.47805,167,1294,-1746,533,4025,-137,347,688
59.47855,167,1294,-1746,533,4020,-138,347,688
59.47905,167,1294,-1746,533,4005,-137,348,688
59.47955,167,1294,-1746,532,3970,-138,348,688
59.48005,167,1294,-1746,532,3940,-138,348,688
59.48055,167,1294,-1746,533,3935,-138,348,688
59.48105,167,1294,-1746,533,3938,-138,348,689
59.48155,168,1294,-1746,533,3941,-138,348,688
59.48205,167,1294,-1746,533,3940,-138,348,689
59.48255,168,1294,-1746,533,3941,-138,348,688
59.48305,167,1294,-1746,533,3937,-138,348,688
59.48355,167,1294,-1746,533,3939,-138,348,688
59.48405,167,1294,-1746,533,3938,-138,348,689
59.48455,167,1295,-1745,532,3933,-137,347,690
59.48505,167,1295,-1745,533,3924,-137,347,690
59.48555,167,1295,-1746,533,3927,-137,347,691
59.48605,167,1295,-1746,533,3928,-137,346,689
59.48655,167,1295,-1746,534,3922,-138,346,687
59.48705,167,1295,-1746,533,3918,-139,346,686
59.48755,167,1295,-1746,534,3936,-138,345,686
59.48805,167,1295,-1746,534,3969,-138,345,685
59.48855,167,1295,-1746,533,3962,-139,345,685
59.48905,167,1296,-1745,533,3943,-139,345,684
59.48955,167,1295,-1746,533,3907,-139,346,684
59.49005,167,1296,-1745,533,3882,-140,346,684
59.49055,168,1296,-1745,533,3873,-140,346,685
59.49105,167,1296,-1745,533,3868,-140,346,686
59.49155,167,1296,-1745,533,3866,-140,346,686
59.49205,167,1296,-1745,533,3869,-140,346,687
59.49255,167,1296,-1745,533,3865,-140,346,688
59.49305,168,1296,-1746,533,3854,-140,346,688
59.49355,168,1296,-1746,533,3857,-140,346,689
59.49405,168,1296,-1745,533,3853,-140,346,690
59.49455,168,1296,-1746,534,3844,-139,346,690
59.49505,167,1297,-1745,533,3843,-140,346,691
59.49555,167,1296,-1746,533,3834,-140,346,690
59.49605,167,1297,-1745,533,3823,-140,346,691
59.49655,167,1297,-1746,533,3823,-140,346,691
59.49705,167,1297,-1746,533,3813,-139,346,691
59.49755,167,1297,-1745,534,3829,-139,346,692
59.49805,167,1297,-1746,533,3853,-139,346,691
59.49855,167,1297,-1746,533,3848,-139,346,691
59.49905,167,1297,-1746,533,3828,-139,346,690
59.49955,167,1297,-1746,533,3787,-140,347,690
59.50005,167,1297,-1746,533,3763,-140,346,690
59.50055,167,1297,-1746,533,3756,-139,346,689
59.50105,167,1297,-1746,533,3754,-140,346,688
59.50155,168,1298,-1746,533,3745,-140,346,688
59.50205,167,1298,-1745,534,3745,-140,346,687
59.50255,168,1298,-1746,533,3742,-140,346,688
59.50305,168,1298,-1745,534,3737,-140,346,688
59.50355,168,1298,-1745,534,3738,-140,346,688
59.50405,168,1298,-1745,534,3737,-140,346,688
59.50455,168,1298,-1746,534,3736,-140,345,688
59.50505,167,1298,-1745,533,3732,-139,346,689
59.50555,167,1298,-1745,534,3728,-140,345,688
59.50605,167,1298,-1746,534,3720,-140,346,689
59.50655,168,1298,-1746,534,3718,-140,346,688
59.50705,168,1298,-1746,534,3709,-140,345,688
59.50755,168,1298,-1745,534,3734,-141,345,688
59.50805,168,1298,-1745,534,3756,-141,345,688
59.50855,168,1299,-1745,534,3746,-141,345,687
59.50905,168,1299,-1745,533,3731,-142,346,687
59.50965,168,1299,-1745,533,3689,-142,346,687
59.51015,168,1299,-1745,534,3662,-142,346,687
59.51065,167,1300,-1745,534,3656,-142,346,687
59.51115,167,1300,-1745,533,3657,-143,346,687
59.51165,167,1300,-1745,533,3660,-142,346,688
59.51215,168,1299,-1745,533,3660,-142,346,688
59.51265,167,1300,-1745,533,3663,-142,346,688
59.51315,168,1300,-1745,533,3657,-143,346,689
59.51365,168,1300,-1745,533,3651,-142,346,689
59.51415,168,1300,-1745,533,3642,-143,346,688
59.51465,168,1300,-1745,533,3638,-143,346,688
59.51515,167,1300,-1745,533,3643,-143,346,688
59.51565,168,1300,-1745,534,3643,-142,346,687
59.51615,168,1301,-1745,534,3639,-142,346,688
59.51665,168,1300,-1745,534,3632,-142,347,688
59.51715,168,1301,-1745,534,3633,-142,346,688
59.51765,168,1300,-1745,535,3662,-142,346,689
59.51815,168,1300,-1745,534,3680,-142,346,690
59.51865,168,1300,-1745,534,3666,-142,347,690
59.51915,169,1300,-1745,534,3652,-142,347,689
59.51965,168,1300,-1745,533,3612,-142,347,689
59.52015,168,1300,-1745,534,3585,-142,347,689
59.52065,168,1300,-1745,534,3581,-143,347,689
59.52115,169,1300,-1745,534,3581,-143,347,688
59.52165,169,1301,-1745,534,3584,-143,347,688
59.52215,169,1301,-1746,534,3592,-143,346,688
59.52265,169,1301,-1746,534,3598,-143,347,687
59.52315,169,1301,-1745,534,3605,-144,347,687
59.52365,169,1301,-1745,534,3605,-144,347,687
59.52415,169,1301,-1746,534,3607,-144,347,687
59.52465,169,1301,-1745,534,3606,-144,346,687
59.52515,169,1301,-1746,534,3605,-144,346,687
59.52565,169,1301,-1746,534,3601,-144,346,687
59.52615,169,1302,-1746,534,3597,-145,346,686
59.52665,169,1302,-1745,534,3593,-145,345,687
59.52715,169,1302,-1745,534,3588,-144,345,688
59.52765,169,1302,-1745,535,3611,-144,345,689
59.52815,169,1302,-1745,534,3625,-144,344,690
59.52865,169,1302,-1745,534,3609,-143,345,690
59.52915,169,1302,-1745,534,3593,-144,345,691
59.52965,169,1302,-1745,534,3551,-144,345,691
59.53015,168,1302,-1745,534,3522,-144,345,692
59.53065,169,1302,-1745,534,3517,-144,345,692
59.53115,169,1302,-1745,534,3524,-144,346,692
59.53165,169,1303,-1746,534,3528,-144,345,691
59.53215,169,1303,-1745,534,3527,-144,345,690
59.53265,169,1303,-1745,534,3520,-145,345,689
59.53315,170,1302,-1745,534,3524,-145,345,688
59.53365,169,1303,-1745,534,3523,-145,345,687
59.53415,169,1302,-1745,534,3524,-146,345,687
59.53465,170,1302,-1745,534,3519,-146,345,687
59.53515,170,1302,-1745,534,3512,-145,346,687
59.53565,170,1302,-1745,534,3504,-146,346,687
59.536148,170,1302,-1745,534,3501,-145,346,687
59.53665,170,1303,-1745,535,3498,-146,345,687
59.53715,170,1303,-1745,535,3493,-145,346,687
59.53765,170,1303,-1745,535,3525,-145,345,688
59.53815,170,1303,-1745,534,3533,-146,346,688
59.53865,170,1303,-1745,535,3528,-146,345,687
59.53915,170,1303,-1745,535,3509,-146,346,687
59.53965,170,1303,-1745,534,3465,-147,346,687
59.54015,169,1304,-1745,534,3447,-147,346,687
59.54065,170,1304,-1745,534,3448,-147,346,688
59.54115,170,1304,-1745,534,3453,-147,346,688
59.54165,170,1304,-1745,535,3462,-146,346,688
59.54215,170,1304,-1745,535,3471,-146,345,688
59.54265,170,1304,-1745,535,3484,-147,345,689
59.54315,170,1304,-1745,535,3497,-146,345,688
59.54365,170,1304,-1745,536,3500,-146,345,688
59.54415,170,1304,-1745,536,3508,-147,345,688
59.54465,170,1304,-1745,536,3511,-147,344,688
59.54515,171,1304,-1745,536,3497,-147,345,689
59.54565,170,1304,-1745,536,3482,-146,345,689
59.54615,170,1304,-1745,536,3467,-147,344,688
59.54665,170,1304,-1745,535,3453,-147,345,689
59.54715,170,1304,-1745,534,3446,-147,344,689
59.54765,171,1304,-1745,534,3464,-147,344,689
59.54815,170,1304,-1745,534,3453,-147,344,689
59.54865,171,1304,-1745,534,3433,-147,344,689
59.54915,171,1304,-1745,534,3406,-147,345,689
59.54965,170,1304,-1745,535,3369,-147,345,688
59.55015,171,1304,-1745,535,3357,-147,345,688
59.55065,171,1304,-1745,535,3364,-147,344,688
59.55115,171,1305,-1745,535,3372,-147,345,688
59.55165,171,1304,-1745,535,3374,-147,345,688
59.55215,171,1305,-1744,534,3370,-147,344,689
59.55265,171,1304,-1745,534,3363,-147,344,689
59.55315,171,1304,-1745,535,3351,-147,344,689
59.55365,171,1304,-1744,535,3350,-147,345,689
59.55415,171,1305,-1744,534,3352,-147,344,689
59.55465,171,1305,-1744,535,3356,-147,344,689
59.55515,171,1305,-1745,535,3361,-147,344,689
59.55565,171,1305,-1745,536,3363,-147,344,690
59.55615,171,1305,-1745,535,3366,-147,345,690
59.55665,171,1304,-1745,535,3370,-147,344,690
59.55715,172,1305,-1745,535,3375,-147,345,690
59.55765,171,1305,-1745,536,3411,-148,344,690
59.55815,171,1305,-1745,535,3415,-148,344,689
59.55865,171,1305,-1745,535,3406,-148,344,689
59.55915,171,1305,-1745,535,3374,-148,345,688
59.55965,171,1306,-1745,535,3335,-148,345,687
59.56015,171,1305,-1745,535,3328,-148,345,688
59.56065,171,1305,-1745,535,3326,-149,345,688
59.56115,171,1305,-1745,535,3327,-149,345,688
59.56165,171,1305,-1745,535,3331,-148,345,689
59.56215,171,1306,-1744,535,3331,-148,345,689
59.56265,171,1305,-1745,535,3330,-149,345,689
59.56315,172,1306,-1744,535,3334,-149,345,689
59.56365,171,1306,-1744,535,3339,-149,345,689
59.56415,172,1305,-1745,535,3340,-149,345,689
59.56465,172,1306,-1744,536,3342,-149,345,689
59.56515,172,1306,-1745,536,3346,-149,344,689
59.56565,172,1306,-1744,536,3350,-149,344,688
59.56615,172,1306,-1744,536,3352,-149,344,688
59.56665,172,1306,-1744,535,3359,-150,344,688
59.56715,172,1306,-1744,536,3367,-149,344,689
59.56765,172,1306,-1744,536,3405,-149,343,689
59.56815,171,1306,-1744,536,3406,-149,344,689
59.56865,172,1306,-1744,536,3400,-149,344,689
59.56915,172,1306,-1745,535,3380,-149,345,688
59.56965,172,1306,-1744,536,3350,-149,344,686
59.57015,172,1306,-1745,536,3345,-150,344,685
59.57065,172,1306,-1745,536,3348,-150,344,684
59.57115,172,1306,-1744,537,3350,-150,344,684
59.57175,172,1306,-1744,536,3358,-151,344,684
59.57225,172,1306,-1745,536,3358,-151,344,684
59.57275,172,1306,-1745,537,3354,-151,344,684
59.57325,172,1306,-1745,537,3356,-151,343,685
59.57375,173,1306,-1745,536,3355,-151,343,685
59.57425,173,1307,-1745,536,3350,-151,343,686
59.57475,173,1307,-1746,536,3352,-151,343,686
59.57525,172,1306,-1746,536,3354,-151,343,687
59.57575,172,1307,-1746,536,3354,-151,343,687
59.57625,173,1307,-1745,537,3353,-151,343,688
59.57675,173,1307,-1745,536,3355,-151,343,689
59.57725,173,1307,-1745,537,3371,-151,342,689
59.57775,173,1307,-1745,537,3405,-150,343,690
59.57825,173,1307,-1744,537,3405,-151,343,691
59.57875,173,1308,-1743,537,3404,-151,343,691
59.57925,173,1308,-1743,536,3375,-151,343,691
59.57975,173,1308,-1743,537,3342,-151,343,691
59.58025,173,1308,-1744,537,3335,-150,343,691
59.58075,173,1308,-1744,537,3340,-150,343,691
59.58125,173,1308,-1745,536,3351,-150,342,691
59.58175,173,1308,-1745,535,3357,-150,343,690
59.58225,173,1308,-1745,534,3363,-150,343,690
59.58275,173,1308,-1746,533,3375,-151,343,689
59.58325,174,1308,-1746,534,3384,-152,343,689
59.58375,174,1309,-1746,535,3388,-152,343,689
59.58425,174,1309,-1747,537,3394,-152,343,689
59.58475,173,1309,-1745,536,3402,-152,343,689
59.58525,173,1309,-1744,536,3407,-152,343,688
59.58575,174,1309,-1743,536,3409,-152,343,689
59.58625,173,1309,-1743,536,3412,-152,343,688
59.58675,174,1309,-1743,536,3408,-153,343,688
59.58725,174,1309,-1743,536,3423,-152,343,689
59.58775,174,1309,-1743,535,3462,-153,342,688
59.58825,174,1310,-1743,535,3460,-153,342,688
59.58875,174,1310,-1743,535,3458,-153,343,688
59.58925,174,1310,-1744,536,3438,-153,343,688
59.58975,174,1310,-1744,536,3414,-153,343,688
59.59025,174,1310,-1744,537,3413,-153,343,688
59.59075,174,1310,-1744,537,3421,-154,343,688
59.59125,174,1311,-1744,537,3432,-154,343,687
59.59175,174,1310,-1744,536,3440,-154,343,687
59.59225,174,1311,-1744,537,3442,-154,343,687
59.59275,174,1311,-1744,537,3447,-154,343,688
59.59325,174,1311,-1745,537,3450,-154,343,687
59.59375,174,1311,-1746,537,3462,-154,343,687
59.59425,174,1311,-1747,537,3466,-155,343,688
59.59475,174,1312,-1748,536,3472,-155,342,688
59.59525,175,1312,-1747,536,3484,-155,343,688
59.59575,174,1312,-1745,535,3495,-155,343,688
59.59625,174,1312,-1744,535,3502,-155,343,688
59.59675,174,1311,-1743,534,3506,-155,344,688
59.597248,175,1311,-1743,535,3523,-155,343,688
59.59775,174,1311,-1743,535,3564,-155,343,688
59.59825,174,1312,-1744,536,3568,-156,343,688
59.59875,174,1312,-1744,537,3566,-156,343,688
59.59925,174,1312,-1744,537,3543,-156,343,688
59.59975,174,1312,-1744,538,3519,-156,343,688
59.60025,174,1312,-1745,539,3519,-156,343,688
59.60075,175,1312,-1746,539,3524,-156,343,688
59.60125,175,1312,-1745,539,3528,-157,344,688
59.60175,175,1312,-1745,538,3533,-157,344,687
59.60225,175,1313,-1744,537,3537,-157,344,688
59.60275,175,1313,-1743,536,3539,-157,343,687
59.60325,175,1313,-1743,535,3550,-158,343,687
59.60375,175,1313,-1742,533,3550,-157,343,687
59.60425,175,1314,-1742,533,3551,-158,342,687
59.60475,175,1314,-1743,533,3553,-158,343,687
59.60525,175,1314,-1744,534,3556,-158,343,687
59.60575,175,1314,-1745,535,3561,-158,343,688
59.60625,175,1314,-1746,537,3568,-158,343,687
59.60675,175,1314,-1747,538,3576,-158,343,688
59.60725,176,1314,-1747,539,3590,-158,342,688
59.60775,175,1314,-1747,539,3634,-158,342,688
59.60825,175,1315,-1747,538,3641,-159,343,688
59.60875,175,1314,-1746,537,3640,-159,343,687
59.60925,175,1314,-1745,535,3618,-159,343,687
59.60975,175,1314,-1743,535,3593,-160,343,687
59.61025,175,1314,-1743,535,3592,-160,343,687
59.61075,175,1314,-1743,536,3605,-160,343,687
59.61125,175,1315,-1743,536,3623,-160,343,687
59.61175,175,1315,-1743,536,3637,-160,343,688
59.61225,175,1315,-1743,534,3648,-160,343,688
59.61275,175,1315,-1743,533,3657,-161,343,687
59.61325,175,1315,-1743,534,3669,-161,342,687
59.61375,175,1315,-1743,534,3673,-162,343,687
59.61425,176,1315,-1744,535,3682,-162,343,687
59.61475,175,1315,-1745,535,3691,-162,343,687
59.61525,176,1315,-1746,536,3692,-162,344,687
59.61575,175,1316,-1746,536,3696,-162,344,686
59.61625,176,1315,-1746,535,3701,-163,344,687
59.61675,176,1316,-1747,534,3707,-163,343,687
59.61725,176,1315,-1746,536,3723,-163,343,687
59.61775,176,1316,-1745,536,3751,-163,342,688
59.61825,176,1316,-1743,537,3743,-163,343,687
59.61875,176,1316,-1744,538,3735,-164,343,687
59.61925,176,1316,-1746,539,3702,-164,343,687
59.61975,175,1316,-1747,539,3688,-164,343,687
59.62025,176,1316,-1748,540,3871,-165,343,687
59.62075,176,1316,-1748,539,3979,-165,343,688
59.62125,176,1316,-1747,537,3916,-165,342,688
59.62175,176,1316,-1746,536,3869,-165,342,687
59.62225,177,1316,-1746,535,3829,-166,341,687
59.62275,176,1316,-1745,534,3787,-166,342,687
59.62325,176,1316,-1744,534,3761,-166,342,687
59.62375,176,1316,-1743,534,3743,-167,342,687
59.62425,176,1316,-1742,535,3726,-167,342,688
59.62475,176,1316,-1742,535,3716,-167,342,687
59.62525,176,1316,-1743,535,3706,-167,342,688
59.62575,176,1316,-1743,534,3689,-167,343,688
59.62625,176,1316,-1742,534,3680,-168,343,688
59.62675,176,1316,-1740,534,3669,-168,343,687
59.62725,176,1316,-1740,534,3681,-168,343,687
59.62775,176,1316,-1741,534,3698,-168,343,688
59.62825,176,1317,-1742,535,3688,-168,343,687
59.62875,176,1317,-1744,535,3680,-168,343,687
59.62925,176,1317,-1744,535,3642,-169,343,687
59.62975,176,1317,-1745,536,3617,-169,343,687
59.63025,176,1317,-1745,537,3613,-169,344,687
59.63075,176,1317,-1746,537,3618,-169,344,687
59.63125,176,1316,-1745,537,3628,-169,344,687
59.63175,176,1317,-1744,537,3635,-169,344,687
59.63225,176,1317,-1743,537,3641,-169,344,687
59.63275,176,1317,-1743,537,3645,-169,344,687
59.63335,176,1317,-1743,537,3643,-169,344,687
59.63385,176,1317,-1743,536,3646,-168,343,687
59.63435,176,1316,-1743,535,3651,-169,343,687
59.63485,176,1317,-1743,533,3655,-168,343,687
59.63535,176,1317,-1742,532,3659,-168,343,687
59.63585,176,1316,-1742,532,3661,-169,343,688
59.63635,176,1317,-1742,533,3661,-168,343,687
59.63685,177,1317,-1742,535,3664,-168,343,687
59.63735,177,1316,-1742,537,3686,-168,343,688
59.63785,177,1317,-1743,537,3713,-168,343,688
59.63835,177,1316,-1743,536,3714,-168,343,688
59.63885,176,1317,-1743,535,3704,-168,343,687
59.63935,176,1317,-1743,535,3665,-168,343,687
59.63985,176,1316,-1744,536,3639,-168,343,687
59.64035,177,1316,-1743,536,3632,-168,343,687
59.64085,176,1317,-1744,537,3633,-168,343,687
59.64135,177,1316,-1743,537,3639,-168,343,687
59.64185,176,1316,-1744,536,3639,-168,343,687
59.64235,177,1316,-1743,536,3636,-168,343,686
59.64285,176,1316,-1743,536,3639,-168,343,686
59.64335,176,1317,-1744,536,3647,-168,343,686
59.64385,176,1317,-1744,536,3655,-168,343,686
59.64435,176,1317,-1744,535,3658,-168,343,685
59.64485,176,1317,-1744,534,3660,-169,343,686
59.64535,176,1317,-1744,533,3657,-169,343,686
59.64585,176,1316,-1743,533,3662,-169,343,686
59.64635,176,1316,-1743,534,3664,-169,343,686
59.64685,176,1317,-1743,534,3661,-169,343,685
59.64735,177,1317,-1743,535,3689,-169,343,686
59.64785,177,1317,-1742,536,3711,-169,343,686
59.64835,176,1317,-1742,535,3715,-169,343,686
59.64885,176,1317,-1742,535,3708,-170,343,686
59.64935,176,1317,-1743,535,3678,-170,343,686
59.64985,176,1317,-1742,535,3663,-171,343,686
59.65035,176,1317,-1743,535,3665,-171,343,687
59.65085,175,1317,-1743,536,3670,-171,343,688
59.65135,176,1316,-1743,536,3675,-171,343,688
59.65185,175,1317,-1744,536,3682,-171,343,688
59.65235,176,1317,-1743,536,3688,-171,343,688
59.65285,176,1316,-1744,535,3692,-171,343,689
59.65335,175,1317,-1744,535,3693,-171,343,689
59.65385,175,1317,-1743,536,3699,-171,343,689
59.65435,175,1316,-1744,535,3706,-171,343,689
59.65485,175,1317,-1743,536,3717,-171,344,689
59.65535,175,1316,-1743,536,3725,-171,343,689
59.65585,175,1316,-1743,536,3732,-171,343,689
59.65635,175,1317,-1743,536,3742,-172,343,689
59.65685,175,1316,-1743,536,3747,-172,343,689
59.65735,176,1316,-1744,537,3782,-172,343,688
59.65785,175,1316,-1744,536,3804,-173,343,688
59.658348,175,1316,-1744,536,3803,-172,343,688
59.65885,175,1316,-1744,536,3793,-172,344,689
59.65935,175,1316,-1744,535,3760,-172,344,688
59.65985,175,1316,-1744,535,3738,-172,343,688
59.66035,175,1316,-1744,536,3738,-173,343,688
59.66085,175,1316,-1744,536,3746,-173,343,688
59.66135,175,1316,-1743,536,3756,-173,343,688
59.66185,175,1316,-1742,535,3758,-173,343,688
59.66235,175,1316,-1742,536,3759,-173,343,689
59.66285,175,1316,-1742,535,3762,-173,343,688
59.66335,175,1316,-1742,535,3762,-173,343,688
59.66385,175,1316,-1743,535,3774,-173,343,689
59.66435,175,1316,-1742,535,3781,-173,343,689
59.66485,175,1316,-1743,536,3784,-174,343,688
59.66535,175,1315,-1743,536,3789,-174,343,688
59.66585,175,1316,-1743,535,3798,-174,343,688
59.66635,175,1315,-1743,536,3804,-174,343,688
59.66685,175,1315,-1743,536,3808,-175,343,687
59.66735,174,1315,-1743,536,3847,-174,343,688
59.66785,174,1315,-1743,536,3860,-174,343,688
59.66835,174,1316,-1743,536,3862,-174,344,688
59.66885,174,1316,-1744,536,3853,-174,344,688
59.66935,174,1315,-1743,536,3823,-174,344,688
59.66985,174,1315,-1743,537,3812,-174,344,689
59.67035,174,1315,-1743,537,3814,-174,344,688
59.67085,174,1315,-1744,537,3820,-174,344,689
59.67135,174,1315,-1744,537,3836,-174,344,689
59.67185,174,1314,-1744,538,3841,-174,345,689
59.67235,173,1314,-1744,538,3845,-173,345,689
59.67285,174,1315,-1745,538,3851,-174,345,689
59.67335,174,1314,-1744,538,3850,-174,345,689
59.67385,174,1314,-1744,538,3847,-174,345,688
59.67435,174,1314,-1744,538,3844,-173,344,689
59.67485,174,1314,-1744,537,3843,-173,345,688
59.67535,174,1314,-1744,537,3837,-173,344,689
59.67585,174,1313,-1743,535,3833,-173,344,688
59.67635,173,1314,-1743,534,3818,-172,344,688
59.67685,173,1314,-1743,533,3808,-173,344,688
59.67735,173,1314,-1742,533,3828,-173,344,689
59.67785,173,1314,-1743,533,3819,-172,344,689
59.67835,173,1314,-1743,534,3790,-172,344,688
59.67885,173,1314,-1743,534,3754,-172,344,689
59.67935,173,1314,-1743,536,3712,-172,345,688
59.67985,173,1314,-1744,536,3686,-172,345,689
59.68035,172,1314,-1744,537,3674,-172,345,688
59.68085,173,1314,-1744,537,3659,-171,345,688
59.68135,172,1315,-1744,538,3652,-171,345,688
59.68185,172,1315,-1744,537,3631,-172,345,688
59.68235,171,1315,-1744,536,3605,-172,345,688
59.68285,171,1315,-1744,535,3579,-172,345,688
59.68335,171,1314,-1743,534,3552,-171,345,688
59.68385,171,1314,-1743,534,3528,-171,344,689
59.68435,172,1313,-1743,534,3502,-171,345,688
59.68485,172,1313,-1743,533,3473,-170,345,689
59.68535,172,1313,-1744,534,3453,-170,345,689
59.68585,172,1313,-1744,534,3428,-170,345,689
59.68635,172,1313,-1745,535,3408,-170,345,688
59.68685,173,1313,-1745,535,3395,-170,346,688
59.68735,173,1312,-1745,537,3425,-169,345,688
59.68785,173,1312,-1746,537,3426,-169,346,688
59.68835,172,1312,-1746,537,3420,-169,346,688
59.68885,172,1313,-1746,538,3405,-168,346,688
59.68935,172,1313,-1746,538,3383,-169,346,688
59.68985,172,1313,-1745,538,3388,-168,345,688
59.69035,172,1313,-1744,538,3404,-168,345,688
59.69085,172,1313,-1744,538,3429,-167,345,689
59.69135,172,1312,-1744,538,3457,-167,346,689
59.69185,172,1312,-1745,537,3479,-167,345,689
59.69235,171,1312,-1744,536,3512,-167,346,689
59.69285,171,1313,-1744,535,3550,-166,346,690
59.69335,171,1313,-1744,534,3584,-166,346,690
59.69385,171,1313,-1744,535,3628,-166,345,691
59.69435,171,1313,-1745,536,3665,-165,346,692
59.69495,171,1313,-1745,537,3698,-165,346,692
59.69545,171,1312,-1745,538,3743,-165,346,692
59.69595,171,1312,-1745,538,3785,-165,346,692
59.69645,171,1312,-1745,538,3821,-165,346,691
59.69695,171,1312,-1745,538,3863,-164,345,691
59.69745,171,1312,-1745,538,3930,-164,344,692
59.69795,170,1312,-1745,539,3968,-164,344,691
59.69845,170,1312,-1745,539,4000,-163,344,691
59.69895,170,1312,-1745,537,4006,-163,344,691
59.69945,170,1312,-1744,536,4003,-163,343,691
59.69995,170,1311,-1744,536,4021,-162,344,692
59.70045,170,1311,-1745,536,4044,-162,343,692
59.70095,170,1311,-1745,536,4076,-161,344,693
59.70145,170,1310,-1745,537,4102,-161,344,693
59.70195,170,1311,-1745,538,4114,-160,344,694
59.70245,170,1310,-1744,537,4131,-160,344,694
59.70295,170,1310,-1744,536,4156,-160,344,693
59.70345,171,1310,-1744,534,4177,-160,343,693
59.70395,171,1310,-1744,534,4193,-159,343,693
59.70445,170,1310,-1744,533,4209,-159,343,693
59.70495,170,1309,-1744,533,4226,-158,344,693
59.70545,170,1309,-1744,534,4237,-157,343,694
59.70595,171,1309,-1744,534,4247,-157,343,693
59.70645,170,1309,-1744,534,4259,-158,343,693
59.70695,170,1309,-1744,535,4272,-158,343,692
59.70745,170,1308,-1744,535,4315,-158,343,693
59.70795,170,1309,-1745,536,4326,-157,344,692
59.70845,170,1308,-1746,536,4321,-157,344,692
59.70895,170,1308,-1747,536,4304,-156,345,692
59.70945,170,1308,-1747,536,4285,-156,345,693
59.70995,170,1308,-1747,536,4288,-156,345,692
59.71045,170,1307,-1747,535,4298,-156,344,693
59.71095,170,1307,-1746,534,4321,-155,344,692
59.71145,170,1306,-1745,534,4339,-155,344,693
59.71195,170,1306,-1745,534,4359,-155,344,692
59.71245,170,1306,-1744,534,4373,-155,344,693
59.71295,170,1305,-1742,534,4391,-154,344,693
59.71345,170,1305,-1742,533,4399,-154,344,693
59.71395,170,1304,-1743,534,4413,-153,344,693
59.71445,170,1304,-1744,534,4430,-153,344,693
59.71495,170,1303,-1745,535,4445,-153,345,691
59.71545,170,1303,-1745,535,4461,-153,345,690
59.71595,170,1302,-1745,535,4477,-153,345,689
59.71645,170,1302,-1745,535,4491,-153,345,688
59.71695,170,1302,-1745,535,4507,-152,344,688
59.71745,170,1302,-1746,535,4553,-153,345,688
59.71795,170,1302,-1745,535,4561,-152,345,688
59.71845,170,1302,-1745,534,4555,-152,345,689
59.71895,170,1301,-1745,535,4529,-152,346,689
59.719448,170,1301,-1744,535,4497,-152,345,689
59.71995,170,1300,-1744,535,4495,-151,346,690
59.72045,170,1300,-1743,534,4499,-151,346,691
59.72095,170,1300,-1744,534,4513,-151,345,691
59.72145,170,1300,-1745,534,4521,-150,345,691
59.72195,171,1299,-1745,533,4524,-151,345,691
59.72245,171,1299,-1746,533,4528,-150,345,692
59.72295,171,1298,-1746,533,4536,-150,345,692
59.72345,171,1298,-1746,534,4550,-150,345,693
59.72395,171,1298,-1747,534,4561,-149,345,694
59.72445,171,1297,-1746,534,4563,-148,345,694
59.72495,171,1297,-1745,534,4571,-148,345,695
59.72545,171,1297,-1743,533,4575,-147,346,695
59.72595,171,1297,-1743,534,4573,-146,346,695
59.72645,171,1296,-1744,534,4573,-146,346,695
59.72695,171,1296,-1744,534,4589,-146,346,694
59.72745,171,1296,-1745,534,4629,-146,346,693
59.72795,171,1295,-1745,534,4639,-146,346,692
59.72845,171,1295,-1745,534,4632,-146,347,691
59.72895,171,1295,-1745,533,4610,-146,347,690
59.72945,171,1295,-1744,533,4584,-146,346,690
59.72995,171,1294,-1745,533,4586,-146,346,690
59.73045,171,1294,-1745,533,4594,-145,346,690
59.73095,171,1294,-1745,534,4603,-146,346,690
59.73145,171,1293,-1745,535,4613,-145,346,690
59.73195,170,1293,-1746,536,4622,-145,346,690
59.73245,170,1293,-1746,536,4630,-145,347,690
59.73295,170,1293,-1746,536,4638,-145,347,690
59.73345,170,1293,-1746,535,4645,-145,347,690
59.73395,170,1293,-1745,535,4657,-144,346,690
59.73445,169,1293,-1745,534,4668,-144,346,689
59.73495,169,1292,-1744,533,4677,-144,346,688
59.73545,170,1292,-1744,532,4685,-144,346,688
59.73595,170,1291,-1744,531,4701,-144,346,688
59.73645,170,1291,-1744,531,4711,-143,346,688
59.73695,170,1291,-1744,531,4733,-143,346,689
59.73745,170,1290,-1744,531,4776,-143,346,688
59.73795,170,1291,-1744,531,4780,-143,346,688
59.73845,169,1290,-1745,531,4785,-142,346,688
59.73895,169,1291,-1746,531,4769,-142,347,688
59.73945,168,1291,-1746,532,4751,-141,346,688
59.73995,167,1291,-1746,532,4754,-141,346,688
59.74045,167,1290,-1745,531,4763,-142,345,688
59.74095,167,1289,-1745,530,4779,-141,345,688
59.74145,167,1289,-1745,530,4792,-142,345,688
59.74195,168,1289,-1744,530,4799,-141,346,687
59.74245,168,1288,-1744,531,4806,-142,346,688
59.74295,168,1288,-1745,532,4815,-141,346,687
59.74345,169,1287,-1745,532,4832,-141,346,687
59.74395,169,1286,-1744,532,4846,-142,346,687
59.74445,169,1286,-1743,531,4860,-142,346,687
59.74495,169,1286,-1744,531,4877,-142,346,687
59.74545,169,1286,-1743,531,4892,-142,347,687
59.74595,169,1286,-1744,531,4905,-142,347,688
59.74645,169,1286,-1745,531,4915,-142,347,687
59.74695,169,1285,-1745,532,4951,-142,346,687
59.74745,169,1285,-1745,532,4990,-142,347,687
59.74795,169,1285,-1745,531,4997,-142,348,687
59.74845,169,1284,-1745,531,5000,-143,348,687
59.74895,169,1284,-1744,530,4981,-143,349,686
59.74945,170,1284,-1744,530,4968,-143,350,686
59.74995,170,1284,-1745,529,4981,-143,350,685
59.75045,169,1284,-1745,530,4993,-143,350,686
59.75095,170,1283,-1745,530,5003,-144,350,686
59.75145,169,1283,-1745,532,5018,-144,350,685
59.75195,169,1283,-1746,532,5028,-144,350,686
59.75245,169,1283,-1746,533,5032,-144,350,685
59.75295,169,1283,-1746,533,5042,-144,350,685
59.75345,169,1282,-1746,533,5044,-144,350,686
59.75395,169,1282,-1746,532,5049,-144,350,686
59.75445,169,1282,-1745,532,5063,-144,349,686
59.75495,168,1281,-1744,532,5071,-144,349,686
59.75545,168,1281,-1744,532,5077,-144,349,687
59.75595,168,1281,-1744,531,5081,-144,348,687
59.75655,168,1281,-1744,531,5078,-144,348,687
59.75705,168,1281,-1745,531,5101,-144,348,687
59.75755,168,1281,-1745,530,5134,-145,347,687
59.75805,168,1280,-1745,530,5135,-145,347,686
59.75855,168,1280,-1746,530,5130,-146,347,686
59.75905,168,1279,-1746,530,5107,-145,348,686
59.75955,168,1280,-1746,531,5094,-146,348,686
59.76005,168,1279,-1746,530,5096,-146,348,686
59.76055,168,1279,-1745,529,5096,-146,349,686
59.76105,168,1279,-1744,528,5096,-146,349,686
59.76155,168,1279,-1744,529,5092,-146,350,686
59.76205,168,1279,-1744,529,5082,-146,350,686
59.76255,168,1278,-1745,530,5071,-147,350,687
59.76305,168,1278,-1746,532,5063,-146,349,687
59.76355,169,1278,-1747,532,5054,-147,350,687
59.76405,169,1277,-1746,531,5053,-147,349,687
59.76455,169,1277,-1746,530,5055,-147,349,687
59.76505,169,1277,-1745,531,5057,-148,350,687
59.76555,169,1277,-1746,531,5058,-148,350,686
59.76605,169,1276,-1746,531,5059,-148,350,686
59.76655,169,1276,-1746,531,5062,-148,350,686
59.76705,169,1275,-1745,531,5087,-148,350,686
59.76755,169,1275,-1744,530,5113,-148,350,686
59.76805,169,1275,-1742,531,5109,-148,351,686
59.76855,168,1274,-1742,531,5096,-148,351,687
59.76905,169,1274,-1744,531,5060,-148,352,687
59.76955,168,1274,-1745,531,5033,-148,352,687
59.77005,168,1274,-1745,531,5029,-148,352,687
59.77055,168,1274,-1745,531,5031,-148,352,686
59.77105,168,1274,-1746,532,5036,-148,352,686
59.77155,168,1273,-1747,533,5045,-148,352,686
59.77205,168,1273,-1748,534,5048,-149,351,686
59.77255,169,1273,-1747,533,5049,-149,351,686
59.77305,169,1272,-1745,531,5048,-149,351,686
59.77355,169,1272,-1743,528,5046,-150,351,686
59.77405,169,1272,-1743,527,5050,-149,350,686
59.77455,168,1272,-1743,528,5052,-150,351,685
59.77505,169,1272,-1744,530,5051,-150,351,685
59.77555,168,1272,-1744,531,5049,-150,351,685
59.77605,168,1272,-1745,531,5050,-149,351,686
59.77655,168,1272,-1744,530,5050,-149,351,686
59.77705,168,1272,-1744,530,5083,-149,350,686
59.77755,167,1272,-1744,530,5108,-150,351,685
59.77805,168,1271,-1744,530,5102,-150,351,685
59.77855,168,1271,-1745,529,5087,-150,351,685
59.77905,167,1270,-1745,527,5056,-150,352,685
59.77955,167,1270,-1746,528,5042,-150,352,685
59.78005,168,1270,-1747,528,5043,-151,352,685
59.78055,167,1269,-1749,528,5046,-151,352,685
59.78105,167,1269,-1748,527,5055,-151,352,686
59.78155,167,1269,-1747,527,5063,-151,352,686
59.78205,167,1269,-1746,527,5070,-151,352,687
59.78255,167,1269,-1748,529,5073,-151,352,687
59.78305,167,1268,-1749,530,5074,-151,352,687
59.78355,167,1268,-1749,531,5080,-151,352,687
59.78405,167,1268,-1747,530,5089,-151,352,687
59.78455,167,1268,-1743,531,5097,-151,351,686
59.78505,167,1267,-1743,532,5103,-151,352,686
59.78555,167,1267,-1743,534,5111,-151,351,687
59.78605,167,1267,-1743,536,5112,-151,352,688
59.78655,167,1267,-1745,537,5106,-151,353,688
59.78705,167,1267,-1745,536,5142,-151,352,688
59.78755,167,1266,-1745,532,5167,-151,351,688
59.78805,167,1267,-1743,529,5164,-151,351,687
59.78855,167,1266,-1742,524,5154,-151,350,687
59.78905,167,1266,-1741,522,5119,-151,350,687
59.78955,166,1266,-1741,523,5103,-152,350,687
59.79005,166,1266,-1741,524,5102,-151,350,688
59.79055,167,1266,-1741,525,5105,-151,350,688
59.79105,167,1265,-1741,526,5114,-152,350,687
59.79155,166,1265,-1742,528,5118,-152,350,688
59.79205,167,1264,-1743,528,5115,-152,350,687
59.79255,167,1264,-1741,528,5120,-152,350,687
59.79305,166,1264,-1740,527,5117,-152,350,687
59.79355,166,1264,-1740,525,5115,-151,350,688
59.79405,166,1264,-1741,526,5121,-151,350,688
59.79455,166,1264,-1741,527,5130,-151,351,689
59.79505,166,1263,-1741,528,5133,-151,352,689
59.79555,166,1263,-1742,529,5130,-151,352,688
59.79605,165,1263,-1743,530,5128,-151,352,689
59.79655,165,1263,-1743,529,5128,-151,353,688
59.79705,165,1262,-1744,529,5155,-151,352,688
59.79755,165,1262,-1745,528,5168,-151,352,688
59.79805,165,1262,-1745,527,5159,-151,352,688
59.79855,164,1262,-1745,525,5138,-151,352,687
59.79905,164,1262,-1743,524,5096,-151,352,688
59.79955,164,1262,-1743,524,5077,-151,352,688
59.80005,164,1262,-1743,525,5078,-152,352,688
59.80055,163,1261,-1744,527,5079,-151,352,688
59.80105,164,1261,-1745,528,5082,-151,352,688
59.80155,164,1261,-1747,528,5084,-152,352,688
59.80205,164,1260,-1746,528,5083,-151,353,687
59.80255,164,1260,-1745,529,5078,-152,353,687
59.80305,164,1260,-1742,528,5073,-152,353,687
59.80355,164,1260,-1740,528,5070,-152,353,687
59.80405,164,1260,-1740,528,5072,-152,352,688
59.80455,164,1259,-1741,528,5072,-152,352,687
59.80505,164,1259,-1742,527,5072,-152,352,687
59.80555,164,1259,-1741,526,5059,-152,352,687
59.80605,164,1258,-1740,525,5046,-152,352,685
59.80655,165,1258,-1739,525,5034,-152,352,684
59.80705,164,1257,-1740,526,5058,-152,352,683
59.80755,164,1257,-1740,527,5058,-153,352,683
59.80805,164,1256,-1742,527,5035,-152,353,683
59.80855,163,1256,-1742,527,5002,-152,353,682
59.80905,163,1257,-1742,527,4958,-152,354,683
59.80955,163,1256,-1742,527,4942,-152,353,684
59.81005,163,1256,-1742,527,4930,-152,353,685
59.81055,163,1256,-1742,527,4928,-151,353,685
59.81105,163,1256,-1742,526,4921,-151,353,686
59.81155,163,1256,-1743,525,4914,-151,353,687
59.81205,163,1255,-1742,525,4914,-151,353,687
59.81255,163,1255,-1741,525,4905,-151,353,688
59.81305,162,1255,-1741,527,4898,-151,353,689
59.81355,162,1255,-1741,527,4895,-151,353,689
59.81405,163,1254,-1742,528,4891,-151,353,690
59.81455,163,1254,-1742,528,4888,-151,353,691
59.81505,163,1253,-1743,529,4890,-151,353,691
59.81555,163,1253,-1743,529,4887,-151,352,692
59.81605,162,1253,-1743,529,4887,-150,352,692
59.81655,163,1253,-1741,528,4894,-150,351,692
59.81705,162,1253,-1741,528,4931,-149,351,693
59.81765,162,1252,-1740,528,4934,-150,352,692
59.81815,162,1252,-1740,529,4920,-149,353,692
59.81865,162,1252,-1740,530,4903,-150,354,692
59.81915,161,1252,-1741,531,4871,-149,355,691
59.81965,161,1252,-1742,531,4859,-150,354,691
59.82015,162,1252,-1742,531,4853,-150,354,691
59.82065,161,1251,-1742,530,4854,-150,354,690
59.82115,161,1251,-1742,530,4860,-150,354,690
59.82165,161,1251,-1742,529,4869,-150,354,690
59.82215,161,1250,-1742,527,4869,-149,354,690
59.82265,160,1250,-1741,526,4865,-150,354,691
59.82315,160,1250,-1740,527,4865,-149,353,691
59.82365,160,1250,-1740,527,4861,-149,353,690
59.82415,160,1250,-1740,527,4863,-149,353,690
59.82465,160,1250,-1740,527,4870,-149,353,690
59.82515,159,1249,-1739,527,4872,-149,354,691
59.82565,160,1249,-1740,527,4870,-149,353,691
59.82615,160,1248,-1740,527,4861,-149,353,691
59.82665,160,1248,-1742,528,4864,-149,353,692
59.82715,159,1248,-1743,527,4899,-149,353,692
59.82765,159,1248,-1743,527,4904,-149,354,692
59.82815,159,1247,-1742,527,4893,-149,353,692
59.82865,159,1247,-1741,527,4864,-149,353,691
59.82915,159,1247,-1740,528,4825,-148,353,691
59.82965,159,1247,-1740,528,4805,-149,353,691
59.83015,159,1247,-1740,529,4798,-149,353,691
59.83065,159,1247,-1740,529,4797,-149,353,691
59.83115,159,1246,-1740,529,4794,-149,352,690
59.83165,159,1246,-1740,529,4791,-149,352,691
59.83215,159,1246,-1740,528,4791,-149,352,691
59.83265,159,1246,-1740,528,4783,-149,353,691
59.83315,159,1246,-1740,528,4775,-149,353,691
59.83365,159,1245,-1741,528,4767,-149,353,690
59.83415,159,1245,-1740,528,4764,-149,353,690
59.83465,159,1245,-1740,528,4765,-149,353,690
59.83515,159,1244,-1740,528,4760,-150,353,690
59.83565,159,1244,-1740,528,4756,-150,353,690
59.83615,159,1244,-1740,528,4749,-150,353,690
59.83665,158,1244,-1741,529,4751,-150,353,691
59.83715,159,1244,-1740,529,4782,-150,352,691
59.83765,158,1244,-1741,530,4774,-149,353,691
59.83815,158,1244,-1741,530,4761,-149,353,691
59.83865,158,1244,-1740,529,4729,-149,353,691
59.83915,158,1244,-1740,529,4695,-149,353,691
59.83965,158,1244,-1741,530,4686,-149,353,691
59.84015,158,1243,-1740,530,4683,-149,353,690
59.84065,158,1243,-1741,530,4679,-149,353,690
59.84115,159,1243,-1740,529,4681,-149,353,690
59.84165,158,1242,-1740,527,4679,-149,353,690
59.84215,158,1242,-1740,526,4670,-149,353,690
59.84265,158,1242,-1740,526,4660,-149,353,689
59.84315,158,1242,-1740,527,4653,-149,353,689
59.84365,157,1242,-1739,527,4642,-149,353,689
59.84415,157,1242,-1740,528,4639,-149,353,689
59.84465,157,1241,-1739,528,4637,-149,353,689
59.84515,157,1242,-1740,528,4634,-149,353,689
59.84565,157,1241,-1740,528,4628,-149,353,690
59.84615,157,1241,-1740,528,4620,-149,352,689
59.84665,157,1241,-1740,529,4624,-149,352,689
59.84715,157,1240,-1740,529,4649,-149,352,690
59.84765,157,1241,-1740,528,4644,-148,352,689
59.84815,157,1241,-1740,529,4637,-148,352,689
59.848648,157,1241,-1740,529,4602,-148,353,690
59.84915,157,1241,-1740,529,4568,-149,353,690
59.84965,157,1240,-1740,529,4563,-149,353,691
59.85015,157,1240,-1740,529,4562,-149,352,691
59.85065,157,1240,-1739,528,4557,-149,353,691
59.85115,157,1240,-1739,528,4555,-149,352,691
59.85165,156,1240,-1739,528,4554,-148,352,691
59.85215,156,1240,-1739,528,4552,-148,352,691
59.85265,157,1240,-1740,528,4550,-148,353,691
59.85315,157,1239,-1740,528,4548,-148,353,691
59.85365,157,1239,-1740,529,4543,-148,353,690
59.85415,157,1239,-1740,529,4546,-148,352,690
59.85465,157,1238,-1740,529,4552,-149,353,690
59.85515,157,1238,-1740,529,4554,-148,353,690
59.85565,157,1237,-1740,529,4556,-148,353,689
59.85615,157,1238,-1740,529,4552,-148,353,689
59.85665,158,1238,-1740,530,4557,-148,352,689
59.85715,157,1238,-1740,530,4589,-147,352,690
59.85765,158,1238,-1740,529,4587,-148,352,689
59.85815,158,1237,-1739,529,4579,-147,352,689
59.85865,158,1237,-1739,528,4545,-147,352,689
59.85915,158,1237,-1739,528,4514,-147,353,690
59.85965,158,1237,-1739,529,4509,-147,353,690
59.86015,158,1237,-1740,529,4514,-146,353,690
59.86065,158,1237,-1740,530,4518,-147,353,690
59.86115,158,1237,-1740,530,4520,-147,353,690
59.86165,158,1237,-1740,530,4523,-146,353,690
59.86215,157,1237,-1740,529,4522,-146,353,690
59.86265,157,1237,-1741,529,4518,-146,354,690
59.86315,157,1237,-1741,529,4517,-147,353,690
59.86365,156,1237,-1741,529,4516,-146,353,690
59.86415,156,1237,-1740,530,4516,-146,354,690
59.86465,156,1237,-1738,529,4518,-146,354,690
59.86515,155,1237,-1738,530,4518,-146,353,690
59.86565,155,1238,-1738,529,4518,-146,354,691
59.86615,154,1238,-1739,529,4515,-146,353,691
59.86665,154,1238,-1739,530,4523,-146,353,691
59.86715,155,1237,-1739,530,4556,-146,352,691
59.86765,155,1237,-1739,530,4554,-146,352,691
59.86815,154,1238,-1739,530,4546,-146,351,691
59.86865,155,1237,-1739,530,4517,-145,351,691
59.86915,155,1237,-1739,530,4490,-145,351,691
59.86965,155,1237,-1739,530,4484,-145,351,691
59.87015,155,1236,-1740,530,4485,-145,351,691
59.87065,156,1236,-1739,530,4489,-145,351,691
59.87115,156,1236,-1739,529,4491,-145,351,691
59.87165,156,1236,-1739,529,4492,-145,351,690
59.87215,156,1236,-1739,529,4492,-144,351,690
59.87265,156,1236,-1739,529,4495,-145,351,690
59.87315,155,1237,-1739,529,4494,-145,351,690
59.87365,156,1236,-1740,530,4487,-145,351,690
59.87415,155,1236,-1739,530,4487,-145,351,690
59.87465,156,1235,-1740,531,4487,-145,351,690
59.87515,156,1236,-1740,531,4487,-145,351,690
59.87565,156,1235,-1739,532,4488,-145,351,690
59.87615,156,1235,-1739,531,4484,-145,351,689
59.87665,157,1236,-1739,532,4497,-145,350,689
59.87715,156,1235,-1739,531,4522,-145,350,689
59.87765,156,1236,-1738,530,4515,-145,350,689
59.87815,156,1235,-1738,529,4503,-145,350,689
59.87865,157,1235,-1738,528,4469,-145,350,689
59.87925,157,1236,-1738,528,4443,-145,350,689
59.87975,158,1236,-1739,529,4440,-145,350,690
59.88025,157,1235,-1739,529,4443,-144,351,690
59.88075,158,1235,-1740,530,4465,-144,351,691
59.88125,158,1235,-1740,530,4467,-144,351,691
59.88175,158,1235,-1740,531,4459,-144,351,691
59.88225,158,1235,-1740,531,4451,-144,351,691
59.88275,158,1235,-1740,531,4446,-144,351,690
59.88325,159,1235,-1740,530,4444,-144,351,690
59.88375,158,1235,-1739,530,4446,-144,351,690
59.88425,159,1235,-1739,530,4450,-143,351,691
59.88475,158,1235,-1738,529,4448,-144,351,690
59.88525,159,1234,-1738,528,4442,-144,351,690
59.88575,158,1235,-1738,528,4441,-144,351,690
59.88625,159,1235,-1738,528,4434,-144,351,690
59.88675,158,1235,-1738,530,4447,-143,350,690
59.88725,159,1234,-1739,530,4473,-144,351,690
59.88775,159,1234,-1739,531,4465,-144,351,690
59.88825,159,1234,-1739,530,4451,-144,351,690
59.88875,159,1235,-1739,530,4414,-143,351,690
59.88925,158,1235,-1739,530,4386,-144,351,690
59.88975,157,1236,-1740,530,4379,-143,351,690
59.89025,157,1237,-1739,530,4378,-143,351,690
59.89075,157,1237,-1739,530,4380,-143,351,690
59.89125,157,1236,-1739,529,4377,-143,351,690
59.89175,157,1236,-1739,529,4374,-143,351,689
59.89225,157,1236,-1739,529,4372,-143,351,690
59.89275,157,1236,-1739,529,4366,-142,351,690
59.89325,157,1236,-1739,530,4368,-143,351,690
59.89375,157,1236,-1739,530,4364,-143,351,690
59.89425,157,1236,-1739,531,4362,-143,351,690
59.89475,158,1236,-1740,531,4359,-143,351,690
59.89525,158,1236,-1740,530,4355,-143,351,690
59.89575,158,1236,-1740,531,4355,-142,351,691
59.89625,158,1236,-1740,531,4349,-143,351,691
59.89675,159,1235,-1740,532,4363,-142,350,691
59.89725,158,1235,-1740,531,4385,-142,351,691
59.89775,158,1235,-1741,532,4379,-142,351,690
59.89825,158,1235,-1741,531,4370,-142,351,690
59.89875,159,1235,-1741,531,4344,-143,352,690
59.89925,159,1235,-1741,531,4324,-142,351,690
59.89975,159,1235,-1740,531,4321,-142,351,690
59.90025,159,1235,-1739,531,4322,-142,351,690
59.90075,159,1235,-1739,531,4323,-142,351,690
59.90125,159,1236,-1738,531,4324,-142,351,690
59.90175,159,1236,-1739,531,4325,-142,351,690
59.90225,159,1236,-1739,531,4323,-142,351,690
59.90275,159,1236,-1739,531,4319,-142,351,690
59.90325,159,1237,-1739,530,4319,-142,351,690
59.90375,158,1238,-1738,529,4319,-142,351,690
59.90425,157,1238,-1738,528,4322,-142,350,690
59.90475,158,1239,-1739,529,4326,-142,350,690
59.90525,158,1238,-1739,529,4329,-142,350,689
59.90575,158,1238,-1739,530,4330,-141,350,690
59.90625,159,1238,-1740,531,4323,-142,350,691
59.90675,159,1238,-1739,532,4353,-142,349,691
59.90725,159,1238,-1739,531,4371,-142,349,691
59.90775,159,1238,-1739,530,4361,-142,350,690
59.90825,160,1238,-1739,530,4348,-142,350,690
59.90875,159,1238,-1739,529,4317,-141,351,690
59.90925,159,1238,-1740,529,4296,-141,350,690
59.909748,159,1238,-1740,530,4291,-141,351,690
59.91025,159,1239,-1740,531,4290,-141,350,690
59.91075,159,1239,-1741,531,4293,-141,350,690
59.91125,159,1239,-1741,532,4296,-141,351,690
59.91175,159,1238,-1741,531,4299,-141,350,690
59.91225,158,1239,-1742,531,4301,-140,350,690
59.91275,158,1239,-1741,531,4301,-140,350,691
59.91325,158,1239,-1740,531,4301,-140,350,691
59.91375,158,1240,-1740,530,4294,-140,350,691
59.91425,158,1240,-1740,530,4296,-140,350,691
59.91475,158,1240,-1740,530,4298,-140,350,691
59.91525,159,1240,-1740,530,4300,-140,350,691
59.91575,158,1240,-1740,530,4303,-140,350,691
59.91625,158,1240,-1739,530,4302,-141,350,690
59.91675,158,1240,-1738,530,4330,-141,349,689
59.91725,158,1240,-1739,531,4352,-141,349,689
59.91775,158,1240,-1739,531,4339,-141,350,689
59.91825,158,1240,-1739,530,4318,-141,350,689
59.91875,158,1241,-1739,530,4280,-141,350,689
59.91925,158,1241,-1739,531,4264,-141,350,689
59.91975,158,1241,-1740,531,4265,-140,350,689
59.92025,159,1241,-1740,531,4268,-140,350,689
59.92075,159,1241,-1740,531,4270,-140,350,689
59.92125,159,1241,-1739,531,4270,-140,350,690
59.92175,159,1241,-1739,532,4273,-140,350,689
59.92225,158,1241,-1740,533,4276,-139,350,690
59.92275,159,1241,-1741,534,4270,-138,350,690
59.92325,158,1241,-1741,533,4272,-138,350,690
59.92375,159,1241,-1741,533,4273,-138,350,691
59.92425,159,1241,-1740,532,4276,-138,350,690
59.92475,160,1241,-1740,531,4273,-138,350,690
59.92525,160,1241,-1739,530,4278,-139,350,687
59.92575,160,1241,-1739,530,4279,-139,350,686
59.92625,160,1241,-1740,531,4271,-139,350,685
59.92675,160,1241,-1740,533,4307,-138,350,686
59.92725,160,1242,-1741,533,4319,-138,350,685
59.92775,160,1241,-1742,532,4316,-138,350,685
59.92825,160,1242,-1740,529,4295,-138,350,686
59.92875,160,1241,-1739,527,4258,-138,350,686
59.92925,160,1242,-1738,527,4247,-138,350,686
59.92975,160,1242,-1738,527,4246,-138,349,687
59.93025,160,1242,-1738,529,4248,-138,349,688
59.93075,159,1242,-1738,530,4248,-138,349,688
59.93125,160,1243,-1739,530,4252,-138,349,688
59.93175,160,1243,-1739,530,4255,-138,349,688
59.93225,159,1243,-1740,530,4256,-137,349,689
59.93275,159,1243,-1740,530,4256,-138,349,689
59.93325,159,1243,-1740,531,4252,-137,349,690
59.93375,158,1244,-1741,532,4250,-138,349,691
59.93425,158,1244,-1742,532,4260,-137,349,691
59.93475,157,1245,-1742,532,4260,-137,349,691
59.93525,156,1245,-1741,532,4262,-136,349,692
59.93575,156,1245,-1741,533,4267,-136,349,692
59.93625,156,1245,-1741,534,4277,-136,349,692
59.93675,156,1245,-1742,535,4313,-135,348,692
59.93725,157,1245,-1743,534,4322,-135,349,692
59.93775,157,1245,-1744,534,4316,-136,349,691
59.93825,157,1244,-1744,533,4300,-136,350,690
59.93875,157,1244,-1745,531,4263,-136,350,689
59.93925,157,1245,-1743,531,4255,-136,349,689
59.93975,157,1244,-1740,531,4252,-136,349,689
59.94025,157,1245,-1737,531,4254,-136,349,689
59.94075,158,1245,-1738,531,4256,-136,349,688
59.94135,158,1245,-1739,530,4256,-136,348,688
59.94185,158,1245,-1739,529,4263,-136,348,689
59.94235,158,1245,-1738,529,4262,-136,347,689
59.94285,158,1245,-1737,528,4252,-136,347,690
59.94335,158,1245,-1737,528,4251,-136,347,689
59.94385,158,1245,-1738,529,4255,-135,347,690
59.94435,158,1245,-1738,529,4256,-135,348,690
59.94485,158,1246,-1739,530,4262,-135,348,690
59.94535,158,1245,-1740,530,4266,-134,347,690
59.94585,158,1246,-1740,530,4265,-135,348,690
59.94635,158,1246,-1740,531,4266,-134,347,690
59.94685,158,1245,-1740,531,4302,-134,347,690
59.94735,158,1246,-1739,531,4306,-135,348,689
59.94785,158,1246,-1740,531,4295,-135,348,689
59.94835,158,1246,-1740,531,4267,-135,348,689
59.94885,158,1246,-1740,531,4231,-135,349,688
59.94935,158,1246,-1741,532,4222,-135,349,688
59.94985,158,1247,-1741,531,4228,-134,350,688
59.95035,158,1247,-1742,531,4233,-135,349,689
59.95085,157,1247,-1741,531,4236,-134,349,689
59.95135,158,1247,-1740,531,4233,-134,349,689
59.95185,158,1247,-1739,531,4234,-134,349,689
59.95235,158,1247,-1739,531,4237,-134,349,689
59.95285,158,1247,-1739,531,4238,-134,349,689
59.95335,158,1247,-1739,531,4237,-134,349,689
59.95385,157,1247,-1739,531,4237,-134,349,690
59.95435,158,1248,-1739,531,4242,-134,349,689
59.95485,158,1248,-1739,531,4249,-134,348,689
59.95535,158,1248,-1739,531,4247,-134,349,690
59.95585,158,1248,-1739,531,4246,-134,348,690
59.95635,158,1248,-1739,531,4254,-133,348,690
59.95685,159,1248,-1739,531,4289,-133,348,690
59.95735,158,1248,-1739,530,4288,-133,349,690
59.95785,159,1248,-1739,531,4276,-133,349,690
59.95835,159,1248,-1740,531,4247,-133,349,690
59.95885,159,1248,-1740,531,4211,-133,349,690
59.95935,159,1248,-1741,531,4204,-133,349,690
59.95985,159,1248,-1740,530,4205,-133,349,690
59.96035,159,1248,-1740,531,4208,-133,349,689
59.96085,159,1248,-1739,530,4207,-133,348,689
59.96135,159,1248,-1739,531,4203,-133,348,689
59.96185,159,1248,-1739,531,4205,-133,348,689
59.96235,159,1248,-1739,532,4206,-133,348,689
59.96285,159,1248,-1739,532,4203,-133,349,689
59.96335,159,1248,-1740,532,4203,-133,349,689
59.96385,158,1249,-1740,532,4204,-133,348,689
59.96435,158,1250,-1740,532,4210,-132,349,689
59.96485,156,1250,-1740,532,4212,-132,349,689
59.96535,156,1251,-1740,532,4213,-132,349,689
59.96585,155,1252,-1739,531,4210,-132,349,689
59.96635,156,1252,-1739,531,4215,-132,349,689
59.96685,156,1251,-1739,531,4249,-132,348,690
59.96735,156,1251,-1740,531,4251,-132,348,690
59.96785,156,1251,-1739,531,4245,-132,348,690
59.96835,157,1251,-1739,531,4220,-132,349,690
59.96885,157,1251,-1739,531,4186,-132,349,689
59.96935,158,1251,-1739,532,4175,-132,349,689
59.96985,158,1251,-1740,532,4170,-132,349,689
59.97035,158,1251,-1740,533,4174,-132,349,689
59.970848,158,1252,-1740,533,4179,-132,349,689
59.97135,159,1252,-1740,534,4180,-132,348,689
59.97185,159,1251,-1741,534,4183,-131,349,689
59.97235,159,1251,-1741,534,4184,-131,348,689
59.97285,160,1251,-1741,534,4185,-131,348,689
59.97335,160,1251,-1741,534,4184,-131,348,689
59.97385,159,1251,-1740,533,4179,-131,348,689
59.97435,159,1251,-1739,531,4180,-131,348,689
59.97485,159,1252,-1738,528,4179,-131,348,689
59.97535,159,1252,-1739,528,4177,-131,348,690
59.97585,158,1252,-1738,528,4177,-130,348,689
59.97635,159,1252,-1739,530,4193,-130,347,690
59.97685,159,1253,-1739,530,4224,-130,347,690
59.97735,159,1253,-1739,530,4226,-130,347,690
59.97785,158,1253,-1739,530,4218,-130,347,689
59.97835,157,1253,-1739,530,4190,-130,347,689
59.97885,156,1253,-1739,530,4155,-130,347,689
59.97935,156,1254,-1739,531,4145,-130,347,690
59.97985,155,1254,-1739,531,4146,-129,347,690
59.98035,155,1254,-1739,532,4155,-130,348,690
59.98085,155,1254,-1739,531,4158,-130,348,689
59.98135,156,1254,-1739,532,4157,-130,349,690
59.98185,157,1254,-1739,532,4156,-130,348,689
59.98235,157,1253,-1740,531,4160,-130,349,689
59.98285,158,1253,-1739,531,4156,-129,349,689
59.98335,158,1253,-1740,532,4159,-129,349,689
59.98385,157,1253,-1739,531,4163,-129,349,689
59.98435,157,1254,-1739,532,4172,-129,349,689
59.98485,157,1254,-1739,532,4178,-129,348,689
59.98535,157,1254,-1740,532,4183,-128,348,689
59.98585,157,1254,-1739,532,4185,-129,348,689
59.98635,157,1254,-1739,533,4199,-129,348,689
59.98685,158,1253,-1740,532,4235,-129,347,689
59.98735,158,1254,-1739,532,4236,-129,348,689
59.98785,158,1254,-1739,532,4231,-129,348,689
59.98835,158,1254,-1739,531,4207,-129,347,689
59.98885,158,1254,-1740,530,4182,-129,347,689
59.98935,158,1254,-1740,531,4178,-129,346,689
59.98985,159,1254,-1740,531,4182,-129,346,689
59.99035,159,1253,-1739,531,4186,-130,346,688
59.99085,160,1253,-1739,531,4191,-130,346,688
59.99135,160,1253,-1739,531,4197,-130,346,688
59.99185,160,1253,-1739,531,4198,-130,347,688
59.99235,159,1254,-1738,531,4197,-130,347,688
59.99285,158,1255,-1739,531,4197,-130,347,688
59.99335,159,1255,-1739,531,4193,-130,347,688
59.99385,158,1255,-1739,532,4194,-130,347,688
59.99435,158,1256,-1739,532,4198,-130,347,687
59.99485,157,1256,-1739,532,4199,-130,347,688
59.99535,157,1256,-1739,532,4197,-129,347,689
59.99585,157,1256,-1739,532,4200,-129,347,690
59.99635,158,1256,-1739,532,4210,-129,347,691
59.99685,158,1256,-1739,532,4246,-128,346,691
59.99735,158,1256,-1739,531,4242,-129,346,691
59.99785,158,1256,-1739,532,4232,-128,347,690
59.99835,159,1255,-1739,531,4203,-129,346,690
59.99885,160,1255,-1739,531,4184,-129,346,690
59.99935,160,1254,-1739,532,4186,-129,346,690
59.99985,159,1255,-1739,531,4191,-129,346,691
60.00035,158,1255,-1740,532,4196,-128,346,691
60.00085,158,1255,-1740,531,4192,-128,346,691
60.00135,157,1256,-1740,532,4193,-128,346,691
60.00185,157,1256,-1740,532,4197,-128,346,690
60.00235,157,1255,-1739,531,4200,-128,346,690
60.00295,157,1255,-1738,531,4204,-129,347,690
60.00345,157,1255,-1738,531,4207,-129,346,690
60.00395,157,1255,-1738,531,4209,-129,347,690
60.00445,157,1254,-1738,531,4219,-129,347,689
60.00495,156,1255,-1739,531,4225,-129,347,690
60.00545,156,1255,-1738,531,4226,-129,347,690
60.00595,156,1257,-1739,531,4229,-129,347,690
60.00645,155,1257,-1739,532,4243,-129,347,690
60.00695,155,1258,-1739,532,4277,-129,347,690
60.00745,155,1258,-1740,531,4275,-129,347,689
60.00795,155,1258,-1739,531,4264,-129,347,690
60.00845,156,1258,-1740,531,4230,-129,348,689
60.00895,156,1257,-1739,531,4205,-129,347,689
60.00945,156,1257,-1739,531,4196,-129,347,690
60.00995,156,1257,-1739,532,4199,-128,347,689
60.01045,156,1257,-1739,532,4211,-128,347,690
60.01095,156,1257,-1739,532,4210,-128,347,690
60.01145,157,1257,-1739,532,4213,-128,347,690
60.01195,157,1257,-1739,532,4215,-129,347,690
60.01245,157,1257,-1739,533,4217,-129,347,690
60.01295,157,1257,-1739,533,4218,-129,347,691
60.01345,157,1258,-1739,533,4218,-129,347,691
60.01395,157,1257,-1740,534,4212,-129,347,690
60.01445,157,1258,-1740,534,4218,-130,347,690
60.01495,157,1258,-1739,534,4230,-130,347,690
60.01545,157,1257,-1739,533,4235,-130,347,691
60.01595,158,1257,-1738,530,4238,-130,346,692
60.01645,158,1257,-1737,529,4260,-129,346,693
60.01695,158,1257,-1737,528,4296,-128,346,692
60.01745,158,1257,-1737,529,4290,-128,347,692
60.01795,158,1257,-1737,529,4285,-128,347,692
60.01845,158,1257,-1736,529,4258,-128,347,691
60.01895,158,1257,-1736,530,4233,-129,347,691
60.01945,158,1257,-1738,531,4225,-129,348,690
60.01995,158,1257,-1739,531,4229,-129,348,691
60.02045,158,1257,-1739,531,4239,-130,348,691
60.02095,158,1257,-1739,532,4237,-130,348,690
60.02145,158,1257,-1739,531,4238,-131,348,690
60.02195,159,1257,-1739,532,4248,-131,348,689
60.02245,159,1257,-1739,532,4251,-131,347,689
60.02295,159,1256,-1739,533,4243,-131,347,689
60.02345,159,1257,-1739,533,4245,-131,348,689
60.02395,159,1257,-1739,533,4248,-131,347,690
60.02445,159,1257,-1739,533,4256,-130,348,690
60.02495,159,1258,-1739,533,4264,-131,348,691
60.02545,159,1258,-1739,534,4264,-130,348,691
60.02595,159,1258,-1739,534,4257,-130,348,691
60.02645,159,1258,-1739,534,4279,-130,347,691
60.02695,159,1257,-1739,531,4308,-131,348,691
60.02745,158,1257,-1739,529,4306,-130,347,691
60.02795,157,1257,-1740,529,4297,-130,347,691
60.02845,157,1258,-1740,529,4267,-131,347,690
60.02895,156,1259,-1739,530,4246,-130,347,691
60.02945,156,1259,-1739,530,4247,-130,347,691
60.02995,154,1259,-1738,530,4245,-130,347,691
60.03045,154,1259,-1737,531,4248,-131,347,690
60.03095,154,1259,-1738,531,4258,-132,347,689
60.03145,155,1258,-1738,532,4267,-132,347,688
60.031948,155,1258,-1738,533,4267,-132,347,686
60.03245,156,1257,-1739,533,4271,-132,347,686
60.03295,156,1258,-1739,533,4273,-132,347,685
60.03345,156,1258,-1739,533,4271,-132,347,686
60.03395,156,1259,-1739,533,4268,-132,346,686
60.03445,156,1259,-1738,532,4276,-133,347,686
60.03495,156,1259,-1739,531,4279,-133,347,686
60.03545,156,1259,-1738,530,4281,-133,346,687
60.03595,157,1258,-1738,530,4279,-133,346,687
60.03645,156,1258,-1738,531,4302,-133,346,689
60.03695,156,1259,-1738,530,4325,-133,346,690
60.03745,156,1259,-1738,530,4319,-133,346,690
60.03795,156,1259,-1738,529,4309,-133,346,690
60.03845,156,1259,-1738,529,4278,-133,347,691
60.03895,156,1259,-1738,529,4260,-133,347,691
60.03945,156,1259,-1739,530,4252,-133,347,693
60.03995,156,1259,-1739,530,4252,-133,348,693
60.04045,156,1259,-1738,531,4258,-133,347,693
60.04095,157,1259,-1738,531,4259,-133,348,694
60.04145,157,1258,-1738,532,4258,-133,348,694
60.04195,157,1258,-1739,532,4263,-132,348,695
60.04245,158,1257,-1740,531,4265,-132,348,695
60.04295,158,1257,-1741,530,4258,-132,348,695
60.04345,159,1256,-1742,530,4257,-132,348,694
60.04395,159,1256,-1742,530,4257,-132,348,693
60.04445,159,1256,-1740,530,4268,-133,348,693
60.04495,158,1257,-1738,530,4269,-133,349,692
60.04545,158,1258,-1736,530,4269,-133,349,692
60.04595,158,1258,-1735,530,4267,-133,349,692
60.04645,158,1258,-1735,531,4293,-133,349,692
60.04695,158,1257,-1736,532,4309,-133,349,692
60.04745,158,1257,-1738,533,4299,-134,350,692
60.04795,158,1257,-1738,534,4283,-134,350,691
60.04845,158,1257,-1739,534,4250,-134,350,691
60.04895,158,1257,-1739,534,4230,-135,350,691
60.04945,158,1257,-1739,535,4229,-135,350,691
60.04995,158,1257,-1739,536,4236,-135,350,691
60.05045,157,1257,-1740,536,4247,-134,350,691
60.05095,157,1258,-1741,535,4255,-135,349,692
60.05145,156,1259,-1741,534,4259,-135,349,691
60.05195,155,1260,-1742,533,4267,-135,349,691
60.05245,154,1260,-1740,531,4265,-135,348,691
60.05295,154,1261,-1738,531,4261,-136,348,691
60.05345,153,1260,-1738,531,4258,-135,347,691
60.05395,153,1260,-1739,532,4256,-135,347,691
60.05445,153,1260,-1739,531,4263,-136,346,691
60.05495,154,1260,-1737,528,4271,-136,346,690
60.05545,154,1260,-1736,526,4275,-136,346,690
60.05595,155,1261,-1735,526,4281,-137,346,690
60.05645,155,1261,-1735,526,4316,-136,346,690
60.05695,155,1261,-1736,527,4331,-137,346,690
60.05745,155,1260,-1737,528,4324,-137,347,690
60.05795,156,1260,-1737,529,4308,-137,347,691
60.05845,156,1260,-1738,531,4271,-137,348,691
60.05895,156,1261,-1738,532,4251,-136,347,692
60.05945,156,1261,-1737,532,4242,-136,347,691
60.05995,156,1261,-1736,531,4238,-137,347,691
60.06045,156,1260,-1736,531,4236,-136,347,691
60.06095,157,1260,-1736,530,4232,-137,348,691
60.06145,157,1260,-1738,530,4231,-136,348,691
60.06195,157,1260,-1738,530,4231,-136,348,691
60.06245,157,1260,-1738,530,4227,-136,348,691
60.06295,157,1259,-1739,530,4220,-137,347,691
60.06345,157,1259,-1739,531,4218,-137,348,691
60.06405,157,1260,-1739,531,4217,-137,347,692
60.06455,157,1260,-1740,531,4222,-137,347,692
60.06505,157,1261,-1739,532,4231,-137,347,692
60.06555,158,1261,-1738,533,4238,-137,348,692
60.06605,158,1261,-1736,533,4243,-137,347,693
60.06655,159,1260,-1736,533,4279,-137,347,693
60.06705,159,1260,-1737,532,4286,-138,347,693
60.06755,159,1260,-1738,531,4278,-138,348,693
60.06805,159,1259,-1738,530,4263,-138,347,692
60.06855,160,1259,-1737,528,4229,-138,348,692
60.06905,160,1260,-1737,528,4221,-138,348,692
60.06955,159,1260,-1736,529,4223,-138,348,692
60.07005,159,1261,-1736,529,4225,-138,347,692
60.07055,158,1261,-1737,530,4231,-138,348,692
60.07105,158,1262,-1737,531,4238,-139,347,692
60.07155,157,1262,-1738,531,4241,-138,347,691
60.07205,157,1261,-1739,532,4240,-139,347,692
60.07255,158,1262,-1740,532,4236,-139,347,692
60.07305,158,1261,-1740,533,4239,-139,348,692
60.07355,158,1261,-1740,533,4240,-139,347,692
60.07405,158,1261,-1740,533,4236,-139,348,692
60.07455,157,1261,-1741,534,4234,-139,348,692
60.07505,156,1262,-1741,534,4237,-140,348,691
60.07555,156,1262,-1739,533,4235,-140,348,691
60.07605,156,1262,-1737,532,4234,-140,347,691
60.07655,155,1262,-1737,531,4269,-139,347,691
60.07705,155,1262,-1736,530,4274,-140,347,691
60.07755,155,1263,-1736,529,4265,-140,347,691
60.07805,154,1264,-1737,528,4242,-140,348,691
60.07855,154,1265,-1737,528,4207,-140,348,691
60.07905,154,1265,-1737,527,4199,-140,348,692
60.07955,154,1265,-1737,528,4201,-141,348,691
60.08005,155,1265,-1738,529,4206,-141,348,692
60.08055,155,1265,-1737,529,4205,-142,348,691
60.08105,155,1265,-1738,530,4203,-141,348,691
60.08155,155,1265,-1738,530,4196,-141,347,691
60.08205,155,1265,-1737,531,4195,-141,348,691
60.08255,155,1265,-1737,531,4194,-142,348,691
60.08305,156,1265,-1737,531,4189,-142,348,691
60.08355,157,1265,-1738,532,4188,-142,348,690
60.08405,157,1265,-1739,532,4188,-142,348,690
60.08455,157,1265,-1740,533,4197,-142,348,690
60.08505,158,1265,-1740,532,4199,-142,348,690
60.08555,158,1264,-1739,532,4197,-141,348,690
60.08605,159,1264,-1738,531,4199,-141,348,690
60.08655,158,1264,-1738,531,4236,-141,347,690
60.08705,159,1264,-1737,530,4243,-141,348,690
60.08755,159,1264,-1737,529,4237,-141,348,690
60.08805,159,1264,-1737,529,4217,-142,347,690
60.08855,158,1264,-1737,529,4187,-142,348,690
60.08905,158,1264,-1738,530,4179,-142,347,691
60.08955,158,1264,-1738,530,4180,-143,347,690
60.09005,158,1265,-1738,531,4180,-143,348,690
60.09055,158,1265,-1739,531,4191,-143,348,690
60.09105,158,1266,-1739,531,4192,-143,348,690
60.09155,158,1266,-1739,531,4188,-143,348,690
60.09205,158,1266,-1739,530,4186,-143,348,690
60.09255,157,1267,-1739,530,4186,-143,348,691
60.09305,157,1267,-1739,530,4185,-143,348,691
60.09355,156,1267,-1739,531,4182,-143,347,691
60.09405,156,1267,-1739,531,4179,-143,347,691
60.09455,155,1267,-1739,532,4182,-144,347,692
60.09505,155,1267,-1738,532,4186,-144,347,692
60.09555,155,1267,-1738,532,4190,-144,348,693
60.09605,155,1268,-1739,532,4199,-144,348,693
60.09655,156,1267,-1740,533,4230,-144,348,693
60.09705,156,1267,-1740,532,4229,-144,348,693
60.09755,156,1267,-1740,532,4219,-144,348,693
60.09805,156,1267,-1741,532,4194,-144,349,693
60.09855,156,1267,-1742,533,4161,-144,348,693
60.09905,156,1267,-1742,534,4152,-144,349,693
60.09955,157,1266,-1742,534,4152,-144,348,693
60.10005,158,1266,-1742,534,4155,-144,349,693
60.10055,158,1266,-1741,532,4158,-144,348,692
60.10105,158,1266,-1740,529,4155,-145,348,692
60.10155,159,1266,-1738,529,4158,-145,348,692
60.10205,159,1267,-1737,529,4158,-145,348,692
60.10255,159,1267,-1738,530,4157,-145,348,691
60.10305,159,1267,-1739,530,4151,-146,348,691
60.10355,158,1267,-1739,530,4145,-146,347,690
60.10405,158,1268,-1739,530,4147,-146,347,690
60.10455,157,1268,-1739,530,4159,-147,348,690
60.10505,156,1269,-1738,530,4164,-146,348,690
60.10555,155,1270,-1738,530,4165,-147,348,690
60.10605,155,1270,-1738,531,4177,-147,348,690
60.10655,154,1271,-1739,531,4212,-147,348,691
60.10705,154,1271,-1739,531,4210,-147,349,690
60.10755,154,1271,-1739,531,4197,-147,349,691
60.10805,154,1271,-1739,530,4171,-147,349,691
60.10855,155,1271,-1739,531,4136,-147,348,691
60.10905,156,1271,-1739,531,4126,-146,349,691
60.10955,156,1271,-1739,531,4125,-146,348,691
60.11005,156,1272,-1739,531,4126,-146,349,691
60.11055,155,1272,-1739,530,4128,-146,348,691
60.11105,156,1272,-1740,531,4131,-145,348,692
60.11155,155,1272,-1739,530,4131,-145,348,692
60.11205,155,1272,-1740,531,4135,-145,349,692
60.11255,155,1272,-1739,531,4135,-146,348,691
60.11305,155,1271,-1739,531,4132,-146,348,691
60.11355,156,1271,-1739,531,4125,-147,348,690
60.11405,156,1271,-1739,531,4120,-147,348,691
60.11455,157,1271,-1739,531,4125,-147,347,691
60.11505,156,1271,-1740,531,4125,-147,347,691
60.11555,157,1271,-1740,532,4125,-147,347,691
60.11605,157,1271,-1741,532,4137,-147,346,690
60.11655,157,1272,-1740,532,4175,-147,346,690
60.11705,157,1271,-1741,531,4180,-147,346,690
60.11755,157,1272,-1740,531,4171,-147,347,690
60.11805,157,1272,-1739,530,4141,-147,347,690
60.11855,157,1272,-1739,531,4111,-148,348,690
60.11905,157,1272,-1739,530,4107,-148,347,690
60.11955,156,1272,-1739,531,4109,-148,348,690
60.12005,156,1272,-1740,531,4113,-148,348,690
60.12055,155,1273,-1740,531,4116,-148,348,690
60.12105,155,1273,-1741,531,4115,-148,349,690
60.12155,156,1272,-1741,531,4114,-148,348,691
60.12205,156,1273,-1741,532,4114,-148,349,692
60.12255,157,1272,-1740,532,4110,-148,349,692
60.12305,157,1273,-1740,531,4109,-148,349,693
60.12355,157,1273,-1740,531,4109,-148,349,692
60.12405,157,1273,-1740,531,4104,-148,349,692
60.12455,157,1273,-1741,532,4113,-148,348,692
60.12505,158,1273,-1741,532,4116,-148,348,692
60.12565,158,1273,-1741,532,4115,-149,348,692
60.12615,159,1272,-1741,532,4126,-148,348,692
60.12665,159,1272,-1740,531,4160,-149,348,691
60.12715,159,1271,-1740,531,4158,-149,347,691
60.12765,159,1272,-1740,531,4144,-150,347,691
60.12815,159,1272,-1741,531,4116,-150,347,689
60.12865,159,1273,-1740,531,4089,-150,347,689
60.12915,159,1273,-1740,531,4084,-151,347,689
60.12965,159,1274,-1740,531,4085,-151,347,689
60.13015,158,1275,-1741,531,4090,-151,347,690
60.13065,157,1276,-1741,531,4094,-151,346,690
60.13115,157,1276,-1741,531,4100,-150,346,690
60.13165,157,1275,-1741,531,4099,-150,346,691
60.13215,158,1274,-1741,531,4097,-150,346,691
60.13265,158,1274,-1741,531,4092,-150,347,691
60.13315,158,1273,-1741,531,4090,-150,347,691
60.13365,158,1273,-1741,531,4090,-150,347,691
60.13415,158,1273,-1741,531,4090,-150,347,691
60.13465,158,1273,-1741,531,4089,-150,347,691
60.13515,158,1274,-1741,531,4094,-150,347,691
60.13565,157,1274,-1741,532,4096,-151,347,691
60.13615,156,1275,-1742,532,4115,-151,348,691
60.13665,155,1275,-1742,532,4154,-151,348,692
60.13715,155,1275,-1742,532,4155,-151,348,691
60.13765,156,1275,-1742,532,4153,-152,349,691
60.13815,155,1274,-1741,531,4125,-152,349,691
60.13865,156,1274,-1741,532,4099,-152,349,691
60.13915,156,1273,-1741,532,4096,-152,348,691
60.13965,156,1274,-1742,532,4100,-152,348,690
60.14015,155,1275,-1742,532,4106,-151,348,690
60.14065,155,1275,-1742,532,4115,-152,349,690
60.14115,155,1275,-1742,531,4114,-152,348,690
60.14165,156,1276,-1742,532,4111,-152,348,690
60.14215,156,1275,-1742,532,4110,-152,348,690
60.14265,156,1275,-1742,531,4109,-152,348,690
60.14315,156,1275,-1741,532,4104,-152,348,690
60.14365,156,1275,-1741,531,4102,-152,348,690
60.14415,157,1275,-1742,531,4104,-152,348,690
60.14465,157,1274,-1741,532,4108,-152,348,691
60.14515,157,1274,-1742,532,4110,-152,348,690
60.14565,157,1274,-1742,532,4105,-152,348,690
60.14615,157,1274,-1742,532,4128,-152,348,690
60.14665,158,1275,-1742,532,4156,-153,348,690
60.14715,157,1275,-1742,532,4149,-153,348,690
60.14765,157,1275,-1742,532,4138,-152,348,690
60.14815,156,1275,-1742,531,4107,-153,349,690
60.14865,156,1275,-1742,532,4081,-153,348,690
60.14915,156,1275,-1743,532,4077,-153,348,690
60.14965,156,1275,-1742,532,4079,-153,348,691
60.15015,156,1275,-1742,532,4083,-153,349,691
60.15065,155,1275,-1742,532,4086,-154,349,691
60.15115,156,1275,-1743,532,4091,-154,348,691
60.15165,156,1274,-1743,532,4092,-154,348,690
60.15215,156,1274,-1742,531,4094,-154,349,690
60.15265,156,1273,-1742,532,4101,-154,349,691
60.15315,156,1273,-1742,532,4102,-154,350,691
60.15365,156,1273,-1743,532,4097,-154,351,690
60.15415,156,1273,-1743,532,4096,-154,351,690
60.15465,156,1273,-1743,532,4105,-154,351,691
60.15515,156,1273,-1743,532,4110,-154,351,690
60.15565,156,1273,-1743,532,4104,-154,350,690
60.15615,157,1273,-1743,532,4131,-154,350,690
60.15665,157,1273,-1743,532,4161,-154,350,690
60.15715,157,1273,-1743,532,4154,-154,350,690
60.15765,157,1273,-1744,532,4140,-154,350,690
60.15815,157,1273,-1743,532,4105,-154,351,689
60.15865,156,1273,-1744,532,4084,-155,351,690
60.15915,157,1273,-1744,532,4080,-154,351,690
60.15965,156,1272,-1743,532,4086,-155,351,690
60.16015,157,1272,-1743,532,4094,-155,350,690
60.16065,156,1272,-1743,532,4095,-155,350,690
60.161148,157,1272,-1744,532,4093,-155,351,689
60.16165,157,1272,-1744,532,4090,-155,351,689
60.16215,156,1271,-1743,532,4085,-155,350,690
60.16265,157,1272,-1744,532,4083,-155,350,690
60.16315,156,1271,-1744,532,4081,-155,350,689
60.16365,157,1271,-1744,532,4079,-155,349,690
60.16415,156,1271,-1743,532,4073,-155,347,689
60.16465,157,1270,-1743,532,4081,-156,347,690
60.16515,157,1270,-1744,531,4081,-156,346,689
60.16565,157,1270,-1743,532,4082,-155,347,689
60.16615,157,1270,-1744,532,4103,-156,346,689
60.16665,156,1270,-1744,532,4126,-156,345,689
60.16715,156,1270,-1744,532,4121,-156,346,689
60.16765,156,1269,-1744,532,4108,-156,346,689
60.16815,156,1269,-1744,532,4073,-156,346,689
60.16865,156,1269,-1744,532,4052,-156,347,689
60.16915,156,1269,-1744,532,4050,-156,346,689
60.16965,157,1268,-1744,532,4054,-156,346,689
60.17015,156,1268,-1743,532,4060,-156,346,689
60.17065,157,1268,-1744,532,4062,-155,346,689
60.17115,156,1268,-1744,532,4063,-155,346,689
60.17165,156,1267,-1744,532,4062,-155,347,690
60.17215,156,1268,-1744,532,4063,-155,348,690
60.17265,156,1267,-1744,532,4068,-155,349,690
60.17315,156,1267,-1744,531,4069,-155,349,690
60.17365,156,1267,-1744,532,4067,-155,349,690
60.17415,156,1266,-1744,532,4065,-155,350,689
60.17465,156,1266,-1744,531,4061,-155,350,689
60.17515,156,1265,-1745,532,4058,-156,350,688
60.17565,156,1265,-1744,532,4057,-156,350,686
60.17615,156,1264,-1744,533,4093,-156,350,685
60.17665,156,1264,-1745,532,4116,-156,351,685
60.17715,156,1263,-1745,532,4104,-156,351,684
60.17765,156,1263,-1745,532,4090,-156,351,684
60.17815,157,1263,-1745,532,4063,-157,351,685
60.17865,157,1263,-1745,532,4046,-156,351,685
60.17915,156,1262,-1745,532,4040,-157,350,685
60.17965,157,1262,-1745,532,4044,-157,350,686
60.18015,156,1261,-1745,532,4052,-157,350,687
60.18065,157,1261,-1745,532,4060,-157,350,687
60.18115,157,1261,-1745,532,4058,-157,350,687
60.18165,157,1261,-1746,532,4057,-157,350,688
60.18215,156,1260,-1745,532,4062,-158,350,688
60.18265,156,1260,-1745,532,4071,-157,349,688
60.18315,155,1260,-1745,532,4071,-157,348,689
60.18365,154,1260,-1745,532,4071,-157,347,690
60.18415,154,1261,-1745,531,4070,-157,347,691
60.18465,153,1260,-1745,532,4081,-157,346,691
60.18515,154,1260,-1745,531,4084,-156,346,692
60.18565,153,1259,-1745,531,4089,-156,346,693
60.18615,154,1259,-1746,532,4131,-155,345,693
60.18675,153,1259,-1745,532,4146,-155,346,693
60.18725,153,1259,-1746,532,4141,-154,346,693
60.18775,152,1258,-1746,532,4130,-154,347,692
60.18825,153,1258,-1746,532,4101,-155,347,691
60.18875,153,1257,-1746,532,4093,-155,347,690
60.18925,154,1257,-1746,532,4092,-155,348,690
60.18975,154,1256,-1746,532,4099,-156,348,690
60.19025,154,1256,-1746,532,4107,-155,349,690
60.19075,154,1256,-1746,532,4114,-155,349,689
60.19125,154,1255,-1746,532,4116,-155,350,690
60.19175,154,1255,-1746,532,4113,-155,350,689
60.19225,154,1254,-1746,532,4119,-155,350,689
60.19275,155,1253,-1746,532,4119,-155,350,689
60.19325,155,1253,-1746,532,4123,-155,350,689
60.19375,155,1252,-1746,532,4129,-155,350,690
60.19425,154,1252,-1746,532,4133,-155,350,691
60.19475,154,1251,-1746,532,4143,-155,350,690
60.19525,154,1251,-1746,532,4147,-155,350,690
60.19575,154,1251,-1747,533,4155,-155,350,690
60.19625,154,1251,-1747,533,4195,-154,350,690
60.19675,154,1251,-1747,533,4209,-154,350,690
60.19725,153,1250,-1747,533,4205,-155,350,689
60.19775,154,1250,-1747,532,4192,-155,350,689
60.19825,154,1250,-1747,533,4158,-155,350,688
60.19875,154,1248,-1747,532,4152,-154,350,689
60.19925,154,1248,-1747,533,4164,-155,350,689
60.19975,153,1247,-1747,532,4169,-154,350,689
60.20025,153,1248,-1747,532,4180,-154,350,689
60.20075,152,1248,-1747,533,4188,-154,350,689
60.20125,151,1249,-1747,532,4193,-154,350,689
60.20175,151,1248,-1748,533,4199,-154,350,689
60.20225,151,1247,-1747,532,4204,-154,350,689
60.20275,151,1246,-1747,532,4204,-154,350,689
60.20325,151,1245,-1747,532,4207,-154,350,689
60.20375,151,1245,-1747,532,4211,-154,350,689
60.20425,152,1244,-1747,532,4222,-154,349,689
60.20475,151,1243,-1747,532,4233,-154,349,689
60.20525,151,1243,-1746,532,4241,-154,349,689
60.20575,151,1243,-1747,531,4248,-154,349,689
60.20625,151,1242,-1747,532,4287,-154,350,690
60.20675,150,1242,-1747,531,4301,-153,350,689
60.20725,150,1242,-1747,531,4302,-154,350,689
60.20775,150,1242,-1747,531,4282,-154,351,689
60.20825,149,1241,-1747,531,4249,-153,351,688
60.20875,150,1241,-1747,531,4241,-153,352,689
60.20925,150,1240,-1747,531,4249,-153,352,689
60.20975,150,1238,-1747,531,4253,-153,352,689
60.21025,150,1238,-1747,532,4261,-152,352,689
60.21075,151,1237,-1748,531,4268,-153,352,689
60.21125,152,1236,-1747,531,4273,-152,352,688
60.21175,152,1236,-1748,532,4278,-152,352,688
60.21225,152,1236,-1748,532,4290,-152,352,688
60.21275,152,1236,-1748,531,4297,-152,352,688
60.21325,152,1235,-1748,532,4301,-152,351,688
60.21375,153,1235,-1748,531,4305,-152,351,688
60.21425,152,1235,-1748,531,4307,-152,350,688
60.21475,152,1235,-1748,531,4316,-152,350,688
60.21525,151,1236,-1748,531,4323,-152,349,688
60.21575,150,1236,-1748,531,4334,-152,348,688
60.21625,149,1236,-1748,532,4379,-151,346,689
60.21675,148,1237,-1748,531,4389,-151,347,689
60.21725,147,1237,-1748,531,4381,-151,347,689
60.21775,146,1237,-1747,531,4363,-151,347,689
60.21825,145,1235,-1748,531,4336,-151,347,689
60.21875,145,1234,-1748,531,4332,-151,348,688
60.21925,145,1234,-1748,531,4339,-151,348,688
60.21975,146,1233,-1748,531,4354,-151,348,688
60.22025,146,1232,-1748,531,4365,-151,348,689
60.22075,146,1232,-1748,531,4370,-150,349,689
60.22125,145,1231,-1748,531,4368,-151,349,689
60.22175,145,1231,-1748,531,4370,-150,349,689
60.222248,144,1231,-1748,531,4376,-150,348,688
60.22275,144,1231,-1748,531,4382,-150,348,689
60.22325,144,1231,-1748,531,4386,-150,347,689
60.22375,144,1230,-1748,531,4383,-150,347,689
60.22425,144,1230,-1748,531,4386,-150,347,688
60.22475,144,1229,-1748,531,4393,-150,347,688
60.22525,145,1229,-1748,531,4405,-150,348,688
60.22575,145,1228,-1748,531,4419,-150,348,688
60.22625,145,1228,-1749,532,4459,-149,348,688
60.22675,145,1228,-1748,531,4464,-149,348,688
60.22725,145,1227,-1748,531,4460,-149,348,688
60.22775,145,1227,-1749,531,4440,-150,348,687
60.22825,145,1226,-1749,531,4411,-150,349,687
60.22875,145,1226,-1749,531,4402,-149,349,687
60.22925,145,1225,-1748,531,4404,-149,348,687
60.22975,145,1224,-1749,531,4409,-149,349,688
60.23025,145,1224,-1749,530,4416,-149,348,688
60.23075,145,1223,-1749,531,4428,-149,348,688
60.23125,144,1223,-1749,530,4434,-148,348,688
60.23175,143,1224,-1749,531,4436,-148,348,688
60.23225,143,1224,-1749,530,4439,-148,347,688
60.23275,144,1224,-1749,530,4443,-148,347,688
60.23325,143,1224,-1748,530,4446,-148,348,688
60.23375,143,1224,-1749,531,4450,-148,347,688
60.23425,144,1224,-1749,531,4452,-148,348,688
60.23475,144,1223,-1749,531,4456,-148,348,688
60.23525,144,1223,-1749,531,4461,-147,348,688
60.23575,144,1222,-1749,531,4474,-148,348,689
60.23625,144,1221,-1749,530,4512,-147,348,689
60.23675,144,1221,-1749,530,4509,-147,349,688
60.23725,143,1221,-1749,530,4499,-147,349,688
60.23775,144,1221,-1749,530,4478,-147,350,688
60.23825,143,1221,-1749,530,4451,-147,350,688
60.23875,143,1221,-1749,531,4447,-147,350,689
60.23925,143,1221,-1749,531,4447,-147,350,689
60.23975,142,1221,-1749,531,4447,-147,350,689
60.24025,142,1221,-1749,530,4447,-146,351,689
60.24075,142,1221,-1749,530,4447,-146,351,689
60.24125,142,1220,-1749,530,4442,-146,351,689
60.24175,142,1220,-1749,530,4436,-146,351,689
60.24225,141,1220,-1749,531,4434,-145,351,689
60.24275,141,1220,-1749,531,4431,-145,350,689
60.24325,140,1220,-1750,531,4425,-145,351,689
60.24375,140,1220,-1750,531,4421,-145,350,688
60.24425,139,1220,-1750,531,4421,-145,350,688
60.24475,140,1220,-1750,531,4429,-145,350,689
60.24525,140,1219,-1750,531,4430,-144,350,688
60.24575,140,1219,-1750,532,4435,-144,350,689
60.24625,140,1219,-1750,531,4469,-144,350,689
60.24675,141,1219,-1750,531,4465,-144,350,689
60.24725,141,1219,-1750,531,4455,-144,350,688
60.24785,141,1218,-1750,531,4429,-144,350,688
60.24835,142,1218,-1750,531,4406,-144,350,688
60.24885,141,1218,-1750,531,4402,-144,350,688
60.24935,142,1218,-1750,531,4404,-143,349,689
60.24985,142,1218,-1750,531,4410,-143,349,689
60.25035,142,1218,-1750,531,4408,-143,349,689
60.25085,141,1218,-1750,531,4408,-143,349,688
60.25135,141,1218,-1750,530,4409,-143,349,688
60.25185,141,1218,-1750,530,4412,-143,349,688
60.25235,141,1218,-1750,530,4412,-143,349,688
60.25285,140,1218,-1749,531,4411,-143,349,688
60.25335,140,1218,-1749,530,4411,-142,350,687
60.25385,140,1218,-1749,530,4410,-142,350,688
60.25435,140,1218,-1749,530,4407,-142,350,688
60.25485,139,1218,-1749,531,4409,-142,350,688
60.25535,139,1218,-1749,530,4412,-142,350,688
60.25585,138,1218,-1750,531,4428,-142,350,688
60.25635,138,1218,-1750,531,4461,-142,350,688
60.25685,138,1218,-1750,531,4460,-141,351,688
60.25735,138,1218,-1750,530,4450,-142,351,688
60.25785,138,1218,-1750,530,4422,-141,352,688
60.25835,138,1218,-1750,530,4394,-140,352,688
60.25885,137,1218,-1750,531,4387,-140,353,688
60.25935,137,1218,-1750,531,4390,-140,353,689
60.25985,137,1218,-1750,530,4395,-140,353,689
60.26035,138,1218,-1750,530,4396,-140,353,689
60.26085,138,1218,-1750,530,4398,-140,352,689
60.26135,138,1217,-1750,530,4400,-140,353,689
60.26185,138,1217,-1750,530,4400,-139,352,689
60.26235,139,1217,-1750,530,4403,-139,352,689
60.26285,139,1217,-1750,531,4406,-139,353,689
60.26335,139,1217,-1750,530,4403,-139,352,689
60.26385,139,1218,-1750,530,4402,-139,351,689
60.26435,139,1218,-1750,530,4405,-139,351,688
60.26485,139,1218,-1750,530,4411,-139,351,689
60.26535,139,1218,-1750,530,4421,-139,351,688
60.26585,139,1218,-1750,530,4438,-138,350,688
60.26635,138,1218,-1750,530,4478,-138,349,688
60.26685,138,1219,-1750,530,4480,-138,349,689
60.26735,138,1219,-1750,530,4473,-138,349,688
60.26785,138,1219,-1750,529,4445,-138,348,688
60.26835,138,1219,-1750,530,4425,-137,347,688
60.26885,137,1220,-1750,530,4427,-137,347,689
60.26935,137,1220,-1750,530,4432,-136,348,689
60.26985,137,1220,-1750,530,4437,-136,347,689
60.27035,137,1220,-1750,530,4450,-136,348,689
60.27085,137,1220,-1750,531,4462,-136,349,690
60.27135,137,1220,-1750,530,4471,-136,350,689
60.27185,138,1220,-1751,530,4481,-136,351,689
60.27235,137,1220,-1750,530,4483,-136,353,688
60.27285,137,1221,-1750,530,4488,-136,354,688
60.27335,136,1221,-1751,531,4498,-135,355,689
60.27385,136,1222,-1751,531,4502,-135,356,689
60.27435,136,1222,-1751,530,4499,-134,356,689
60.27485,136,1222,-1751,531,4501,-135,356,690
60.27535,136,1222,-1750,531,4510,-134,356,689
60.27585,137,1221,-1751,531,4538,-134,355,690
60.27635,137,1221,-1751,531,4572,-134,355,690
60.27685,137,1221,-1751,530,4577,-133,355,690
60.27735,137,1222,-1750,530,4571,-133,355,690
60.27785,137,1222,-1751,530,4541,-132,355,690
60.27835,137,1222,-1751,530,4522,-132,354,691
60.27885,137,1222,-1750,530,4524,-132,354,690
60.27935,137,1222,-1751,531,4526,-131,354,691
60.27985,136,1222,-1751,530,4538,-131,354,691
60.28035,137,1223,-1750,531,4541,-131,354,691
60.28085,136,1223,-1751,530,4545,-131,353,691
60.28135,137,1223,-1750,530,4548,-132,352,690
60.28185,136,1223,-1751,530,4552,-132,351,690
60.28235,136,1224,-1751,530,4563,-132,351,690
60.28285,136,1223,-1750,530,4571,-132,350,689
60.283348,136,1223,-1751,530,4570,-132,349,689
60.28385,136,1223,-1750,530,4568,-132,348,689
60.28435,136,1224,-1750,530,4572,-132,347,689
60.28485,136,1224,-1750,530,4582,-131,347,690
60.28535,136,1224,-1750,530,4588,-130,347,690
60.28585,136,1224,-1750,530,4620,-130,347,690
60.28635,136,1224,-1750,530,4654,-130,348,690
60.28685,136,1224,-1750,530,4650,-130,348,689
60.28735,137,1224,-1750,529,4640,-130,348,689
60.28785,137,1224,-1750,529,4606,-130,349,689
60.28835,137,1224,-1750,529,4585,-130,349,689
60.28885,137,1224,-1750,529,4585,-130,349,689
60.28935,137,1224,-1750,529,4591,-129,349,690
60.28985,137,1224,-1750,529,4601,-129,349,690
60.29035,137,1224,-1750,529,4610,-129,350,690
60.29085,137,1224,-1750,529,4615,-129,350,690
60.29135,137,1224,-1751,530,4616,-128,350,690
60.29185,137,1225,-1750,530,4616,-128,350,690
60.29235,136,1225,-1751,529,4617,-127,351,690
60.29285,136,1225,-1750,530,4620,-127,351,690
60.29335,136,1226,-1751,530,4622,-127,351,691
60.29385,135,1226,-1750,530,4626,-127,352,691
60.29435,136,1226,-1751,530,4625,-127,352,691
60.29485,136,1225,-1751,530,4625,-127,353,691
60.29535,136,1226,-1750,530,4629,-126,353,691
60.29585,136,1226,-1750,530,4661,-126,353,691
60.29635,136,1226,-1750,529,4687,-125,353,691
60.29685,136,1226,-1750,529,4686,-125,353,691
60.29735,136,1226,-1750,529,4678,-125,353,691
60.29785,136,1226,-1750,529,4649,-125,353,691
60.29835,136,1226,-1750,529,4632,-125,353,692
60.29885,136,1226,-1751,529,4634,-125,353,692
60.29935,136,1226,-1750,529,4646,-125,353,692
60.29985,136,1226,-1751,529,4658,-125,353,692
60.30035,136,1226,-1751,529,4664,-125,352,693
60.30085,136,1225,-1751,529,4667,-124,352,693
60.30135,137,1225,-1751,529,4664,-124,352,692
60.30185,137,1225,-1751,529,4664,-124,352,693
60.30235,137,1226,-1751,529,4673,-124,352,692
60.30285,137,1226,-1750,529,4675,-123,352,692
60.30335,137,1225,-1750,529,4677,-123,351,692
60.30385,137,1225,-1750,529,4681,-123,351,692
60.30435,137,1225,-1750,529,4685,-122,351,692
60.30485,137,1225,-1750,529,4692,-123,351,692
60.30535,137,1226,-1750,529,4698,-123,351,692
60.30585,137,1226,-1750,529,4732,-123,350,693
60.30635,137,1226,-1750,529,4754,-123,351,692
60.30685,137,1226,-1750,529,4744,-123,350,692
60.30735,137,1226,-1750,528,4736,-123,350,692
60.30785,137,1226,-1750,528,4704,-123,351,691
60.30845,137,1227,-1750,528,4686,-123,350,692
60.30895,137,1226,-1751,529,4681,-123,351,691
60.30945,137,1226,-1751,529,4686,-122,351,692
60.30995,138,1226,-1751,529,4690,-123,352,692
60.31045,138,1226,-1751,529,4701,-122,352,692
60.31095,138,1226,-1751,529,4708,-122,352,692
60.31145,138,1226,-1751,529,4710,-122,352,692
60.31195,138,1226,-1750,529,4709,-122,353,692
60.31245,138,1227,-1751,529,4711,-122,352,692
60.31295,138,1227,-1751,529,4712,-122,352,692
60.31345,138,1227,-1751,529,4712,-121,353,692
60.31395,138,1227,-1751,528,4714,-122,352,693
60.31445,138,1227,-1751,528,4714,-121,352,692
60.31495,138,1226,-1750,529,4712,-121,352,693
60.31545,138,1227,-1751,529,4721,-121,352,693
60.31595,138,1227,-1750,529,4755,-121,352,694
60.31645,137,1227,-1751,529,4777,-121,352,693
60.31695,137,1227,-1750,529,4781,-121,351,694
60.31745,137,1228,-1750,528,4766,-121,352,694
60.31795,137,1228,-1750,528,4737,-121,352,694
60.31845,137,1228,-1751,528,4729,-121,352,694
60.31895,136,1228,-1750,528,4734,-121,352,693
60.31945,136,1228,-1750,528,4739,-120,352,693
60.31995,135,1228,-1750,528,4744,-121,352,693
60.32045,136,1228,-1750,528,4750,-121,353,693
60.32095,135,1228,-1750,528,4757,-120,354,693
60.32145,136,1228,-1750,528,4763,-121,355,693
60.32195,136,1227,-1750,528,4766,-121,356,693
60.32245,136,1227,-1751,528,4772,-121,356,693
60.32295,137,1227,-1751,528,4777,-120,356,693
60.32345,137,1227,-1750,528,4778,-121,356,693
60.32395,137,1228,-1750,528,4781,-121,356,693
60.32445,137,1228,-1751,528,4785,-121,356,693
60.32495,137,1228,-1750,528,4793,-120,356,694
60.32545,137,1228,-1750,528,4801,-120,356,694
60.32595,138,1228,-1750,528,4847,-120,355,694
60.32645,138,1228,-1750,528,4866,-121,356,694
60.32695,138,1228,-1750,528,4863,-121,356,694
60.32745,138,1228,-1751,528,4851,-121,356,693
60.32795,138,1228,-1751,528,4820,-121,357,693
60.32845,138,1228,-1751,528,4806,-121,356,693
60.32895,138,1228,-1751,528,4809,-121,356,694
60.32945,138,1228,-1751,529,4819,-121,356,693
60.32995,138,1228,-1751,528,4833,-121,356,693
60.33045,138,1228,-1751,528,4836,-121,356,693
60.33095,139,1228,-1751,528,4841,-121,355,694
60.33145,138,1228,-1751,528,4848,-121,354,694
60.33195,138,1228,-1750,528,4858,-121,354,694
60.33245,138,1228,-1751,528,4866,-121,353,694
60.33295,138,1228,-1751,528,4873,-121,353,694
60.33345,138,1228,-1751,527,4880,-121,352,694
60.33395,138,1227,-1750,527,4888,-121,351,695
60.33445,138,1227,-1750,527,4893,-121,351,695
60.33495,138,1227,-1751,527,4891,-121,351,695
60.33545,137,1227,-1750,527,4901,-121,350,695
60.33595,137,1228,-1751,527,4947,-120,350,695
60.33645,137,1228,-1751,527,4962,-121,350,694
60.33695,137,1228,-1751,527,4966,-121,350,695
60.33745,137,1228,-1750,527,4959,-121,350,695
60.33795,137,1228,-1750,527,4930,-121,350,693
60.33845,136,1228,-1750,527,4924,-121,350,692
60.33895,137,1228,-1750,527,4932,-121,349,691
60.33945,137,1228,-1750,526,4948,-122,349,690
60.33995,137,1228,-1750,527,4957,-121,350,690
60.34045,137,1227,-1750,526,4968,-122,350,690
60.34095,137,1227,-1750,527,4974,-122,350,690
60.34145,137,1227,-1750,526,4972,-122,351,691
60.34195,138,1227,-1750,526,4963,-122,351,691
60.34245,138,1227,-1750,526,4947,-122,351,692
60.34295,138,1227,-1750,526,4930,-122,352,692
60.34345,138,1227,-1751,526,4914,-122,352,693
60.34395,138,1227,-1750,526,4898,-122,353,694
60.344448,138,1227,-1750,526,4876,-122,353,694
60.34495,138,1227,-1750,526,4866,-122,354,695
60.34545,138,1227,-1750,526,4859,-122,354,695
60.34595,138,1226,-1750,527,4876,-122,353,696
60.34645,138,1227,-1750,526,4863,-122,354,696
60.34695,138,1226,-1751,526,4843,-122,355,696
60.34745,138,1226,-1750,526,4807,-123,355,697
60.34795,139,1225,-1751,526,4758,-122,355,697
60.34845,139,1226,-1751,527,4731,-122,355,698
60.34895,139,1226,-1751,527,4720,-121,355,698
60.34945,137,1227,-1751,527,4718,-120,354,698
60.34995,137,1228,-1751,526,4715,-120,354,697
60.35045,136,1228,-1751,527,4711,-120,354,697
60.35095,137,1228,-1751,527,4702,-121,354,696
60.35145,137,1228,-1751,527,4696,-121,354,696
60.35195,137,1227,-1751,527,4693,-121,353,696
60.35245,137,1227,-1751,527,4690,-122,354,696
60.35295,138,1227,-1751,527,4687,-122,354,696
60.35345,138,1227,-1751,527,4685,-122,353,695
60.35395,138,1227,-1750,527,4684,-122,354,695
60.35445,138,1227,-1751,527,4678,-123,354,695
60.35495,138,1227,-1751,527,4676,-123,354,695
60.35545,138,1227,-1751,527,4690,-123,353,695
60.35595,138,1226,-1751,528,4731,-123,353,696
60.35645,138,1227,-1752,527,4737,-123,354,695
60.35695,138,1226,-1751,527,4735,-123,355,696
60.35745,138,1227,-1751,527,4707,-124,355,695
60.35795,139,1227,-1751,527,4679,-123,355,695
60.35845,138,1227,-1751,527,4672,-124,356,695
60.35895,139,1227,-1751,527,4674,-124,356,695
60.35945,138,1227,-1751,527,4682,-124,356,695
60.35995,139,1227,-1751,527,4690,-124,356,695
60.36045,139,1227,-1751,527,4694,-124,356,695
60.36095,139,1227,-1751,527,4697,-124,356,695
60.36145,138,1227,-1751,527,4697,-124,356,695
60.36195,139,1227,-1751,527,4696,-124,356,695
60.36245,139,1227,-1751,527,4698,-124,355,695
60.36295,139,1227,-1751,526,4699,-124,354,695
60.36345,139,1227,-1751,527,4697,-124,354,695
60.36395,139,1227,-1751,527,4697,-124,353,695
60.36445,139,1227,-1751,527,4698,-125,353,695
60.36495,139,1227,-1751,527,4702,-124,353,695
60.36545,140,1227,-1751,527,4718,-124,353,696
60.36595,140,1227,-1751,527,4758,-124,353,696
60.36645,140,1227,-1751,526,4767,-124,354,696
60.36695,140,1227,-1751,526,4761,-125,354,696
60.36745,140,1228,-1751,526,4736,-125,355,695
60.36795,139,1228,-1751,526,4706,-125,356,695
60.36845,140,1228,-1751,526,4695,-125,356,695
60.36895,139,1228,-1751,527,4695,-125,356,696
60.36955,140,1228,-1751,526,4704,-126,356,695
60.37005,140,1228,-1751,526,4714,-126,356,694
60.37055,139,1228,-1751,526,4713,-126,356,695
60.37105,140,1228,-1751,527,4719,-126,356,695
60.37155,139,1228,-1751,526,4719,-126,356,695
60.37205,140,1228,-1751,526,4718,-125,356,695
60.37255,140,1228,-1751,527,4720,-125,356,695
60.37305,140,1229,-1751,526,4723,-126,356,695
60.37355,140,1229,-1752,527,4724,-126,356,694
60.37405,140,1229,-1751,527,4726,-126,356,694
60.37455,140,1229,-1752,526,4731,-126,356,694
60.37505,140,1229,-1751,526,4728,-126,356,695
60.37555,140,1230,-1751,527,4739,-126,355,695
60.37605,140,1229,-1751,527,4772,-126,355,695
60.37655,140,1230,-1751,526,4772,-126,355,695
60.37705,140,1229,-1751,527,4768,-127,354,695
60.37755,140,1230,-1751,526,4744,-127,354,695
60.37805,140,1230,-1751,526,4716,-127,353,694
60.37855,140,1230,-1752,526,4711,-127,353,694
60.37905,140,1230,-1752,526,4715,-127,352,694
60.37955,140,1230,-1751,526,4720,-127,352,694
60.38005,140,1230,-1751,526,4721,-127,352,694
60.38055,140,1230,-1751,527,4722,-127,353,695
60.38105,140,1230,-1751,526,4720,-127,353,695
60.38155,141,1230,-1751,526,4714,-127,354,695
60.38205,140,1230,-1752,526,4714,-127,354,695
60.38255,140,1231,-1751,527,4720,-127,355,695
60.38305,141,1231,-1752,526,4722,-127,355,695
60.38355,140,1231,-1752,527,4722,-127,355,696
60.38405,140,1231,-1751,526,4726,-126,356,695
60.38455,141,1231,-1752,527,4735,-126,357,696
60.38505,142,1231,-1752,527,4738,-126,357,696
60.38555,141,1231,-1752,527,4761,-126,357,696
60.38605,142,1231,-1752,527,4801,-126,357,696
60.38655,141,1231,-1752,526,4801,-126,357,696
60.38705,141,1232,-1752,526,4794,-126,357,695
60.38755,141,1232,-1752,526,4769,-126,357,695
60.38805,141,1231,-1752,526,4740,-127,357,695
60.38855,141,1231,-1752,526,4738,-126,357,696
60.38905,141,1232,-1752,526,4744,-126,357,696
60.38955,141,1231,-1752,526,4755,-127,358,696
60.39005,141,1232,-1752,526,4765,-126,359,696
60.39055,141,1232,-1752,526,4771,-127,360,696
60.39105,141,1232,-1752,526,4773,-126,360,695
60.39155,141,1232,-1752,526,4772,-127,360,695
60.39205,141,1232,-1752,526,4765,-127,360,694
60.39255,141,1232,-1752,526,4766,-127,359,694
60.39305,141,1233,-1752,526,4774,-127,359,694
60.39355,141,1233,-1752,526,4779,-127,358,694
60.39405,141,1233,-1752,526,4782,-127,358,695
60.39455,141,1233,-1752,526,4781,-126,357,695
60.39505,141,1232,-1752,526,4776,-126,357,695
60.39555,142,1233,-1752,526,4794,-126,356,695
60.39605,142,1233,-1752,526,4829,-126,354,695
60.39655,142,1233,-1752,526,4829,-126,354,695
60.39705,142,1233,-1752,526,4822,-126,354,695
60.39755,142,1233,-1751,525,4792,-126,354,695
60.39805,142,1233,-1752,525,4771,-126,355,695
60.39855,142,1233,-1751,526,4772,-126,354,695
60.39905,142,1233,-1752,525,4779,-126,354,695
60.39955,142,1233,-1751,526,4791,-126,354,695
60.40005,142,1234,-1752,526,4798,-125,353,695
60.40055,142,1234,-1752,526,4803,-126,353,695
60.40105,142,1234,-1752,526,4807,-126,352,694
60.40155,142,1234,-1752,526,4808,-126,351,694
60.40205,142,1234,-1752,526,4811,-125,350,694
60.40255,142,1234,-1752,526,4813,-125,351,694
60.40305,142,1234,-1752,526,4814,-125,350,694
60.40355,142,1235,-1752,526,4810,-125,351,694
60.40405,142,1235,-1752,526,4809,-125,350,694
60.40455,142,1235,-1752,526,4810,-125,350,694
60.40505,142,1235,-1752,526,4813,-125,350,694
60.40555,143,1235,-1752,526,4836,-125,350,694
60.40605,143,1235,-1752,526,4868,-124,350,694
60.40655,143,1235,-1752,526,4866,-125,350,694
60.40705,143,1235,-1752,526,4857,-125,350,694
60.40755,143,1235,-1752,525,4827,-124,351,695
60.40805,143,1236,-1752,525,4801,-124,351,695
60.40855,143,1236,-1752,526,4793,-124,351,695
60.40905,143,1236,-1752,526,4794,-124,350,694
60.40955,143,1236,-1752,526,4800,-124,350,695
60.41005,143,1236,-1752,526,4806,-123,350,694
60.41055,144,1236,-1752,526,4803,-123,351,694
60.41105,144,1236,-1752,525,4805,-123,350,694
60.41155,144,1236,-1752,526,4804,-123,350,694
60.41205,144,1236,-1752,525,4798,-123,351,694
60.41255,144,1237,-1752,526,4793,-123,351,694
60.41305,144,1237,-1752,526,4788,-123,351,694
60.41355,144,1237,-1752,526,4783,-123,352,694
60.41405,145,1237,-1753,526,4778,-122,353,694
60.41455,145,1237,-1753,526,4774,-122,353,694
60.41505,145,1238,-1752,526,4767,-122,354,694
60.41555,145,1237,-1753,527,4785,-122,354,694
60.41605,145,1238,-1752,526,4812,-122,354,694
60.41655,145,1238,-1752,526,4808,-122,355,694
60.41705,145,1238,-1753,526,4799,-122,355,694
60.41755,145,1239,-1752,526,4768,-122,356,694
60.41805,145,1239,-1752,526,4743,-122,356,694
60.41855,145,1239,-1752,526,4737,-122,356,694
60.41905,146,1239,-1752,526,4736,-121,356,694
60.41955,146,1239,-1752,526,4739,-121,357,694
60.42005,146,1239,-1752,526,4737,-121,357,694
60.42055,147,1239,-1752,526,4732,-122,357,694
60.42105,146,1239,-1752,526,4725,-122,357,694
60.42155,147,1240,-1752,526,4719,-122,357,695
60.42205,147,1240,-1752,526,4713,-121,357,695
60.42255,147,1240,-1752,526,4702,-121,357,694
60.42305,147,1240,-1752,526,4690,-121,357,694
60.42355,147,1240,-1752,526,4684,-121,357,694
60.42405,147,1241,-1752,526,4678,-121,357,694
60.42455,147,1241,-1752,526,4669,-121,357,694
60.42505,147,1241,-1752,526,4662,-121,357,694
60.42555,147,1240,-1752,526,4681,-120,356,695
60.42605,147,1240,-1752,526,4696,-121,357,694
60.42655,147,1241,-1752,526,4676,-121,357,694
60.42705,147,1241,-1753,525,4660,-121,357,694
60.42755,147,1241,-1752,525,4619,-121,357,694
60.42805,147,1241,-1752,525,4587,-121,357,694
60.42855,147,1241,-1752,525,4573,-120,357,694
60.42905,148,1241,-1752,526,4562,-121,357,693
60.42955,147,1242,-1753,526,4554,-121,357,694
60.43005,148,1242,-1752,526,4545,-120,357,694
60.43055,148,1242,-1753,526,4542,-120,357,694
60.43115,148,1242,-1753,526,4535,-121,356,693
60.43165,148,1243,-1753,526,4524,-121,354,694
60.43215,148,1242,-1752,526,4508,-120,353,693
60.43265,149,1243,-1753,526,4503,-121,352,694
60.43315,148,1243,-1752,526,4493,-120,351,693
60.43365,149,1243,-1752,526,4487,-120,350,693
60.43415,149,1243,-1752,526,4477,-120,350,693
60.43465,149,1243,-1752,526,4466,-121,349,693
60.43515,150,1243,-1752,526,4461,-121,349,693
60.43565,150,1243,-1753,526,4487,-120,348,693
60.43615,150,1243,-1752,526,4503,-121,349,693
60.43665,151,1243,-1752,526,4493,-121,350,693
60.43715,151,1244,-1753,526,4473,-121,350,693
60.43765,151,1244,-1753,526,4434,-121,350,693
60.43815,151,1245,-1753,526,4416,-121,350,693
60.43865,151,1245,-1753,526,4413,-120,349,693
60.43915,151,1245,-1753,526,4413,-120,349,693
60.43965,151,1245,-1753,526,4418,-121,349,693
60.44015,152,1245,-1753,526,4420,-120,349,693
60.44065,151,1245,-1753,527,4419,-120,350,693
60.44115,151,1245,-1753,527,4417,-121,351,693
60.44165,152,1245,-1753,527,4412,-120,352,693
60.44215,151,1245,-1753,527,4406,-120,353,693
60.44265,152,1246,-1753,527,4405,-121,354,693
60.44315,151,1245,-1753,527,4406,-120,355,693
60.44365,152,1246,-1753,527,4403,-121,356,693
60.44415,152,1246,-1753,527,4399,-121,356,693
60.44465,151,1246,-1753,526,4398,-120,357,693
60.44515,151,1247,-1753,527,4400,-121,357,693
60.44565,150,1247,-1753,527,4434,-121,357,693
60.44615,150,1247,-1753,527,4453,-121,357,693
60.44665,150,1247,-1753,527,4446,-121,357,693
60.44715,151,1247,-1753,527,4433,-121,357,692
60.44765,151,1247,-1753,527,4398,-121,358,692
60.44815,151,1247,-1753,527,4383,-121,358,692
60.44865,152,1247,-1753,527,4382,-121,359,692
60.44915,152,1247,-1754,527,4383,-121,359,692
60.44965,152,1248,-1753,527,4389,-121,359,693
60.45015,152,1247,-1754,527,4390,-121,359,693
60.45065,153,1248,-1754,527,4385,-121,359,693
60.45115,152,1248,-1753,528,4383,-121,358,693
60.45165,152,1248,-1754,527,4383,-121,358,693
60.45215,152,1248,-1754,528,4380,-121,357,693
60.45265,152,1249,-1753,527,4375,-121,358,693
60.45315,152,1249,-1753,527,4372,-121,358,693
60.45365,153,1249,-1753,527,4368,-121,357,693
60.45415,153,1249,-1753,527,4364,-121,356,692
60.45465,153,1249,-1753,527,4360,-121,355,693
60.45515,153,1249,-1753,527,4358,-121,355,692
60.45565,154,1249,-1753,528,4380,-121,354,693
60.45615,154,1249,-1753,527,4388,-121,353,692
60.45665,154,1250,-1753,527,4370,-121,354,692
60.45715,154,1250,-1753,527,4350,-121,354,692
60.45765,154,1250,-1753,527,4314,-121,355,693
60.45815,153,1250,-1753,527,4293,-121,355,693
60.45865,153,1250,-1753,527,4281,-121,355,693
60.45915,153,1250,-1753,528,4278,-121,354,693
60.45965,154,1250,-1753,527,4280,-122,354,693
60.46015,154,1250,-1754,527,4278,-121,353,692
60.46065,154,1251,-1753,528,4277,-121,353,692
60.46115,154,1250,-1754,527,4277,-121,353,691
60.46165,155,1251,-1753,528,4273,-122,353,692
60.46215,155,1250,-1753,528,4263,-121,353,692
60.46265,155,1251,-1753,528,4262,-121,353,692
60.46315,155,1251,-1753,527,4256,-121,352,693
60.46365,155,1251,-1753,528,4249,-121,352,692
60.46415,155,1251,-1753,527,4242,-121,351,692
60.46465,155,1251,-1753,528,4244,-122,350,692
60.46515,156,1251,-1753,528,4252,-121,349,693
60.46565,156,1251,-1753,528,4288,-121,347,692
60.46615,156,1252,-1753,527,4292,-122,347,692
60.46665,156,1252,-1753,528,4290,-121,348,691
60.46715,156,1252,-1753,527,4275,-121,348,691
60.46765,156,1252,-1753,527,4235,-121,349,691
60.46815,156,1252,-1753,528,4216,-121,349,691
60.46865,156,1252,-1753,528,4213,-121,349,692
60.46915,156,1252,-1753,527,4212,-121,350,691
60.46965,155,1252,-1753,527,4219,-121,350,692
60.47015,155,1252,-1753,527,4219,-121,351,692
60.47065,154,1253,-1753,527,4226,-122,351,692
60.47115,154,1253,-1753,528,4231,-121,351,693
60.47165,154,1253,-1753,528,4231,-121,352,694
60.47215,153,1254,-1753,527,4225,-121,352,693
60.47265,153,1254,-1753,528,4228,-121,352,694
60.47315,153,1254,-1753,527,4231,-121,352,693
60.473648,154,1254,-1753,527,4234,-121,352,693
60.47415,154,1254,-1753,528,4227,-121,352,693
60.47465,155,1254,-1753,528,4219,-121,352,693
60.47515,155,1254,-1753,528,4225,-121,352,693
60.47565,155,1254,-1753,528,4266,-121,351,693
60.47615,155,1254,-1753,527,4270,-121,351,693
60.47665,156,1254,-1753,528,4264,-122,351,692
60.47715,156,1254,-1753,527,4242,-122,350,692
60.47765,156,1254,-1753,528,4215,-121,350,692
60.47815,156,1254,-1753,528,4211,-122,350,692
60.47865,156,1254,-1753,528,4213,-122,350,691
60.47915,156,1254,-1753,528,4219,-122,350,692
60.47965,156,1255,-1753,528,4224,-122,350,692
60.48015,155,1255,-1753,528,4233,-122,350,691
60.48065,156,1255,-1753,528,4238,-122,350,691
60.48115,155,1255,-1753,528,4235,-121,349,692
60.48165,156,1256,-1753,528,4238,-121,350,692
60.48215,157,1255,-1753,528,4245,-121,350,692
60.48265,156,1255,-1754,528,4251,-121,350,693
60.48315,156,1255,-1754,528,4255,-121,351,693
60.48365,157,1255,-1754,528,4251,-121,351,693
60.48415,157,1255,-1754,529,4255,-120,352,693
60.48465,158,1255,-1754,529,4261,-121,353,693
60.48515,157,1255,-1754,529,4275,-120,353,693
60.48565,157,1255,-1753,529,4318,-120,354,693
60.48615,157,1256,-1753,528,4327,-120,354,693
60.48665,157,1256,-1753,528,4323,-120,354,692
60.48715,157,1256,-1754,528,4303,-120,355,692
60.48765,157,1256,-1754,528,4277,-120,354,692
60.48815,157,1256,-1754,528,4265,-120,354,692
60.48865,157,1256,-1754,528,4267,-120,354,692
60.48915,156,1256,-1754,529,4273,-120,355,692
60.48965,156,1256,-1754,528,4277,-120,354,692
60.49015,156,1257,-1754,528,4278,-120,354,693
60.49065,156,1257,-1754,528,4278,-119,354,693
60.49115,156,1257,-1754,528,4270,-120,354,693
60.49165,156,1257,-1753,528,4269,-120,353,692
60.49225,156,1257,-1754,528,4270,-120,352,692
60.49275,156,1257,-1753,528,4266,-120,352,692
60.49325,157,1257,-1753,528,4263,-120,352,692
60.49375,156,1257,-1753,528,4268,-120,352,692
60.49425,156,1257,-1753,528,4269,-119,352,692
60.49475,157,1257,-1753,528,4267,-120,351,692
60.49525,156,1257,-1753,528,4269,-119,351,692
60.49575,157,1257,-1753,529,4307,-119,351,692
60.49625,157,1257,-1753,528,4313,-119,351,692
60.49675,157,1257,-1753,528,4305,-119,352,692
60.49725,157,1257,-1753,528,4270,-119,352,692
60.49775,157,1257,-1753,528,4232,-119,352,692
60.49825,158,1258,-1753,528,4226,-119,352,692
60.49875,158,1258,-1753,528,4229,-119,351,692
60.49925,157,1258,-1753,528,4236,-119,351,692
60.49975,158,1258,-1754,529,4236,-119,352,693
60.50025,157,1258,-1753,529,4237,-119,352,692
60.50075,157,1258,-1754,528,4244,-119,351,692
60.50125,158,1258,-1754,528,4255,-119,352,692
60.50175,158,1258,-1754,529,4266,-120,352,692
60.50225,159,1257,-1754,529,4265,-119,351,692
60.50275,159,1257,-1754,528,4250,-120,351,692
60.50325,159,1257,-1753,528,4254,-120,351,692
60.50375,159,1257,-1753,528,4261,-120,352,692
60.50425,158,1258,-1753,528,4258,-120,352,692
60.50475,158,1258,-1753,528,4257,-120,352,692
60.50525,158,1257,-1753,529,4272,-120,351,692
60.50575,158,1257,-1753,529,4308,-120,351,693
60.50625,158,1258,-1753,528,4303,-120,351,693
60.50675,158,1257,-1753,528,4292,-120,351,692
60.50725,158,1257,-1753,528,4270,-120,351,692
60.50775,158,1257,-1753,528,4246,-120,351,692
60.50825,158,1257,-1753,528,4242,-121,351,692
60.50875,158,1258,-1753,528,4240,-121,351,692
60.50925,158,1258,-1753,528,4240,-121,350,692
60.50975,157,1259,-1753,528,4250,-121,350,692
60.51025,157,1260,-1753,528,4258,-121,349,692
60.51075,156,1260,-1753,528,4258,-121,349,692
60.51125,157,1260,-1753,528,4257,-122,349,692
60.51175,157,1260,-1753,528,4259,-122,349,692
60.51225,157,1260,-1753,528,4260,-122,349,692
60.51275,157,1260,-1753,528,4260,-122,349,692
60.51325,157,1260,-1753,528,4259,-122,349,692
60.51375,157,1260,-1753,528,4261,-122,349,692
60.51425,158,1260,-1753,528,4262,-122,350,692
60.51475,157,1260,-1753,528,4259,-122,350,692
60.51525,158,1260,-1753,528,4273,-123,350,692
60.51575,158,1260,-1753,528,4309,-123,350,692
60.51625,158,1260,-1753,528,4308,-123,350,692
60.51675,158,1260,-1753,528,4303,-123,350,692
60.51725,158,1260,-1753,528,4281,-124,351,692
60.51775,158,1260,-1753,528,4262,-123,351,692
60.51825,158,1260,-1753,528,4263,-124,351,692
60.51875,158,1260,-1753,528,4266,-124,352,692
60.51925,158,1260,-1753,528,4269,-124,352,692
60.51975,158,1260,-1753,528,4275,-124,352,692
60.52025,158,1260,-1753,528,4281,-124,353,692
60.52075,159,1260,-1753,528,4287,-124,352,692
60.52125,159,1260,-1753,528,4293,-125,353,692
60.52175,160,1260,-1753,528,4295,-125,353,692
60.52225,160,1259,-1753,529,4295,-126,352,692
60.52275,160,1259,-1753,528,4296,-126,351,692
60.52325,160,1259,-1753,528,4299,-126,351,692
60.52375,160,1259,-1753,529,4294,-126,352,692
60.52425,161,1259,-1753,528,4291,-126,352,692
60.52475,161,1259,-1753,529,4293,-127,352,692
60.52525,161,1259,-1753,529,4311,-127,351,692
60.52575,160,1260,-1754,529,4346,-127,351,693
60.52625,161,1259,-1753,529,4346,-127,352,692
60.52675,160,1259,-1753,529,4337,-128,352,692
60.52725,160,1259,-1753,528,4318,-128,353,692
60.52775,160,1258,-1753,528,4295,-128,353,692
60.52825,160,1259,-1753,529,4292,-128,353,691
60.52875,160,1259,-1753,529,4294,-129,354,692
60.52925,160,1259,-1753,529,4297,-129,354,691
60.52975,160,1259,-1753,528,4305,-130,355,691
60.53025,160,1260,-1753,528,4304,-130,354,691
60.53075,159,1261,-1753,528,4304,-130,355,691
60.53125,159,1260,-1753,528,4307,-131,355,692
60.53175,159,1260,-1753,528,4312,-130,355,691
60.53225,159,1260,-1753,528,4318,-131,355,692
60.53275,159,1260,-1753,528,4315,-131,355,691
60.53325,159,1260,-1753,528,4321,-132,355,692
60.53375,159,1260,-1753,529,4322,-132,355,692
60.53425,159,1260,-1753,528,4326,-132,355,691
60.534748,160,1260,-1753,529,4327,-132,354,692
60.53525,159,1260,-1753,529,4340,-132,353,692
60.53575,159,1261,-1753,528,4374,-132,353,691
60.53625,159,1261,-1754,529,4374,-133,353,692
60.53675,159,1261,-1753,529,4364,-133,353,691
60.53725,159,1261,-1754,528,4344,-134,353,691
60.53775,159,1261,-1754,528,4321,-134,353,691
60.53825,159,1261,-1753,528,4318,-134,352,691
60.53875,158,1261,-1753,528,4323,-134,352,692
60.53925,157,1261,-1753,528,4331,-134,351,692
60.53975,157,1261,-1753,529,4340,-135,351,692
60.54025,157,1261,-1753,529,4344,-135,350,692
60.54075,158,1261,-1753,528,4344,-136,350,692
60.54125,158,1260,-1753,529,4343,-136,350,692
60.54175,158,1260,-1753,529,4345,-136,350,691
60.54225,159,1260,-1753,528,4345,-136,350,691
60.54275,159,1260,-1753,528,4340,-136,350,691
60.54325,159,1260,-1753,528,4339,-137,350,691
60.54375,159,1260,-1753,528,4337,-137,349,691
60.54425,159,1260,-1753,528,4334,-137,349,692
60.54475,159,1260,-1753,528,4334,-137,349,691
60.54525,159,1260,-1753,529,4361,-137,349,692
60.54575,160,1260,-1753,529,4388,-137,349,691
60.54625,159,1260,-1753,528,4387,-138,350,691
60.54675,160,1260,-1753,528,4374,-138,350,691
60.54725,159,1260,-1753,528,4339,-138,350,691
60.54775,159,1260,-1753,528,4312,-138,350,691
60.54825,159,1260,-1753,528,4308,-138,351,691
60.54875,159,1260,-1753,528,4308,-137,351,691
60.54925,160,1260,-1753,528,4311,-138,351,691
60.54975,159,1260,-1753,528,4318,-138,351,692
60.55025,159,1260,-1753,528,4323,-138,351,692
60.55075,158,1261,-1753,528,4330,-138,351,692
60.55125,158,1260,-1753,528,4331,-138,350,692
60.55175,158,1261,-1753,528,4329,-138,350,692
60.55225,158,1260,-1753,528,4325,-139,351,692
60.55275,158,1260,-1753,529,4321,-139,351,691
60.55325,158,1260,-1753,529,4319,-139,351,692
60.55385,159,1260,-1753,528,4314,-139,351,691
60.55435,159,1260,-1753,528,4316,-139,351,691
60.55485,159,1260,-1753,529,4310,-139,352,691
60.55535,158,1260,-1753,529,4328,-139,352,692
60.55585,159,1260,-1753,529,4357,-139,353,691
60.55635,159,1260,-1753,529,4357,-140,354,691
60.55685,158,1259,-1753,529,4340,-140,354,691
60.55735,159,1259,-1753,528,4304,-140,355,691
60.55785,159,1258,-1753,529,4280,-139,356,691
60.55835,159,1258,-1753,529,4273,-139,356,691
60.55885,160,1258,-1753,529,4271,-139,356,691
60.55935,160,1258,-1753,529,4271,-140,356,690
60.55985,159,1258,-1753,529,4271,-140,357,691
60.56035,159,1258,-1753,529,4273,-140,357,690
60.56085,159,1258,-1754,529,4268,-140,357,690
60.56135,159,1258,-1754,529,4270,-141,357,691
60.56185,159,1258,-1754,529,4268,-140,357,691
60.56235,160,1258,-1754,529,4259,-140,356,691
60.56285,159,1258,-1753,529,4255,-141,356,691
60.56335,159,1258,-1754,529,4255,-140,356,691
60.56385,159,1258,-1753,529,4252,-141,355,691
60.56435,160,1258,-1753,529,4244,-140,354,691
60.56485,159,1258,-1753,529,4241,-140,353,691
60.56535,159,1258,-1754,530,4269,-140,352,691
60.56585,159,1258,-1753,530,4296,-140,351,691
60.56635,158,1258,-1753,530,4294,-140,351,691
60.56685,159,1258,-1754,529,4285,-140,351,691
60.56735,158,1258,-1754,529,4252,-140,350,691
60.56785,159,1257,-1753,529,4230,-140,350,691
60.56835,159,1257,-1753,529,4224,-140,349,691
60.56885,159,1257,-1754,529,4225,-140,348,691
60.56935,159,1256,-1753,529,4230,-140,348,691
60.56985,160,1256,-1753,529,4233,-140,348,691
60.57035,160,1256,-1753,529,4235,-140,347,691
60.57085,159,1256,-1753,529,4236,-140,347,690
60.57135,159,1257,-1753,529,4239,-140,348,690
60.57185,159,1257,-1753,529,4244,-140,348,690
60.57235,159,1257,-1753,529,4245,-140,349,690
60.57285,159,1257,-1753,529,4245,-140,350,690
60.57335,160,1257,-1753,529,4248,-140,351,690
60.57385,159,1257,-1754,529,4249,-140,353,690
60.57435,159,1256,-1753,529,4248,-139,354,690
60.57485,160,1256,-1753,529,4245,-140,354,690
60.57535,160,1256,-1754,530,4272,-140,355,690
60.57585,160,1256,-1753,530,4289,-140,355,690
60.57635,159,1256,-1754,529,4284,-140,356,690
60.57685,159,1256,-1753,529,4270,-139,357,690
60.57735,159,1256,-1753,529,4239,-139,358,690
60.57785,159,1256,-1754,529,4225,-139,358,690
60.57835,159,1256,-1753,529,4224,-139,358,690
60.57885,159,1256,-1753,529,4227,-140,358,689
60.57935,159,1256,-1753,529,4229,-139,358,690
60.57985,159,1256,-1754,530,4224,-139,359,690
60.58035,159,1256,-1753,529,4227,-139,360,690
60.58085,158,1256,-1754,529,4225,-139,360,690
60.58135,158,1256,-1754,530,4224,-138,360,690
60.58185,158,1256,-1754,529,4227,-138,360,691
60.58235,158,1256,-1754,529,4224,-138,359,691
60.58285,158,1256,-1754,529,4219,-138,359,691
60.58335,158,1256,-1753,529,4220,-138,358,691
60.58385,158,1256,-1753,529,4221,-138,359,691
60.58435,158,1255,-1754,529,4219,-138,359,691
60.58485,158,1255,-1754,529,4222,-138,358,690
60.58535,158,1255,-1754,530,4261,-138,356,690
60.58585,157,1256,-1754,530,4285,-138,355,690
60.58635,157,1255,-1754,529,4282,-137,354,690
60.58685,158,1256,-1754,529,4270,-138,352,690
60.58735,157,1256,-1753,529,4236,-138,349,691
60.58785,158,1255,-1753,529,4221,-138,347,691
60.58835,158,1256,-1753,529,4216,-138,346,691
60.58885,158,1255,-1753,529,4217,-138,345,691
60.58935,158,1256,-1753,529,4225,-138,345,691
60.58985,158,1255,-1753,529,4231,-138,345,691
60.59035,158,1255,-1752,528,4233,-138,346,691
60.59085,158,1255,-1753,528,4232,-138,347,691
60.59135,158,1255,-1752,529,4231,-138,348,690
60.59185,158,1255,-1752,528,4231,-138,348,690
60.59235,158,1255,-1753,528,4234,-138,348,690
60.59285,159,1255,-1753,529,4235,-138,348,690
60.59335,159,1255,-1753,529,4235,-138,348,690
60.59385,159,1255,-1753,529,4236,-139,349,690
60.59435,159,1255,-1753,529,4235,-138,351,690
60.59485,159,1255,-1753,529,4236,-138,351,690
60.59535,159,1255,-1753,530,4271,-138,351,690
60.595848,159,1255,-1753,530,4283,-138,351,690
60.59635,159,1255,-1753,529,4275,-138,351,690
60.59685,159,1255,-1754,529,4257,-138,351,690
60.59735,159,1255,-1753,529,4225,-138,350,690
60.59785,159,1255,-1753,529,4216,-138,349,690
60.59835,159,1255,-1753,529,4216,-138,348,690
60.59885,159,1255,-1753,529,4219,-138,348,690
60.59935,159,1255,-1753,529,4224,-138,347,690
60.59985,159,1255,-1753,529,4226,-138,347,690
60.60035,159,1255,-1753,529,4228,-138,348,690
60.60085,159,1254,-1753,530,4228,-138,348,690
60.60135,160,1254,-1753,530,4228,-138,349,690
60.60185,159,1254,-1754,530,4225,-138,349,690
60.60235,159,1254,-1754,530,4222,-138,348,690
60.60285,158,1256,-1753,530,4220,-138,348,690
60.60335,158,1256,-1753,530,4221,-138,348,690
60.60385,157,1256,-1753,529,4219,-138,347,690
60.60435,158,1256,-1753,530,4217,-138,347,690
60.60485,158,1256,-1753,529,4223,-138,347,690
60.60535,158,1255,-1753,530,4262,-139,346,690
60.60585,159,1255,-1753,529,4271,-139,347,690
60.60635,159,1255,-1753,529,4264,-138,348,690
60.60685,159,1255,-1753,529,4245,-139,348,690
60.60735,158,1256,-1753,529,4211,-138,348,690
60.60785,158,1257,-1752,529,4199,-138,348,690
60.60835,158,1257,-1752,529,4197,-138,348,690
60.60885,158,1256,-1753,529,4200,-138,349,690
60.60935,158,1256,-1753,528,4207,-138,350,690
60.60985,159,1255,-1753,529,4210,-138,351,690
60.61035,159,1255,-1753,528,4212,-138,352,690
60.61085,159,1255,-1752,529,4214,-138,352,690
60.61135,159,1255,-1753,529,4215,-138,353,690
60.61185,158,1255,-1753,529,4214,-138,353,690
60.61235,157,1256,-1753,529,4214,-138,353,690
60.61285,156,1257,-1754,530,4211,-138,353,690
60.61335,155,1257,-1754,530,4211,-138,353,690
60.61385,156,1257,-1754,530,4212,-139,353,690
60.61435,156,1257,-1754,530,4212,-138,352,690
60.61485,156,1257,-1754,530,4220,-138,351,690
60.61535,157,1256,-1754,530,4258,-138,349,690
60.61595,157,1257,-1754,530,4261,-139,348,690
60.61645,157,1257,-1754,530,4257,-139,347,690
60.61695,157,1256,-1753,529,4237,-138,347,689
60.61745,157,1257,-1753,529,4209,-138,346,690
60.61795,157,1257,-1753,529,4198,-139,345,690
60.61845,157,1257,-1754,529,4204,-139,345,690
60.61895,157,1258,-1753,529,4211,-138,344,690
60.61945,157,1257,-1753,529,4218,-139,343,690
60.61995,157,1257,-1753,529,4221,-139,342,690
60.62045,157,1257,-1753,529,4222,-138,342,690
60.62095,157,1258,-1753,529,4221,-138,342,690
60.62145,157,1259,-1753,529,4226,-139,343,690
60.62195,156,1259,-1753,529,4232,-139,343,690
60.62245,156,1260,-1753,529,4231,-139,344,690
60.62295,156,1260,-1753,529,4230,-139,345,690
60.62345,157,1259,-1753,529,4231,-139,346,690
60.62395,157,1259,-1753,529,4230,-139,347,690
60.62445,157,1259,-1753,529,4224,-139,348,690
60.62495,157,1259,-1753,529,4234,-139,349,690
60.62545,157,1259,-1753,529,4273,-139,349,690
60.62595,157,1259,-1753,529,4278,-139,350,690
60.62645,157,1259,-1753,529,4272,-139,351,690
60.62695,157,1259,-1753,528,4247,-139,352,690
60.62745,157,1259,-1753,529,4218,-139,352,690
60.62795,157,1260,-1754,529,4211,-139,352,690
60.62845,158,1260,-1754,529,4212,-139,352,690
60.62895,157,1260,-1753,529,4216,-139,352,690
60.62945,157,1260,-1754,530,4222,-139,352,690
60.62995,158,1260,-1753,530,4227,-139,353,690
60.63045,158,1261,-1754,530,4229,-139,353,690
60.63095,157,1260,-1753,530,4232,-139,352,690
60.63145,157,1261,-1754,530,4234,-139,352,690
60.63195,157,1261,-1754,529,4236,-139,352,690
60.63245,157,1261,-1754,529,4238,-139,351,690
60.63295,157,1261,-1754,530,4242,-139,351,690
60.63345,157,1261,-1754,529,4246,-140,351,690
60.63395,157,1261,-1754,530,4250,-139,351,690
60.63445,158,1261,-1754,530,4252,-140,351,690
60.63495,158,1262,-1754,530,4264,-139,351,690
60.63545,158,1262,-1754,530,4299,-140,350,690
60.63595,159,1262,-1754,530,4303,-140,350,690
60.63645,159,1262,-1754,530,4298,-140,350,690
60.63695,158,1262,-1754,529,4274,-140,350,690
60.63745,159,1262,-1754,529,4249,-140,350,690
60.63795,159,1263,-1754,530,4249,-140,350,690
60.63845,159,1263,-1754,529,4253,-140,349,690
60.63895,160,1263,-1754,530,4260,-140,349,690
60.63945,160,1263,-1754,529,4265,-140,349,690
60.63995,159,1263,-1754,529,4267,-140,350,690
60.64045,160,1263,-1754,529,4269,-140,349,690
60.64095,160,1263,-1753,530,4270,-140,350,689
60.64145,159,1264,-1753,529,4269,-140,350,689
60.64195,159,1263,-1753,529,4263,-140,350,689
60.64245,159,1264,-1754,529,4260,-140,350,689
60.64295,158,1264,-1753,529,4260,-140,350,689
60.64345,158,1265,-1754,529,4264,-140,350,690
60.64395,158,1265,-1753,529,4264,-140,351,689
60.64445,158,1265,-1754,529,4263,-140,351,689
60.64495,157,1266,-1753,530,4273,-140,351,689
60.64545,157,1266,-1754,530,4310,-140,352,690
60.64595,156,1266,-1753,529,4312,-140,352,689
60.64645,157,1266,-1753,529,4310,-140,353,689
60.64695,157,1266,-1754,529,4281,-140,354,689
60.64745,157,1267,-1754,529,4254,-140,353,689
60.64795,157,1266,-1754,529,4250,-140,353,689
60.64845,158,1267,-1754,529,4254,-140,354,689
60.64895,158,1267,-1754,529,4262,-140,355,689
60.64945,158,1267,-1754,529,4268,-140,356,689
60.64995,158,1267,-1754,529,4271,-140,357,690
60.65045,158,1267,-1754,530,4274,-140,358,690
60.65095,159,1267,-1754,530,4282,-140,358,689
60.65145,158,1267,-1754,530,4285,-140,358,690
60.65195,158,1267,-1754,530,4281,-140,358,690
60.65245,158,1267,-1755,530,4284,-140,358,690
60.65295,159,1268,-1754,530,4285,-139,359,690
60.65345,159,1268,-1754,530,4287,-140,359,690
60.65395,159,1268,-1754,530,4289,-140,358,690
60.65445,158,1269,-1755,530,4290,-140,358,690
60.65495,159,1269,-1754,530,4307,-140,357,690
60.65545,158,1270,-1754,530,4341,-140,356,691
60.65595,159,1270,-1754,530,4341,-140,356,691
60.65645,158,1270,-1754,530,4329,-140,356,690
60.656948,158,1271,-1755,530,4302,-140,356,690
60.65745,158,1270,-1755,530,4284,-139,356,690
60.65795,158,1270,-1754,530,4281,-140,355,690
60.65845,159,1271,-1754,530,4281,-140,355,690
60.65895,158,1271,-1755,530,4285,-139,354,691
60.65945,158,1271,-1754,530,4286,-139,354,691
60.65995,158,1271,-1754,530,4282,-139,353,691
60.66045,158,1272,-1754,530,4279,-139,352,690
60.66095,158,1272,-1754,529,4280,-139,351,691
60.66145,158,1272,-1754,529,4288,-139,351,691
60.66195,159,1272,-1754,530,4287,-139,351,691
60.66245,158,1273,-1754,529,4283,-140,352,691
60.66295,158,1273,-1754,529,4281,-139,352,690
60.66345,158,1273,-1755,530,4282,-140,352,691
60.66395,158,1273,-1755,530,4283,-139,352,691
60.66445,159,1273,-1755,530,4273,-140,352,690
60.66495,159,1273,-1755,530,4288,-139,351,691
60.66545,159,1273,-1755,530,4327,-139,350,691
60.66595,159,1274,-1754,530,4326,-139,349,690
60.66645,159,1274,-1754,529,4321,-139,348,690
60.66695,158,1274,-1754,530,4302,-139,347,690
60.66745,158,1274,-1754,529,4279,-139,346,690
60.66795,158,1274,-1754,529,4275,-139,345,690
60.66845,159,1275,-1754,529,4276,-139,345,691
60.66895,159,1275,-1754,529,4281,-139,345,690
60.66945,158,1275,-1753,529,4284,-139,344,690
60.66995,159,1275,-1754,529,4293,-139,345,690
60.67045,158,1276,-1753,529,4300,-139,346,689
60.67095,158,1276,-1754,529,4303,-139,346,689
60.67145,158,1276,-1754,529,4304,-139,346,690
60.67195,158,1276,-1754,529,4307,-139,346,690
60.67245,158,1277,-1754,529,4315,-139,346,690
60.67295,159,1276,-1754,529,4315,-139,346,690
60.67345,159,1276,-1754,529,4315,-139,347,689
60.67395,159,1277,-1754,529,4312,-139,347,689
60.67445,159,1277,-1753,529,4305,-139,347,689
60.67495,160,1277,-1754,529,4324,-139,346,689
60.67545,160,1277,-1754,529,4350,-139,346,689
60.67595,160,1278,-1754,529,4349,-139,346,689
60.67645,160,1278,-1754,529,4341,-139,346,689
60.67695,160,1278,-1754,528,4313,-139,347,689
60.67745,159,1279,-1754,529,4293,-139,347,690
60.67805,159,1280,-1754,529,4295,-139,347,690
60.67855,159,1280,-1754,529,4304,-139,347,690
60.67905,158,1280,-1754,529,4311,-139,346,690
60.67955,158,1280,-1754,529,4314,-138,345,690
60.68005,158,1280,-1754,529,4315,-138,345,689
60.68055,158,1280,-1754,529,4317,-138,345,690
60.68105,159,1280,-1754,529,4316,-138,345,690
60.68155,159,1280,-1754,529,4322,-139,345,690
60.68205,159,1280,-1754,529,4322,-138,346,691
60.68255,159,1280,-1754,529,4318,-138,346,692
60.68305,159,1280,-1754,529,4316,-137,347,692
60.68355,159,1281,-1754,529,4324,-137,347,692
60.68405,159,1281,-1754,529,4327,-138,348,691
60.68455,159,1281,-1754,529,4322,-137,348,692
60.68505,159,1281,-1754,530,4346,-137,349,691
60.68555,159,1282,-1754,529,4380,-138,349,691
60.68605,159,1281,-1754,529,4376,-138,349,690
60.68655,160,1282,-1754,529,4369,-138,350,690
60.68705,159,1282,-1754,529,4345,-138,350,690
60.68755,159,1282,-1754,528,4328,-138,350,690
60.68805,159,1282,-1754,528,4326,-138,350,690
60.68855,159,1282,-1754,529,4330,-138,350,691
60.68905,160,1282,-1754,529,4336,-138,350,691
60.68955,160,1282,-1754,529,4334,-138,350,691
60.69005,160,1282,-1754,529,4336,-138,349,690
60.69055,160,1282,-1754,530,4342,-138,349,690
60.69105,160,1282,-1754,529,4348,-138,348,690
60.69155,160,1283,-1755,529,4348,-138,348,690
60.69205,159,1283,-1754,529,4345,-138,348,690
60.69255,160,1283,-1754,529,4341,-138,348,690
60.69305,160,1283,-1754,529,4336,-138,349,690
60.69355,160,1283,-1754,529,4335,-138,350,690
60.69405,160,1283,-1754,529,4332,-138,351,690
60.69455,159,1284,-1754,528,4328,-138,351,690
60.69505,159,1284,-1754,530,4357,-137,351,691
60.69555,159,1285,-1755,529,4379,-138,351,691
60.69605,159,1285,-1754,529,4367,-137,351,691
60.69655,158,1285,-1755,529,4352,-138,351,691
60.69705,159,1286,-1754,529,4317,-137,352,691
60.69755,158,1285,-1755,529,4300,-137,352,691
60.69805,158,1285,-1755,530,4300,-137,352,690
60.69855,159,1285,-1755,530,4303,-137,352,690
60.69905,159,1285,-1755,530,4317,-137,352,691
60.69955,159,1285,-1755,530,4322,-137,352,690
60.70005,160,1284,-1754,529,4318,-137,351,690
60.70055,160,1285,-1755,529,4321,-138,351,691
60.70105,160,1285,-1755,529,4321,-137,350,691
60.70155,160,1285,-1755,529,4319,-138,350,690
60.70205,160,1285,-1755,530,4320,-137,350,691
60.70255,160,1285,-1755,530,4322,-137,350,690
60.70305,160,1285,-1755,530,4317,-138,350,690
60.70355,160,1286,-1755,530,4324,-137,349,691
60.70405,159,1286,-1755,529,4329,-137,349,691
60.70455,160,1286,-1755,529,4321,-137,348,691
60.70505,160,1287,-1755,530,4352,-138,347,691
60.70555,160,1286,-1755,530,4372,-138,347,691
60.70605,160,1287,-1755,529,4370,-137,347,691
60.70655,160,1286,-1755,529,4358,-138,347,691
60.70705,160,1286,-1754,529,4325,-137,347,691
60.70755,160,1287,-1754,529,4306,-138,347,690
60.70805,160,1286,-1754,529,4304,-137,347,691
60.70855,160,1287,-1754,529,4306,-138,347,691
60.70905,160,1286,-1754,529,4305,-138,347,691
60.70955,160,1287,-1754,528,4306,-138,347,691
60.71005,159,1287,-1754,529,4307,-138,347,691
60.71055,159,1288,-1754,529,4307,-138,348,691
60.71105,158,1288,-1754,529,4306,-138,348,690
60.71155,158,1288,-1754,529,4307,-138,349,691
60.71205,158,1288,-1754,529,4311,-138,349,691
60.71255,158,1288,-1754,529,4307,-137,350,691
60.71305,158,1288,-1754,529,4301,-138,350,691
60.71355,159,1287,-1754,529,4298,-138,350,691
60.71405,159,1288,-1754,529,4295,-138,350,691
60.71455,159,1287,-1754,529,4294,-138,350,691
60.71505,159,1287,-1753,529,4326,-138,349,691
60.71555,159,1288,-1754,528,4339,-138,350,691
60.71605,159,1288,-1754,529,4341,-137,350,691
60.71655,159,1289,-1754,529,4328,-138,350,691
60.71705,158,1289,-1754,528,4293,-137,350,691
60.71755,159,1288,-1754,529,4281,-138,350,691
60.71805,159,1288,-1754,529,4281,-137,350,691
60.71855,159,1288,-1754,529,4283,-138,351,691
60.71905,159,1288,-1754,529,4287,-138,350,691
60.71955,160,1288,-1755,529,4287,-138,351,691
60.72005,159,1288,-1755,529,4286,-138,350,691
60.72055,159,1288,-1754,529,4287,-138,351,691
60.72105,159,1288,-1755,529,4287,-138,351,691
60.72155,160,1288,-1755,529,4286,-138,351,691
60.72205,159,1289,-1755,529,4283,-138,351,691
60.72255,159,1288,-1755,529,4280,-138,351,691
60.72305,160,1288,-1754,529,4281,-138,351,691
60.72355,159,1288,-1755,529,4284,-138,350,691
60.72405,159,1288,-1755,529,4282,-138,350,691
60.72455,159,1288,-1754,529,4276,-139,349,691
60.72505,160,1288,-1754,529,4309,-138,349,691
60.72555,160,1288,-1754,529,4315,-139,350,691
60.72605,160,1288,-1755,529,4306,-139,349,691
60.72655,160,1288,-1754,529,4287,-139,350,690
60.72705,161,1287,-1754,529,4253,-139,350,690
60.72755,161,1287,-1755,529,4244,-139,349,690
60.72805,161,1287,-1754,529,4240,-139,349,691
60.72855,161,1286,-1754,529,4239,-139,348,691
60.72905,161,1286,-1754,529,4236,-139,347,691
60.72955,162,1286,-1754,529,4235,-139,347,691
60.73005,161,1286,-1754,529,4237,-139,347,691
60.73055,162,1287,-1754,529,4238,-140,347,690
60.73105,162,1287,-1754,529,4239,-139,346,691
60.73155,161,1287,-1755,529,4241,-139,347,691
60.73205,161,1287,-1754,529,4235,-139,347,691
60.73255,161,1287,-1755,529,4232,-139,347,690
60.73305,161,1288,-1754,529,4233,-139,347,691
60.73355,160,1288,-1754,529,4238,-139,347,691
60.73405,159,1289,-1754,529,4234,-139,347,691
60.73455,159,1289,-1754,530,4236,-139,347,691
60.73505,158,1290,-1755,529,4272,-139,347,691
60.73555,158,1289,-1754,529,4274,-139,348,691
60.73605,158,1289,-1754,529,4267,-140,349,691
60.73655,158,1289,-1754,529,4249,-140,349,691
60.73705,159,1289,-1754,529,4216,-140,349,691
60.73755,159,1288,-1754,529,4210,-140,350,691
60.73805,160,1288,-1755,529,4214,-140,350,691
60.73855,160,1288,-1754,529,4220,-140,350,691
60.73905,160,1287,-1754,529,4226,-140,351,691
60.73965,159,1287,-1754,529,4229,-140,351,691
60.74015,158,1288,-1754,529,4229,-140,351,691
60.74065,158,1288,-1754,529,4226,-140,351,691
60.74115,158,1288,-1754,529,4225,-140,351,692
60.74165,159,1287,-1755,529,4226,-140,351,691
60.74215,159,1287,-1755,529,4229,-140,351,691
60.74265,159,1286,-1755,529,4220,-140,351,691
60.74315,159,1286,-1755,529,4214,-140,350,691
60.74365,160,1287,-1754,529,4214,-140,350,691
60.74415,160,1286,-1754,529,4211,-140,350,691
60.74465,160,1286,-1754,529,4213,-140,349,691
60.74515,160,1286,-1754,530,4252,-140,349,691
60.74565,160,1286,-1754,529,4258,-141,349,691
60.74615,159,1286,-1755,529,4254,-141,349,691
60.74665,158,1287,-1754,529,4234,-141,350,691
60.74715,158,1287,-1754,529,4203,-140,350,691
60.74765,158,1287,-1754,529,4195,-140,349,691
60.74815,158,1286,-1754,529,4195,-140,349,691
60.74865,159,1286,-1754,529,4197,-141,349,691
60.74915,159,1286,-1754,529,4204,-141,348,691
60.74965,159,1286,-1755,529,4211,-141,349,691
60.75015,159,1286,-1754,529,4215,-140,348,691
60.75065,159,1286,-1754,529,4216,-141,348,691
60.75115,159,1286,-1754,529,4217,-140,348,691
60.75165,159,1286,-1754,529,4219,-140,348,691
60.75215,159,1285,-1754,529,4219,-140,348,691
60.75265,159,1285,-1754,529,4218,-140,348,691
60.75315,159,1285,-1754,529,4218,-140,348,691
60.75365,159,1285,-1754,530,4220,-140,348,691
60.75415,160,1284,-1754,530,4221,-140,348,691
60.75465,159,1283,-1755,530,4231,-140,348,691
60.75515,159,1284,-1755,530,4269,-140,348,691
60.75565,159,1284,-1754,529,4268,-141,348,691
60.75615,159,1285,-1754,530,4260,-141,348,691
60.75665,159,1285,-1754,529,4236,-141,349,691
60.75715,159,1284,-1754,529,4206,-141,349,691
60.75765,160,1284,-1755,529,4201,-141,349,691
60.75815,159,1283,-1755,530,4201,-141,349,691
60.75865,160,1283,-1754,529,4203,-140,348,692
60.75915,160,1283,-1755,529,4209,-140,349,691
60.75965,160,1283,-1754,530,4215,-141,348,691
60.76015,160,1283,-1754,529,4211,-140,348,691
60.76065,160,1283,-1754,530,4210,-140,349,691
60.76115,160,1283,-1754,529,4212,-141,348,691
60.76165,159,1283,-1754,530,4212,-140,349,691
60.76215,160,1283,-1754,529,4210,-140,349,691
60.76265,159,1282,-1754,529,4207,-141,349,691
60.76315,160,1282,-1754,529,4204,-140,349,691
60.76365,160,1282,-1754,529,4206,-141,349,691
60.76415,160,1282,-1754,529,4206,-141,349,691
60.76465,160,1282,-1754,530,4214,-140,349,691
60.76515,161,1281,-1754,530,4253,-141,348,691
60.76565,160,1281,-1755,529,4255,-140,349,691
60.76615,160,1281,-1754,530,4249,-141,349,691
60.76665,160,1282,-1754,529,4223,-140,349,691
60.76715,160,1281,-1754,529,4199,-140,349,691
60.76765,160,1281,-1755,529,4198,-141,349,691
60.76815,160,1280,-1754,529,4200,-140,349,691
60.76865,160,1280,-1754,529,4207,-141,349,691
60.76915,160,1280,-1754,529,4213,-140,349,691
60.76965,159,1280,-1754,529,4214,-140,349,691
60.77015,159,1281,-1754,530,4216,-140,349,691
60.77065,158,1282,-1754,529,4220,-140,349,691
60.77115,158,1281,-1754,530,4221,-140,349,691
60.77165,158,1281,-1754,529,4224,-141,349,691
60.77215,158,1280,-1754,529,4226,-140,349,691
60.77265,159,1280,-1754,529,4226,-140,348,691
60.77315,159,1279,-1754,530,4228,-140,349,691
60.77365,159,1279,-1754,530,4230,-140,349,691
60.77415,159,1279,-1754,529,4230,-140,349,692
60.77465,158,1279,-1754,530,4243,-140,348,693
60.77515,158,1279,-1754,530,4282,-140,348,692
60.77565,158,1279,-1754,529,4274,-140,349,693
60.77615,158,1279,-1754,530,4268,-140,349,692
60.77665,157,1279,-1754,529,4240,-140,349,692
60.77715,157,1279,-1754,529,4218,-140,349,692
60.77765,158,1279,-1754,529,4218,-140,349,692
60.77815,158,1278,-1754,529,4222,-140,349,691
60.77865,158,1278,-1754,529,4226,-139,349,692
60.77915,158,1278,-1754,529,4227,-139,349,691
60.77965,158,1278,-1754,529,4232,-139,348,692
60.78015,158,1278,-1754,529,4230,-139,348,692
60.78065,158,1278,-1754,529,4233,-140,349,692
60.78115,158,1277,-1754,529,4234,-139,349,692
60.78165,158,1277,-1754,529,4232,-139,349,691
60.78215,158,1277,-1754,529,4234,-140,349,691
60.78265,158,1277,-1754,529,4232,-139,349,691
60.78315,158,1277,-1754,529,4233,-140,349,691
60.78365,158,1276,-1754,530,4239,-140,349,691
60.78415,158,1276,-1754,529,4241,-139,349,691
60.78465,158,1276,-1754,530,4255,-139,349,691
60.78515,159,1276,-1754,530,4294,-139,348,692
60.78565,158,1275,-1754,529,4296,-139,349,691
60.786148,158,1275,-1754,529,4298,-139,349,692
60.78665,158,1275,-1754,528,4273,-139,349,691
60.78715,158,1275,-1754,529,4253,-139,349,691
60.78765,158,1275,-1754,529,4248,-139,349,692
60.78815,158,1275,-1754,529,4251,-139,349,691
60.78865,158,1276,-1754,529,4263,-139,348,691
60.78915,158,1275,-1754,530,4268,-139,348,692
60.78965,158,1275,-1754,530,4272,-139,349,691
60.79015,158,1275,-1754,530,4278,-139,348,691
60.79065,158,1275,-1754,530,4275,-139,349,692
60.79115,158,1274,-1754,530,4274,-139,349,691
60.79165,158,1274,-1755,530,4278,-139,349,692
60.79215,158,1274,-1754,530,4274,-139,349,692
60.79265,158,1274,-1754,529,4277,-139,348,692
60.79315,158,1273,-1754,529,4276,-139,349,691
60.79365,158,1273,-1753,529,4270,-139,349,691
60.79415,158,1273,-1754,529,4258,-138,349,692
60.79465,158,1272,-1754,530,4274,-138,349,692
60.79515,158,1272,-1754,529,4310,-138,348,692
60.79565,158,1272,-1754,529,4308,-139,348,692
60.79615,158,1272,-1754,529,4301,-138,349,691
60.79665,158,1272,-1754,529,4277,-139,349,691
60.79715,158,1272,-1754,529,4248,-139,349,691
60.79765,158,1272,-1754,529,4248,-139,349,691
60.79815,158,1272,-1754,529,4256,-138,349,691
60.79865,157,1272,-1754,529,4266,-138,349,691
60.79915,157,1272,-1754,530,4272,-138,349,691
60.79965,157,1272,-1754,529,4277,-138,349,692
60.80015,156,1272,-1754,529,4281,-139,349,692
60.80075,157,1272,-1754,529,4289,-138,349,691
60.80125,157,1272,-1753,529,4292,-138,349,691
60.80175,157,1272,-1754,529,4288,-138,349,692
60.80225,157,1272,-1753,529,4288,-138,349,692
60.80275,157,1271,-1754,529,4292,-138,349,692
60.80325,157,1271,-1754,529,4292,-138,349,692
60.80375,157,1271,-1754,529,4294,-138,349,692
60.80425,157,1271,-1754,529,4293,-138,349,692
60.80475,157,1271,-1754,530,4313,-138,348,692
60.80525,157,1271,-1754,529,4345,-138,349,692
60.80575,157,1270,-1754,529,4343,-139,348,692
60.80625,157,1271,-1754,529,4338,-138,349,692
60.80675,157,1270,-1754,529,4309,-138,349,691
60.80725,157,1270,-1754,529,4287,-138,349,692
60.80775,157,1270,-1754,529,4280,-138,349,691
60.80825,157,1270,-1754,529,4286,-138,349,692
60.80875,157,1270,-1754,530,4290,-138,349,692
60.80925,157,1270,-1754,529,4296,-138,349,692
60.80975,157,1270,-1754,529,4300,-138,349,692
60.81025,157,1269,-1754,529,4301,-138,349,692
60.81075,157,1269,-1754,529,4302,-138,349,692
60.81125,157,1270,-1754,529,4303,-138,349,692
60.81175,157,1269,-1754,529,4303,-137,349,692
60.81225,157,1269,-1754,529,4301,-137,349,692
60.81275,157,1269,-1753,529,4301,-137,349,692
60.81325,157,1269,-1754,530,4302,-137,349,692
60.81375,157,1269,-1753,529,4303,-138,349,692
60.81425,157,1269,-1754,529,4302,-138,349,692
60.81475,158,1268,-1753,530,4326,-137,348,692
60.81525,158,1269,-1753,529,4350,-138,349,692
60.81575,157,1269,-1753,529,4345,-137,349,692
60.81625,157,1268,-1753,529,4334,-138,349,692
60.81675,157,1269,-1753,529,4301,-137,349,692
60.81725,157,1268,-1753,529,4283,-138,349,692
60.81775,157,1268,-1753,529,4284,-138,349,692
60.81825,157,1268,-1753,529,4288,-138,349,691
60.81875,157,1269,-1753,529,4293,-138,349,691
60.81925,157,1268,-1753,529,4291,-138,349,691
60.81975,157,1268,-1753,529,4292,-138,349,691
60.82025,157,1268,-1753,529,4293,-138,349,691
60.82075,157,1268,-1753,529,4295,-138,349,691
60.82125,157,1268,-1753,529,4302,-138,349,691
60.82175,157,1268,-1753,529,4307,-138,349,692
60.82225,157,1268,-1753,528,4310,-138,349,691
60.82275,157,1268,-1753,529,4313,-138,349,691
60.82325,157,1268,-1753,529,4307,-137,349,691
60.82375,157,1268,-1753,529,4306,-138,349,692
60.82425,157,1268,-1753,529,4305,-137,349,692
60.82475,158,1267,-1753,529,4333,-137,349,692
60.82525,158,1267,-1753,529,4357,-137,349,693
60.82575,157,1267,-1753,529,4349,-137,349,692
60.82625,157,1267,-1753,529,4336,-137,349,692
60.82675,157,1267,-1753,528,4308,-137,350,692
60.82725,157,1267,-1753,529,4291,-137,349,692
60.82775,157,1267,-1753,529,4288,-137,349,692
60.82825,158,1267,-1753,529,4287,-137,349,692
60.82875,157,1267,-1753,529,4290,-137,349,692
60.82925,157,1267,-1753,529,4297,-138,349,691
60.82975,157,1267,-1753,529,4296,-138,349,692
60.83025,157,1267,-1753,529,4291,-137,350,692
60.83075,156,1267,-1753,529,4295,-138,350,691
60.83125,156,1267,-1753,529,4297,-137,350,692
60.83175,157,1267,-1753,529,4293,-137,350,692
60.83225,157,1267,-1753,529,4298,-137,351,692
60.83275,157,1267,-1753,529,4301,-137,351,692
60.83325,157,1267,-1753,529,4301,-138,351,692
60.83375,157,1267,-1753,529,4303,-138,351,691
60.83425,157,1267,-1753,529,4303,-137,351,692
60.83475,157,1267,-1753,529,4331,-137,350,692
60.83525,157,1267,-1753,529,4356,-137,350,692
60.83575,157,1267,-1753,528,4351,-137,350,692
60.83625,157,1267,-1753,529,4340,-137,350,692
60.83675,157,1267,-1753,528,4309,-137,350,691
60.83725,157,1267,-1753,528,4292,-137,349,692
60.83775,157,1267,-1752,529,4291,-137,348,692
60.83825,157,1267,-1752,528,4302,-137,348,692
60.83875,157,1267,-1752,529,4312,-137,348,692
60.83925,157,1267,-1752,528,4315,-137,348,692
60.83975,157,1267,-1753,529,4316,-137,348,692
60.84025,157,1267,-1753,529,4316,-137,348,692
60.84075,157,1267,-1753,529,4317,-137,348,692
60.84125,158,1267,-1753,529,4315,-137,348,692
60.84175,157,1267,-1753,529,4309,-137,348,692
60.84225,157,1266,-1753,529,4306,-137,348,692
60.84275,157,1267,-1753,529,4308,-137,348,691
60.84325,157,1266,-1753,529,4308,-137,348,691
60.84375,157,1267,-1753,529,4305,-138,348,691
60.84425,157,1267,-1753,529,4305,-137,349,692
60.84475,157,1267,-1753,530,4337,-137,348,692
60.84525,157,1266,-1753,529,4359,-137,348,691
60.84575,157,1266,-1753,529,4354,-137,349,692
60.84625,157,1267,-1753,529,4335,-137,349,691
60.84675,157,1267,-1753,529,4305,-137,349,691
60.847248,157,1267,-1753,529,4289,-137,349,691
60.84775,157,1267,-1753,529,4288,-137,349,691
60.84825,158,1267,-1753,529,4293,-137,349,691
60.84875,158,1266,-1753,529,4300,-137,350,692
60.84925,158,1266,-1752,529,4304,-137,350,691
60.84975,158,1266,-1752,529,4312,-137,350,691
60.85025,157,1267,-1753,529,4311,-137,351,691
60.85075,158,1266,-1752,529,4311,-138,350,691
60.85125,157,1267,-1752,529,4314,-137,351,691
60.85175,158,1266,-1752,529,4316,-137,350,691
60.85225,157,1266,-1752,529,4315,-137,351,692
60.85275,158,1267,-1753,529,4318,-138,351,691
60.85325,158,1267,-1752,529,4326,-137,350,692
60.85375,158,1267,-1753,529,4326,-137,350,691
60.85425,158,1266,-1753,529,4331,-137,350,692
60.85475,158,1267,-1752,529,4368,-137,350,692
60.85525,158,1267,-1753,529,4382,-137,350,692
60.85575,158,1267,-1752,529,4377,-137,349,691
60.85625,157,1267,-1753,529,4361,-137,349,691
60.85675,158,1268,-1752,529,4323,-137,349,692
60.85725,158,1267,-1753,529,4312,-137,349,692
60.85775,157,1267,-1752,529,4321,-137,349,692
60.85825,158,1267,-1752,529,4326,-137,349,691
60.85875,158,1267,-1752,529,4330,-137,349,692
60.85925,158,1267,-1752,529,4328,-137,348,691
60.85975,157,1267,-1752,529,4331,-137,348,692
60.86025,158,1267,-1752,529,4326,-137,348,691
60.86075,158,1267,-1752,529,4332,-137,348,691
60.86125,158,1267,-1752,529,4334,-137,348,691
60.86175,158,1267,-1752,529,4336,-137,348,691
60.86225,158,1267,-1752,529,4338,-137,349,691
60.86285,158,1267,-1752,530,4337,-137,349,691
60.86335,158,1267,-1753,529,4337,-137,350,691
60.86385,159,1267,-1752,529,4337,-137,350,691
60.86435,158,1267,-1752,530,4340,-137,351,692
60.86485,159,1267,-1752,530,4375,-137,351,692
60.86535,159,1267,-1752,529,4387,-137,351,692
60.86585,159,1267,-1752,529,4381,-136,352,692
60.86635,158,1267,-1753,529,4365,-137,352,691
60.86685,158,1267,-1752,529,4334,-137,352,691
60.86735,159,1268,-1752,529,4323,-137,352,691
60.86785,158,1268,-1752,529,4322,-136,352,692
60.86835,159,1267,-1752,529,4325,-137,352,691
60.86885,158,1268,-1752,529,4337,-137,352,692
60.86935,159,1268,-1752,529,4340,-136,351,692
60.86985,159,1268,-1752,529,4347,-137,351,691
60.87035,158,1268,-1752,529,4350,-136,351,692
60.87085,159,1268,-1752,529,4347,-137,351,692
60.87135,159,1268,-1752,529,4353,-136,351,692
60.87185,159,1268,-1752,529,4356,-137,351,692
60.87235,158,1268,-1752,530,4357,-137,351,691
60.87285,158,1268,-1752,529,4355,-136,351,691
60.87335,158,1268,-1752,530,4350,-137,350,691
60.87385,158,1268,-1752,529,4348,-137,350,691
60.87435,158,1268,-1752,529,4356,-136,349,691
60.87485,158,1268,-1752,529,4393,-136,349,691
60.87535,159,1268,-1752,529,4396,-137,348,691
60.87585,159,1268,-1752,529,4387,-136,348,691
60.87635,159,1268,-1751,528,4366,-136,348,691
60.87685,159,1268,-1751,528,4336,-136,347,691
60.87735,159,1268,-1752,529,4328,-136,347,691
60.87785,159,1268,-1751,529,4331,-136,347,691
60.87835,159,1269,-1752,529,4341,-136,347,692
60.87885,159,1268,-1752,529,4348,-136,347,692
60.87935,159,1268,-1752,529,4354,-136,347,692
60.87985,160,1268,-1752,529,4355,-136,347,691
60.88035,160,1268,-1752,529,4352,-136,347,691
60.88085,160,1268,-1751,529,4347,-135,348,691
60.88135,160,1268,-1751,529,4345,-136,348,691
60.88185,160,1268,-1751,529,4346,-136,349,691
60.88235,160,1268,-1751,529,4347,-136,350,691
60.88285,160,1269,-1751,529,4346,-136,351,691
60.88335,159,1269,-1751,529,4346,-136,351,691
60.88385,159,1269,-1751,529,4345,-136,352,691
60.88435,159,1269,-1751,529,4353,-136,353,691
60.88485,159,1269,-1751,529,4389,-135,353,691
60.88535,159,1269,-1751,529,4391,-136,354,690
60.88585,159,1269,-1751,528,4386,-136,355,690
60.88635,158,1269,-1751,528,4370,-136,356,690
60.88685,158,1270,-1751,528,4343,-136,356,690
60.88735,158,1270,-1751,529,4338,-136,356,691
60.88785,157,1271,-1751,529,4342,-136,356,691
60.88835,157,1271,-1752,529,4344,-136,356,692
60.88885,158,1271,-1752,529,4349,-136,356,691
60.88935,158,1271,-1752,529,4355,-136,356,692
60.88985,158,1271,-1752,529,4354,-136,356,692
60.89035,158,1271,-1752,529,4359,-135,356,692
60.89085,159,1270,-1752,530,4359,-135,355,692
60.89135,159,1270,-1751,529,4357,-136,355,692
60.89185,160,1270,-1752,529,4353,-135,355,691
60.89235,160,1270,-1751,530,4348,-135,354,692
60.89285,160,1270,-1752,529,4345,-135,353,691
60.89335,160,1270,-1752,529,4349,-136,352,691
60.89385,160,1270,-1751,529,4345,-135,351,691
60.89435,160,1270,-1751,529,4355,-135,350,692
60.89485,160,1270,-1751,529,4392,-135,349,692
60.89535,160,1270,-1751,529,4395,-135,349,691
60.89585,159,1270,-1751,529,4384,-135,349,691
60.89635,159,1271,-1751,529,4354,-135,350,691
60.89685,159,1271,-1751,529,4323,-135,350,691
60.89735,158,1271,-1751,529,4320,-135,349,691
60.89785,157,1272,-1751,529,4323,-135,349,691
60.89835,157,1273,-1751,529,4328,-135,349,691
60.89885,157,1272,-1751,529,4334,-135,349,691
60.89935,157,1272,-1751,529,4338,-135,349,691
60.89985,157,1272,-1751,528,4340,-135,350,691
60.90035,157,1272,-1751,529,4341,-135,350,691
60.90085,157,1272,-1751,529,4345,-135,351,691
60.90135,157,1272,-1750,529,4347,-135,352,691
60.90185,157,1272,-1751,529,4346,-135,353,691
60.90235,158,1272,-1750,529,4342,-135,354,691
60.90285,158,1272,-1751,528,4338,-135,354,691
60.90335,158,1272,-1750,528,4336,-135,354,691
60.90385,158,1272,-1751,528,4337,-135,354,691
60.90435,159,1272,-1751,529,4349,-135,353,691
60.90485,159,1272,-1751,529,4383,-135,353,691
60.90535,158,1272,-1751,529,4383,-135,352,691
60.90585,158,1272,-1751,529,4377,-135,352,691
60.90635,158,1272,-1751,529,4356,-135,352,691
60.90685,158,1273,-1751,529,4330,-135,352,691
60.90735,158,1272,-1751,529,4327,-134,352,691
60.90785,158,1272,-1751,529,4326,-135,352,691
60.908348,158,1273,-1751,529,4329,-134,352,691
60.90885,158,1272,-1751,529,4337,-134,352,691
60.90935,158,1272,-1751,530,4341,-134,352,691
60.90985,159,1272,-1751,530,4342,-134,351,691
60.91035,159,1273,-1751,530,4343,-135,350,691
60.91085,159,1272,-1751,529,4344,-135,350,691
60.91135,159,1273,-1751,530,4345,-134,349,691
60.91185,159,1273,-1751,530,4346,-135,349,691
60.91235,158,1272,-1751,529,4346,-135,348,691
60.91285,159,1273,-1751,530,4346,-135,347,691
60.91335,159,1272,-1751,529,4344,-135,347,691
60.91385,159,1272,-1751,529,4342,-135,346,691
60.91435,159,1272,-1750,529,4357,-135,346,691
60.91485,159,1273,-1751,529,4392,-135,346,691
60.91535,159,1273,-1751,529,4390,-135,346,691
60.91585,159,1273,-1751,529,4380,-135,346,691
60.91635,159,1273,-1751,528,4353,-135,347,691
60.91685,159,1273,-1751,529,4330,-135,347,691
60.91735,159,1273,-1751,529,4326,-135,346,691
60.91785,159,1273,-1750,529,4329,-135,347,691
60.91835,159,1273,-1751,529,4336,-135,347,691
60.91885,159,1274,-1750,529,4342,-135,347,691
60.91935,158,1274,-1750,529,4346,-135,348,691
60.91985,158,1274,-1750,529,4348,-135,348,691
60.92035,158,1274,-1751,529,4351,-135,348,691
60.92085,158,1274,-1751,529,4354,-135,347,691
60.92135,159,1274,-1751,529,4357,-135,348,691
60.92185,158,1274,-1751,529,4358,-135,348,691
60.92235,159,1274,-1750,529,4358,-135,348,691
60.92285,159,1274,-1751,530,4356,-135,348,691
60.92335,159,1274,-1751,530,4355,-135,348,691
60.92385,159,1274,-1751,530,4353,-135,348,691
60.92445,159,1274,-1751,530,4366,-135,348,691
60.92495,158,1275,-1751,530,4395,-136,348,691
60.92545,158,1275,-1751,530,4391,-135,348,691
60.92595,159,1274,-1751,530,4382,-136,348,690
60.92645,158,1275,-1751,529,4356,-136,349,690
60.92695,159,1275,-1751,530,4336,-136,349,690
60.92745,159,1274,-1751,530,4334,-136,349,690
60.92795,159,1274,-1751,529,4338,-136,350,690
60.92845,159,1274,-1751,530,4343,-136,350,690
60.92895,159,1275,-1751,530,4344,-136,350,691
60.92945,159,1274,-1751,530,4342,-135,351,691
60.92995,159,1274,-1750,530,4335,-135,351,691
60.93045,159,1274,-1751,529,4333,-136,351,691
60.93095,160,1274,-1750,529,4332,-136,351,691
60.93145,160,1273,-1750,529,4332,-136,353,690
60.93195,160,1273,-1751,529,4329,-136,353,690
60.93245,159,1273,-1750,529,4333,-136,353,691
60.93295,159,1274,-1751,530,4338,-135,353,691
60.93345,159,1274,-1750,529,4332,-136,354,691
60.93395,159,1274,-1750,529,4328,-136,353,691
60.93445,159,1274,-1750,530,4349,-135,353,691
60.93495,159,1274,-1750,530,4379,-136,353,691
60.93545,159,1275,-1750,529,4374,-136,352,691
60.93595,159,1275,-1751,530,4363,-136,352,691
60.93645,159,1274,-1751,530,4331,-136,352,691
60.93695,159,1275,-1750,529,4310,-135,352,691
60.93745,158,1275,-1750,530,4308,-136,352,691
60.93795,158,1275,-1750,530,4314,-136,351,691
60.93845,158,1275,-1750,530,4324,-136,351,691
60.93895,158,1275,-1750,530,4326,-136,352,691
60.93945,158,1275,-1750,529,4327,-136,351,691
60.93995,158,1275,-1750,529,4325,-137,351,691
60.94045,159,1274,-1750,529,4324,-137,350,692
60.94095,159,1274,-1750,529,4327,-136,351,692
60.94145,159,1274,-1750,529,4332,-137,351,691
60.94195,159,1274,-1750,529,4330,-136,352,691
60.94245,159,1274,-1750,529,4322,-137,352,691
60.94295,159,1275,-1750,529,4316,-136,353,691
60.94345,159,1274,-1750,529,4313,-137,353,691
60.94395,159,1274,-1750,529,4311,-137,353,691
60.94445,159,1274,-1750,530,4334,-136,353,691
60.94495,159,1275,-1750,529,4358,-137,353,691
60.94545,159,1275,-1750,529,4351,-137,353,691
60.94595,159,1275,-1750,529,4339,-137,353,691
60.94645,159,1274,-1750,529,4309,-137,352,691
60.94695,159,1275,-1750,529,4289,-137,352,691
60.94745,159,1275,-1750,530,4287,-137,352,691
60.94795,159,1275,-1750,529,4287,-137,351,691
60.94845,159,1275,-1750,530,4292,-137,351,691
60.94895,159,1275,-1750,529,4299,-137,350,691
60.94945,158,1275,-1750,530,4302,-137,350,691
60.94995,158,1275,-1750,529,4303,-137,350,692
60.95045,158,1275,-1750,529,4305,-137,350,692
60.95095,158,1275,-1750,530,4310,-137,350,691
60.95145,158,1275,-1750,530,4311,-137,349,692
60.95195,158,1275,-1750,529,4305,-137,349,692
60.95245,158,1275,-1750,530,4308,-137,349,691
60.95295,159,1275,-1750,529,4308,-137,349,692
60.95345,158,1275,-1750,529,4302,-137,349,691
60.95395,158,1275,-1750,529,4303,-137,349,691
60.95445,158,1275,-1750,530,4327,-137,349,692
60.95495,158,1276,-1749,529,4351,-137,349,692
60.95545,158,1275,-1750,529,4351,-137,349,691
60.95595,159,1275,-1750,529,4338,-137,350,691
60.95645,158,1275,-1750,529,4297,-138,349,691
60.95695,158,1275,-1750,529,4278,-138,349,691
60.95745,158,1275,-1750,529,4277,-138,349,691
60.95795,159,1275,-1750,529,4280,-138,349,691
60.95845,158,1275,-1749,529,4287,-138,348,691
60.95895,158,1275,-1750,529,4289,-138,348,691
60.95945,159,1276,-1749,529,4288,-138,348,691
60.95995,158,1276,-1750,529,4287,-138,348,691
60.96045,158,1276,-1750,529,4287,-138,348,691
60.96095,158,1275,-1749,529,4285,-138,348,691
60.96145,158,1276,-1750,530,4285,-138,347,691
60.96195,158,1275,-1749,530,4284,-138,348,691
60.96245,158,1275,-1750,530,4283,-138,348,691
60.96295,159,1275,-1750,529,4278,-138,348,691
60.96345,159,1274,-1749,530,4273,-138,348,691
60.96395,159,1275,-1750,530,4270,-138,349,691
60.96445,159,1275,-1750,531,4298,-138,349,691
60.96495,159,1275,-1750,530,4314,-138,349,691
60.96545,159,1275,-1750,530,4304,-138,350,691
60.96595,159,1275,-1750,530,4291,-138,350,691
60.96645,159,1275,-1750,529,4259,-138,351,691
60.96695,159,1275,-1750,530,4246,-138,351,690
60.96745,159,1275,-1750,530,4248,-138,351,690
60.96795,159,1275,-1750,530,4259,-139,352,690
60.96845,158,1275,-1750,530,4266,-138,352,690
60.96895,159,1275,-1750,530,4269,-138,352,690
60.969448,158,1275,-1750,530,4269,-138,352,690
60.96995,158,1275,-1749,529,4269,-138,351,690
60.97045,157,1276,-1749,530,4269,-138,351,690
60.97095,157,1276,-1750,530,4270,-138,350,691
60.97145,158,1276,-1750,530,4270,-138,350,691
60.97195,158,1275,-1750,529,4263,-138,349,692
60.97245,158,1275,-1750,530,4263,-137,348,692
60.97295,158,1275,-1750,530,4273,-137,348,691
60.97345,158,1275,-1750,530,4273,-138,348,692
60.97395,158,1275,-1749,529,4265,-138,347,692
60.97445,158,1276,-1749,530,4300,-138,346,692
60.97495,158,1275,-1749,530,4318,-138,346,692
60.97545,158,1275,-1749,529,4309,-138,346,691
60.97595,158,1275,-1749,529,4291,-139,347,691
60.97645,158,1276,-1749,529,4251,-138,347,691
60.97695,158,1275,-1749,529,4236,-138,347,692
60.97745,158,1276,-1749,529,4237,-138,347,692
60.97795,158,1276,-1749,529,4248,-138,348,692
60.97845,158,1275,-1750,529,4258,-138,347,692
60.97895,158,1276,-1749,530,4260,-138,348,692
60.97945,158,1276,-1750,530,4258,-138,348,692
60.97995,158,1276,-1749,530,4253,-138,349,692
60.98045,158,1276,-1750,530,4253,-139,349,692
60.98095,158,1276,-1750,530,4256,-138,349,692
60.98145,158,1276,-1749,530,4258,-138,350,692
60.98195,158,1276,-1749,530,4258,-138,350,692
60.98245,158,1275,-1749,530,4258,-138,349,692
60.98295,158,1276,-1749,530,4256,-138,349,692
60.98345,158,1276,-1749,529,4253,-138,349,692
60.98395,158,1276,-1749,530,4254,-139,349,692
60.98445,158,1276,-1749,530,4290,-138,349,692
60.98495,158,1276,-1750,530,4298,-138,349,692
60.98545,157,1276,-1749,530,4291,-138,350,693
60.98595,158,1276,-1749,529,4273,-138,349,692
60.98655,157,1276,-1749,529,4239,-139,349,692
60.98705,157,1276,-1749,530,4234,-139,350,691
60.98755,157,1276,-1749,529,4238,-139,350,692
60.98805,158,1276,-1749,530,4238,-139,350,692
60.98855,158,1276,-1749,530,4251,-139,350,692
60.98905,158,1276,-1749,530,4259,-139,350,691
60.98955,158,1276,-1749,529,4260,-139,349,691
60.99005,158,1276,-1749,530,4255,-139,350,692
60.99055,158,1276,-1749,530,4254,-139,349,691
60.99105,158,1276,-1750,529,4259,-139,350,691
60.99155,158,1276,-1749,530,4256,-139,350,691
60.99205,158,1276,-1749,529,4253,-139,350,691
60.99255,159,1275,-1749,530,4254,-140,351,691
60.99305,159,1276,-1749,529,4255,-139,351,691
60.99355,159,1275,-1750,529,4253,-139,352,691
60.99405,158,1275,-1749,530,4256,-139,352,691
60.99455,158,1275,-1749,530,4295,-139,352,692
60.99505,158,1275,-1750,530,4305,-139,352,692
60.99555,158,1275,-1749,530,4303,-140,352,692
60.99605,158,1276,-1749,530,4285,-139,352,691
60.99655,158,1276,-1749,530,4245,-140,352,691
60.99705,158,1276,-1749,530,4230,-140,352,691
60.99755,158,1276,-1749,530,4230,-140,351,691
60.99805,159,1275,-1750,530,4237,-140,351,691
60.99855,158,1276,-1750,530,4247,-139,350,691
60.99905,158,1276,-1750,530,4252,-140,350,692
60.99955,158,1276,-1750,531,4256,-140,350,692
61.00005,158,1276,-1750,531,4263,-140,350,693
61.00055,158,1276,-1750,530,4266,-140,350,692
61.00105,158,1277,-1750,530,4263,-140,350,693
61.00155,157,1276,-1749,530,4267,-140,351,692
61.00205,158,1277,-1749,530,4265,-140,350,692
61.00255,158,1276,-1749,530,4270,-140,350,692
61.00305,158,1276,-1749,530,4271,-140,349,692
61.00355,158,1276,-1749,529,4269,-140,348,692
61.00405,159,1276,-1749,530,4277,-140,348,692
61.00455,159,1276,-1749,530,4318,-140,348,692
61.00505,159,1276,-1749,529,4321,-140,348,692
61.00555,159,1276,-1749,529,4314,-140,349,692
61.00605,158,1276,-1749,529,4293,-140,349,692
61.00655,158,1276,-1749,530,4263,-140,350,692
61.00705,159,1276,-1750,530,4258,-140,349,692
61.00755,159,1276,-1750,530,4261,-141,350,692
61.00805,159,1276,-1750,530,4270,-140,350,691
61.00855,159,1276,-1749,530,4275,-140,350,692
61.00905,158,1276,-1750,530,4273,-140,350,692
61.00955,158,1277,-1749,530,4279,-140,350,692
61.01005,158,1276,-1750,530,4283,-140,349,692
61.01055,157,1277,-1749,530,4284,-140,349,692
61.01105,157,1276,-1749,530,4285,-140,349,692
61.01155,157,1276,-1749,530,4284,-140,349,692
61.01205,158,1276,-1749,529,4282,-140,349,692
61.01255,157,1277,-1749,530,4284,-140,349,692
61.01305,157,1277,-1749,530,4286,-141,349,692
61.01355,157,1277,-1749,529,4283,-140,350,692
61.01405,157,1277,-1749,530,4290,-140,350,692
61.01455,156,1277,-1749,530,4327,-140,350,692
61.01505,156,1277,-1749,530,4330,-141,351,692
61.01555,155,1277,-1749,530,4323,-140,351,692
61.01605,155,1277,-1749,530,4299,-140,352,692
61.01655,156,1277,-1749,530,4269,-140,353,692
61.01705,156,1277,-1749,530,4267,-141,352,692
61.01755,157,1276,-1749,530,4269,-141,352,692
61.01805,157,1276,-1749,530,4278,-141,353,692
61.01855,157,1277,-1749,530,4286,-141,352,692
61.01905,158,1277,-1749,529,4289,-141,352,692
61.01955,157,1277,-1749,529,4288,-141,352,692
61.02005,158,1277,-1749,529,4286,-141,351,692
61.02055,158,1276,-1749,529,4290,-141,350,692
61.02105,158,1277,-1749,530,4295,-141,350,692
61.02155,158,1277,-1749,529,4297,-141,350,692
61.02205,158,1276,-1749,529,4297,-141,350,692
61.02255,158,1277,-1749,529,4297,-141,350,692
61.02305,158,1277,-1748,529,4294,-141,350,692
61.02355,158,1277,-1749,529,4290,-142,351,692
61.02405,158,1276,-1749,530,4298,-141,351,692
61.02455,158,1276,-1749,530,4333,-141,351,692
61.02505,158,1276,-1749,529,4327,-141,351,692
61.02555,158,1276,-1749,530,4315,-141,351,692
61.02605,157,1276,-1750,529,4287,-142,351,692
61.02655,157,1277,-1749,530,4260,-141,352,692
61.02705,157,1277,-1749,530,4257,-141,352,692
61.02755,157,1277,-1749,530,4260,-141,352,692
61.02805,156,1277,-1749,530,4265,-141,352,692
61.02855,156,1277,-1749,529,4271,-141,351,692
61.02905,157,1277,-1749,530,4274,-141,351,692
61.02955,156,1277,-1749,530,4273,-141,350,692
61.03005,156,1277,-1749,529,4271,-141,349,692
61.03055,157,1277,-1749,530,4265,-141,349,692
61.03105,157,1277,-1749,530,4261,-141,349,692
61.03155,157,1277,-1749,530,4262,-141,348,692
61.03205,157,1276,-1750,530,4263,-141,347,692
61.03255,157,1277,-1749,530,4264,-141,347,692
61.03305,157,1277,-1749,530,4267,-141,347,692
61.03355,157,1276,-1749,530,4265,-141,346,692
61.03405,158,1276,-1749,530,4278,-141,345,692
61.03455,158,1276,-1749,530,4316,-141,345,692
61.03505,158,1276,-1749,530,4317,-141,345,692
61.03555,159,1276,-1749,530,4316,-141,346,692
61.03605,158,1276,-1749,529,4293,-141,346,691
61.03655,158,1277,-1749,530,4262,-141,347,692
61.03705,158,1276,-1749,530,4256,-141,347,692
61.03755,158,1276,-1749,530,4265,-141,347,692
61.03805,158,1276,-1749,530,4274,-141,347,692
61.03855,158,1276,-1749,530,4284,-141,348,692
61.03905,158,1276,-1749,530,4289,-141,348,692
61.03955,158,1276,-1749,530,4290,-141,348,692
61.04005,158,1277,-1749,530,4287,-141,349,692
61.04055,158,1276,-1749,530,4283,-141,348,692
61.04105,158,1276,-1749,530,4280,-141,349,692
61.04155,157,1277,-1749,530,4275,-141,349,692
61.04205,156,1278,-1749,530,4271,-141,349,692
61.04255,156,1279,-1749,530,4267,-141,348,692
61.04305,155,1279,-1749,529,4262,-141,349,692
61.04355,155,1279,-1749,530,4256,-141,349,692
61.04405,155,1279,-1749,530,4269,-140,349,692
61.04455,156,1278,-1749,530,4304,-140,348,692
61.04505,156,1278,-1749,530,4298,-141,349,692
61.04555,156,1278,-1749,530,4286,-141,349,692
61.04605,157,1278,-1749,529,4254,-141,349,692
61.04655,157,1278,-1749,530,4224,-141,349,692
61.04705,157,1278,-1749,530,4222,-141,349,692
61.04755,157,1278,-1749,529,4226,-141,349,692
61.04805,157,1277,-1749,530,4233,-141,349,692
61.04855,157,1277,-1749,530,4237,-141,349,692
61.04915,157,1277,-1749,530,4239,-141,349,692
61.04965,157,1277,-1749,530,4241,-141,349,692
61.05015,157,1277,-1750,530,4241,-141,350,692
61.05065,158,1278,-1749,530,4242,-141,349,692
61.05115,157,1277,-1749,530,4241,-141,350,692
61.05165,157,1278,-1749,530,4239,-141,349,692
61.05215,157,1277,-1749,530,4236,-141,350,692
61.05265,157,1278,-1749,530,4239,-141,349,692
61.05315,157,1278,-1749,530,4242,-141,349,692
61.05365,157,1278,-1749,530,4240,-141,350,692
61.05415,157,1278,-1749,530,4255,-141,349,692
61.05465,157,1278,-1749,530,4292,-140,349,692
61.05515,157,1278,-1749,530,4291,-141,350,692
61.05565,157,1278,-1749,530,4283,-141,350,692
61.05615,157,1278,-1749,530,4253,-141,350,692
61.05665,157,1278,-1749,530,4226,-141,350,692
61.05715,157,1278,-1749,530,4225,-141,350,691
61.05765,157,1278,-1749,530,4227,-141,350,692
61.05815,157,1278,-1749,530,4230,-141,350,691
61.05865,157,1278,-1749,530,4237,-141,350,691
61.05915,157,1278,-1749,530,4234,-141,350,692
61.05965,157,1278,-1749,530,4230,-141,350,691
61.06015,157,1278,-1749,530,4234,-141,350,692
61.06065,157,1278,-1749,530,4234,-141,350,691
61.06115,157,1278,-1749,530,4239,-141,350,692
61.06165,157,1278,-1749,530,4236,-141,350,691
61.06215,157,1278,-1749,530,4238,-141,350,692
61.06265,157,1277,-1750,530,4236,-141,350,693
61.06315,157,1278,-1749,530,4235,-141,350,692
61.06365,157,1278,-1749,530,4227,-141,350,693
61.06415,158,1278,-1749,530,4247,-140,349,693
61.06465,158,1278,-1749,530,4274,-141,350,693
61.06515,157,1278,-1749,530,4267,-141,350,692
61.06565,158,1278,-1749,530,4258,-141,350,692
61.06615,157,1278,-1749,530,4234,-141,350,692
61.06665,156,1279,-1749,530,4215,-141,350,692
61.06715,156,1279,-1749,530,4215,-141,350,692
61.06765,156,1279,-1749,530,4215,-141,350,692
61.06815,157,1278,-1749,530,4218,-141,350,692
61.06865,157,1278,-1749,530,4222,-141,350,692
61.06915,157,1278,-1750,530,4226,-141,350,692
61.06965,157,1278,-1749,530,4228,-141,350,692
61.07015,157,1278,-1749,530,4229,-141,350,692
61.07065,157,1278,-1749,530,4228,-141,350,692
61.07115,157,1278,-1749,530,4228,-141,350,692
61.07165,157,1278,-1749,530,4230,-141,350,692
61.07215,157,1278,-1749,530,4231,-142,350,692
61.07265,157,1279,-1749,530,4234,-142,350,692
61.07315,157,1279,-1749,530,4238,-142,350,692
61.07365,157,1278,-1749,530,4236,-142,350,691
61.07415,157,1279,-1749,531,4256,-141,349,692
61.07465,157,1279,-1749,530,4276,-141,349,692
61.07515,156,1279,-1749,530,4271,-141,350,692
61.07565,156,1279,-1749,530,4261,-141,350,692
61.07615,156,1278,-1749,530,4227,-142,350,692
61.07665,156,1278,-1749,530,4202,-142,350,692
61.07715,156,1278,-1749,530,4195,-141,350,692
61.07765,156,1278,-1749,530,4195,-141,350,692
61.07815,157,1279,-1749,530,4201,-142,350,691
61.07865,157,1279,-1749,530,4208,-141,350,691
61.07915,156,1279,-1750,530,4208,-142,350,692
61.07965,157,1279,-1749,530,4208,-142,350,692
61.08015,157,1279,-1750,530,4215,-142,350,691
61.08065,157,1279,-1749,530,4216,-141,350,691
61.08115,157,1279,-1749,530,4212,-141,350,691
61.08165,157,1279,-1749,530,4212,-142,350,691
61.08215,158,1278,-1749,530,4214,-142,350,691
61.08265,157,1279,-1749,530,4216,-142,350,691
61.08315,158,1279,-1749,530,4218,-142,350,691
61.08365,158,1279,-1749,530,4217,-142,350,691
61.08415,158,1279,-1749,531,4243,-141,349,692
61.08465,158,1279,-1749,530,4268,-141,349,691
61.08515,158,1279,-1749,531,4263,-141,349,691
61.08565,158,1279,-1749,531,4245,-141,350,691
61.08615,157,1279,-1749,531,4211,-141,350,691
61.08665,158,1279,-1749,530,4194,-142,350,691
61.08715,158,1279,-1749,530,4197,-142,350,691
61.08765,157,1279,-1749,531,4205,-142,350,691
61.08815,158,1279,-1749,531,4216,-142,350,691
61.08865,158,1279,-1749,530,4220,-142,349,691
61.08915,158,1279,-1749,531,4222,-142,350,691
61.08965,157,1279,-1749,530,4222,-142,349,691
61.09015,157,1279,-1749,530,4222,-142,350,691
61.09065,157,1279,-1749,531,4221,-142,350,692
61.09115,157,1279,-1749,530,4220,-142,350,691
61.09165,157,1279,-1749,530,4219,-142,350,692
61.09215,157,1279,-1749,530,4215,-142,349,692
61.09265,157,1279,-1749,530,4221,-142,350,692
61.09315,157,1279,-1749,530,4222,-142,350,692
61.09365,157,1279,-1749,530,4218,-142,349,692
61.09415,157,1279,-1749,531,4246,-142,349,692
61.09465,157,1279,-1749,530,4268,-142,349,691
61.09515,157,1279,-1749,531,4260,-142,349,692
61.09565,157,1279,-1749,530,4243,-142,349,691
61.09615,157,1279,-1749,530,4209,-143,350,691
61.09665,157,1279,-1749,530,4184,-142,350,691
61.09715,157,1279,-1749,531,4184,-143,350,692
61.09765,157,1279,-1749,530,4188,-142,349,691
61.09815,157,1279,-1749,531,4201,-142,349,691
61.098648,158,1279,-1749,530,4203,-142,349,691
61.09915,158,1279,-1749,530,4202,-142,349,691
61.09965,158,1279,-1749,530,4201,-142,349,691
61.10015,158,1279,-1749,530,4203,-142,349,691
61.10065,158,1279,-1749,530,4206,-142,349,691
61.10115,157,1279,-1749,530,4208,-142,349,691
61.10165,157,1279,-1749,530,4208,-142,349,691
61.10215,158,1279,-1749,530,4210,-142,349,691
61.10265,158,1279,-1749,530,4211,-142,349,691
61.10315,158,1279,-1749,530,4210,-142,348,691
61.10365,158,1279,-1749,530,4206,-142,349,691
61.10415,158,1279,-1748,531,4238,-142,348,692
61.10465,158,1279,-1749,530,4262,-142,348,691
61.10515,158,1279,-1749,530,4258,-142,349,691
61.10565,158,1279,-1748,530,4241,-143,349,691
61.10615,158,1279,-1748,530,4205,-143,350,691
61.10665,158,1279,-1749,530,4191,-143,350,691
61.10715,158,1279,-1748,530,4195,-143,350,691
61.10765,158,1279,-1749,531,4201,-143,351,691
61.10815,158,1279,-1749,530,4205,-143,351,691
61.10865,158,1279,-1748,530,4210,-143,351,691
61.10915,158,1279,-1749,530,4214,-143,351,691
61.10965,158,1279,-1748,531,4216,-143,351,691
61.11015,158,1279,-1749,530,4217,-143,351,691
61.11065,158,1279,-1749,530,4218,-143,351,691
61.11125,158,1279,-1749,530,4218,-143,351,691
61.11175,158,1279,-1749,530,4217,-143,351,691
61.11225,158,1279,-1749,530,4217,-143,350,691
61.11275,159,1279,-1749,530,4217,-143,350,691
61.11325,159,1279,-1749,531,4217,-143,350,691
61.11375,159,1279,-1749,531,4215,-143,349,691
61.11425,159,1279,-1749,532,4250,-142,349,692
61.11475,159,1279,-1749,532,4265,-143,349,691
61.11525,159,1279,-1749,532,4261,-142,350,692
61.11575,159,1279,-1749,531,4239,-143,350,692
61.11625,159,1279,-1749,531,4202,-142,350,692
61.11675,159,1279,-1749,531,4185,-142,349,692
61.11725,159,1279,-1748,531,4180,-142,349,693
61.11775,159,1279,-1749,531,4182,-142,349,692
61.11825,159,1279,-1748,530,4183,-142,349,692
61.11875,159,1279,-1748,529,4193,-143,349,692
61.11925,159,1279,-1748,529,4202,-143,349,691
61.11975,159,1279,-1748,529,4206,-143,349,691
61.12025,159,1280,-1748,530,4205,-142,349,691
61.12075,158,1279,-1749,530,4207,-143,349,692
61.12125,158,1279,-1750,531,4214,-142,349,691
61.12175,158,1280,-1750,532,4222,-143,350,691
61.12225,157,1279,-1749,531,4222,-142,349,691
61.12275,156,1280,-1749,531,4224,-142,350,691
61.12325,156,1280,-1748,531,4225,-142,349,692
61.12375,157,1279,-1749,531,4228,-143,349,691
61.12425,157,1279,-1748,531,4269,-142,349,692
61.12475,157,1279,-1748,530,4274,-142,350,692
61.12525,158,1279,-1748,530,4269,-143,349,692
61.12575,157,1279,-1749,530,4248,-142,349,691
61.12625,158,1279,-1749,530,4211,-143,350,691
61.12675,158,1279,-1749,531,4197,-143,349,691
61.12725,158,1279,-1749,531,4203,-142,349,692
61.12775,158,1279,-1748,530,4214,-143,349,692
61.12825,158,1279,-1748,530,4229,-142,349,692
61.12875,158,1279,-1748,530,4233,-143,349,691
61.12925,158,1279,-1748,530,4233,-143,349,691
61.12975,158,1279,-1748,530,4229,-143,348,691
61.13025,158,1279,-1749,530,4229,-143,348,691
61.13075,158,1279,-1749,530,4231,-143,348,691
61.13125,158,1279,-1748,530,4230,-143,348,692
61.13175,158,1279,-1748,529,4230,-143,348,692
61.13225,158,1279,-1748,529,4237,-143,348,691
61.13275,158,1279,-1748,530,4242,-143,348,691
61.13325,158,1279,-1748,530,4240,-143,348,691
61.13375,158,1279,-1749,531,4244,-143,349,691
61.13425,158,1279,-1749,532,4283,-142,348,692
61.13475,158,1279,-1749,531,4292,-143,349,691
61.13525,158,1279,-1749,531,4290,-142,349,691
61.13575,158,1279,-1749,531,4267,-143,349,691
61.13625,158,1279,-1749,531,4233,-143,350,691
61.13675,158,1279,-1749,531,4224,-142,349,691
61.13725,158,1279,-1748,530,4231,-143,349,691
61.13775,158,1279,-1748,530,4240,-143,350,691
61.13825,158,1278,-1747,530,4250,-143,350,691
61.13875,159,1279,-1746,530,4257,-143,350,691
61.13925,159,1279,-1747,530,4258,-143,350,690
61.13975,159,1279,-1748,530,4257,-143,350,691
61.14025,159,1278,-1748,530,4263,-143,350,691
61.14075,159,1278,-1748,531,4263,-143,350,691
61.14125,159,1279,-1748,530,4261,-142,350,691
61.14175,158,1278,-1748,531,4261,-143,351,691
61.14225,159,1279,-1748,531,4260,-143,350,691
61.14275,159,1278,-1748,531,4260,-143,350,691
61.14325,159,1279,-1747,531,4258,-143,350,691
61.14375,159,1279,-1747,531,4263,-143,350,691
61.14425,159,1279,-1748,531,4301,-142,349,691
61.14475,159,1279,-1748,531,4305,-143,350,691
61.14525,159,1279,-1748,530,4295,-142,350,691
61.14575,160,1279,-1748,530,4271,-143,350,691
61.14625,159,1278,-1747,530,4239,-143,350,691
61.14675,159,1278,-1747,530,4231,-143,350,691
61.14725,159,1279,-1747,531,4236,-143,350,691
61.14775,159,1279,-1748,531,4244,-143,350,691
61.14825,159,1279,-1748,531,4251,-143,350,691
61.14875,159,1279,-1748,532,4256,-143,350,691
61.14925,159,1279,-1748,531,4258,-143,350,691
61.14975,158,1279,-1748,531,4260,-143,350,691
61.15025,158,1279,-1748,531,4262,-143,350,691
61.15075,158,1279,-1747,531,4263,-143,350,691
61.15125,159,1279,-1747,531,4264,-143,350,691
61.15175,158,1278,-1747,531,4265,-143,350,691
61.15225,159,1278,-1748,531,4265,-143,350,691
61.15275,158,1278,-1747,531,4266,-143,350,691
61.15325,159,1278,-1748,531,4266,-143,350,691
61.15375,159,1279,-1747,530,4275,-143,350,691
61.15425,159,1278,-1748,530,4313,-143,349,691
61.15475,159,1279,-1747,529,4317,-143,350,691
61.15525,159,1278,-1748,529,4312,-143,350,691
61.15575,159,1278,-1748,529,4289,-143,349,691
61.15625,159,1278,-1748,529,4259,-143,349,691
61.15675,159,1278,-1748,530,4251,-143,349,691
61.15725,159,1278,-1748,530,4248,-143,349,691
61.15775,159,1278,-1748,530,4256,-143,349,691
61.15825,159,1278,-1747,530,4260,-143,349,691
61.15875,159,1278,-1747,530,4263,-143,349,691
61.15925,159,1278,-1747,530,4266,-143,349,691
61.159748,159,1278,-1747,530,4267,-143,349,690
61.16025,159,1278,-1747,530,4267,-143,349,690
61.16075,159,1279,-1747,530,4271,-143,349,690
61.16125,159,1278,-1747,530,4272,-143,349,690
61.16175,159,1279,-1747,530,4271,-143,349,690
61.16225,159,1278,-1747,530,4270,-143,349,690
61.16275,159,1278,-1748,531,4269,-143,349,690
61.16325,159,1278,-1748,530,4265,-143,350,690
61.16375,159,1278,-1748,531,4271,-143,349,690
61.16425,159,1279,-1748,531,4307,-143,350,690
61.16475,159,1279,-1749,531,4308,-143,350,690
61.16525,159,1278,-1748,531,4297,-143,350,690
61.16575,159,1278,-1749,531,4268,-143,350,690
61.16625,159,1279,-1749,531,4241,-143,350,690
61.16675,159,1278,-1749,531,4237,-143,350,690
61.16725,159,1278,-1749,531,4245,-142,350,691
61.16775,159,1278,-1749,532,4253,-143,350,691
61.16825,159,1278,-1749,532,4255,-142,350,692
61.16875,159,1278,-1749,532,4257,-143,350,692
61.16925,159,1278,-1749,531,4265,-142,350,692
61.16975,159,1278,-1749,531,4269,-143,350,691
61.17025,159,1278,-1749,530,4269,-143,350,691
61.17075,159,1278,-1748,530,4265,-143,350,691
61.17125,159,1278,-1746,529,4263,-143,350,691
61.17175,159,1278,-1744,529,4264,-143,350,691
61.17225,159,1278,-1743,530,4270,-143,351,691
61.17275,159,1278,-1745,530,4273,-143,351,691
61.17335,159,1278,-1746,531,4271,-143,351,691
61.17385,159,1278,-1747,532,4283,-142,350,691
61.17435,159,1278,-1747,531,4315,-142,351,691
61.17485,159,1279,-1746,531,4313,-143,351,691
61.17535,159,1278,-1747,532,4304,-142,351,691
61.17585,158,1278,-1747,532,4275,-143,351,691
61.17635,158,1278,-1747,532,4245,-142,351,691
61.17685,158,1279,-1747,532,4234,-143,350,690
61.17735,158,1278,-1747,531,4238,-143,350,690
61.17785,158,1278,-1748,530,4251,-142,349,690
61.17835,158,1278,-1748,530,4257,-143,349,691
61.17885,158,1278,-1747,530,4260,-142,349,691
61.17935,159,1278,-1748,531,4252,-142,349,691
61.17985,159,1278,-1748,531,4246,-143,349,691
61.18035,159,1278,-1748,531,4248,-143,349,691
61.18085,159,1277,-1748,531,4251,-143,349,691
61.18135,159,1277,-1747,531,4252,-142,349,691
61.18185,159,1277,-1746,530,4253,-142,349,691
61.18235,159,1277,-1746,530,4256,-142,349,691
61.18285,159,1277,-1746,529,4258,-143,349,691
61.18335,159,1277,-1746,529,4256,-142,349,691
61.18385,159,1278,-1746,530,4269,-142,348,691
61.18435,159,1277,-1747,529,4303,-142,348,691
61.18485,159,1277,-1747,529,4302,-142,349,691
61.18535,159,1278,-1747,529,4290,-143,349,691
61.18585,159,1278,-1747,529,4261,-142,349,691
61.18635,159,1278,-1748,531,4237,-143,349,691
61.18685,159,1278,-1747,531,4235,-142,349,691
61.18735,159,1278,-1747,532,4243,-142,349,691
61.18785,159,1278,-1747,532,4251,-142,349,692
61.18835,159,1277,-1748,532,4259,-142,348,691
61.18885,159,1278,-1747,531,4268,-142,349,691
61.18935,159,1278,-1747,531,4266,-142,348,691
61.18985,159,1277,-1747,531,4264,-142,349,692
61.19035,159,1277,-1747,531,4265,-142,348,692
61.19085,159,1277,-1747,532,4269,-142,349,691
61.19135,159,1277,-1747,532,4269,-142,349,692
61.19185,159,1277,-1747,532,4263,-142,349,692
61.19235,159,1277,-1746,532,4265,-142,349,692
61.19285,159,1277,-1745,532,4266,-142,349,691
61.19335,159,1277,-1745,533,4263,-142,349,691
61.19385,159,1277,-1746,533,4273,-142,349,692
61.19435,160,1277,-1747,533,4302,-142,349,691
61.19485,160,1277,-1747,533,4303,-142,349,691
61.19535,160,1277,-1748,533,4291,-142,349,691
61.19585,160,1276,-1748,532,4259,-142,349,691
61.19635,160,1277,-1748,531,4234,-142,349,691
61.19685,160,1277,-1748,530,4229,-142,349,691
61.19735,159,1277,-1747,529,4230,-142,349,691
61.19785,159,1276,-1747,530,4240,-142,349,692
61.19835,159,1277,-1747,530,4246,-142,349,691
61.19885,159,1277,-1747,530,4257,-142,348,692
61.19935,159,1277,-1746,530,4260,-142,349,692
61.19985,159,1277,-1746,530,4267,-142,349,691
61.20035,158,1277,-1745,530,4269,-142,349,691
61.20085,159,1277,-1745,530,4265,-142,348,691
61.20135,159,1277,-1745,530,4265,-142,349,691
61.20185,159,1277,-1745,530,4269,-142,349,691
61.20235,159,1277,-1745,529,4271,-142,349,691
61.20285,159,1276,-1746,530,4274,-142,349,691
61.20335,159,1277,-1746,530,4271,-142,349,691
61.20385,160,1277,-1747,531,4291,-142,349,691
61.20435,160,1276,-1747,531,4321,-142,349,691
61.20485,160,1277,-1747,531,4317,-142,349,691
61.20535,160,1276,-1747,531,4304,-142,349,691
61.20585,159,1276,-1747,530,4272,-142,350,691
61.20635,160,1276,-1747,531,4251,-142,350,691
61.20685,160,1277,-1747,532,4250,-142,349,691
61.20735,160,1276,-1747,532,4257,-142,349,691
61.20785,160,1276,-1746,531,4266,-142,349,691
61.20835,160,1276,-1746,531,4270,-142,349,691
61.20885,159,1276,-1746,531,4270,-142,349,690
61.20935,159,1276,-1746,531,4270,-142,349,691
61.20985,160,1276,-1746,531,4273,-142,349,691
61.21035,159,1277,-1745,531,4269,-142,350,691
61.21085,159,1277,-1746,530,4267,-142,349,691
61.21135,159,1277,-1747,530,4266,-142,350,692
61.21185,158,1277,-1747,531,4267,-142,349,692
61.21235,158,1277,-1748,531,4279,-142,349,691
61.21285,158,1278,-1747,532,4282,-142,349,691
61.21335,158,1277,-1747,532,4276,-141,349,692
61.21385,158,1277,-1747,533,4295,-141,349,692
61.21435,158,1277,-1747,533,4325,-141,349,692
61.21485,158,1277,-1746,532,4321,-142,349,692
61.21535,158,1277,-1745,531,4311,-142,349,691
61.21585,158,1277,-1745,528,4282,-142,349,691
61.21635,158,1277,-1745,528,4259,-142,348,691
61.21685,159,1276,-1744,528,4256,-142,349,691
61.21735,159,1276,-1745,529,4265,-142,349,691
61.21785,159,1276,-1745,529,4276,-142,349,691
61.21835,159,1276,-1746,530,4284,-142,350,691
61.21885,159,1276,-1745,531,4288,-142,349,691
61.21935,159,1277,-1745,531,4287,-142,349,691
61.21985,159,1276,-1746,531,4288,-142,349,691
61.22035,159,1277,-1746,531,4293,-142,349,691
61.220848,159,1277,-1746,531,4298,-142,349,691
61.22135,159,1276,-1746,530,4303,-142,349,692
61.22185,159,1277,-1746,530,4306,-142,349,691
61.22235,159,1277,-1747,530,4311,-142,349,691
61.22285,159,1277,-1747,530,4308,-142,349,691
61.22335,159,1277,-1748,531,4302,-142,350,691
61.22385,159,1277,-1749,531,4326,-141,349,691
61.22435,159,1277,-1749,531,4345,-142,349,691
61.22485,159,1276,-1749,530,4338,-142,349,691
61.22535,159,1277,-1746,530,4321,-142,349,691
61.22585,159,1277,-1744,530,4283,-142,350,691
61.22635,159,1277,-1744,531,4264,-142,350,691
61.22685,160,1277,-1745,532,4263,-142,349,691
61.22735,159,1276,-1745,532,4272,-142,349,691
61.22785,159,1276,-1746,532,4282,-142,349,691
61.22835,159,1276,-1745,532,4288,-142,349,691
61.22885,159,1276,-1745,532,4293,-142,349,691
61.22935,159,1276,-1746,533,4293,-142,349,691
61.22985,158,1277,-1746,534,4291,-142,349,690
61.23035,159,1277,-1747,534,4292,-142,349,691
61.23085,158,1277,-1747,533,4296,-142,349,691
61.23135,159,1277,-1746,532,4293,-142,349,691
61.23185,159,1277,-1745,529,4291,-142,349,691
61.23235,159,1277,-1744,528,4292,-142,349,691
61.23285,159,1277,-1744,529,4293,-142,349,691
61.23335,159,1277,-1744,529,4293,-142,349,691
61.23385,159,1277,-1745,530,4327,-142,349,691
61.23435,159,1277,-1745,530,4348,-142,349,690
61.23485,159,1277,-1745,530,4344,-142,349,691
61.23535,158,1277,-1745,531,4334,-142,349,691
61.23595,159,1277,-1745,531,4295,-142,350,690
61.23645,159,1277,-1744,532,4276,-142,350,691
61.23695,159,1277,-1745,532,4279,-142,350,691
61.23745,159,1277,-1745,532,4277,-142,350,691
61.23795,159,1277,-1745,533,4286,-142,350,691
61.23845,159,1276,-1746,532,4291,-142,350,691
61.23895,159,1277,-1745,532,4294,-142,350,691
61.23945,159,1277,-1745,532,4298,-142,350,691
61.23995,159,1277,-1746,532,4298,-142,350,691
61.24045,159,1277,-1746,533,4298,-142,350,691
61.24095,159,1277,-1746,533,4297,-142,350,691
61.24145,159,1277,-1746,533,4295,-143,350,692
61.24195,159,1277,-1746,531,4293,-143,349,692
61.24245,159,1277,-1746,530,4297,-143,349,692
61.24295,159,1277,-1745,530,4296,-143,348,692
61.24345,159,1277,-1744,530,4291,-143,348,692
61.24395,159,1277,-1744,531,4323,-142,347,692
61.24445,160,1277,-1744,530,4338,-142,348,692
61.24495,160,1277,-1744,529,4328,-143,347,691
61.24545,159,1277,-1744,528,4305,-142,348,691
61.24595,159,1277,-1744,527,4264,-142,348,691
61.24645,159,1277,-1744,527,4250,-142,348,691
61.24695,159,1277,-1744,527,4253,-142,348,691
61.24745,159,1277,-1745,527,4260,-142,348,691
61.24795,159,1277,-1745,528,4268,-142,348,691
61.24845,159,1277,-1745,529,4272,-142,349,691
61.24895,159,1277,-1746,529,4274,-142,349,692
61.24945,159,1277,-1746,529,4277,-142,349,691
61.24995,159,1277,-1746,530,4284,-141,349,691
61.25045,159,1277,-1745,530,4281,-141,348,691
61.25095,159,1277,-1745,529,4279,-141,349,691
61.25145,159,1278,-1745,530,4278,-141,348,691
61.25195,159,1277,-1745,531,4279,-141,348,691
61.25245,159,1277,-1745,531,4284,-142,347,691
61.25295,159,1277,-1745,531,4286,-141,347,691
61.25345,159,1277,-1745,531,4290,-141,347,691
61.25395,159,1277,-1745,530,4326,-142,347,691
61.25445,158,1278,-1745,529,4336,-142,347,692
61.25495,158,1278,-1744,528,4332,-142,347,691
61.25545,158,1278,-1745,528,4320,-142,347,691
61.25595,158,1278,-1745,528,4283,-142,347,691
61.25645,158,1278,-1745,529,4268,-142,347,691
61.25695,158,1277,-1745,529,4270,-142,347,692
61.25745,158,1277,-1745,530,4279,-141,348,692
61.25795,158,1277,-1744,529,4290,-141,348,692
61.25845,158,1277,-1744,529,4293,-142,348,692
61.25895,159,1277,-1744,529,4291,-141,348,692
61.25945,158,1277,-1744,529,4285,-142,348,692
61.25995,159,1277,-1744,530,4285,-142,348,691
61.26045,159,1277,-1745,530,4286,-142,348,692
61.26095,159,1277,-1745,530,4280,-142,348,691
61.26145,159,1278,-1745,530,4281,-142,348,692
61.26195,159,1277,-1745,531,4277,-142,349,691
61.26245,158,1277,-1745,531,4278,-142,349,691
61.26295,159,1277,-1745,531,4273,-142,349,691
61.26345,159,1277,-1745,531,4273,-142,349,692
61.26395,159,1277,-1745,531,4305,-142,350,692
61.26445,159,1278,-1745,531,4315,-142,350,692
61.26495,159,1278,-1745,530,4311,-142,350,692
61.26545,159,1277,-1745,530,4287,-142,350,691
61.26595,159,1278,-1745,529,4251,-142,350,691
61.26645,159,1278,-1745,529,4239,-141,350,692
61.26695,159,1277,-1745,528,4243,-142,350,692
61.26745,159,1277,-1745,528,4261,-142,350,692
61.26795,159,1277,-1745,529,4270,-141,349,692
61.26845,159,1277,-1745,529,4273,-142,350,691
61.26895,159,1277,-1745,529,4275,-142,349,692
61.26945,160,1277,-1746,530,4272,-142,350,691
61.26995,159,1277,-1746,531,4275,-142,349,691
61.27045,160,1277,-1747,531,4273,-141,350,691
61.27095,160,1277,-1747,531,4272,-141,350,691
61.27145,160,1277,-1746,531,4275,-141,350,691
61.27195,159,1277,-1745,530,4277,-142,350,691
61.27245,160,1277,-1744,530,4279,-142,350,691
61.27295,160,1277,-1744,530,4280,-141,350,691
61.27345,159,1277,-1744,531,4286,-141,349,691
61.27395,160,1277,-1744,532,4322,-141,349,691
61.27445,159,1277,-1744,531,4324,-142,349,691
61.27495,160,1277,-1744,532,4313,-142,350,691
61.27545,160,1277,-1744,531,4289,-141,350,691
61.27595,159,1277,-1745,531,4255,-142,350,691
61.27645,160,1277,-1745,530,4246,-142,349,691
61.27695,159,1277,-1745,530,4245,-141,350,691
61.27745,160,1277,-1745,530,4249,-141,349,691
61.27795,159,1278,-1744,529,4257,-141,349,691
61.27845,159,1277,-1744,529,4260,-142,349,691
61.27895,158,1279,-1744,528,4263,-141,349,692
61.27945,157,1278,-1744,528,4266,-141,349,691
61.27995,157,1278,-1744,528,4269,-141,349,691
61.28045,157,1278,-1744,529,4262,-141,349,691
61.28095,158,1277,-1744,528,4260,-141,349,691
61.28145,158,1277,-1744,529,4259,-141,349,691
61.281948,158,1277,-1744,529,4260,-141,349,691
61.28245,158,1277,-1744,530,4260,-142,349,691
61.28295,158,1277,-1744,529,4256,-142,349,691
61.28345,159,1278,-1744,530,4262,-142,349,691
61.28395,158,1278,-1744,529,4299,-141,349,691
61.28445,158,1278,-1744,529,4303,-142,349,691
61.28495,158,1278,-1744,529,4293,-142,349,690
61.28545,158,1278,-1744,529,4265,-142,349,691
61.28595,158,1278,-1746,529,4239,-142,349,691
61.28645,158,1278,-1746,530,4230,-141,349,690
61.28695,158,1278,-1746,530,4236,-141,349,691
61.28745,158,1278,-1745,530,4249,-141,349,690
61.28795,158,1278,-1744,530,4252,-142,349,691
61.28845,158,1278,-1743,530,4259,-142,349,691
61.28895,159,1277,-1743,530,4261,-141,349,691
61.28945,159,1278,-1743,529,4262,-141,349,692
61.28995,158,1277,-1744,530,4262,-141,349,692
61.29045,159,1277,-1744,530,4265,-140,349,692
61.29095,158,1278,-1744,529,4263,-140,349,692
61.29145,159,1278,-1744,529,4259,-141,349,692
61.29195,158,1278,-1744,529,4261,-141,349,691
61.29245,158,1278,-1745,528,4261,-141,349,691
61.29295,158,1278,-1744,529,4251,-141,349,691
61.29345,158,1278,-1744,529,4258,-140,349,691
61.29395,158,1278,-1744,530,4293,-141,349,692
61.29445,158,1278,-1744,529,4295,-141,349,692
61.29495,158,1278,-1743,529,4293,-141,350,691
61.29545,158,1278,-1743,529,4267,-141,350,691
61.29605,158,1278,-1744,529,4233,-141,351,691
61.29655,158,1278,-1744,529,4221,-141,350,691
61.29705,158,1278,-1744,529,4221,-141,350,691
61.29755,158,1278,-1743,529,4229,-141,350,691
61.29805,159,1277,-1744,529,4233,-141,350,691
61.29855,158,1277,-1744,529,4238,-141,349,691
61.29905,159,1277,-1745,529,4239,-141,349,691
61.29955,159,1277,-1745,529,4238,-140,349,691
61.30005,159,1277,-1744,529,4243,-141,349,691
61.30055,159,1277,-1744,529,4247,-141,349,691
61.30105,158,1277,-1744,529,4248,-141,348,691
61.30155,159,1277,-1744,529,4249,-141,348,691
61.30205,158,1277,-1744,529,4249,-141,347,691
61.30255,159,1277,-1744,529,4249,-141,347,691
61.30305,159,1277,-1744,529,4248,-140,347,691
61.30355,159,1277,-1744,530,4259,-141,346,691
61.30405,159,1276,-1744,530,4293,-141,347,691
61.30455,159,1277,-1744,529,4292,-141,347,691
61.30505,159,1277,-1744,530,4285,-140,348,691
61.30555,159,1277,-1744,529,4255,-141,349,691
61.30605,159,1277,-1744,530,4224,-141,349,691
61.30655,158,1277,-1744,530,4218,-141,349,691
61.30705,159,1277,-1744,530,4221,-140,349,690
61.30755,158,1277,-1744,530,4231,-141,349,691
61.30805,159,1277,-1743,529,4241,-141,349,691
61.30855,158,1277,-1744,530,4239,-141,349,691
61.30905,158,1277,-1744,530,4238,-140,349,691
61.30955,158,1277,-1744,530,4237,-141,349,691
61.31005,158,1277,-1744,530,4236,-140,349,691
61.31055,158,1277,-1744,530,4235,-141,349,691
61.31105,158,1277,-1744,529,4235,-140,349,691
61.31155,158,1277,-1744,529,4234,-140,349,691
61.31205,158,1276,-1744,529,4233,-140,349,691
61.31255,158,1276,-1744,529,4233,-140,349,691
61.31305,158,1277,-1744,529,4230,-140,349,691
61.31355,158,1276,-1744,530,4243,-140,349,691
61.31405,158,1276,-1744,530,4274,-140,349,691
61.31455,159,1277,-1744,529,4271,-140,349,691
61.31505,158,1276,-1744,530,4263,-140,349,691
61.31555,158,1277,-1744,529,4234,-140,349,691
61.31605,158,1276,-1744,529,4208,-140,349,691
61.31655,158,1276,-1744,530,4204,-140,348,691
61.31705,158,1276,-1744,529,4205,-140,348,691
61.31755,158,1276,-1744,529,4211,-140,348,691
61.31805,159,1276,-1744,529,4219,-140,348,691
61.31855,158,1276,-1744,529,4221,-140,348,691
61.31905,159,1277,-1743,529,4224,-140,348,691
61.31955,158,1276,-1744,529,4227,-141,348,690
61.32005,158,1276,-1744,529,4228,-140,348,690
61.32055,158,1276,-1744,529,4233,-141,348,690
61.32105,158,1276,-1744,529,4233,-140,348,690
61.32155,158,1276,-1744,529,4233,-140,348,690
61.32205,158,1276,-1744,529,4233,-140,348,691
61.32255,158,1276,-1743,529,4232,-140,348,690
61.32305,158,1277,-1744,529,4223,-140,348,691
61.32355,158,1276,-1743,530,4239,-140,348,691
61.32405,158,1276,-1744,531,4270,-140,348,690
61.32455,158,1276,-1744,530,4265,-140,348,691
61.32505,158,1276,-1743,530,4260,-140,348,690
61.32555,158,1276,-1743,529,4227,-141,348,690
61.32605,158,1276,-1743,529,4198,-140,348,691
61.32655,158,1276,-1744,529,4192,-140,348,691
61.32705,158,1276,-1743,529,4189,-140,348,691
61.32755,158,1276,-1743,529,4197,-140,348,691
61.32805,158,1276,-1744,529,4205,-139,348,691
61.32855,158,1276,-1743,530,4210,-140,348,691
61.32905,158,1276,-1744,530,4214,-140,348,691
61.32955,158,1276,-1744,530,4213,-140,348,691
61.33005,158,1276,-1744,530,4212,-139,348,692
61.33055,158,1276,-1745,530,4211,-140,348,691
61.33105,158,1276,-1745,530,4211,-140,348,691
61.33155,158,1276,-1745,530,4206,-140,348,692
61.33205,158,1276,-1744,529,4209,-140,348,691
61.33255,158,1275,-1745,529,4215,-140,348,691
61.33305,158,1276,-1744,529,4210,-140,348,691
61.33355,158,1276,-1744,530,4228,-140,348,691
61.33405,158,1276,-1743,529,4257,-140,348,691
61.33455,158,1275,-1742,529,4251,-140,347,691
61.33505,158,1275,-1742,529,4241,-140,348,691
61.33555,158,1276,-1742,529,4209,-140,348,691
61.33605,158,1276,-1743,529,4184,-140,348,691
61.33655,158,1275,-1743,529,4182,-140,348,691
61.33705,158,1275,-1743,529,4182,-140,348,691
61.33755,158,1275,-1743,530,4192,-140,348,691
61.33805,158,1275,-1743,530,4200,-140,349,691
61.33855,158,1275,-1743,529,4202,-140,348,691
61.33905,158,1275,-1743,530,4203,-140,349,691
61.33955,158,1275,-1744,529,4206,-140,349,691
61.34005,158,1275,-1744,530,4210,-139,349,691
61.34055,158,1275,-1744,529,4211,-140,349,691
61.34105,158,1275,-1744,529,4209,-140,349,691
61.34155,158,1275,-1744,529,4207,-140,349,691
61.34205,158,1275,-1743,529,4203,-140,349,691
61.34255,158,1275,-1743,529,4202,-140,349,691
61.34305,158,1275,-1743,529,4198,-140,349,691
61.34355,158,1275,-1744,530,4219,-140,349,691
61.34405,158,1275,-1744,530,4243,-140,349,690
61.34455,158,1275,-1744,530,4236,-140,349,690
61.34505,158,1275,-1744,531,4231,-140,349,690
61.34555,158,1275,-1744,531,4197,-140,350,690
61.34605,158,1275,-1744,531,4170,-140,350,690
61.34655,158,1275,-1744,531,4167,-140,349,690
61.34705,158,1275,-1743,531,4170,-139,350,691
61.34755,158,1275,-1743,530,4182,-140,349,691
61.34805,158,1275,-1743,530,4182,-140,349,691
61.34855,158,1275,-1743,529,4185,-140,350,691
61.34905,158,1275,-1743,529,4185,-140,350,691
61.34955,158,1275,-1743,529,4189,-139,349,691
61.35005,158,1274,-1743,528,4191,-140,349,691
61.35055,158,1275,-1743,528,4194,-139,349,691
61.35105,158,1275,-1742,528,4195,-139,348,691
61.35155,158,1275,-1742,529,4197,-140,348,691
61.35205,158,1275,-1742,528,4198,-139,348,691
61.35255,158,1275,-1743,529,4199,-140,347,691
61.35305,158,1275,-1743,529,4199,-140,347,691
61.35355,158,1274,-1743,530,4227,-140,347,691
61.35405,158,1275,-1743,530,4250,-140,347,691
61.35455,158,1275,-1743,529,4245,-140,347,690
61.35505,158,1275,-1743,529,4235,-140,347,691
61.35555,158,1275,-1743,529,4206,-140,347,691
61.35605,158,1275,-1743,529,4183,-139,348,691
61.35665,158,1275,-1743,529,4179,-139,348,691
61.35715,158,1275,-1744,529,4179,-139,348,691
61.35765,158,1275,-1744,530,4183,-139,348,692
61.35815,158,1275,-1744,530,4189,-139,348,692
61.35865,158,1275,-1744,529,4195,-139,348,692
61.35915,158,1275,-1743,529,4199,-139,349,692
61.35965,158,1275,-1743,530,4201,-139,349,692
61.36015,158,1275,-1744,530,4199,-139,349,692
61.36065,158,1274,-1744,531,4197,-139,349,691
61.36115,158,1275,-1743,531,4195,-140,349,691
61.36165,158,1275,-1744,530,4189,-139,349,691
61.36215,158,1275,-1743,530,4187,-140,349,691
61.36265,157,1275,-1743,530,4185,-139,348,690
61.36315,157,1275,-1743,529,4179,-139,349,690
61.36365,157,1275,-1743,530,4214,-139,348,691
61.36415,156,1275,-1743,529,4234,-139,348,691
61.36465,156,1275,-1743,529,4219,-139,348,691
61.36515,156,1275,-1743,529,4206,-139,348,691
61.36565,156,1275,-1743,529,4173,-139,349,691
61.36615,157,1275,-1743,529,4152,-139,348,691
61.36665,157,1275,-1743,530,4153,-139,348,692
61.36715,157,1275,-1743,530,4161,-139,348,692
61.36765,157,1275,-1743,530,4179,-139,348,692
61.36815,157,1275,-1743,529,4188,-139,348,692
61.36865,157,1275,-1743,529,4192,-139,348,692
61.36915,157,1275,-1744,530,4193,-139,348,692
61.36965,157,1275,-1744,531,4193,-139,348,692
61.37015,157,1275,-1745,531,4194,-139,348,692
61.37065,157,1274,-1745,532,4193,-139,348,692
61.37115,157,1275,-1745,532,4191,-139,348,692
61.37165,157,1274,-1745,532,4194,-139,348,692
61.37215,157,1275,-1746,532,4199,-139,348,692
61.37265,158,1274,-1746,532,4199,-139,348,692
61.37315,157,1275,-1744,533,4198,-139,348,692
61.37365,158,1274,-1743,532,4232,-138,347,693
61.37415,158,1275,-1742,531,4243,-139,348,693
61.37465,158,1274,-1743,530,4229,-138,349,692
61.37515,157,1274,-1744,529,4212,-139,349,692
61.37565,158,1275,-1744,528,4183,-139,349,692
61.37615,158,1275,-1743,526,4170,-139,348,692
61.37665,158,1274,-1742,526,4169,-139,348,692
61.37715,158,1274,-1741,526,4170,-139,348,692
61.37765,158,1274,-1740,526,4180,-139,347,692
61.37815,158,1274,-1740,527,4184,-139,347,692
61.37865,158,1274,-1741,528,4185,-139,347,692
61.37915,158,1274,-1742,529,4187,-139,347,692
61.37965,158,1275,-1742,530,4189,-139,347,692
61.38015,157,1274,-1743,530,4188,-138,347,692
61.38065,157,1275,-1743,530,4185,-139,348,692
61.38115,157,1275,-1743,530,4183,-139,348,692
61.38165,157,1275,-1744,531,4182,-138,348,692
61.38215,156,1275,-1744,531,4182,-138,348,692
61.38265,156,1274,-1744,531,4182,-138,348,692
61.38315,157,1275,-1744,531,4183,-139,347,692
61.38365,157,1275,-1744,531,4218,-138,347,692
61.38415,157,1275,-1744,531,4227,-138,347,692
61.38465,157,1275,-1744,530,4219,-138,348,692
61.38515,157,1275,-1743,529,4203,-138,348,692
61.38565,157,1275,-1743,528,4168,-139,348,692
61.38615,157,1275,-1743,528,4155,-139,348,692
61.38665,157,1275,-1743,528,4159,-138,347,692
61.38715,157,1275,-1744,528,4167,-139,348,692
61.38765,157,1274,-1744,528,4181,-139,348,692
61.38815,157,1274,-1744,528,4190,-139,349,692
61.38865,157,1274,-1743,529,4197,-139,349,693
61.38915,157,1274,-1744,529,4200,-139,349,692
61.38965,157,1274,-1743,529,4196,-139,349,692
61.39015,157,1275,-1742,528,4196,-138,349,692
61.39065,157,1275,-1740,529,4195,-139,348,692
61.39115,157,1274,-1740,528,4192,-138,349,692
61.39165,157,1274,-1740,529,4188,-138,349,692
61.39215,157,1274,-1741,529,4186,-138,349,692
61.39265,157,1274,-1741,530,4183,-139,349,692
61.39315,157,1274,-1743,530,4185,-138,349,692
61.39365,157,1274,-1742,531,4222,-138,348,691
61.39415,157,1275,-1742,530,4226,-138,348,691
61.39465,157,1275,-1742,530,4213,-138,349,691
61.39515,157,1274,-1741,529,4191,-138,349,691
61.39565,157,1275,-1741,529,4157,-138,348,691
61.39615,158,1275,-1741,529,4145,-138,348,691
61.39665,157,1275,-1742,529,4145,-138,348,691
61.39715,157,1275,-1742,529,4146,-138,348,691
61.39765,157,1275,-1742,529,4149,-138,348,691
61.39815,157,1275,-1742,529,4154,-138,348,691
61.39865,157,1274,-1742,529,4155,-138,348,692
61.39915,158,1275,-1742,529,4160,-138,348,691
61.39965,158,1274,-1742,529,4167,-138,348,692
61.40015,158,1275,-1742,529,4165,-138,348,692
61.40065,158,1274,-1742,529,4168,-138,348,692
61.40115,157,1275,-1742,529,4171,-138,348,692
61.40165,158,1275,-1742,529,4170,-138,348,692
61.40215,157,1275,-1743,530,4169,-138,348,692
61.40265,157,1275,-1743,530,4165,-139,348,693
61.40315,157,1275,-1743,530,4170,-138,348,693
61.40365,157,1275,-1742,530,4204,-138,348,693
61.40415,157,1275,-1742,530,4206,-138,348,693
61.40465,157,1275,-1742,530,4200,-138,349,693
61.40515,157,1276,-1742,530,4179,-138,349,693
61.40565,157,1275,-1743,531,4146,-138,349,692
61.40615,157,1276,-1743,531,4136,-138,349,692
61.40665,157,1275,-1743,531,4144,-138,349,692
61.40715,157,1276,-1743,531,4151,-138,349,692
61.40765,157,1275,-1742,531,4160,-138,349,692
61.40815,157,1276,-1742,531,4163,-138,348,692
61.40865,157,1276,-1742,530,4163,-138,348,692
61.40915,157,1275,-1741,530,4163,-138,347,693
61.40965,157,1275,-1741,528,4161,-138,347,693
61.41015,156,1275,-1740,527,4153,-138,346,693
61.41065,156,1274,-1740,527,4148,-138,346,693
61.411148,157,1274,-1741,527,4145,-137,346,693
61.41165,157,1275,-1741,528,4146,-138,347,693
61.41215,156,1275,-1742,529,4148,-137,348,694
61.41265,156,1275,-1742,530,4146,-137,347,693
61.41315,157,1275,-1742,530,4148,-137,348,693
61.41365,157,1275,-1741,530,4169,-138,347,693
61.41415,157,1275,-1740,530,4166,-138,347,693
61.41465,157,1275,-1741,530,4161,-138,348,693
61.41515,157,1275,-1741,529,4138,-138,348,693
61.41565,157,1276,-1741,529,4111,-138,348,693
61.41615,157,1275,-1741,528,4108,-138,348,692
61.41665,157,1275,-1741,528,4112,-138,348,693
61.41715,157,1275,-1741,528,4119,-138,348,693
61.41775,157,1275,-1742,529,4124,-138,348,693
61.41825,157,1275,-1742,530,4126,-138,348,693
61.41875,157,1276,-1743,530,4128,-138,348,693
61.41925,157,1275,-1742,531,4133,-138,348,693
61.41975,157,1275,-1743,531,4138,-137,348,693
61.42025,157,1275,-1743,531,4140,-138,348,693
61.42075,157,1276,-1743,531,4141,-138,348,693
61.42125,157,1275,-1743,531,4141,-138,348,693
61.42175,157,1276,-1743,531,4142,-137,348,693
61.42225,157,1275,-1742,531,4141,-138,348,693
61.42275,157,1275,-1742,531,4140,-138,348,693
61.42325,157,1276,-1742,531,4150,-138,348,693
61.42375,158,1275,-1742,531,4183,-138,348,693
61.42425,157,1276,-1742,531,4178,-138,348,693
61.42475,157,1275,-1742,531,4165,-138,348,693
61.42525,157,1275,-1742,531,4137,-138,348,692
61.42575,157,1275,-1743,532,4104,-138,348,692
61.42625,157,1276,-1743,532,4096,-138,348,693
61.42675,157,1275,-1743,532,4098,-138,348,692
61.42725,157,1275,-1742,531,4099,-138,348,693
61.42775,157,1275,-1743,530,4110,-138,348,693
61.42825,157,1275,-1741,530,4108,-138,348,693
61.42875,157,1275,-1741,530,4109,-138,348,693
61.42925,157,1275,-1741,530,4110,-138,347,692
61.42975,157,1275,-1741,530,4109,-138,347,692
61.43025,157,1276,-1742,529,4110,-138,347,692
61.43075,157,1276,-1741,529,4109,-138,347,692
61.43125,157,1276,-1741,529,4105,-138,348,692
61.43175,157,1276,-1741,529,4104,-138,348,693
61.43225,157,1276,-1741,528,4104,-138,348,692
61.43275,157,1276,-1740,529,4099,-138,348,693
61.43325,157,1276,-1740,530,4113,-138,348,693
61.43375,157,1276,-1740,530,4146,-138,348,693
61.43425,158,1276,-1740,529,4141,-138,348,693
61.43475,157,1276,-1740,529,4130,-137,349,693
61.43525,158,1276,-1741,529,4103,-138,349,693
61.43575,158,1276,-1741,529,4073,-138,349,693
61.43625,158,1276,-1741,530,4068,-138,349,693
61.43675,158,1276,-1741,531,4071,-138,348,693
61.43725,158,1276,-1741,530,4076,-138,348,693
61.43775,158,1276,-1741,531,4078,-138,348,693
61.43825,158,1276,-1742,531,4084,-138,348,693
61.43875,158,1276,-1742,530,4085,-138,347,693
61.43925,157,1276,-1742,530,4087,-138,348,693
61.43975,158,1276,-1742,529,4089,-138,348,693
61.44025,157,1276,-1741,528,4087,-138,348,693
61.44075,157,1277,-1741,528,4084,-138,347,693
61.44125,157,1276,-1742,529,4080,-138,347,693
61.44175,156,1277,-1742,530,4077,-138,347,693
61.44225,157,1276,-1743,530,4076,-138,347,693
61.44275,157,1276,-1742,531,4069,-137,347,693
61.44325,157,1277,-1742,532,4079,-138,346,693
61.44375,156,1276,-1741,532,4113,-138,346,693
61.44425,157,1276,-1741,532,4107,-138,346,693
61.44475,157,1277,-1741,532,4094,-138,346,693
61.44525,157,1277,-1741,531,4066,-138,346,693
61.44575,157,1277,-1741,531,4037,-138,346,693
61.44625,157,1276,-1741,531,4027,-138,346,693
61.44675,157,1276,-1740,530,4029,-138,346,693
61.44725,157,1276,-1739,528,4035,-138,346,693
61.44775,157,1276,-1739,528,4043,-138,346,693
61.44825,157,1276,-1739,528,4047,-138,346,693
61.44875,158,1277,-1740,528,4052,-138,346,693
61.44925,157,1276,-1740,529,4057,-138,347,693
61.44975,158,1276,-1741,530,4059,-138,347,693
61.45025,158,1276,-1741,531,4056,-138,347,693
61.45075,158,1276,-1741,532,4052,-138,347,693
61.45125,158,1276,-1741,533,4052,-138,347,693
61.45175,158,1276,-1742,533,4056,-138,347,694
61.45225,157,1277,-1742,533,4057,-138,347,694
61.45275,157,1277,-1742,533,4059,-138,347,694
61.45325,158,1277,-1743,534,4074,-137,347,694
61.45375,157,1277,-1743,535,4107,-138,347,694
61.45425,157,1276,-1743,535,4102,-138,348,693
61.45475,157,1277,-1742,535,4091,-138,347,693
61.45525,157,1277,-1741,533,4056,-138,347,693
61.45575,157,1276,-1739,530,4027,-138,347,693
61.45625,157,1277,-1739,527,4022,-138,346,693
61.45675,158,1276,-1738,526,4025,-138,346,694
61.45725,158,1276,-1739,526,4028,-138,347,693
61.45775,157,1277,-1739,528,4037,-138,347,693
61.45825,158,1277,-1739,529,4034,-138,347,694
61.45875,158,1277,-1740,530,4033,-138,347,694
61.45925,158,1277,-1741,531,4042,-138,348,694
61.45975,158,1277,-1741,532,4047,-138,348,693
61.46025,158,1277,-1741,532,4046,-138,348,694
61.46075,158,1277,-1742,532,4042,-138,349,693
61.46125,158,1277,-1741,530,4045,-138,349,694
61.46175,158,1277,-1740,529,4044,-138,349,694
61.46225,158,1277,-1739,528,4046,-138,349,694
61.46275,158,1277,-1740,527,4042,-138,349,693
61.46325,158,1277,-1740,528,4057,-138,349,693
61.46375,158,1277,-1740,529,4077,-138,349,694
61.46425,158,1277,-1740,530,4068,-138,349,693
61.46475,158,1277,-1740,531,4061,-138,348,693
61.46525,158,1277,-1740,531,4027,-138,348,693
61.46575,158,1277,-1740,531,3999,-139,348,693
61.46625,158,1277,-1740,530,3993,-139,348,693
61.46675,158,1277,-1740,529,3998,-139,347,693
61.46725,158,1277,-1740,529,4005,-139,347,693
61.46775,158,1277,-1740,530,4011,-138,347,693
61.46825,158,1277,-1741,531,4015,-139,347,694
61.46875,159,1277,-1742,531,4020,-138,347,693
61.46925,158,1277,-1742,531,4030,-138,347,694
61.46975,158,1277,-1743,531,4030,-139,347,693
61.47025,158,1277,-1742,531,4030,-138,348,693
61.47075,158,1278,-1742,531,4020,-139,347,693
61.47125,158,1277,-1741,530,4017,-138,348,693
61.47175,158,1278,-1740,530,4021,-138,348,693
61.472248,157,1278,-1740,530,4025,-138,347,693
61.47275,157,1278,-1740,530,4024,-138,347,694
61.47325,157,1278,-1740,531,4047,-137,347,693
61.47375,158,1278,-1739,531,4076,-138,347,693
61.47425,158,1278,-1739,531,4063,-138,347,693
61.47475,158,1278,-1739,530,4047,-139,347,693
61.47525,158,1278,-1739,529,4012,-138,347,693
61.47575,158,1278,-1739,529,3990,-138,347,693
61.47625,158,1278,-1740,529,3986,-138,347,693
61.47685,158,1278,-1740,529,3987,-139,347,693
61.47725,158,1278,-1740,529,3991,-139,347,692
61.47785,159,1278,-1740,530,3993,-139,347,692
61.47835,159,1278,-1740,530,4002,-139,347,692
61.47885,159,1278,-1740,530,4005,-139,346,693
61.47935,159,1278,-1739,530,4004,-139,346,693
61.47985,159,1278,-1739,530,3998,-139,347,694
61.48035,159,1278,-1740,530,3997,-138,347,694
61.48085,159,1278,-1740,530,4001,-138,347,694
61.48135,159,1278,-1741,530,4001,-138,348,694
61.48185,159,1278,-1740,530,3999,-138,348,694
61.48235,159,1278,-1740,530,3998,-139,347,694
61.48285,159,1278,-1740,531,3994,-139,348,694
61.48335,159,1278,-1740,532,4022,-139,347,694
61.48385,159,1278,-1740,533,4047,-139,347,694
61.48435,159,1278,-1740,533,4040,-139,347,693
61.48485,159,1278,-1740,532,4026,-139,347,693
61.48535,159,1278,-1739,532,3989,-139,348,693
61.48585,159,1278,-1739,532,3968,-140,348,694
61.48635,158,1278,-1739,532,3962,-139,347,694
61.48685,159,1278,-1739,532,3970,-140,347,693
61.48735,158,1279,-1739,531,3976,-139,347,694
61.48785,157,1279,-1739,532,3980,-139,347,694
61.48835,157,1279,-1740,532,3990,-139,347,694
61.48885,157,1279,-1740,534,3998,-139,347,693
61.48935,158,1279,-1740,533,3999,-140,347,694
61.48985,158,1279,-1739,532,3997,-140,347,693
61.49035,158,1279,-1739,531,4000,-140,347,693
61.49085,158,1279,-1739,531,3996,-140,347,693
61.49135,158,1279,-1740,531,3997,-140,347,693
61.49185,159,1278,-1741,532,3999,-140,346,693
61.49235,159,1278,-1741,532,4000,-140,347,693
61.49285,159,1279,-1741,532,3997,-140,347,693
61.49335,159,1278,-1740,532,4026,-140,346,693
61.49385,159,1279,-1740,532,4045,-140,346,694
61.49435,159,1279,-1739,531,4038,-141,347,693
61.49485,159,1279,-1739,530,4027,-140,347,694
61.49535,159,1279,-1739,529,3988,-141,346,693
61.49585,159,1279,-1739,529,3972,-141,346,694
61.49635,159,1279,-1739,530,3965,-141,346,694
61.49685,159,1279,-1740,530,3970,-141,346,694
61.49735,159,1279,-1740,530,3972,-141,347,694
61.49785,158,1279,-1739,531,3972,-141,347,694
61.49835,158,1280,-1738,530,3973,-141,346,694
61.49885,158,1280,-1739,531,3973,-141,347,694
61.49935,157,1280,-1740,531,3975,-141,347,694
61.49985,158,1279,-1741,531,3980,-141,347,693
61.50035,158,1279,-1740,530,3982,-141,346,694
61.50085,158,1279,-1740,530,3980,-141,347,693
61.50135,158,1279,-1740,530,3984,-141,346,693
61.50185,159,1279,-1740,531,3981,-141,347,693
61.50235,158,1279,-1741,531,3980,-142,347,693
61.50285,159,1280,-1741,531,3979,-141,347,694
61.50335,159,1279,-1740,531,4013,-141,347,694
61.50385,159,1280,-1739,531,4035,-141,347,693
61.50435,159,1279,-1737,531,4028,-142,347,694
61.50485,159,1279,-1737,530,4010,-142,347,694
61.50535,159,1280,-1739,530,3983,-142,347,693
61.50585,159,1280,-1740,531,3968,-142,347,693
61.50635,159,1280,-1740,531,3959,-142,347,693
61.50685,159,1280,-1740,531,3964,-142,346,694
61.50735,158,1280,-1740,530,3976,-142,346,693
61.50785,159,1280,-1740,530,3987,-142,346,694
61.50835,158,1280,-1739,530,3988,-142,346,694
61.50885,158,1280,-1739,530,3993,-142,346,694
61.50935,159,1281,-1739,530,3997,-142,346,694
61.50985,158,1281,-1739,530,3997,-143,346,693
61.51035,158,1280,-1739,530,3996,-143,346,693
61.51085,158,1281,-1739,531,3992,-143,346,693
61.51135,158,1281,-1739,530,3989,-142,346,694
61.51185,158,1281,-1739,531,3989,-142,346,693
61.51235,158,1281,-1739,531,3992,-142,346,694
61.51285,158,1281,-1739,532,3988,-142,345,694
61.51335,159,1281,-1739,532,4024,-142,345,694
61.51385,158,1281,-1739,531,4033,-142,345,693
61.51435,158,1281,-1739,531,4022,-142,345,694
61.51485,159,1281,-1739,531,3999,-142,346,694
61.51535,159,1281,-1739,530,3970,-142,346,693
61.51585,159,1281,-1739,531,3960,-142,346,694
61.51635,159,1281,-1740,531,3958,-142,346,694
61.51685,159,1281,-1739,531,3968,-142,346,694
61.51735,159,1281,-1739,531,3974,-143,346,694
61.51785,159,1281,-1740,531,3976,-143,346,693
61.51835,159,1281,-1739,531,3980,-143,347,693
61.51885,159,1281,-1739,530,3977,-143,347,694
61.51935,159,1281,-1739,531,3982,-143,347,693
61.51985,159,1281,-1740,531,3991,-143,347,693
61.52035,159,1281,-1739,531,3988,-143,348,693
61.52085,159,1282,-1739,531,3988,-144,348,693
61.52135,159,1282,-1739,531,3990,-144,348,693
61.52185,159,1282,-1739,530,3991,-144,348,694
61.52235,159,1282,-1739,530,3990,-144,347,693
61.52285,159,1282,-1738,530,3997,-144,347,694
61.52335,159,1282,-1738,530,4033,-144,347,694
61.52385,159,1282,-1739,530,4044,-144,347,694
61.52435,159,1282,-1738,530,4035,-144,347,695
61.52485,159,1282,-1739,530,4010,-144,346,694
61.52535,159,1283,-1739,530,3971,-144,346,694
61.52585,159,1283,-1739,531,3963,-144,345,693
61.52635,159,1283,-1739,532,3961,-144,345,693
61.52685,159,1283,-1739,532,3961,-144,345,693
61.52735,158,1283,-1739,532,3967,-144,345,693
61.52785,159,1283,-1738,532,3975,-145,345,693
61.52835,159,1283,-1739,531,3981,-145,345,693
61.52885,159,1284,-1739,531,3986,-145,345,693
61.52935,158,1284,-1740,531,3987,-145,345,693
61.52985,159,1284,-1740,532,3987,-145,346,693
61.53035,159,1284,-1740,532,3985,-145,346,693
61.53085,159,1284,-1739,532,3984,-145,346,693
61.53135,159,1284,-1738,532,3986,-146,346,693
61.53185,158,1284,-1738,533,3990,-146,346,693
61.53235,158,1284,-1738,532,3992,-146,346,693
61.53285,158,1284,-1739,532,3999,-146,346,693
61.533348,158,1285,-1739,533,4037,-145,346,693
61.53385,158,1285,-1739,532,4043,-146,346,692
61.53435,159,1285,-1740,532,4038,-146,346,692
61.53485,158,1285,-1740,530,4022,-146,346,692
61.53535,158,1285,-1741,530,3992,-146,346,692
61.53585,158,1285,-1741,530,3983,-146,346,693
61.53635,158,1285,-1742,530,3984,-146,346,692
61.53685,158,1285,-1742,530,3984,-146,346,692
61.53735,158,1285,-1743,531,3992,-146,346,693
61.53785,158,1285,-1744,531,3999,-146,347,693
61.53845,159,1285,-1743,531,4000,-146,346,693
61.53895,158,1285,-1739,531,4002,-146,346,693
61.53945,159,1285,-1736,531,4008,-146,346,693
61.53995,159,1285,-1736,531,4012,-146,346,693
61.54045,159,1285,-1737,531,4013,-146,346,693
61.54095,159,1285,-1738,531,4014,-146,346,693
61.54145,159,1285,-1737,530,4014,-147,346,693
61.54195,158,1285,-1737,531,4014,-147,346,693
61.54245,158,1286,-1737,532,4013,-147,346,693
61.54295,159,1285,-1738,533,4019,-146,346,693
61.54345,158,1285,-1739,533,4056,-147,346,693
61.54395,158,1286,-1740,532,4059,-146,346,693
61.54445,158,1285,-1739,531,4050,-147,347,693
61.54495,159,1285,-1738,530,4026,-147,346,693
61.54545,158,1285,-1737,530,3995,-147,347,693
61.54595,159,1285,-1737,530,3987,-147,347,693
61.54645,159,1285,-1738,530,3983,-147,347,694
61.54695,159,1285,-1738,531,3990,-147,346,694
61.54745,159,1285,-1738,531,4002,-147,346,694
61.54795,159,1285,-1738,531,4006,-147,346,694
61.54845,158,1285,-1739,530,4011,-147,346,694
61.54895,158,1285,-1738,531,4015,-147,347,694
61.54945,158,1285,-1738,530,4019,-147,346,694
61.54995,158,1285,-1737,530,4023,-147,346,694
61.55045,158,1285,-1738,530,4026,-147,346,694
61.55095,158,1286,-1738,531,4028,-147,347,694
61.55145,158,1285,-1739,531,4031,-147,347,694
61.55195,158,1285,-1740,532,4032,-147,347,693
61.55245,158,1285,-1741,533,4031,-148,347,693
61.55295,158,1285,-1740,534,4038,-147,347,694
61.55345,158,1285,-1739,534,4076,-147,347,693
61.55395,158,1285,-1739,533,4083,-147,347,693
61.55445,158,1285,-1739,534,4072,-148,347,693
61.55495,158,1285,-1740,533,4045,-148,347,693
61.55545,158,1285,-1740,533,4018,-148,346,692
61.55595,158,1285,-1741,534,4015,-148,346,693
61.55645,158,1286,-1741,534,4022,-148,346,692
61.55695,158,1285,-1741,534,4024,-148,346,693
61.55745,158,1286,-1741,534,4029,-148,347,693
61.55795,158,1285,-1741,533,4027,-148,346,693
61.55845,158,1285,-1740,532,4030,-148,346,693
61.55895,158,1285,-1739,530,4032,-148,346,693
61.55945,158,1285,-1738,529,4036,-148,346,693
61.55995,158,1286,-1737,529,4039,-148,346,693
61.56045,158,1285,-1737,530,4040,-148,346,694
61.56095,158,1285,-1737,531,4042,-148,345,694
61.56145,158,1285,-1738,531,4048,-148,346,695
61.56195,158,1285,-1738,530,4049,-148,346,695
61.56245,158,1285,-1739,529,4040,-148,346,694
61.56295,158,1285,-1738,530,4050,-148,346,695
61.56345,158,1285,-1739,530,4091,-149,346,695
61.56395,158,1285,-1738,530,4088,-148,347,694
61.56445,158,1285,-1737,531,4077,-149,347,694
61.56495,158,1285,-1738,531,4054,-149,347,693
61.56545,158,1286,-1738,533,4028,-149,347,693
61.56595,158,1285,-1738,534,4019,-149,347,693
61.56645,158,1285,-1737,534,4018,-149,346,693
61.56695,158,1285,-1737,532,4028,-149,346,693
61.56745,158,1285,-1736,530,4036,-149,346,693
61.56795,158,1285,-1737,530,4046,-149,346,694
61.56845,158,1285,-1738,531,4053,-149,346,693
61.56895,158,1285,-1739,532,4061,-149,346,694
61.56945,158,1285,-1739,533,4058,-149,347,694
61.56995,159,1285,-1740,533,4060,-149,346,694
61.57045,159,1285,-1740,532,4059,-149,346,693
61.57095,159,1285,-1740,530,4059,-149,346,694
61.57145,159,1285,-1739,530,4060,-149,347,693
61.57195,158,1285,-1739,531,4067,-149,347,693
61.57245,159,1285,-1739,532,4067,-150,347,693
61.57295,158,1285,-1740,534,4081,-149,346,694
61.57345,159,1284,-1739,534,4117,-150,346,693
61.57395,159,1285,-1738,533,4119,-150,346,693
61.57445,159,1285,-1738,533,4106,-150,346,693
61.57495,159,1285,-1739,534,4075,-150,347,693
61.57545,160,1284,-1739,534,4049,-150,346,693
61.57595,160,1284,-1740,533,4045,-150,345,693
61.57645,160,1285,-1739,532,4049,-150,345,693
61.57695,160,1285,-1739,532,4057,-150,346,693
61.57745,159,1285,-1739,533,4061,-150,347,693
61.57795,158,1285,-1740,534,4067,-150,346,693
61.57845,158,1285,-1739,534,4072,-150,347,693
61.57895,158,1285,-1738,533,4074,-150,346,693
61.57945,158,1286,-1737,532,4077,-150,346,693
61.57995,157,1286,-1736,529,4076,-150,346,693
61.58045,157,1286,-1736,527,4074,-150,346,693
61.58095,157,1286,-1737,526,4074,-150,346,693
61.58145,156,1285,-1737,526,4073,-150,346,693
61.58195,156,1285,-1738,527,4075,-150,347,693
61.58245,156,1285,-1738,527,4076,-150,346,693
61.58295,156,1285,-1738,528,4093,-150,346,693
61.58345,156,1285,-1738,529,4129,-150,345,693
61.58395,157,1285,-1739,530,4129,-150,346,693
61.58445,157,1284,-1739,531,4121,-150,346,693
61.58495,157,1285,-1739,530,4094,-150,346,693
61.58545,157,1284,-1739,530,4070,-150,346,693
61.58595,157,1284,-1739,531,4068,-150,346,693
61.58645,157,1284,-1739,531,4069,-150,346,694
61.58695,157,1284,-1739,532,4078,-150,347,694
61.58745,157,1284,-1738,531,4090,-150,346,694
61.58795,158,1284,-1737,531,4096,-150,346,694
61.58845,158,1284,-1736,529,4102,-150,345,694
61.58895,158,1284,-1735,527,4105,-150,345,694
61.58945,158,1284,-1736,528,4109,-150,345,694
61.58995,158,1283,-1736,528,4109,-150,345,694
61.59045,158,1284,-1736,529,4109,-150,345,694
61.59095,158,1283,-1737,530,4107,-151,345,694
61.59145,158,1284,-1738,530,4105,-151,345,694
61.59195,158,1284,-1738,530,4104,-151,344,694
61.59245,158,1284,-1738,529,4103,-150,344,694
61.59295,158,1284,-1738,530,4122,-151,343,694
61.59345,158,1283,-1738,530,4151,-151,343,694
61.59395,158,1283,-1739,530,4145,-151,344,693
61.594448,158,1283,-1739,531,4134,-151,345,693
61.59495,159,1283,-1739,532,4097,-151,345,693
61.59545,158,1283,-1739,533,4072,-151,346,693
61.59595,159,1283,-1740,533,4071,-151,346,693
61.59645,159,1283,-1739,532,4074,-151,346,694
61.59695,159,1283,-1739,531,4080,-150,346,693
61.59745,159,1283,-1739,531,4087,-150,346,693
61.59795,158,1283,-1739,532,4088,-151,346,693
61.59845,159,1282,-1740,533,4089,-151,346,693
61.59905,158,1282,-1741,535,4094,-151,347,693
61.59955,159,1282,-1741,536,4101,-151,347,693
61.60005,159,1282,-1740,535,4104,-151,347,693
61.60055,159,1282,-1739,533,4107,-150,347,693
61.60105,159,1283,-1738,530,4109,-151,347,693
61.60155,158,1282,-1738,528,4110,-150,347,693
61.60205,157,1283,-1740,529,4110,-151,347,693
61.60255,157,1283,-1741,530,4107,-151,347,693
61.60305,157,1282,-1742,533,4133,-150,347,693
61.60355,157,1282,-1743,535,4163,-151,347,693
61.60405,156,1282,-1743,535,4159,-151,348,693
61.60455,156,1282,-1743,535,4148,-151,348,693
61.60505,157,1282,-1740,534,4114,-151,348,693
61.60555,157,1282,-1736,531,4093,-151,348,693
61.60605,157,1282,-1733,529,4091,-151,348,693
61.60655,157,1282,-1733,529,4089,-151,347,693
61.60705,157,1282,-1734,529,4095,-151,347,693
61.60755,157,1282,-1734,529,4099,-151,347,693
61.60805,157,1282,-1736,529,4104,-151,347,693
61.60855,157,1282,-1738,528,4106,-151,347,693
61.60905,157,1282,-1738,528,4108,-151,347,693
61.60955,158,1282,-1738,528,4108,-151,347,693
61.61005,157,1282,-1739,528,4107,-151,347,693
61.61055,156,1282,-1739,528,4105,-152,347,693
61.61105,156,1282,-1740,529,4106,-151,346,694
61.61155,156,1282,-1739,530,4110,-151,347,694
61.61205,156,1282,-1739,530,4116,-151,347,694
61.61255,156,1282,-1738,529,4115,-151,347,694
61.61305,156,1282,-1738,529,4139,-151,346,694
61.61355,156,1281,-1737,528,4160,-151,346,693
61.61405,156,1281,-1737,528,4152,-151,346,694
61.61455,157,1281,-1737,529,4136,-151,347,693
61.61505,157,1281,-1738,530,4104,-152,347,693
61.61555,157,1281,-1738,531,4083,-151,347,693
61.61605,157,1281,-1739,531,4083,-152,346,693
61.61655,157,1281,-1739,531,4090,-151,346,693
61.61705,157,1280,-1739,530,4099,-151,346,693
61.61755,157,1280,-1738,530,4100,-151,347,693
61.61805,157,1280,-1737,529,4103,-151,346,693
61.61855,157,1280,-1735,529,4108,-152,347,693
61.61905,157,1280,-1735,530,4110,-152,346,693
61.61955,157,1279,-1735,530,4114,-152,347,693
61.62005,158,1281,-1736,532,4116,-152,347,693
61.62055,157,1280,-1738,533,4116,-152,348,693
61.62105,158,1280,-1739,534,4116,-152,348,693
61.62155,158,1280,-1740,534,4117,-152,348,693
61.62205,157,1280,-1740,534,4118,-152,347,693
61.62255,157,1280,-1741,535,4118,-152,347,692
61.62305,157,1280,-1741,535,4148,-152,346,693
61.62355,157,1280,-1741,534,4173,-152,347,692
61.62405,157,1279,-1740,533,4163,-152,347,692
61.62455,157,1279,-1739,531,4150,-152,347,693
61.62505,157,1280,-1738,529,4113,-152,347,692
61.62555,157,1280,-1737,528,4091,-152,347,693
61.62605,157,1280,-1736,528,4092,-152,347,693
61.62655,158,1280,-1736,529,4088,-152,347,693
61.62705,158,1280,-1736,529,4092,-152,347,693
61.62755,157,1280,-1737,530,4097,-152,347,693
61.62805,158,1280,-1737,530,4104,-152,347,693
61.62855,158,1280,-1736,530,4110,-152,347,694
61.62905,157,1279,-1736,530,4116,-151,347,693
61.62955,157,1280,-1736,530,4123,-151,347,694
61.63005,158,1280,-1736,529,4120,-152,347,694
61.63055,157,1279,-1737,529,4122,-151,346,693
61.63105,158,1279,-1737,529,4123,-152,346,693
61.63155,157,1280,-1738,529,4116,-152,346,693
61.63205,157,1280,-1739,530,4116,-152,346,693
61.63255,157,1280,-1739,531,4117,-152,346,693
61.63305,158,1280,-1739,531,4152,-152,346,694
61.63355,157,1280,-1739,531,4171,-152,347,694
61.63405,157,1280,-1739,531,4171,-152,346,693
61.63455,157,1280,-1739,531,4157,-152,347,694
61.63505,157,1280,-1739,531,4119,-152,347,693
61.63555,157,1280,-1740,531,4107,-152,346,693
61.63605,157,1280,-1740,531,4106,-152,346,693
61.63655,157,1279,-1739,529,4111,-152,347,693
61.63705,157,1279,-1739,529,4117,-152,347,693
61.63755,157,1280,-1738,529,4118,-152,347,693
61.63805,157,1280,-1737,529,4124,-153,347,693
61.63855,157,1279,-1735,529,4128,-152,347,693
61.63905,157,1280,-1735,530,4129,-153,347,693
61.63955,157,1280,-1736,531,4132,-153,348,693
61.64005,157,1280,-1738,531,4132,-152,348,693
61.64055,157,1279,-1739,531,4130,-152,348,693
61.64105,158,1279,-1740,531,4127,-152,348,693
61.64155,157,1279,-1740,531,4124,-153,348,693
61.64205,157,1279,-1741,530,4120,-152,348,693
61.64255,157,1279,-1741,531,4116,-152,347,693
61.64305,158,1279,-1741,531,4153,-152,347,693
61.64355,157,1279,-1739,530,4166,-152,347,693
61.64405,157,1279,-1735,529,4158,-152,347,693
61.64455,157,1279,-1734,528,4138,-152,348,692
61.64505,157,1279,-1734,526,4102,-152,347,692
61.64555,157,1279,-1735,527,4095,-152,347,693
61.64605,157,1279,-1736,527,4094,-152,347,692
61.64655,157,1279,-1737,529,4088,-152,347,693
61.64705,157,1279,-1738,530,4096,-152,347,693
61.64755,157,1279,-1739,531,4097,-152,347,693
61.64805,157,1279,-1738,530,4102,-152,347,693
61.64855,157,1279,-1739,530,4110,-152,347,693
61.64905,157,1279,-1738,530,4116,-152,347,693
61.64955,158,1278,-1739,530,4121,-152,347,693
61.65005,157,1278,-1739,530,4121,-152,347,693
61.65055,158,1279,-1739,531,4121,-152,347,693
61.65105,157,1279,-1738,531,4125,-152,347,693
61.65155,158,1278,-1738,532,4129,-152,347,693
61.65205,158,1278,-1738,531,4131,-152,346,693
61.65255,157,1278,-1738,530,4136,-152,346,693
61.65305,158,1279,-1738,530,4173,-152,346,694
61.65355,158,1278,-1736,529,4181,-152,346,693
61.65405,158,1278,-1735,529,4179,-152,346,693
61.65455,157,1278,-1735,528,4156,-153,347,693
61.65505,157,1278,-1736,529,4119,-152,348,693
61.65555,157,1279,-1737,530,4110,-153,347,693
61.65605,157,1279,-1737,530,4111,-152,348,693
61.65655,156,1279,-1737,530,4116,-152,348,692
61.65705,156,1280,-1737,531,4123,-153,348,693
61.65755,156,1279,-1738,531,4126,-152,348,693
61.65805,157,1279,-1738,531,4124,-153,348,693
61.65855,157,1279,-1738,530,4124,-153,348,693
61.65905,157,1279,-1738,530,4124,-152,347,693
61.65965,157,1279,-1737,530,4126,-152,347,693
61.66015,157,1279,-1738,531,4128,-152,347,693
61.66065,157,1279,-1737,530,4125,-152,347,693
61.661148,157,1279,-1738,531,4123,-152,347,693
61.66165,157,1279,-1738,530,4120,-152,347,693
61.66215,157,1279,-1738,530,4118,-152,348,692
61.66265,157,1278,-1738,531,4123,-152,348,692
61.66315,157,1279,-1738,531,4163,-152,348,693
61.66365,157,1279,-1738,531,4165,-152,348,692
61.66415,157,1279,-1738,531,4151,-152,348,692
61.66465,157,1279,-1738,531,4131,-152,349,692
61.66515,157,1279,-1739,531,4096,-152,349,692
61.66565,157,1279,-1739,531,4088,-152,349,692
61.66615,157,1279,-1739,531,4090,-153,349,692
61.66665,157,1279,-1738,531,4091,-152,349,692
61.66715,156,1279,-1738,531,4098,-153,348,692
61.66765,157,1279,-1738,531,4102,-153,348,692
61.66815,157,1279,-1738,532,4107,-153,347,692
61.66865,157,1279,-1739,532,4112,-153,347,692
61.66915,157,1279,-1739,532,4116,-153,347,692
61.66965,157,1279,-1739,532,4120,-153,346,691
61.67015,157,1279,-1739,531,4120,-153,346,691
61.67065,157,1279,-1739,530,4116,-153,346,692
61.67115,157,1279,-1738,530,4117,-153,346,691
61.67165,157,1279,-1737,528,4123,-153,346,692
61.67215,157,1279,-1736,528,4120,-152,346,692
61.67265,157,1279,-1736,528,4130,-153,346,692
61.67315,158,1278,-1736,528,4167,-153,346,693
61.67365,157,1278,-1737,528,4165,-153,346,693
61.67415,158,1278,-1737,529,4147,-152,347,693
61.67465,158,1277,-1737,529,4118,-153,347,693
61.67515,158,1278,-1738,529,4086,-153,347,693
61.67565,158,1278,-1738,530,4078,-153,347,693
61.67615,158,1278,-1738,530,4079,-152,347,693
61.67665,158,1278,-1738,531,4086,-152,347,693
61.67715,158,1278,-1738,530,4090,-152,347,693
61.67765,158,1278,-1738,530,4091,-153,347,692
61.67815,158,1278,-1738,530,4096,-153,347,693
61.67865,158,1278,-1737,530,4102,-152,347,692
61.67915,158,1278,-1737,530,4102,-153,347,693
61.67965,158,1278,-1737,530,4107,-153,347,692
61.68015,158,1278,-1737,530,4104,-153,347,692
61.68065,159,1278,-1737,530,4107,-153,347,692
61.68115,159,1278,-1737,530,4107,-153,347,692
61.68165,159,1278,-1737,530,4106,-152,347,692
61.68215,159,1278,-1737,530,4103,-153,347,692
61.68265,159,1278,-1737,530,4114,-152,346,693
61.68315,159,1278,-1738,530,4155,-152,346,692
61.68365,159,1278,-1738,530,4155,-153,346,692
61.68415,158,1278,-1738,530,4153,-153,346,692
61.68465,158,1278,-1738,530,4128,-153,346,692
61.68515,158,1278,-1738,530,4098,-152,347,692
61.68565,157,1278,-1739,530,4096,-153,346,692
61.68615,157,1278,-1738,530,4101,-153,347,692
61.68665,158,1278,-1738,530,4105,-152,347,692
61.68715,157,1278,-1737,530,4111,-152,347,692
61.68765,157,1278,-1737,530,4116,-152,348,692
61.68815,157,1278,-1737,530,4126,-152,347,693
61.68865,156,1279,-1737,530,4133,-152,347,693
61.68915,155,1279,-1738,530,4134,-152,348,693
61.68965,155,1279,-1738,530,4136,-152,347,693
61.69015,155,1279,-1738,530,4135,-152,348,693
61.69065,155,1278,-1738,530,4136,-152,348,693
61.69115,156,1278,-1738,530,4140,-152,347,693
61.69165,156,1278,-1738,530,4142,-152,347,693
61.69215,156,1277,-1738,531,4142,-153,347,693
61.69265,157,1278,-1738,531,4153,-152,347,693
61.69315,157,1277,-1738,531,4188,-152,347,693
61.69365,157,1277,-1738,530,4186,-153,347,692
61.69415,158,1278,-1738,530,4178,-152,348,692
61.69465,157,1278,-1738,530,4155,-152,348,692
61.69515,157,1278,-1738,530,4125,-152,348,692
61.69565,158,1277,-1738,530,4118,-152,348,692
61.69615,157,1278,-1739,530,4120,-152,347,692
61.69665,158,1278,-1738,530,4125,-152,347,692
61.69715,157,1278,-1738,530,4129,-152,347,692
61.69765,158,1278,-1738,530,4128,-152,347,692
61.69815,158,1278,-1738,530,4134,-152,347,692
61.69865,158,1277,-1738,530,4139,-153,347,692
61.69915,157,1277,-1738,530,4144,-152,347,692
61.69965,158,1277,-1738,530,4151,-152,347,692
61.70015,157,1277,-1738,530,4154,-152,347,692
61.70065,158,1277,-1738,530,4155,-152,347,692
61.70115,158,1277,-1737,530,4156,-152,347,692
61.70165,157,1277,-1737,529,4157,-152,347,692
61.70215,157,1277,-1736,530,4157,-152,347,692
61.70265,157,1277,-1736,530,4172,-152,346,692
61.70315,156,1277,-1737,530,4207,-152,347,693
61.70365,157,1278,-1736,530,4205,-152,347,692
61.70415,156,1278,-1737,530,4193,-152,347,693
61.70465,156,1278,-1737,529,4169,-152,347,692
61.70515,156,1278,-1738,529,4138,-153,348,692
61.70565,157,1277,-1738,530,4138,-152,347,693
61.70615,156,1277,-1739,530,4141,-152,348,693
61.70665,157,1277,-1739,529,4138,-152,347,692
61.70715,157,1277,-1738,530,4142,-152,347,693
61.70765,157,1277,-1739,530,4148,-152,347,693
61.70815,157,1277,-1739,531,4150,-152,347,693
61.70865,157,1277,-1739,530,4152,-152,347,693
61.70915,157,1277,-1737,530,4154,-152,347,693
61.70965,157,1276,-1737,530,4156,-152,347,693
61.71015,157,1276,-1737,530,4154,-152,347,693
61.71065,157,1276,-1737,530,4154,-152,347,693
61.71115,157,1276,-1737,530,4155,-152,347,693
61.71165,157,1276,-1737,530,4156,-152,346,693
61.71215,158,1276,-1737,530,4156,-152,347,692
61.71265,157,1277,-1738,531,4173,-152,346,693
61.71315,157,1276,-1738,530,4211,-152,347,692
61.71365,157,1276,-1738,530,4205,-152,347,693
61.71415,157,1277,-1737,529,4197,-152,347,693
61.71465,157,1276,-1737,528,4165,-152,347,692
61.71515,157,1276,-1738,529,4139,-152,347,692
61.71565,157,1276,-1738,529,4139,-152,347,692
61.71615,157,1276,-1737,529,4143,-152,347,692
61.71665,157,1277,-1737,529,4150,-152,347,692
61.71715,157,1276,-1737,529,4152,-152,347,692
61.71765,157,1277,-1738,529,4155,-152,347,692
61.71815,157,1276,-1738,530,4160,-152,347,692
61.71865,157,1276,-1738,530,4162,-152,347,692
61.71915,157,1276,-1738,530,4167,-152,347,692
61.71965,157,1276,-1738,530,4171,-152,347,692
61.72015,157,1276,-1737,529,4173,-152,348,692
61.72075,157,1276,-1736,529,4175,-151,347,692
61.72125,158,1276,-1737,529,4177,-151,347,691
61.72175,158,1276,-1737,529,4178,-152,346,692
61.722248,158,1276,-1737,529,4171,-152,346,691
61.72275,158,1276,-1737,530,4195,-151,346,692
61.72325,158,1276,-1738,530,4226,-151,347,692
61.72375,158,1275,-1738,529,4226,-151,347,691
61.72425,158,1275,-1738,530,4217,-151,348,692
61.72475,158,1276,-1738,529,4181,-152,348,692
61.72525,159,1276,-1738,530,4158,-151,348,692
61.72575,159,1275,-1738,530,4157,-151,348,693
61.72625,159,1276,-1737,530,4159,-151,348,693
61.72675,159,1276,-1738,530,4156,-151,348,693
61.72725,158,1275,-1737,530,4158,-151,348,693
61.72775,158,1276,-1737,530,4160,-151,348,693
61.72825,158,1276,-1737,530,4170,-151,348,693
61.72875,158,1276,-1737,530,4175,-151,348,693
61.72925,158,1275,-1737,530,4178,-151,348,693
61.72975,158,1275,-1737,530,4176,-151,348,693
61.73025,158,1275,-1737,529,4172,-151,348,693
61.73075,158,1275,-1737,529,4172,-151,348,693
61.73125,157,1275,-1737,529,4175,-151,348,693
61.73175,158,1275,-1738,529,4177,-152,348,693
61.73225,157,1276,-1737,529,4175,-151,348,693
61.73275,157,1276,-1737,530,4200,-151,348,693
61.73325,157,1276,-1737,530,4229,-151,348,693
61.73375,156,1276,-1737,530,4226,-151,348,692
61.73425,157,1276,-1738,530,4218,-151,348,692
61.73475,156,1275,-1737,529,4191,-151,349,692
61.73525,156,1276,-1737,529,4169,-151,349,692
61.73575,156,1276,-1737,529,4165,-151,349,692
61.73625,156,1276,-1737,529,4170,-151,348,692
61.73675,156,1276,-1737,529,4177,-151,348,692
61.73725,156,1276,-1737,529,4182,-151,348,692
61.73775,157,1276,-1737,529,4183,-151,348,692
61.73825,157,1275,-1737,529,4189,-151,348,692
61.73875,157,1275,-1736,529,4195,-151,348,693
61.73925,157,1275,-1737,530,4196,-151,348,693
61.73975,157,1275,-1737,530,4194,-151,348,693
61.74025,158,1275,-1738,530,4197,-151,348,693
61.74075,158,1275,-1738,529,4204,-151,348,693
61.74125,158,1275,-1738,529,4206,-151,348,693
61.74175,158,1275,-1738,530,4206,-151,348,693
61.74225,158,1275,-1738,529,4204,-151,348,692
61.74275,157,1275,-1737,530,4231,-151,348,693
61.74325,158,1275,-1737,530,4258,-151,348,692
61.74375,158,1275,-1738,530,4249,-151,348,692
61.74425,158,1275,-1738,530,4240,-151,349,692
61.74475,158,1275,-1738,530,4206,-151,349,692
61.74525,157,1275,-1737,530,4183,-151,348,692
61.74575,157,1275,-1737,530,4181,-150,348,692
61.74625,156,1275,-1737,530,4184,-151,348,692
61.74675,156,1275,-1737,529,4186,-150,348,692
61.74725,156,1275,-1737,528,4188,-151,348,692
61.74775,157,1274,-1737,528,4190,-151,347,691
61.74825,157,1275,-1737,528,4194,-151,347,692
61.74875,157,1275,-1737,528,4197,-151,347,691
61.74925,157,1275,-1737,529,4205,-151,347,692
61.74975,157,1274,-1737,529,4208,-151,347,692
61.75025,157,1275,-1737,529,4215,-151,347,692
61.75075,157,1275,-1737,529,4218,-151,347,691
61.75125,157,1275,-1737,529,4219,-151,347,691
61.75175,157,1275,-1737,529,4215,-150,347,692
61.75225,157,1275,-1737,529,4215,-150,347,692
61.75275,157,1275,-1737,530,4251,-150,347,693
61.75325,157,1275,-1737,530,4272,-150,346,693
61.75375,158,1274,-1738,531,4260,-150,347,694
61.75425,157,1274,-1737,531,4245,-150,347,694
61.75475,157,1274,-1738,531,4221,-150,347,694
61.75525,157,1274,-1737,531,4206,-150,347,694
61.75575,158,1274,-1737,531,4204,-150,348,694
61.75625,158,1274,-1737,531,4207,-150,348,693
61.75675,157,1274,-1736,530,4212,-150,348,693
61.75725,158,1274,-1736,530,4209,-150,349,693
61.75775,158,1274,-1737,529,4209,-150,349,693
61.75825,158,1274,-1738,529,4207,-150,349,693
61.75875,158,1274,-1738,529,4210,-150,349,693
61.75925,158,1274,-1739,529,4213,-150,349,692
61.75975,158,1274,-1739,529,4216,-150,350,693
61.76025,158,1274,-1740,529,4225,-150,349,692
61.76075,157,1274,-1739,530,4223,-150,349,693
61.76125,157,1274,-1739,530,4224,-150,349,693
61.76175,157,1274,-1738,529,4219,-150,349,693
61.76225,157,1274,-1737,529,4214,-150,349,693
61.76275,157,1274,-1737,529,4248,-150,349,693
61.76325,156,1274,-1735,529,4267,-150,349,693
61.76375,157,1274,-1736,528,4261,-150,349,693
61.76425,156,1274,-1735,529,4247,-150,350,692
61.76475,156,1274,-1736,529,4212,-150,350,693
61.76525,156,1275,-1736,529,4196,-150,349,692
61.76575,156,1274,-1736,529,4192,-150,350,693
61.76625,157,1274,-1736,529,4199,-150,349,693
61.76675,157,1274,-1737,529,4197,-150,350,693
61.76725,157,1274,-1737,529,4197,-150,350,693
61.76775,158,1274,-1737,528,4201,-149,350,693
61.76825,157,1274,-1737,528,4204,-150,350,693
61.76875,157,1273,-1736,529,4210,-149,350,693
61.76925,157,1274,-1736,530,4215,-150,350,693
61.76975,158,1274,-1736,530,4217,-149,350,693
61.77025,157,1273,-1736,530,4215,-150,350,693
61.77075,158,1274,-1736,530,4219,-150,350,693
61.77125,158,1273,-1737,530,4222,-150,350,693
61.77175,157,1273,-1737,529,4224,-149,350,693
61.77225,158,1273,-1737,530,4226,-150,350,692
61.77275,158,1273,-1738,530,4263,-150,349,693
61.77325,157,1274,-1738,529,4276,-150,348,693
61.77375,157,1273,-1738,529,4264,-150,348,693
61.77425,157,1274,-1737,528,4243,-150,348,692
61.77475,156,1274,-1737,528,4208,-150,348,693
61.77525,156,1274,-1737,529,4197,-150,348,693
61.77575,157,1274,-1737,530,4193,-150,348,692
61.77625,157,1274,-1737,530,4197,-150,348,692
61.77675,157,1273,-1737,530,4209,-150,348,692
61.77725,157,1274,-1737,529,4214,-150,348,693
61.77775,157,1273,-1737,528,4215,-150,348,692
61.77825,157,1274,-1737,527,4210,-150,348,693
61.77875,157,1273,-1737,527,4219,-150,347,693
61.77925,157,1274,-1738,527,4218,-150,348,693
61.77975,157,1273,-1738,528,4218,-149,348,693
61.78025,157,1274,-1737,528,4221,-149,348,693
61.78075,157,1273,-1736,527,4224,-149,348,693
61.78125,157,1273,-1736,527,4223,-149,348,693
61.78185,157,1273,-1735,526,4223,-148,347,693
61.78235,157,1273,-1736,526,4227,-149,347,693
61.78285,157,1273,-1736,528,4265,-149,348,693
61.783348,157,1273,-1736,528,4272,-149,348,693
61.78385,157,1273,-1736,529,4265,-149,349,693
61.78435,157,1273,-1736,528,4246,-149,349,693
61.78485,157,1273,-1737,528,4210,-149,349,692
61.78535,157,1273,-1737,528,4197,-149,349,693
61.78585,157,1273,-1737,529,4202,-149,348,692
61.78635,157,1273,-1737,528,4205,-149,349,693
61.78685,157,1273,-1737,528,4210,-149,349,692
61.78735,157,1273,-1737,529,4207,-149,349,692
61.78785,157,1273,-1737,529,4212,-149,349,693
61.78835,157,1273,-1737,528,4216,-149,349,692
61.78885,157,1273,-1737,528,4217,-149,348,692
61.78935,157,1273,-1737,528,4224,-149,348,692
61.78985,157,1273,-1738,529,4229,-149,348,692
61.79035,157,1272,-1738,529,4230,-149,349,692
61.79085,157,1273,-1737,530,4230,-149,349,692
61.79135,157,1273,-1737,530,4231,-149,349,692
61.79185,157,1272,-1736,529,4231,-149,349,692
61.79235,157,1273,-1735,530,4236,-149,348,692
61.79285,158,1272,-1736,530,4273,-149,348,693
61.79335,158,1272,-1736,529,4277,-149,348,692
61.79385,157,1272,-1736,529,4264,-149,347,692
61.79435,158,1272,-1736,529,4243,-149,347,692
61.79485,158,1272,-1735,528,4214,-149,347,692
61.79535,157,1272,-1735,527,4204,-149,347,692
61.79585,157,1272,-1736,528,4202,-149,347,693
61.79635,158,1272,-1736,528,4205,-149,347,692
61.79685,158,1272,-1736,528,4205,-149,348,692
61.79735,157,1272,-1736,529,4210,-149,348,692
61.79785,157,1272,-1736,528,4213,-149,347,693
61.79835,157,1272,-1736,528,4210,-149,348,693
61.79885,157,1273,-1737,527,4208,-149,347,692
61.79935,157,1272,-1737,528,4212,-148,348,693
61.79985,157,1272,-1737,528,4219,-149,348,693
61.80035,157,1272,-1737,529,4220,-149,349,693
61.80085,157,1272,-1737,528,4220,-149,349,693
61.80135,157,1272,-1736,528,4219,-149,349,693
61.80185,157,1272,-1736,528,4216,-149,349,693
61.80235,157,1272,-1736,528,4221,-148,349,693
61.80285,157,1272,-1737,529,4260,-149,348,693
61.80335,157,1272,-1737,529,4263,-148,348,693
61.80385,157,1272,-1737,529,4255,-149,348,693
61.80435,157,1272,-1737,529,4232,-149,348,692
61.80485,157,1272,-1737,528,4201,-149,349,692
61.80535,157,1272,-1737,529,4197,-148,348,692
61.80585,158,1272,-1737,529,4199,-149,348,693
61.80635,158,1272,-1737,529,4204,-149,348,692
61.80685,158,1272,-1737,529,4199,-149,348,692
61.80735,158,1272,-1737,529,4203,-149,348,692
61.80785,158,1272,-1736,528,4206,-149,348,693
61.80835,158,1272,-1736,527,4206,-149,348,692
61.80885,158,1272,-1737,527,4206,-149,348,692
61.80935,158,1272,-1737,527,4213,-149,348,692
61.80985,158,1271,-1737,527,4214,-149,348,693
61.81035,158,1272,-1738,528,4212,-149,348,693
61.81085,158,1271,-1738,528,4209,-148,348,693
61.81135,158,1272,-1738,528,4210,-149,348,692
61.81185,158,1271,-1737,529,4210,-149,348,692
61.81235,159,1271,-1737,529,4225,-149,348,692
61.81285,158,1271,-1737,529,4261,-149,347,692
61.81335,158,1271,-1736,529,4258,-148,348,692
61.81385,158,1272,-1736,529,4248,-148,348,692
61.81435,158,1271,-1736,529,4221,-148,348,692
61.81485,157,1272,-1736,530,4191,-148,349,692
61.81535,156,1272,-1736,529,4184,-148,349,692
61.81585,156,1272,-1736,528,4187,-148,349,692
61.81635,156,1272,-1736,527,4196,-148,349,692
61.81685,156,1272,-1736,527,4202,-148,348,692
61.81735,157,1271,-1737,527,4206,-149,349,691
61.81785,157,1271,-1736,527,4207,-149,349,691
61.81835,157,1271,-1736,527,4202,-149,349,691
61.81885,158,1271,-1736,527,4204,-149,349,691
61.81935,157,1271,-1735,527,4210,-149,348,691
61.81985,157,1271,-1735,528,4211,-149,348,691
61.82035,157,1272,-1735,528,4215,-148,349,691
61.82085,156,1272,-1736,528,4219,-148,348,692
61.82135,156,1272,-1737,528,4221,-148,349,692
61.82185,156,1272,-1737,528,4227,-148,349,692
61.82235,156,1271,-1737,529,4239,-148,349,692
61.82285,157,1271,-1737,529,4275,-148,349,693
61.82335,157,1271,-1738,528,4274,-148,350,693
61.82385,158,1271,-1739,529,4260,-148,350,693
61.82435,157,1271,-1739,528,4233,-148,350,693
61.82485,158,1271,-1739,529,4201,-148,350,693
61.82535,158,1271,-1739,529,4192,-148,350,693
61.82585,158,1271,-1738,529,4195,-148,350,693
61.82635,158,1271,-1738,530,4200,-148,350,693
61.82685,158,1271,-1738,529,4202,-148,350,693
61.82735,158,1271,-1738,529,4202,-148,349,693
61.82785,158,1271,-1736,529,4204,-148,348,693
61.82835,157,1272,-1733,529,4205,-148,349,692
61.82885,157,1271,-1734,529,4211,-148,348,692
61.82935,157,1272,-1735,528,4217,-148,348,692
61.82985,157,1271,-1736,529,4221,-148,348,692
61.83035,157,1271,-1737,530,4220,-148,348,692
61.83085,157,1271,-1736,530,4218,-148,348,692
61.83135,156,1271,-1736,529,4216,-148,347,692
61.83185,157,1271,-1736,529,4214,-148,348,692
61.83235,157,1271,-1736,529,4227,-148,347,692
61.83285,157,1271,-1738,530,4261,-148,348,692
61.83335,157,1271,-1738,530,4260,-148,348,692
61.83385,157,1271,-1738,531,4249,-148,348,693
61.83435,157,1271,-1737,531,4220,-148,349,693
61.83485,157,1271,-1737,530,4191,-148,348,693
61.83535,157,1271,-1736,530,4186,-148,348,693
61.83585,157,1271,-1736,528,4190,-147,348,692
61.83635,157,1271,-1736,525,4199,-148,348,692
61.83685,157,1271,-1735,523,4208,-148,348,692
61.83735,158,1271,-1735,523,4211,-147,348,692
61.83785,157,1271,-1736,525,4211,-147,348,692
61.83835,157,1271,-1736,526,4209,-148,348,692
61.83885,157,1271,-1737,528,4212,-148,348,692
61.83935,157,1271,-1738,528,4214,-148,348,693
61.83985,157,1271,-1738,529,4214,-148,348,693
61.84035,157,1271,-1738,529,4211,-148,347,693
61.84085,157,1271,-1737,528,4210,-148,348,693
61.84135,157,1271,-1736,528,4208,-148,348,693
61.84185,157,1271,-1735,528,4203,-148,348,693
61.84235,157,1270,-1735,528,4219,-148,348,693
61.84295,157,1271,-1736,529,4255,-148,348,693
61.84345,158,1271,-1735,529,4253,-148,348,693
61.84395,157,1271,-1736,529,4244,-148,348,693
61.844448,157,1271,-1736,529,4216,-147,349,693
61.84495,157,1271,-1736,529,4187,-147,348,693
61.84545,157,1271,-1736,528,4179,-147,348,693
61.84595,158,1271,-1736,528,4181,-147,348,693
61.84645,157,1271,-1737,528,4187,-147,349,693
61.84695,157,1271,-1737,528,4186,-148,349,693
61.84745,157,1271,-1737,528,4187,-147,349,693
61.84795,157,1271,-1736,527,4190,-147,349,693
61.84845,157,1271,-1736,526,4193,-147,349,693
61.84895,157,1271,-1736,527,4199,-148,349,693
61.84945,157,1271,-1736,527,4203,-147,349,693
61.84995,157,1271,-1736,527,4203,-147,349,692
61.85045,158,1271,-1736,527,4203,-148,349,692
61.85095,157,1271,-1736,528,4211,-148,349,693
61.85145,158,1271,-1736,528,4211,-148,349,693
61.85195,157,1271,-1737,528,4204,-148,349,693
61.85245,158,1271,-1737,528,4221,-148,349,693
61.85295,158,1271,-1738,528,4251,-148,349,692
61.85345,158,1271,-1738,528,4248,-148,349,692
61.85395,158,1271,-1738,527,4243,-148,349,692
61.85445,157,1271,-1737,528,4214,-148,350,692
61.85495,157,1271,-1737,528,4190,-148,349,692
61.85545,158,1271,-1736,528,4184,-148,349,692
61.85595,158,1271,-1736,529,4187,-148,349,692
61.85645,158,1271,-1735,529,4194,-148,349,692
61.85695,158,1271,-1735,529,4198,-148,349,692
61.85745,158,1271,-1736,529,4200,-148,349,692
61.85795,159,1271,-1736,529,4200,-147,349,692
61.85845,158,1271,-1736,528,4199,-148,349,692
61.85895,158,1271,-1736,528,4198,-148,349,692
61.85945,158,1271,-1735,528,4201,-148,349,692
61.85995,158,1271,-1735,528,4199,-148,348,692
61.86045,158,1271,-1736,528,4200,-148,349,692
61.86095,158,1271,-1736,529,4203,-148,348,692
61.86145,158,1271,-1737,530,4203,-148,349,692
61.86195,158,1271,-1737,531,4201,-148,349,692
61.86245,158,1271,-1737,532,4221,-148,348,693
61.86295,158,1271,-1738,532,4246,-148,349,692
61.86345,158,1271,-1738,532,4234,-148,350,692
61.86395,158,1271,-1738,532,4227,-148,350,693
61.86445,157,1271,-1737,532,4195,-148,350,692
61.86495,158,1271,-1737,532,4166,-148,349,692
61.86545,157,1271,-1736,531,4164,-148,349,692
61.86595,157,1271,-1736,530,4169,-148,348,692
61.86645,157,1271,-1736,528,4177,-148,348,693
61.86695,156,1271,-1735,527,4176,-148,347,692
61.86745,157,1271,-1735,526,4172,-148,348,692
61.86795,156,1271,-1735,525,4180,-148,348,692
61.86845,157,1271,-1736,525,4184,-149,348,692
61.86895,157,1271,-1737,526,4189,-148,348,692
61.86945,157,1270,-1737,527,4193,-148,348,692
61.86995,157,1270,-1737,528,4198,-148,348,692
61.87045,158,1271,-1737,529,4200,-148,348,692
61.87095,157,1271,-1738,528,4200,-148,348,692
61.87145,157,1271,-1738,528,4201,-148,348,692
61.87195,158,1271,-1738,528,4200,-148,348,692
61.87245,157,1270,-1737,528,4225,-148,348,692
61.87295,158,1271,-1737,528,4250,-148,349,692
61.87345,158,1271,-1736,527,4244,-148,349,692
61.87395,157,1271,-1735,526,4229,-148,349,692
61.87445,158,1271,-1734,525,4196,-148,349,692
61.87495,157,1270,-1732,526,4177,-148,350,693
61.87545,158,1271,-1732,526,4173,-148,349,693
61.87595,158,1270,-1734,527,4170,-148,350,693
61.87645,158,1271,-1735,527,4176,-148,349,692
61.87695,158,1271,-1735,527,4181,-148,349,693
61.87745,157,1271,-1736,527,4188,-148,349,693
61.87795,157,1270,-1736,527,4185,-148,349,693
61.87845,158,1271,-1736,527,4180,-148,349,692
61.87895,158,1271,-1737,527,4185,-148,349,693
61.87945,157,1270,-1737,527,4190,-148,350,692
61.87995,157,1270,-1737,528,4187,-148,350,693
61.88045,157,1270,-1738,530,4190,-148,349,692
61.88095,157,1270,-1739,531,4186,-148,350,692
61.88145,158,1270,-1739,531,4185,-148,350,692
61.88195,157,1270,-1738,532,4181,-148,350,692
61.88245,158,1270,-1738,531,4210,-148,350,693
61.88295,157,1270,-1737,529,4233,-148,350,693
61.88345,157,1270,-1736,528,4222,-148,350,692
61.88395,157,1270,-1735,527,4209,-148,349,693
61.88445,157,1270,-1734,528,4180,-148,349,693
61.88495,157,1270,-1734,528,4156,-148,348,692
61.88545,157,1271,-1734,526,4150,-148,348,692
61.88595,157,1271,-1733,525,4156,-148,347,693
61.88645,158,1270,-1734,524,4164,-148,347,693
61.88695,158,1270,-1734,525,4158,-148,347,693
61.88745,158,1271,-1734,526,4156,-148,348,693
61.88795,157,1270,-1736,527,4161,-148,348,692
61.88845,158,1271,-1735,528,4166,-148,348,692
61.88895,158,1270,-1736,528,4177,-148,348,692
61.88945,158,1271,-1735,528,4182,-148,349,692
61.88995,157,1270,-1736,528,4181,-148,350,692
61.89045,157,1270,-1736,529,4181,-148,349,692
61.89095,158,1270,-1736,529,4183,-148,350,692
61.89145,157,1270,-1737,529,4183,-149,350,692
61.89195,158,1270,-1737,529,4180,-148,350,692
61.89245,158,1270,-1737,530,4210,-148,350,692
61.89295,158,1270,-1737,529,4226,-148,350,692
61.89345,157,1270,-1738,529,4218,-148,349,693
61.89395,158,1270,-1738,529,4203,-148,350,692
61.89445,158,1270,-1737,529,4163,-148,350,692
61.89495,157,1270,-1736,529,4149,-149,350,692
61.89545,158,1270,-1736,529,4147,-149,350,692
61.89595,158,1270,-1735,528,4149,-149,349,692
61.89645,158,1270,-1735,527,4154,-149,350,692
61.89695,158,1270,-1735,526,4154,-149,349,692
61.89745,158,1270,-1735,526,4155,-148,349,692
61.89795,158,1270,-1736,527,4155,-149,349,692
61.89845,158,1270,-1736,527,4153,-149,348,692
61.89895,158,1270,-1736,528,4154,-149,348,692
61.89945,158,1270,-1737,529,4157,-149,348,692
61.89995,158,1270,-1737,530,4158,-149,348,692
61.90045,158,1270,-1737,530,4160,-149,348,692
61.90095,158,1270,-1735,529,4162,-149,348,693
61.90145,158,1270,-1733,528,4163,-149,347,693
61.90195,158,1270,-1733,527,4159,-149,347,692
61.90245,158,1270,-1734,527,4194,-149,346,693
61.90295,158,1270,-1735,527,4212,-149,347,693
61.90345,158,1270,-1736,527,4202,-149,347,693
61.90395,158,1270,-1736,526,4186,-149,347,692
61.90445,158,1270,-1736,527,4154,-149,348,693
61.90505,158,1270,-1736,527,4143,-149,348,692
61.90555,158,1270,-1736,527,4138,-149,348,693
61.90605,158,1270,-1736,528,4144,-149,347,692
61.90655,158,1270,-1736,528,4148,-149,348,692
61.90705,158,1270,-1736,527,4150,-149,348,692
61.90755,158,1270,-1735,527,4149,-149,348,692
61.90805,158,1270,-1736,527,4149,-149,348,692
61.90855,158,1270,-1736,527,4148,-149,348,692
61.90905,158,1270,-1736,528,4151,-148,348,692
61.90955,158,1270,-1736,528,4151,-148,349,692
61.91005,158,1270,-1735,528,4153,-148,349,692
61.91055,159,1270,-1735,528,4153,-149,349,692
61.91105,158,1270,-1736,528,4152,-148,349,692
61.91155,158,1270,-1736,528,4150,-149,350,692
61.91205,158,1270,-1736,528,4153,-149,349,692
61.91255,158,1270,-1736,529,4189,-149,349,692
61.91305,158,1270,-1736,528,4195,-149,349,692
61.91355,158,1270,-1737,528,4184,-149,349,692
61.91405,158,1270,-1736,527,4161,-150,349,691
61.91455,158,1270,-1736,528,4128,-149,350,692
61.91505,158,1270,-1736,528,4116,-149,349,692
61.91555,158,1270,-1736,528,4119,-150,349,692
61.91605,157,1270,-1736,528,4126,-149,349,692
61.91655,157,1270,-1736,528,4133,-150,349,692
61.91705,157,1271,-1736,528,4135,-149,349,692
61.91755,157,1270,-1735,528,4138,-150,349,692
61.91805,157,1270,-1736,529,4138,-149,349,693
61.91855,157,1270,-1736,528,4134,-149,349,692
61.91905,157,1270,-1736,528,4133,-149,349,693
61.91955,157,1270,-1736,528,4138,-149,349,693
61.92005,157,1270,-1736,528,4138,-149,349,693
61.92055,158,1270,-1736,528,4142,-149,349,693
61.92105,157,1270,-1736,528,4145,-149,349,693
61.92155,158,1270,-1736,528,4144,-149,349,693
61.92205,158,1270,-1736,528,4149,-149,349,693
61.92255,158,1271,-1735,529,4191,-149,349,693
61.92305,158,1270,-1736,528,4198,-149,350,693
61.92355,158,1270,-1736,528,4191,-150,349,693
61.92405,158,1270,-1737,528,4170,-150,350,693
61.92455,158,1270,-1737,528,4136,-150,351,693
61.92505,158,1270,-1737,529,4123,-150,350,693
61.92555,158,1270,-1737,528,4119,-150,350,692
61.92605,158,1271,-1736,528,4122,-150,350,693
61.92655,158,1270,-1735,528,4131,-150,349,693
61.92705,158,1270,-1734,527,4124,-150,349,692
61.92755,158,1271,-1734,527,4121,-150,348,693
61.92805,158,1271,-1735,527,4126,-150,348,693
61.92855,158,1270,-1736,528,4125,-150,347,692
61.92905,158,1271,-1736,528,4128,-150,347,692
61.92955,158,1270,-1735,528,4132,-150,346,693
61.93005,158,1271,-1735,528,4133,-150,345,692
61.93055,158,1270,-1736,528,4128,-150,345,693
61.93105,158,1270,-1736,528,4128,-150,345,692
61.93155,158,1270,-1736,527,4123,-150,345,692
61.93205,158,1270,-1736,527,4133,-150,345,693
61.93255,158,1270,-1736,527,4170,-150,344,693
61.93305,158,1270,-1736,527,4167,-150,345,693
61.93355,158,1270,-1737,526,4158,-150,344,692
61.93405,158,1270,-1736,526,4135,-150,345,692
61.93455,158,1270,-1737,526,4108,-150,345,692
61.93505,158,1270,-1736,527,4100,-150,345,693
61.93555,158,1270,-1735,527,4098,-150,345,692
61.93605,158,1270,-1734,528,4099,-150,345,692
61.93655,158,1270,-1734,528,4108,-150,346,692
61.93705,158,1270,-1734,528,4113,-151,347,692
61.93755,158,1270,-1734,528,4115,-150,347,692
61.93805,158,1270,-1734,529,4118,-150,348,692
61.93855,158,1270,-1735,528,4120,-150,348,692
61.93905,158,1270,-1735,528,4117,-151,349,692
61.93955,159,1270,-1735,528,4121,-150,349,692
61.94005,158,1270,-1735,528,4122,-150,349,692
61.94055,158,1270,-1736,528,4123,-150,349,692
61.94105,158,1270,-1736,528,4125,-150,349,693
61.94155,158,1270,-1736,529,4124,-151,349,692
61.94205,158,1271,-1736,529,4127,-150,349,692
61.94255,159,1270,-1736,529,4165,-150,349,693
61.94305,158,1271,-1736,528,4166,-150,349,692
61.94355,158,1270,-1736,528,4153,-150,349,692
61.94405,158,1270,-1735,527,4132,-151,349,692
61.94455,158,1270,-1736,527,4104,-151,349,692
61.94505,158,1271,-1736,528,4096,-151,349,692
61.94555,158,1271,-1735,528,4095,-151,350,692
61.94605,158,1270,-1736,528,4097,-151,350,692
61.94655,157,1271,-1736,528,4102,-151,349,692
61.94705,157,1271,-1736,528,4099,-151,350,692
61.94755,158,1271,-1736,528,4097,-151,349,692
61.94805,158,1270,-1736,528,4098,-151,349,692
61.94855,158,1270,-1736,529,4100,-151,349,692
61.94905,158,1271,-1736,529,4105,-151,349,692
61.94955,158,1270,-1736,529,4109,-151,350,692
61.95005,158,1270,-1736,529,4112,-151,350,692
61.95055,158,1271,-1737,529,4113,-151,350,692
61.95105,158,1271,-1736,529,4113,-151,350,692
61.95155,158,1271,-1736,529,4113,-151,350,692
61.95205,158,1270,-1736,529,4123,-151,350,692
61.95255,158,1271,-1736,528,4159,-151,349,692
61.95305,158,1270,-1736,527,4159,-152,349,692
61.95355,158,1271,-1736,527,4149,-152,349,691
61.95405,158,1271,-1735,527,4121,-152,349,692
61.95455,158,1270,-1735,527,4092,-152,349,692
61.95505,158,1270,-1735,528,4093,-152,349,692
61.95555,158,1270,-1735,528,4098,-152,349,692
61.95605,158,1270,-1736,528,4107,-152,349,692
61.95655,159,1270,-1736,528,4114,-152,349,692
61.95705,159,1270,-1736,528,4117,-152,349,691
61.95755,159,1271,-1736,528,4119,-152,349,691
61.95805,160,1270,-1736,529,4115,-152,349,691
61.95855,160,1270,-1736,528,4112,-152,349,691
61.95905,160,1270,-1735,528,4116,-153,349,691
61.95955,160,1270,-1735,528,4120,-153,349,692
61.96005,160,1270,-1735,528,4123,-153,349,693
61.96055,160,1270,-1735,528,4130,-152,348,694
61.96105,160,1270,-1735,528,4127,-152,349,694
61.96155,160,1270,-1735,528,4124,-152,349,694
61.96205,160,1270,-1735,528,4137,-152,348,695
61.96255,160,1270,-1736,529,4172,-152,348,695
61.96305,160,1270,-1736,528,4164,-152,348,693
61.96355,159,1270,-1736,529,4152,-151,348,693
61.96405,160,1270,-1736,529,4124,-152,349,693
61.96455,159,1271,-1737,529,4095,-152,348,692
61.96505,158,1271,-1737,529,4087,-152,349,692
61.96555,158,1271,-1737,529,4089,-152,348,692
61.96605,156,1271,-1737,530,4095,-152,348,692
61.96665,156,1271,-1737,530,4100,-152,348,692
61.96715,155,1271,-1736,529,4099,-152,348,693
61.96765,156,1271,-1736,529,4097,-152,348,693
61.96815,156,1271,-1736,528,4095,-152,347,693
61.96865,156,1270,-1735,527,4098,-152,347,693
61.96915,157,1270,-1735,526,4105,-152,347,693
61.96965,157,1270,-1735,526,4109,-153,348,692
61.97015,157,1270,-1735,527,4113,-152,348,692
61.97065,157,1270,-1735,527,4122,-153,348,692
61.97115,158,1270,-1736,528,4123,-152,348,692
61.97165,157,1270,-1735,528,4122,-152,349,692
61.97215,158,1270,-1736,529,4137,-153,349,693
61.97265,158,1270,-1735,529,4169,-153,349,693
61.97315,158,1270,-1736,529,4161,-153,349,693
61.973648,158,1270,-1736,529,4151,-153,349,693
61.97415,158,1270,-1736,529,4123,-153,350,692
61.97465,158,1270,-1736,530,4097,-153,350,692
61.97515,158,1270,-1736,530,4096,-153,349,692
61.97565,158,1270,-1736,530,4096,-153,349,692
61.97615,158,1270,-1736,530,4099,-153,349,692
61.97665,158,1270,-1736,529,4102,-153,348,693
61.97715,158,1270,-1736,529,4102,-153,348,693
61.97765,158,1270,-1735,528,4099,-153,348,693
61.97815,158,1270,-1736,528,4099,-153,347,693
61.97865,158,1270,-1735,528,4101,-154,348,693
61.97915,158,1270,-1735,527,4099,-153,348,693
61.97965,158,1270,-1735,526,4103,-153,348,692
61.98015,158,1270,-1735,526,4105,-153,348,692
61.98065,158,1270,-1735,526,4111,-153,348,692
61.98115,158,1270,-1736,527,4114,-153,348,692
61.98165,158,1270,-1736,528,4112,-153,349,692
61.98215,158,1270,-1736,529,4125,-153,348,693
61.98265,158,1270,-1736,529,4156,-153,348,693
61.98315,158,1270,-1736,529,4149,-153,349,693
61.98365,158,1270,-1736,529,4140,-153,348,692
61.98415,158,1270,-1735,529,4114,-153,349,692
61.98465,158,1271,-1735,529,4096,-153,348,692
61.98515,158,1270,-1736,529,4093,-153,348,692
61.98565,158,1270,-1735,529,4094,-154,348,692
61.98615,158,1270,-1736,529,4099,-154,348,692
61.98665,159,1270,-1735,529,4104,-154,348,692
61.98715,158,1270,-1735,528,4105,-154,348,692
61.98765,159,1270,-1735,527,4105,-154,347,692
61.98815,159,1270,-1735,526,4110,-154,347,692
61.98865,158,1270,-1736,526,4114,-154,347,692
61.98915,158,1270,-1736,527,4119,-154,347,692
61.98965,158,1269,-1735,527,4125,-154,347,692
61.99015,158,1270,-1735,527,4128,-154,347,692
61.99065,159,1269,-1735,527,4129,-154,347,692
61.99115,158,1270,-1734,527,4127,-154,347,692
61.99165,159,1269,-1734,527,4124,-154,347,692
61.99215,159,1270,-1735,528,4144,-154,347,693
61.99265,159,1270,-1735,529,4171,-154,346,692
61.99315,159,1270,-1735,528,4161,-154,346,692
61.99365,159,1269,-1735,528,4152,-154,347,692
61.99415,159,1269,-1736,528,4122,-155,347,691
61.99465,159,1269,-1736,528,4100,-155,347,691
61.99515,159,1269,-1736,528,4092,-155,347,691
61.99565,159,1269,-1735,529,4092,-155,348,691
61.99615,159,1270,-1735,529,4097,-155,348,692
61.99665,159,1269,-1735,529,4100,-155,348,692
61.99715,159,1269,-1736,529,4105,-155,348,692
61.99765,159,1270,-1735,529,4108,-154,348,692
61.99815,158,1269,-1735,528,4108,-154,348,692
61.99865,159,1270,-1735,528,4107,-154,348,692
61.99915,158,1270,-1736,528,4111,-154,348,692
61.99965,159,1269,-1736,528,4115,-155,349,693
62.00015,158,1270,-1736,528,4116,-154,350,692
62.00065,158,1270,-1735,528,4115,-154,350,692
62.00115,158,1270,-1735,527,4119,-155,350,693
62.00165,158,1270,-1735,527,4115,-155,349,692
62.00215,158,1270,-1735,528,4135,-154,348,693
62.00265,158,1269,-1735,527,4166,-155,348,693
62.00315,158,1269,-1736,527,4157,-155,347,692
62.00365,158,1269,-1735,527,4144,-155,348,692
62.00415,159,1269,-1736,528,4116,-155,348,692
62.00465,158,1269,-1736,528,4097,-155,348,692
62.00515,158,1269,-1736,528,4094,-155,348,692
62.00565,159,1269,-1736,528,4092,-154,348,692
62.00615,158,1269,-1736,529,4096,-154,348,692
62.00665,158,1269,-1736,529,4100,-155,348,692
62.00715,158,1269,-1736,529,4097,-155,348,692
62.00765,158,1269,-1736,529,4094,-155,348,692
62.00815,158,1269,-1736,529,4095,-155,347,692
62.00865,159,1269,-1736,528,4096,-155,347,692
62.00915,159,1269,-1735,528,4100,-155,347,692
62.00965,159,1269,-1735,527,4101,-155,347,692
62.01015,159,1269,-1736,528,4102,-155,347,692
62.01065,159,1269,-1736,528,4102,-155,347,692
62.01115,159,1269,-1736,528,4100,-155,348,692
62.01165,159,1269,-1736,528,4097,-155,348,692
62.01215,159,1269,-1736,529,4123,-155,348,693
62.01265,158,1269,-1736,528,4142,-155,348,692
62.01315,159,1269,-1736,528,4129,-155,348,692
62.01365,158,1269,-1735,529,4118,-155,349,692
62.01415,158,1269,-1735,529,4085,-155,350,692
62.01465,159,1269,-1735,530,4066,-155,350,692
62.01515,159,1269,-1735,530,4065,-155,349,692
62.01565,159,1269,-1736,529,4069,-155,349,692
62.01615,159,1269,-1735,529,4076,-155,349,692
62.01665,159,1269,-1735,529,4081,-155,349,692
62.01715,159,1268,-1735,528,4085,-155,349,692
62.01765,159,1269,-1735,527,4089,-155,349,692
62.01815,159,1269,-1735,527,4093,-155,349,692
62.01865,159,1269,-1735,527,4096,-155,349,692
62.01915,159,1268,-1735,528,4096,-155,349,692
62.01965,159,1268,-1735,528,4102,-155,349,692
62.02015,159,1268,-1735,528,4105,-156,349,693
62.02065,159,1269,-1735,528,4107,-155,349,692
62.02115,159,1268,-1735,528,4108,-156,349,692
62.02165,159,1268,-1736,527,4113,-156,349,692
62.02215,159,1268,-1735,528,4146,-156,348,692
62.02265,159,1268,-1736,528,4164,-156,349,692
62.02315,159,1268,-1735,527,4157,-156,348,692
62.02365,159,1268,-1735,527,4144,-156,348,691
62.02415,159,1268,-1736,527,4108,-156,348,691
62.02465,159,1268,-1736,527,4083,-156,348,692
62.02515,159,1268,-1737,527,4079,-156,348,691
62.02565,159,1268,-1737,527,4084,-156,347,692
62.02615,159,1268,-1737,527,4088,-156,347,692
62.02665,159,1268,-1737,527,4095,-156,347,692
62.02715,159,1268,-1736,528,4095,-155,347,692
62.02765,159,1268,-1736,528,4091,-156,347,692
62.02815,159,1268,-1736,528,4093,-156,347,692
62.02875,159,1268,-1736,529,4093,-155,347,691
62.02925,159,1268,-1735,529,4097,-156,347,692
62.02975,159,1268,-1735,529,4095,-155,347,691
62.03025,159,1268,-1735,528,4100,-156,347,691
62.03075,159,1268,-1735,528,4095,-156,348,691
62.03125,159,1268,-1735,527,4092,-156,348,691
62.03175,159,1268,-1735,527,4093,-156,348,691
62.03225,159,1268,-1735,528,4128,-156,348,691
62.03275,159,1268,-1736,527,4141,-156,349,691
62.03325,159,1268,-1736,528,4132,-156,349,691
62.03375,159,1268,-1737,527,4114,-156,348,691
62.03425,159,1268,-1736,528,4081,-156,348,691
62.034748,159,1268,-1736,528,4071,-156,348,691
62.03525,159,1268,-1736,527,4070,-156,348,692
62.03575,159,1268,-1736,527,4074,-156,347,692
62.03625,159,1268,-1735,528,4084,-156,348,692
62.03675,159,1268,-1735,529,4088,-156,347,692
62.03725,159,1268,-1735,528,4089,-156,348,692
62.03775,159,1268,-1735,528,4091,-156,348,692
62.03825,159,1268,-1735,528,4092,-156,348,692
62.03875,159,1268,-1735,528,4091,-156,348,692
62.03925,159,1268,-1735,529,4094,-156,348,692
62.03975,159,1268,-1736,529,4096,-156,348,691
62.04025,159,1268,-1735,528,4097,-156,347,692
62.04075,159,1268,-1735,528,4096,-156,347,692
62.04125,159,1268,-1736,528,4098,-156,348,692
62.04175,159,1268,-1735,529,4100,-156,347,692
62.04225,159,1268,-1736,529,4138,-156,347,692
62.04275,159,1268,-1736,529,4146,-156,348,691
62.04325,159,1268,-1736,529,4138,-156,348,692
62.04375,159,1268,-1736,528,4115,-156,348,691
62.04425,159,1268,-1736,528,4085,-156,349,692
62.04475,159,1268,-1736,528,4073,-156,348,692
62.04525,159,1268,-1736,528,4075,-157,348,692
62.04575,159,1268,-1736,529,4079,-157,348,692
62.04625,159,1268,-1736,529,4083,-156,348,692
62.04675,160,1268,-1736,529,4084,-156,348,692
62.04725,159,1268,-1736,528,4081,-156,348,692
62.04775,159,1268,-1736,528,4078,-156,347,692
62.04825,159,1268,-1736,528,4081,-156,347,692
62.04875,159,1268,-1736,528,4085,-156,347,692
62.04925,159,1268,-1736,528,4092,-156,347,692
62.04975,159,1268,-1736,528,4098,-156,347,693
62.05025,159,1268,-1736,528,4103,-156,347,693
62.05075,159,1268,-1735,528,4103,-156,347,693
62.05125,159,1268,-1735,528,4105,-156,347,692
62.05175,159,1268,-1735,528,4113,-156,346,692
62.05225,159,1268,-1735,528,4157,-156,347,692
62.05275,159,1268,-1735,528,4164,-157,347,692
62.05325,159,1268,-1736,528,4154,-156,347,692
62.05375,159,1268,-1736,527,4132,-156,347,691
62.05425,159,1268,-1735,527,4098,-157,346,691
62.05475,159,1268,-1735,527,4086,-156,347,691
62.05525,159,1268,-1735,528,4088,-157,347,691
62.05575,159,1268,-1736,527,4095,-157,346,691
62.05625,159,1268,-1736,527,4101,-157,346,692
62.05675,159,1268,-1736,527,4106,-157,347,691
62.05725,159,1268,-1736,528,4113,-156,346,691
62.05775,159,1268,-1736,528,4111,-157,346,691
62.05825,159,1268,-1736,528,4111,-157,346,691
62.05875,159,1268,-1736,528,4111,-157,347,691
62.05925,159,1268,-1736,528,4110,-156,346,691
62.05975,159,1268,-1736,528,4115,-157,347,691
62.06025,159,1268,-1736,528,4115,-157,347,691
62.06075,159,1268,-1736,528,4116,-157,347,691
62.06125,159,1268,-1736,528,4117,-157,347,691
62.06175,159,1268,-1736,529,4123,-157,347,691
62.06225,159,1268,-1736,529,4158,-157,347,692
62.06275,159,1268,-1737,528,4159,-157,347,692
62.06325,159,1268,-1736,528,4153,-157,347,692
62.06375,159,1268,-1735,527,4130,-156,347,692
62.06425,159,1268,-1735,527,4096,-157,348,692
62.06475,159,1268,-1735,528,4087,-157,348,692
62.06525,159,1268,-1735,528,4083,-157,348,691
62.06575,159,1268,-1735,529,4084,-156,349,691
62.06625,159,1268,-1735,529,4086,-157,348,691
62.06675,159,1268,-1735,529,4088,-156,348,691
62.06725,159,1268,-1735,528,4085,-156,348,691
62.06775,159,1268,-1736,528,4086,-156,348,691
62.06825,159,1268,-1737,529,4088,-157,348,691
62.06875,159,1268,-1737,528,4092,-156,347,691
62.06925,159,1268,-1736,528,4099,-157,348,691
62.06975,159,1268,-1736,528,4104,-157,347,691
62.07025,159,1268,-1735,527,4108,-157,348,691
62.07075,159,1268,-1735,527,4111,-157,348,691
62.07125,159,1268,-1735,527,4114,-157,348,691
62.07175,159,1268,-1736,528,4127,-157,348,692
62.07225,159,1268,-1736,528,4165,-157,347,692
62.07275,159,1268,-1737,528,4170,-157,347,692
62.07325,159,1268,-1737,527,4159,-157,347,692
62.07375,159,1268,-1737,528,4132,-157,347,692
62.07425,159,1268,-1737,528,4103,-157,346,693
62.07475,159,1268,-1737,528,4096,-157,346,693
62.07525,159,1268,-1736,528,4092,-157,346,693
62.07575,159,1268,-1735,528,4093,-157,346,692
62.07625,159,1268,-1734,527,4098,-157,346,692
62.07675,159,1268,-1734,528,4105,-157,346,692
62.07725,159,1268,-1734,528,4107,-157,346,692
62.07775,159,1268,-1735,528,4107,-157,347,692
62.07825,159,1268,-1735,528,4107,-157,347,692
62.07875,159,1268,-1735,528,4104,-157,347,692
62.07925,159,1268,-1735,528,4105,-157,347,692
62.07975,159,1268,-1735,528,4106,-157,347,692
62.08025,159,1268,-1735,528,4104,-157,347,692
62.08075,159,1268,-1736,528,4104,-157,347,692
62.08125,159,1268,-1735,529,4099,-157,347,691
62.08175,159,1267,-1736,529,4109,-157,346,692
62.08225,159,1267,-1736,529,4144,-157,346,692
62.08275,160,1268,-1736,528,4150,-157,347,692
62.08325,159,1268,-1736,528,4146,-157,347,692
62.08375,159,1268,-1736,527,4122,-157,347,692
62.08425,159,1268,-1736,527,4093,-157,347,692
62.08475,159,1268,-1736,527,4086,-158,347,692
62.08525,159,1268,-1737,528,4086,-158,347,692
62.08575,159,1268,-1736,528,4089,-158,347,691
62.08625,159,1268,-1736,528,4092,-158,348,691
62.08675,159,1268,-1735,528,4091,-158,348,690
62.08725,159,1268,-1736,529,4090,-158,348,690
62.08775,159,1268,-1736,529,4096,-157,348,691
62.08825,159,1268,-1735,529,4100,-158,348,691
62.08875,159,1268,-1735,529,4100,-157,348,691
62.08925,159,1268,-1735,528,4106,-158,348,691
62.08985,159,1268,-1735,527,4111,-157,348,690
62.09035,159,1268,-1735,528,4116,-158,348,691
62.09085,159,1268,-1735,528,4122,-157,348,691
62.09135,158,1268,-1736,528,4117,-158,348,691
62.09185,159,1268,-1735,528,4126,-158,348,692
62.09235,159,1268,-1736,529,4161,-158,348,692
62.09285,160,1267,-1736,529,4163,-158,348,692
62.09335,159,1268,-1736,529,4154,-158,348,692
62.09385,159,1268,-1736,529,4124,-158,348,692
62.09435,160,1267,-1736,530,4093,-158,349,692
62.09485,160,1268,-1736,530,4084,-158,348,692
62.09535,160,1268,-1736,531,4084,-158,348,691
62.095848,160,1268,-1736,531,4086,-158,348,691
62.09635,160,1268,-1736,531,4082,-158,348,692
62.09685,159,1268,-1737,530,4083,-157,348,692
62.09735,159,1268,-1737,529,4089,-158,347,692
62.09785,159,1268,-1737,528,4091,-158,348,692
62.09835,159,1268,-1737,527,4090,-158,348,692
62.09885,160,1268,-1736,526,4089,-158,348,692
62.09935,159,1268,-1736,526,4087,-158,348,692
62.09985,159,1268,-1735,526,4091,-158,348,691
62.10035,159,1268,-1735,526,4090,-158,348,691
62.10085,159,1268,-1735,526,4088,-158,348,692
62.10135,159,1268,-1734,526,4091,-158,348,692
62.10185,159,1268,-1734,527,4113,-158,348,692
62.10235,159,1268,-1734,528,4150,-158,348,692
62.10285,160,1268,-1734,528,4150,-158,349,692
62.10335,159,1268,-1735,528,4143,-158,348,692
62.10385,160,1268,-1735,527,4118,-158,349,691
62.10435,159,1268,-1735,527,4093,-159,349,692
62.10485,159,1268,-1735,527,4085,-159,348,691
62.10535,159,1268,-1736,527,4088,-159,348,691
62.10585,160,1268,-1735,527,4089,-159,348,692
62.10635,160,1268,-1736,528,4092,-159,348,692
62.10685,160,1268,-1736,528,4098,-159,348,692
62.10735,159,1268,-1736,529,4096,-159,348,691
62.10785,160,1268,-1736,529,4095,-159,348,692
62.10835,160,1268,-1736,529,4092,-159,348,692
62.10885,160,1268,-1736,529,4101,-159,349,692
62.10935,159,1267,-1736,529,4108,-159,349,692
62.10985,160,1268,-1736,529,4112,-159,349,692
62.11035,159,1268,-1736,528,4114,-159,349,691
62.11085,160,1268,-1735,527,4113,-159,348,692
62.11135,159,1268,-1735,527,4109,-159,348,691
62.11185,160,1268,-1735,528,4128,-159,348,692
62.11235,160,1268,-1736,529,4157,-159,348,692
62.11285,159,1268,-1736,529,4153,-159,348,691
62.11335,160,1268,-1736,529,4140,-159,348,692
62.11385,159,1268,-1736,528,4106,-159,348,691
62.11435,159,1268,-1735,528,4085,-159,348,691
62.11485,160,1268,-1735,528,4078,-159,347,691
62.11535,160,1268,-1734,527,4079,-159,347,691
62.11585,160,1268,-1735,527,4083,-159,347,691
62.11635,160,1268,-1735,527,4086,-159,346,691
62.11685,160,1268,-1735,526,4089,-159,347,691
62.11735,159,1268,-1735,527,4090,-159,347,691
62.11785,159,1268,-1736,527,4091,-159,347,691
62.11835,160,1268,-1736,527,4092,-159,347,691
62.11885,160,1268,-1735,529,4090,-159,347,691
62.11935,160,1268,-1735,530,4096,-160,347,691
62.11985,160,1268,-1735,530,4099,-160,346,691
62.12035,160,1268,-1735,529,4103,-159,347,691
62.12085,159,1268,-1735,529,4107,-160,347,691
62.12135,159,1268,-1735,529,4108,-160,347,691
62.12185,160,1268,-1735,530,4132,-159,347,691
62.12235,160,1268,-1736,529,4165,-160,347,692
62.12285,159,1268,-1736,529,4162,-159,348,691
62.12335,159,1268,-1737,529,4157,-160,348,692
62.12385,160,1268,-1737,528,4123,-160,348,691
62.12435,160,1268,-1737,528,4101,-160,348,692
62.12485,160,1268,-1736,528,4093,-160,348,691
62.12535,160,1268,-1735,527,4094,-160,348,692
62.12585,160,1268,-1735,527,4093,-160,348,692
62.12635,160,1268,-1735,528,4098,-160,348,691
62.12685,160,1268,-1734,528,4101,-160,348,691
62.12735,160,1268,-1734,528,4093,-160,349,691
62.12785,160,1268,-1734,528,4090,-160,349,691
62.12835,159,1268,-1734,529,4092,-159,348,692
62.12885,160,1268,-1735,528,4096,-160,348,692
62.12935,160,1268,-1735,529,4107,-160,348,692
62.12985,160,1268,-1736,529,4110,-160,348,692
62.13035,160,1268,-1737,530,4110,-160,347,691
62.13085,160,1268,-1737,530,4112,-160,347,692
62.13135,160,1268,-1737,530,4107,-160,346,692
62.13185,160,1267,-1737,530,4135,-160,346,692
62.13235,160,1268,-1738,529,4163,-160,346,692
62.13285,159,1268,-1738,527,4158,-160,347,692
62.13335,160,1268,-1739,526,4149,-160,347,692
62.13385,160,1268,-1738,526,4117,-160,347,691
62.13435,160,1268,-1738,526,4095,-160,347,691
62.13485,160,1267,-1737,527,4088,-160,346,691
62.13535,160,1268,-1736,527,4092,-159,346,691
62.13585,160,1268,-1732,527,4097,-160,346,691
62.13635,160,1268,-1730,527,4100,-160,347,692
62.13685,160,1268,-1731,528,4104,-160,346,692
62.13735,160,1268,-1733,528,4112,-160,347,692
62.13785,160,1268,-1734,529,4116,-160,347,691
62.13835,160,1268,-1734,530,4118,-160,346,691
62.13885,160,1268,-1735,530,4114,-160,346,692
62.13935,160,1268,-1735,530,4113,-160,346,691
62.13985,160,1268,-1736,529,4122,-160,346,692
62.14035,160,1267,-1736,529,4121,-160,347,692
62.14085,160,1268,-1736,528,4126,-160,347,692
62.14135,160,1268,-1736,528,4130,-160,347,692
62.14185,160,1267,-1735,528,4156,-160,347,692
62.14235,160,1268,-1735,528,4178,-160,347,692
62.14285,160,1268,-1735,528,4171,-160,347,691
62.14335,159,1268,-1734,527,4159,-160,347,691
62.14385,160,1268,-1734,525,4122,-160,347,691
62.14435,160,1268,-1734,526,4100,-161,347,691
62.14485,160,1268,-1734,527,4097,-160,347,691
62.14535,160,1268,-1735,527,4098,-160,347,691
62.14585,160,1268,-1735,528,4104,-160,347,691
62.14635,160,1268,-1734,528,4108,-160,348,691
62.14685,160,1268,-1734,527,4107,-160,348,691
62.14735,160,1268,-1735,527,4103,-160,348,691
62.14785,160,1268,-1735,527,4102,-160,348,691
62.14835,160,1268,-1735,527,4103,-160,348,691
62.14885,160,1268,-1735,528,4107,-160,348,691
62.14935,160,1268,-1735,528,4112,-160,348,692
62.14985,160,1268,-1735,528,4116,-160,348,691
62.15035,160,1268,-1735,529,4121,-160,347,691
62.15085,160,1268,-1735,529,4118,-160,347,691
62.15145,160,1268,-1735,529,4116,-160,348,691
62.15195,160,1268,-1735,529,4147,-160,347,692
62.15245,160,1267,-1735,528,4167,-160,347,692
62.15295,160,1268,-1735,529,4164,-160,347,692
62.15345,160,1268,-1735,529,4149,-160,347,691
62.15395,160,1268,-1736,528,4116,-160,347,691
62.15445,160,1268,-1735,528,4099,-160,347,692
62.15495,160,1268,-1735,528,4100,-160,346,692
62.15545,160,1268,-1734,527,4113,-160,346,692
62.15595,160,1268,-1735,527,4120,-159,346,692
62.15645,159,1268,-1735,527,4122,-160,346,693
62.156948,159,1268,-1735,527,4124,-160,346,692
62.15745,160,1268,-1735,527,4122,-160,347,693
62.15795,160,1268,-1735,527,4125,-160,347,693
62.15845,160,1268,-1735,527,4121,-160,347,692
62.15895,160,1268,-1736,527,4118,-160,347,692
62.15945,160,1268,-1736,527,4127,-160,347,692
62.15995,160,1268,-1736,527,4129,-160,346,692
62.16045,160,1268,-1736,527,4130,-160,346,692
62.16095,160,1268,-1736,528,4130,-160,346,692
62.16145,160,1268,-1736,530,4129,-160,346,692
62.16195,160,1268,-1736,531,4166,-160,346,692
62.16245,160,1268,-1736,531,4181,-160,346,692
62.16295,160,1269,-1735,532,4173,-160,345,692
62.16345,159,1268,-1735,531,4156,-160,346,692
62.16395,160,1269,-1735,531,4121,-160,346,692
62.16445,160,1268,-1735,531,4108,-160,345,692
62.16495,160,1268,-1735,531,4107,-160,345,692
62.16545,160,1268,-1734,530,4112,-160,345,691
62.16595,160,1268,-1734,527,4115,-160,345,692
62.16645,160,1268,-1733,525,4114,-160,345,692
62.16695,160,1268,-1734,524,4122,-160,345,692
62.16745,160,1268,-1734,525,4124,-160,346,692
62.16795,160,1268,-1735,527,4123,-160,346,692
62.16845,160,1268,-1735,528,4126,-160,346,692
62.16895,160,1268,-1735,529,4130,-160,345,692
62.16945,160,1268,-1735,529,4136,-160,346,692
62.16995,160,1269,-1735,530,4141,-160,346,692
62.17045,160,1268,-1736,532,4145,-160,347,692
62.17095,160,1269,-1737,533,4150,-160,347,692
62.17145,160,1268,-1737,534,4155,-160,348,692
62.17195,160,1268,-1737,533,4192,-160,348,693
62.17245,160,1269,-1737,531,4200,-160,349,692
62.17295,160,1269,-1736,529,4190,-160,349,692
62.17345,160,1269,-1736,528,4176,-160,349,692
62.17395,160,1269,-1736,528,4143,-160,349,692
62.17445,160,1269,-1736,529,4130,-160,349,692
62.17495,160,1269,-1736,529,4129,-160,349,692
62.17545,160,1269,-1734,528,4133,-160,348,692
62.17595,160,1269,-1734,526,4137,-160,349,691
62.17645,160,1269,-1733,525,4137,-160,349,692
62.17695,160,1268,-1734,525,4134,-160,349,692
62.17745,160,1269,-1734,525,4139,-160,350,692
62.17795,160,1269,-1735,525,4142,-160,350,692
62.17845,160,1269,-1735,526,4143,-160,350,692
62.17895,160,1269,-1734,526,4143,-160,350,692
62.17945,160,1268,-1734,527,4140,-160,350,692
62.17995,160,1269,-1734,527,4142,-160,350,692
62.18045,160,1269,-1735,528,4143,-160,351,692
62.18095,160,1269,-1735,528,4144,-159,351,693
62.18145,160,1269,-1735,529,4151,-159,350,693
62.18195,160,1269,-1735,530,4183,-160,350,693
62.18245,160,1269,-1735,531,4188,-159,350,692
62.18295,160,1269,-1735,531,4185,-160,349,692
62.18345,159,1269,-1736,531,4172,-159,349,692
62.18395,160,1270,-1736,530,4143,-160,349,692
62.18445,160,1269,-1736,529,4134,-160,349,692
62.18495,160,1269,-1736,527,4132,-160,348,692
62.18545,160,1269,-1736,526,4135,-159,348,692
62.18595,160,1270,-1735,526,4144,-160,347,692
62.18645,160,1269,-1735,526,4146,-160,347,691
62.18695,160,1270,-1734,526,4148,-159,347,692
62.18745,160,1269,-1735,526,4148,-160,347,692
62.18795,160,1269,-1735,527,4152,-159,347,692
62.18845,160,1269,-1735,527,4156,-160,348,692
62.18895,159,1269,-1735,528,4159,-159,347,692
62.18945,160,1270,-1735,527,4162,-160,347,692
62.18995,160,1270,-1735,527,4168,-159,347,691
62.19045,159,1270,-1734,527,4171,-159,347,692
62.19095,159,1270,-1734,527,4169,-159,347,692
62.19145,160,1270,-1734,527,4177,-159,347,691
62.19195,160,1270,-1734,527,4212,-159,347,692
62.19245,160,1270,-1735,527,4208,-159,348,692
62.19295,160,1270,-1735,527,4201,-159,348,691
62.19345,159,1270,-1734,527,4177,-159,349,691
62.19395,160,1270,-1735,527,4142,-159,349,692
62.19445,159,1270,-1735,527,4136,-159,349,692
62.19495,159,1270,-1735,527,4143,-159,348,692
62.19545,160,1270,-1735,527,4152,-159,348,692
62.19595,160,1270,-1736,528,4155,-159,348,692
62.19645,160,1270,-1736,528,4157,-159,348,692
62.19695,160,1270,-1736,528,4159,-159,348,692
62.19745,160,1270,-1736,528,4161,-159,348,692
62.19795,160,1270,-1735,528,4162,-159,347,692
62.19845,160,1270,-1735,528,4164,-159,348,692
62.19895,160,1270,-1735,528,4163,-159,348,692
62.19945,160,1270,-1735,529,4165,-159,348,692
62.19995,160,1270,-1734,529,4170,-158,347,692
62.20045,160,1270,-1734,528,4173,-159,348,692
62.20095,160,1270,-1735,528,4177,-159,347,691
62.20145,160,1270,-1734,528,4186,-159,348,692
62.20195,160,1270,-1735,528,4221,-159,347,692
62.20245,160,1270,-1735,527,4231,-159,348,692
62.20295,160,1270,-1734,527,4227,-159,348,692
62.20345,160,1270,-1734,526,4205,-159,348,692
62.20395,159,1271,-1734,526,4177,-159,348,692
62.20445,159,1270,-1735,527,4172,-159,348,692
62.20495,159,1271,-1735,527,4177,-158,348,692
62.20545,160,1270,-1736,528,4185,-158,348,692
62.20595,160,1270,-1737,528,4190,-159,348,692
62.20645,160,1270,-1737,528,4191,-158,348,692
62.20695,160,1270,-1737,528,4193,-158,348,691
62.20745,160,1270,-1736,528,4192,-158,349,691
62.20795,160,1270,-1736,528,4183,-158,349,691
62.20845,160,1271,-1735,528,4183,-158,350,692
62.20895,160,1270,-1734,529,4185,-158,350,691
62.20945,160,1270,-1735,529,4194,-158,349,692
62.20995,160,1271,-1735,529,4195,-158,349,692
62.21045,160,1270,-1736,529,4199,-158,349,692
62.21095,160,1270,-1737,530,4202,-158,348,692
62.21145,160,1270,-1737,531,4212,-158,348,692
62.21195,160,1270,-1738,531,4248,-158,348,692
62.21255,160,1270,-1737,530,4247,-158,348,692
62.21305,160,1270,-1736,530,4236,-157,348,692
62.21355,160,1271,-1736,529,4209,-158,349,692
62.21405,160,1271,-1734,528,4179,-158,348,692
62.21455,160,1271,-1733,527,4172,-158,348,692
62.21505,160,1270,-1732,525,4173,-158,347,692
62.21555,160,1271,-1732,523,4178,-158,346,692
62.21605,160,1271,-1733,522,4181,-158,346,692
62.21655,160,1271,-1733,523,4182,-158,346,692
62.21705,160,1271,-1734,524,4185,-157,346,692
62.21755,160,1271,-1735,525,4188,-158,346,692
62.21805,160,1271,-1735,525,4189,-157,347,692
62.21855,160,1271,-1735,526,4191,-157,346,692
62.21905,160,1271,-1734,526,4192,-157,347,692
62.21955,160,1270,-1734,528,4189,-157,347,692
62.22005,160,1271,-1734,529,4194,-158,347,692
62.22055,160,1270,-1735,529,4196,-157,347,692
62.22105,160,1271,-1735,528,4197,-157,347,692
62.22155,160,1271,-1735,528,4212,-157,347,692
62.22205,160,1271,-1736,528,4247,-157,347,692
62.22255,160,1271,-1736,528,4248,-157,347,692
62.22305,160,1270,-1736,528,4240,-157,347,692
62.22355,160,1271,-1735,527,4215,-157,347,691
62.22405,160,1271,-1735,527,4187,-157,348,691
62.22455,160,1271,-1735,528,4178,-157,348,692
62.22505,160,1271,-1736,528,4179,-157,348,692
62.22555,159,1271,-1735,528,4191,-157,348,692
62.22605,160,1271,-1736,528,4196,-157,348,692
62.22655,160,1271,-1736,529,4198,-157,348,692
62.22705,160,1271,-1736,529,4198,-157,348,692
62.22755,160,1271,-1737,530,4193,-157,348,692
62.22805,160,1270,-1737,530,4195,-157,348,691
62.22855,160,1271,-1737,531,4198,-157,347,692
62.22905,160,1271,-1737,530,4195,-156,347,691
62.22955,160,1270,-1736,530,4201,-157,347,692
62.23005,160,1270,-1736,528,4202,-157,348,691
62.23055,160,1271,-1736,528,4207,-157,348,691
62.23105,160,1271,-1735,527,4204,-157,348,691
62.23155,160,1271,-1734,527,4217,-157,348,691
62.23205,159,1271,-1733,527,4251,-157,347,691
62.23255,160,1271,-1733,526,4250,-157,348,691
62.23305,160,1271,-1734,526,4240,-157,348,691
62.23355,160,1271,-1734,526,4215,-156,348,691
62.23405,160,1271,-1735,526,4193,-157,349,692
62.23455,160,1271,-1735,526,4191,-156,348,691
62.23505,160,1271,-1736,526,4198,-157,348,692
62.23555,160,1271,-1735,526,4201,-156,348,692
62.23605,160,1271,-1735,526,4208,-156,348,692
62.23655,160,1271,-1735,527,4212,-156,348,692
62.23705,160,1271,-1734,527,4214,-156,348,692
62.23755,160,1271,-1733,527,4217,-156,348,692
62.23805,160,1271,-1734,527,4220,-156,348,691
62.23855,160,1271,-1734,527,4221,-156,348,692
62.23905,160,1271,-1735,527,4217,-156,348,691
62.23955,160,1272,-1735,527,4226,-156,348,692
62.24005,160,1271,-1736,528,4225,-156,348,691
62.24055,160,1271,-1736,527,4230,-156,348,691
62.24105,160,1271,-1736,527,4225,-156,348,691
62.24155,160,1271,-1737,528,4242,-156,347,691
62.24205,160,1271,-1737,528,4277,-156,348,691
62.24255,160,1271,-1736,528,4276,-156,348,691
62.24305,160,1271,-1735,528,4266,-156,348,691
62.24355,160,1271,-1735,527,4237,-156,349,691
62.24405,160,1271,-1735,527,4212,-156,349,692
62.24455,161,1271,-1735,528,4209,-155,349,692
62.24505,161,1271,-1735,527,4217,-155,349,693
62.24555,161,1271,-1735,528,4223,-155,349,693
62.24605,161,1270,-1735,528,4217,-155,350,693
62.24655,161,1270,-1735,527,4214,-155,350,693
62.24705,161,1271,-1735,527,4217,-155,349,692
62.24755,161,1270,-1735,526,4218,-155,350,692
62.24805,161,1271,-1735,526,4219,-155,351,692
62.24855,161,1271,-1735,526,4221,-155,350,692
62.24905,161,1271,-1735,526,4223,-155,350,692
62.24955,161,1271,-1735,527,4226,-155,350,692
62.25005,161,1271,-1734,526,4230,-155,350,692
62.25055,161,1271,-1733,527,4233,-155,349,692
62.25105,161,1271,-1733,527,4235,-156,349,692
62.25155,161,1270,-1734,528,4255,-155,348,692
62.25205,162,1271,-1734,528,4284,-155,347,692
62.25255,161,1271,-1735,528,4278,-155,347,692
62.25305,161,1271,-1735,528,4267,-155,347,692
62.25355,161,1271,-1735,527,4236,-155,347,692
62.25405,161,1271,-1735,528,4213,-155,347,692
62.25455,160,1271,-1735,527,4211,-155,347,692
62.25505,160,1271,-1735,527,4215,-155,347,692
62.25555,160,1271,-1735,528,4221,-155,347,692
62.25605,160,1271,-1735,527,4223,-155,348,692
62.25655,160,1271,-1735,527,4222,-155,348,692
62.25705,160,1271,-1734,527,4223,-155,348,692
62.25755,160,1271,-1734,527,4225,-155,347,692
62.25805,160,1270,-1735,528,4225,-155,347,692
62.25855,160,1271,-1735,528,4226,-155,348,692
62.25905,160,1271,-1735,528,4226,-155,348,692
62.25955,159,1271,-1736,529,4223,-154,348,692
62.26005,160,1271,-1736,530,4227,-154,348,692
62.26055,160,1271,-1736,529,4229,-154,348,692
62.26105,160,1271,-1735,529,4230,-154,347,692
62.26155,160,1271,-1735,528,4256,-154,347,692
62.26205,160,1270,-1736,527,4283,-154,347,692
62.26255,160,1270,-1735,526,4277,-154,347,692
62.26305,160,1270,-1735,526,4266,-154,347,692
62.26355,160,1270,-1734,526,4235,-154,347,691
62.26405,160,1270,-1735,525,4211,-154,347,692
62.26455,160,1271,-1735,526,4204,-154,347,692
62.26505,160,1270,-1734,527,4209,-154,347,692
62.26555,160,1271,-1734,527,4220,-154,347,692
62.26605,160,1270,-1735,528,4225,-154,347,692
62.26655,161,1270,-1735,527,4228,-154,348,691
62.26705,161,1271,-1735,528,4232,-154,348,692
62.26755,160,1270,-1735,528,4229,-154,348,691
62.26805,160,1270,-1735,528,4230,-154,347,692
62.26855,160,1270,-1735,528,4230,-154,347,691
62.26905,160,1270,-1735,528,4235,-154,347,692
62.26955,160,1270,-1735,527,4238,-154,347,692
62.27005,160,1270,-1735,527,4246,-154,347,691
62.27055,160,1271,-1735,527,4250,-154,347,692
62.27105,160,1270,-1735,527,4245,-154,347,692
62.27155,161,1270,-1735,527,4275,-154,347,692
62.27205,160,1270,-1736,527,4299,-154,347,692
62.27255,160,1270,-1736,527,4289,-154,348,692
62.27305,160,1270,-1735,527,4273,-154,348,692
62.27355,160,1270,-1736,527,4239,-154,349,691
62.27415,160,1270,-1735,527,4220,-154,348,692
62.27465,161,1270,-1735,527,4214,-154,349,692
62.27515,160,1270,-1735,528,4221,-154,349,692
62.27565,161,1271,-1736,528,4231,-154,349,692
62.27615,160,1270,-1736,528,4233,-154,349,692
62.27665,160,1271,-1736,528,4235,-153,349,692
62.27715,160,1270,-1736,528,4240,-154,349,692
62.27765,160,1270,-1736,528,4245,-154,349,692
62.27815,160,1270,-1736,527,4248,-154,348,692
62.27865,160,1270,-1736,528,4250,-153,349,692
62.27915,161,1270,-1736,527,4249,-154,348,692
62.27965,160,1270,-1736,527,4248,-154,348,692
62.28015,160,1270,-1735,527,4249,-154,348,692
62.28065,161,1270,-1735,527,4246,-153,348,692
62.28115,160,1270,-1735,527,4245,-154,348,692
62.28165,160,1270,-1735,528,4277,-153,347,692
62.28215,161,1270,-1735,526,4296,-153,348,692
62.28265,161,1270,-1735,526,4289,-153,348,692
62.28315,160,1270,-1734,526,4277,-153,348,692
62.28365,160,1270,-1734,526,4244,-154,348,691
62.28415,160,1270,-1734,526,4227,-153,348,692
62.28465,161,1270,-1735,527,4224,-153,348,692
62.28515,160,1270,-1735,527,4234,-153,348,692
62.28565,160,1270,-1736,527,4244,-153,348,692
62.286148,160,1270,-1736,527,4244,-153,349,692
62.28665,160,1270,-1737,528,4245,-153,349,692
62.28715,160,1270,-1737,527,4247,-153,349,692
62.28765,160,1270,-1737,527,4248,-153,349,693
62.28815,160,1270,-1738,527,4244,-153,348,693
62.28865,160,1270,-1738,527,4241,-153,348,693
62.28915,160,1270,-1738,528,4241,-153,349,692
62.28965,160,1270,-1737,528,4245,-153,348,692
62.29015,161,1270,-1734,528,4252,-153,348,692
62.29065,160,1270,-1732,528,4255,-153,348,692
62.29115,161,1270,-1732,528,4256,-154,348,692
62.29165,160,1270,-1733,528,4287,-153,348,692
62.29215,160,1270,-1735,527,4298,-153,348,691
62.29265,160,1270,-1735,527,4288,-153,348,691
62.29315,160,1270,-1735,527,4267,-153,348,691
62.29365,160,1270,-1735,527,4232,-153,349,691
62.29415,160,1270,-1735,527,4218,-153,348,691
62.29465,160,1270,-1735,527,4218,-153,348,692
62.29515,161,1270,-1735,527,4223,-153,348,692
62.29565,160,1270,-1735,527,4236,-153,348,692
62.29615,160,1270,-1735,527,4240,-153,349,692
62.29665,161,1269,-1735,527,4238,-153,349,692
62.29715,160,1269,-1735,527,4239,-153,349,693
62.29765,161,1269,-1734,527,4238,-153,348,693
62.29815,160,1269,-1735,527,4234,-152,348,693
62.29865,161,1269,-1735,527,4234,-152,348,692
62.29915,160,1269,-1735,527,4235,-152,348,692
62.29965,161,1269,-1735,527,4240,-152,348,692
62.30015,160,1269,-1735,527,4246,-153,347,692
62.30065,160,1269,-1735,528,4249,-152,348,692
62.30115,160,1269,-1735,528,4253,-152,347,692
62.30165,160,1269,-1735,529,4293,-153,347,692
62.30215,160,1270,-1735,528,4304,-152,347,692
62.30265,160,1270,-1735,528,4298,-152,347,692
62.30315,160,1270,-1736,528,4281,-152,347,692
62.30365,160,1270,-1736,529,4247,-152,348,692
62.30415,160,1270,-1736,529,4234,-153,347,692
62.30465,160,1270,-1737,529,4232,-152,347,692
62.30515,160,1269,-1737,530,4237,-152,347,691
62.30565,160,1269,-1736,529,4247,-153,348,691
62.30615,160,1269,-1735,527,4245,-153,347,691
62.30665,160,1269,-1735,526,4243,-153,348,691
62.30715,161,1269,-1735,526,4246,-153,348,691
62.30765,160,1269,-1735,526,4246,-153,348,691
62.30815,160,1269,-1736,526,4243,-153,348,691
62.30865,160,1269,-1735,526,4244,-153,348,691
62.30915,161,1269,-1735,526,4246,-152,348,692
62.30965,160,1269,-1734,526,4253,-152,348,692
62.31015,160,1269,-1734,526,4262,-152,348,692
62.31065,160,1269,-1734,526,4267,-153,348,692
62.31115,160,1269,-1734,526,4272,-152,348,693
62.31165,161,1269,-1734,527,4306,-153,347,693
62.31215,160,1269,-1735,527,4305,-153,348,692
62.31265,160,1269,-1735,527,4295,-152,348,692
62.31315,160,1269,-1736,527,4277,-153,349,692
62.31365,160,1269,-1736,528,4246,-152,349,692
62.31415,160,1269,-1737,528,4235,-152,349,692
62.31465,160,1269,-1736,528,4234,-153,349,692
62.31515,160,1269,-1735,528,4238,-152,350,692
62.31565,160,1268,-1735,528,4243,-152,349,692
62.31615,160,1268,-1734,528,4245,-152,349,692
62.31665,160,1269,-1735,527,4247,-152,349,693
62.31715,160,1269,-1734,527,4249,-152,349,693
62.31765,160,1269,-1734,527,4247,-152,349,693
62.31815,160,1269,-1735,527,4248,-152,349,693
62.31865,160,1268,-1734,527,4252,-152,349,693
62.31915,160,1268,-1735,527,4252,-152,349,693
62.31965,160,1269,-1735,527,4254,-152,349,693
62.32015,160,1268,-1735,527,4258,-152,349,693
62.32065,160,1268,-1735,526,4260,-152,349,693
62.32115,161,1268,-1735,527,4269,-152,349,693
62.32165,160,1268,-1735,527,4311,-152,348,693
62.32215,160,1268,-1736,527,4316,-152,349,693
62.32265,160,1268,-1736,527,4309,-152,349,693
62.32315,160,1268,-1736,526,4287,-152,349,692
62.32365,160,1269,-1736,527,4254,-152,349,692
62.32415,160,1268,-1736,527,4248,-152,349,692
62.32465,160,1268,-1736,527,4249,-152,349,692
62.32515,161,1268,-1736,527,4250,-152,349,693
62.32565,160,1268,-1736,528,4253,-152,349,692
62.32615,160,1268,-1735,528,4245,-152,349,693
62.32665,160,1268,-1734,528,4245,-152,348,693
62.32715,160,1268,-1734,527,4242,-152,349,692
62.32765,160,1268,-1734,527,4241,-152,349,692
62.32815,161,1268,-1734,527,4243,-152,349,692
62.32865,160,1268,-1735,527,4245,-152,349,693
62.32915,160,1268,-1735,528,4247,-152,349,693
62.32965,160,1268,-1735,527,4241,-152,349,693
62.33015,161,1268,-1735,527,4243,-152,349,693
62.33065,160,1268,-1735,527,4246,-152,349,692
62.33115,160,1268,-1735,527,4259,-151,349,693
62.33165,161,1268,-1735,527,4302,-151,348,693
62.33215,160,1268,-1735,526,4301,-152,349,692
62.33265,160,1268,-1734,527,4293,-152,349,692
62.33315,160,1268,-1735,526,4275,-152,350,692
62.33365,160,1268,-1735,527,4246,-152,350,692
62.33415,160,1268,-1735,527,4239,-152,350,693
62.33475,161,1268,-1735,527,4241,-152,350,692
62.33525,160,1268,-1735,527,4244,-152,350,692
62.33575,160,1268,-1735,527,4252,-152,350,692
62.33625,160,1268,-1735,527,4256,-152,350,692
62.33675,160,1268,-1735,527,4258,-151,350,692
62.33725,161,1268,-1735,527,4261,-151,350,693
62.33775,160,1268,-1735,526,4265,-152,349,692
62.33825,160,1268,-1735,527,4264,-151,349,692
62.33875,160,1268,-1735,527,4271,-151,349,692
62.33925,160,1268,-1735,526,4273,-151,348,692
62.33975,160,1268,-1735,527,4269,-152,348,693
62.34025,160,1268,-1735,527,4271,-151,348,693
62.34075,160,1268,-1735,527,4266,-152,348,692
62.34125,160,1268,-1735,528,4276,-151,347,692
62.34175,160,1268,-1735,528,4318,-151,347,692
62.34225,160,1268,-1735,528,4318,-152,347,692
62.34275,160,1268,-1735,527,4307,-152,347,692
62.34325,160,1268,-1735,527,4280,-152,347,693
62.34375,160,1268,-1735,527,4250,-152,348,692
62.34425,160,1268,-1735,527,4238,-152,347,693
62.34475,161,1268,-1735,527,4239,-152,348,693
62.34525,160,1268,-1735,528,4242,-152,347,692
62.34575,160,1268,-1735,527,4250,-152,347,692
62.34625,160,1268,-1735,527,4256,-152,348,693
62.34675,161,1268,-1735,527,4255,-151,348,692
62.347248,160,1267,-1735,527,4251,-151,347,692
62.34775,160,1268,-1735,527,4254,-152,347,692
62.34825,160,1268,-1735,527,4252,-152,347,692
62.34875,160,1268,-1735,527,4253,-151,347,692
62.34925,161,1267,-1735,527,4255,-151,347,692
62.34975,160,1267,-1735,528,4260,-151,347,692
62.35025,160,1267,-1735,527,4266,-151,348,692
62.35075,160,1267,-1735,527,4270,-152,348,692
62.35125,161,1267,-1735,528,4283,-151,348,693
62.35175,161,1267,-1735,528,4317,-151,348,693
62.35225,160,1267,-1735,527,4309,-151,348,693
62.35275,160,1267,-1735,527,4296,-151,348,693
62.35325,160,1267,-1735,526,4270,-151,349,693
62.35375,160,1267,-1734,526,4245,-151,348,693
62.35425,160,1267,-1735,526,4241,-151,348,693
62.35475,160,1267,-1734,527,4243,-151,349,693
62.35525,160,1267,-1734,527,4249,-151,349,693
62.35575,160,1267,-1734,527,4255,-151,349,693
62.35625,160,1267,-1734,527,4256,-151,349,693
62.35675,160,1267,-1734,527,4255,-151,349,693
62.35725,160,1267,-1735,527,4257,-151,349,693
62.35775,161,1267,-1735,527,4258,-151,349,693
62.35825,161,1267,-1734,527,4259,-151,349,693
62.35875,160,1267,-1735,527,4260,-151,349,693
62.35925,160,1267,-1735,528,4258,-151,349,692
62.35975,161,1267,-1735,528,4259,-151,349,693
62.36025,160,1267,-1735,528,4268,-151,349,693
62.36075,161,1267,-1736,528,4265,-151,349,692
62.36125,160,1267,-1735,529,4279,-151,348,693
62.36175,160,1267,-1735,529,4321,-151,349,692
62.36225,160,1267,-1735,529,4318,-151,348,693
62.36275,161,1267,-1735,529,4311,-151,349,692
62.36325,160,1267,-1735,528,4280,-151,349,692
62.36375,160,1267,-1735,527,4255,-151,349,692
62.36425,161,1267,-1734,526,4250,-151,348,692
62.36475,160,1267,-1734,525,4250,-151,348,692
62.36525,160,1267,-1734,525,4255,-151,348,693
62.36575,160,1267,-1734,525,4258,-151,348,692
62.36625,160,1267,-1734,526,4253,-151,348,693
62.36675,160,1267,-1735,526,4257,-150,348,693
62.36725,161,1267,-1735,527,4257,-151,348,693
62.36775,161,1267,-1735,527,4258,-151,348,693
62.36825,160,1267,-1735,527,4256,-151,349,693
62.36875,161,1266,-1735,527,4258,-151,348,693
62.36925,161,1267,-1735,527,4262,-151,349,693
62.36975,161,1267,-1735,527,4264,-151,349,693
62.37025,161,1267,-1735,527,4269,-151,349,692
62.37075,160,1266,-1735,527,4272,-151,349,693
62.37125,161,1267,-1734,527,4295,-150,348,693
62.37175,161,1267,-1734,527,4327,-151,348,693
62.37225,160,1267,-1734,527,4323,-150,348,693
62.37275,161,1267,-1735,527,4316,-151,348,693
62.37325,160,1267,-1734,527,4289,-151,349,692
62.37375,160,1267,-1735,527,4264,-151,349,693
62.37425,161,1267,-1735,527,4263,-151,349,693
62.37475,160,1267,-1735,527,4262,-151,348,693
62.37525,160,1267,-1734,527,4265,-151,349,693
62.37575,161,1266,-1734,526,4268,-151,348,693
62.37625,160,1266,-1734,526,4269,-151,349,693
62.37675,160,1267,-1734,526,4268,-151,349,693
62.37725,160,1267,-1734,527,4270,-151,348,693
62.37775,161,1267,-1734,527,4273,-150,349,693
62.37825,160,1267,-1735,527,4275,-150,348,693
62.37875,160,1267,-1735,527,4277,-151,349,693
62.37925,160,1267,-1735,527,4276,-150,349,693
62.37975,161,1266,-1735,528,4273,-151,349,693
62.38025,161,1266,-1735,527,4275,-151,349,692
62.38075,161,1266,-1735,528,4274,-151,349,693
62.38125,160,1266,-1735,529,4298,-150,349,693
62.38175,161,1266,-1735,529,4324,-151,349,693
62.38225,161,1267,-1735,529,4318,-150,349,693
62.38275,160,1266,-1735,529,4309,-151,349,693
62.38325,161,1266,-1735,529,4280,-151,349,692
62.38375,161,1267,-1735,529,4257,-151,349,693
62.38425,160,1266,-1735,529,4257,-151,349,693
62.38475,161,1266,-1735,529,4254,-151,349,692
62.38525,160,1267,-1735,528,4262,-150,349,693
62.38575,161,1266,-1734,527,4275,-151,349,693
62.38625,160,1266,-1734,526,4272,-151,349,693
62.38675,161,1266,-1733,525,4270,-151,349,693
62.38725,161,1266,-1734,525,4271,-150,348,692
62.38775,161,1266,-1734,526,4273,-151,348,692
62.38825,161,1266,-1734,526,4275,-151,348,692
62.38875,161,1266,-1734,526,4276,-151,349,692
62.38925,160,1266,-1734,526,4278,-150,348,692
62.38975,161,1266,-1735,526,4279,-151,348,692
62.39025,160,1266,-1735,526,4283,-150,348,692
62.39075,161,1266,-1735,526,4285,-151,348,692
62.39125,161,1266,-1736,527,4310,-150,348,693
62.39175,161,1266,-1736,527,4335,-151,348,693
62.39225,161,1266,-1736,527,4323,-151,348,692
62.39275,161,1266,-1735,527,4311,-151,349,692
62.39325,161,1266,-1735,527,4285,-151,349,692
62.39375,161,1266,-1735,527,4269,-151,349,692
62.39425,161,1266,-1735,527,4267,-151,348,692
62.39475,161,1266,-1734,527,4271,-151,348,692
62.39525,161,1266,-1734,527,4278,-150,349,693
62.39585,161,1266,-1735,528,4281,-151,349,693
62.39635,161,1266,-1735,529,4276,-151,348,692
62.39685,161,1266,-1736,529,4275,-151,349,693
62.39735,161,1266,-1736,529,4280,-151,349,693
62.39785,161,1266,-1735,529,4279,-151,349,693
62.39835,161,1266,-1735,528,4279,-151,349,693
62.39885,161,1266,-1734,528,4283,-151,349,693
62.39935,161,1266,-1734,528,4283,-151,348,693
62.39985,161,1266,-1735,528,4285,-151,349,693
62.40035,161,1266,-1734,527,4290,-150,349,693
62.40085,161,1266,-1733,527,4289,-151,349,693
62.40135,161,1266,-1734,528,4319,-150,348,693
62.40185,161,1266,-1734,528,4344,-150,349,693
62.40235,161,1266,-1734,528,4339,-150,349,693
62.40285,161,1266,-1734,528,4327,-150,348,693
62.40335,161,1266,-1734,528,4296,-150,349,692
62.40385,161,1266,-1734,528,4279,-150,349,693
62.40435,161,1266,-1734,528,4283,-150,349,693
62.40485,161,1266,-1734,527,4286,-151,348,693
62.40535,161,1266,-1734,528,4293,-150,348,693
62.40585,161,1266,-1734,527,4297,-151,348,692
62.40635,160,1266,-1735,526,4298,-150,348,693
62.40685,161,1266,-1735,526,4303,-151,348,693
62.40735,161,1266,-1735,526,4300,-150,348,693
62.40785,161,1266,-1735,526,4299,-151,348,693
62.408348,161,1266,-1735,527,4295,-151,348,693
62.40885,161,1266,-1735,527,4295,-151,349,693
62.40935,161,1266,-1735,527,4297,-150,348,693
62.40985,161,1266,-1735,527,4298,-151,348,693
62.41035,161,1266,-1735,528,4302,-150,348,693
62.41085,161,1266,-1735,529,4304,-151,349,693
62.41135,161,1266,-1735,530,4338,-150,348,694
62.41185,161,1266,-1735,530,4360,-150,349,693
62.41235,161,1266,-1736,530,4358,-151,349,693
62.41285,161,1266,-1735,530,4339,-151,349,693
62.41335,161,1266,-1735,529,4299,-151,349,693
62.41385,161,1266,-1734,528,4277,-151,349,693
62.41435,161,1266,-1734,526,4272,-151,348,693
62.41485,161,1265,-1735,524,4273,-151,348,693
62.41535,161,1266,-1734,524,4276,-151,348,693
62.41585,161,1266,-1734,525,4277,-150,349,693
62.41635,161,1266,-1735,524,4278,-151,348,693
62.41685,161,1266,-1734,525,4281,-151,349,692
62.41735,161,1266,-1734,525,4287,-151,349,693
62.41785,161,1265,-1733,525,4297,-151,349,693
62.41835,161,1265,-1733,526,4301,-150,349,693
62.41885,161,1266,-1733,526,4306,-150,349,693
62.41935,161,1265,-1733,526,4309,-150,349,693
62.41985,161,1266,-1734,526,4314,-150,349,693
62.42035,161,1266,-1734,526,4321,-150,348,693
62.42085,161,1266,-1734,526,4322,-150,348,693
62.42135,161,1265,-1734,527,4360,-150,348,693
62.42185,161,1265,-1734,526,4381,-150,348,693
62.42235,161,1266,-1733,526,4375,-150,348,693
62.42285,161,1265,-1733,526,4362,-150,348,693
62.42335,161,1266,-1733,526,4329,-151,348,693
62.42385,161,1265,-1734,527,4313,-150,348,693
62.42435,161,1265,-1735,527,4309,-151,348,693
62.42485,161,1266,-1736,528,4312,-151,348,693
62.42535,161,1266,-1736,528,4319,-150,348,693
62.42585,161,1265,-1736,527,4321,-151,348,693
62.42635,161,1265,-1735,527,4317,-151,348,693
62.42685,161,1265,-1734,526,4312,-150,348,693
62.42735,161,1265,-1733,526,4310,-151,348,693
62.42785,161,1265,-1733,526,4308,-150,348,693
62.42835,161,1266,-1734,526,4302,-151,348,693
62.42885,161,1266,-1734,526,4299,-150,348,693
62.42935,161,1266,-1734,527,4295,-151,349,693
62.42985,161,1266,-1735,528,4291,-151,349,693
62.43035,160,1266,-1735,527,4291,-150,349,693
62.43085,161,1266,-1736,529,4292,-150,348,693
62.43135,161,1266,-1736,529,4326,-150,348,693
62.43185,161,1266,-1736,529,4332,-150,349,693
62.43235,161,1265,-1735,529,4318,-151,349,693
62.43285,161,1266,-1735,529,4297,-150,349,693
62.43335,161,1266,-1734,528,4263,-150,350,693
62.43385,161,1265,-1733,528,4251,-151,349,693
62.43435,161,1266,-1733,527,4251,-150,349,693
62.43485,161,1266,-1732,526,4258,-151,349,693
62.43535,161,1266,-1732,525,4263,-150,349,692
62.43585,161,1266,-1733,525,4266,-151,348,693
62.43635,161,1266,-1733,525,4271,-150,348,692
62.43685,161,1265,-1733,525,4268,-151,349,692
62.43735,161,1266,-1733,525,4272,-150,349,693
62.43785,161,1266,-1734,526,4275,-151,349,693
62.43835,161,1265,-1734,526,4275,-150,348,693
62.43885,161,1266,-1735,526,4279,-151,348,693
62.43935,161,1266,-1734,526,4281,-151,348,693
62.43985,161,1265,-1734,525,4285,-150,348,693
62.44035,161,1266,-1735,526,4292,-150,348,693
62.44085,161,1265,-1734,526,4299,-150,348,693
62.44135,161,1266,-1734,526,4341,-151,348,693
62.44185,161,1265,-1734,527,4351,-151,348,693
62.44235,161,1266,-1735,527,4346,-151,349,693
62.44285,161,1265,-1736,527,4328,-151,349,693
62.44335,161,1266,-1736,528,4297,-151,349,693
62.44385,161,1266,-1736,529,4288,-150,349,693
62.44435,161,1265,-1735,528,4291,-150,349,692
62.44485,161,1265,-1734,528,4299,-151,349,692
62.44535,161,1265,-1734,527,4311,-150,350,692
62.44585,161,1266,-1735,527,4316,-151,350,692
62.44635,161,1266,-1734,527,4315,-151,350,693
62.44685,161,1266,-1734,527,4313,-151,350,692
62.44735,161,1265,-1734,527,4311,-151,350,692
62.44785,161,1266,-1735,526,4315,-151,350,692
62.44835,161,1266,-1735,526,4313,-151,350,692
62.44885,161,1265,-1734,526,4313,-151,349,692
62.44935,161,1266,-1735,526,4314,-151,349,692
62.44985,161,1265,-1735,527,4313,-151,348,692
62.45035,161,1265,-1736,526,4316,-151,348,692
62.45085,161,1265,-1736,527,4322,-151,347,692
62.45135,162,1266,-1736,526,4361,-151,347,693
62.45185,161,1265,-1736,526,4363,-151,347,692
62.45235,161,1266,-1736,526,4350,-151,347,692
62.45285,161,1265,-1736,526,4331,-151,348,692
62.45335,161,1266,-1736,526,4299,-151,348,692
62.45385,161,1266,-1735,527,4289,-151,348,691
62.45435,161,1265,-1734,527,4289,-151,348,692
62.45485,161,1266,-1733,527,4290,-151,348,692
62.45535,161,1266,-1733,527,4298,-151,348,692
62.45585,161,1266,-1734,528,4302,-151,348,692
62.45635,161,1266,-1734,528,4303,-152,348,691
62.45685,161,1266,-1734,527,4303,-151,348,691
62.45745,161,1266,-1735,528,4300,-152,348,692
62.45795,161,1266,-1735,528,4300,-151,348,691
62.45845,161,1266,-1735,528,4304,-151,348,691
62.45895,161,1266,-1735,526,4300,-151,348,691
62.45945,161,1266,-1734,526,4298,-151,348,692
62.45995,161,1266,-1734,526,4296,-151,348,691
62.46045,161,1266,-1734,526,4304,-151,348,692
62.46095,161,1266,-1735,527,4310,-151,348,692
62.46145,161,1265,-1735,528,4351,-151,348,692
62.46195,161,1265,-1735,529,4356,-151,348,693
62.46245,161,1265,-1735,529,4347,-151,348,693
62.46295,161,1265,-1735,528,4318,-151,349,693
62.46345,161,1265,-1734,528,4286,-151,349,693
62.46395,161,1265,-1734,526,4278,-151,349,693
62.46445,161,1265,-1734,526,4277,-151,349,693
62.46495,161,1265,-1734,526,4282,-151,348,693
62.46545,161,1265,-1734,526,4291,-151,348,693
62.46595,161,1265,-1734,526,4296,-151,348,692
62.46645,161,1265,-1734,526,4297,-151,349,692
62.46695,161,1265,-1735,526,4302,-151,348,692
62.46745,162,1265,-1735,526,4305,-151,348,692
62.46795,161,1265,-1734,526,4305,-151,349,692
62.46845,161,1265,-1734,528,4301,-151,349,692
62.46895,161,1265,-1734,528,4301,-151,349,692
62.469448,161,1265,-1734,527,4302,-151,349,692
62.46995,161,1265,-1734,527,4308,-152,349,692
62.47045,161,1265,-1735,527,4313,-152,348,692
62.47095,162,1265,-1735,528,4328,-151,348,692
62.47145,161,1265,-1736,529,4365,-152,348,692
62.47195,161,1265,-1735,530,4364,-152,348,692
62.47245,161,1265,-1735,531,4353,-152,349,692
62.47295,161,1265,-1734,530,4326,-152,349,692
62.47345,161,1265,-1733,527,4301,-152,348,692
62.47395,161,1265,-1733,524,4297,-151,348,692
62.47445,161,1265,-1732,523,4298,-151,348,692
62.47495,161,1265,-1734,524,4303,-151,348,692
62.47545,161,1265,-1735,525,4306,-151,348,692
62.47595,161,1265,-1735,526,4307,-152,348,692
62.47645,161,1265,-1735,526,4307,-151,348,692
62.47695,162,1265,-1736,525,4308,-151,348,692
62.47745,162,1265,-1736,524,4308,-151,348,692
62.47795,162,1265,-1735,524,4310,-151,348,692
62.47845,162,1265,-1735,525,4312,-151,348,692
62.47895,162,1265,-1735,526,4314,-151,348,692
62.47945,162,1265,-1735,527,4313,-151,348,691
62.47995,162,1265,-1736,528,4308,-151,349,692
62.48045,161,1265,-1737,528,4306,-152,348,692
62.48095,161,1265,-1737,528,4324,-151,348,692
62.48145,162,1265,-1736,528,4362,-151,348,692
62.48195,162,1265,-1735,528,4361,-151,348,692
62.48245,162,1265,-1736,528,4352,-151,348,692
62.48295,162,1265,-1736,527,4326,-151,348,692
62.48345,162,1265,-1736,525,4296,-151,348,692
62.48395,161,1265,-1735,524,4289,-151,348,692
62.48445,162,1265,-1734,524,4290,-151,348,692
62.48495,161,1265,-1733,524,4295,-152,348,692
62.48545,161,1265,-1733,524,4298,-151,348,692
62.48595,162,1265,-1733,524,4298,-151,349,692
62.48645,161,1265,-1733,525,4297,-152,348,693
62.48695,162,1265,-1735,525,4293,-151,349,692
62.48745,161,1265,-1736,526,4290,-151,348,692
62.48795,161,1265,-1738,526,4296,-152,348,692
62.48845,161,1265,-1739,526,4295,-151,348,692
62.48895,161,1265,-1739,526,4294,-151,348,692
62.48945,161,1265,-1739,526,4295,-151,348,692
62.48995,161,1265,-1739,526,4297,-152,349,692
62.49045,161,1265,-1737,525,4300,-151,348,692
62.49095,161,1265,-1732,525,4316,-151,348,692
62.49145,161,1265,-1730,524,4351,-152,348,692
62.49195,161,1265,-1730,524,4347,-152,348,692
62.49245,161,1265,-1732,525,4336,-152,348,692
62.49295,161,1265,-1733,526,4307,-152,348,692
62.49345,161,1265,-1734,528,4279,-151,348,693
62.49395,162,1265,-1735,529,4272,-151,348,693
62.49445,161,1265,-1735,529,4270,-151,348,693
62.49495,161,1265,-1735,529,4276,-151,348,693
62.49545,161,1265,-1736,529,4281,-151,348,693
62.49595,161,1265,-1736,529,4283,-152,348,693
62.49645,161,1265,-1735,528,4283,-152,349,693
62.49695,161,1265,-1734,527,4285,-152,349,693
62.49745,161,1265,-1734,526,4286,-152,349,692
62.49795,161,1265,-1734,524,4289,-152,348,692
62.49845,161,1265,-1734,524,4296,-152,348,692
62.49895,161,1265,-1734,524,4297,-152,348,692
62.49945,162,1265,-1735,524,4294,-152,349,692
62.49995,161,1265,-1735,524,4297,-151,348,692
62.50045,162,1265,-1735,524,4298,-152,348,692
62.50095,162,1265,-1735,526,4315,-152,348,692
62.50145,161,1265,-1735,526,4351,-151,347,693
62.50195,162,1264,-1735,525,4351,-152,348,692
62.50245,162,1265,-1735,526,4339,-151,348,693
62.50295,161,1265,-1734,525,4316,-152,348,692
62.50345,161,1265,-1734,527,4289,-152,349,692
62.50395,161,1265,-1734,528,4287,-152,349,693
62.50445,162,1265,-1735,528,4289,-152,349,692
62.50495,161,1265,-1734,528,4295,-152,348,693
62.50545,161,1265,-1735,527,4307,-152,348,692
62.50595,161,1265,-1735,527,4308,-152,348,692
62.50645,161,1265,-1735,527,4312,-152,349,692
62.50695,161,1265,-1735,528,4311,-152,348,692
62.50745,161,1265,-1735,528,4313,-151,348,692
62.50795,161,1265,-1735,528,4313,-151,348,692
62.50845,161,1265,-1735,528,4310,-152,349,692
62.50895,161,1265,-1735,528,4310,-151,348,692
62.50945,161,1265,-1736,528,4313,-152,348,692
62.50995,161,1265,-1736,528,4316,-152,348,693
62.51045,162,1265,-1736,526,4321,-151,348,692
62.51095,161,1265,-1735,524,4340,-151,348,693
62.51145,161,1265,-1735,523,4376,-152,348,693
62.51195,161,1265,-1735,522,4369,-151,348,692
62.51245,161,1265,-1735,523,4356,-151,348,692
62.51295,161,1265,-1734,523,4332,-152,349,692
62.51345,161,1265,-1735,525,4311,-151,348,692
62.51395,161,1265,-1735,525,4306,-151,349,692
62.51445,161,1265,-1735,525,4307,-152,348,692
62.51495,161,1265,-1735,526,4312,-151,348,693
62.51545,161,1265,-1735,526,4317,-151,348,692
62.51595,161,1265,-1735,526,4316,-151,348,692
62.51645,161,1265,-1734,526,4321,-151,348,692
62.51695,162,1265,-1734,527,4324,-151,348,692
62.51745,161,1265,-1735,527,4325,-151,348,692
62.51795,161,1265,-1735,527,4328,-152,347,692
62.51845,161,1265,-1734,526,4330,-151,348,692
62.51905,161,1265,-1735,526,4332,-151,347,692
62.51955,161,1264,-1735,526,4333,-152,347,692
62.52005,161,1265,-1735,527,4331,-152,347,692
62.52055,162,1265,-1735,527,4335,-152,348,692
62.52105,162,1265,-1735,527,4360,-151,347,692
62.52155,161,1265,-1735,526,4390,-151,347,692
62.52205,161,1265,-1734,526,4388,-151,348,692
62.52255,162,1265,-1735,526,4380,-152,348,692
62.52305,161,1265,-1735,525,4349,-152,349,692
62.52355,162,1265,-1735,526,4327,-152,348,692
62.52405,162,1265,-1735,526,4323,-151,348,692
62.52455,161,1265,-1735,526,4325,-151,349,693
62.52505,161,1265,-1735,526,4331,-152,348,692
62.52555,161,1265,-1735,526,4329,-152,348,692
62.52605,161,1265,-1735,526,4334,-151,349,693
62.52655,161,1265,-1735,526,4335,-152,348,692
62.52705,161,1265,-1734,526,4329,-152,348,693
62.52755,161,1265,-1734,526,4334,-151,348,693
62.52805,162,1265,-1735,526,4333,-151,348,693
62.52855,161,1265,-1735,526,4329,-152,348,692
62.52905,161,1265,-1735,527,4330,-151,348,693
62.52955,161,1266,-1735,527,4335,-151,349,693
62.53005,161,1265,-1736,527,4333,-151,349,692
62.53055,161,1265,-1735,527,4335,-151,348,693
62.53105,161,1265,-1734,527,4366,-151,348,693
62.53155,161,1265,-1734,526,4389,-151,348,693
62.53205,161,1265,-1734,526,4382,-151,348,693
62.53255,161,1265,-1735,526,4370,-151,348,692
62.53305,162,1265,-1736,526,4339,-151,348,692
62.53355,161,1265,-1737,526,4325,-151,348,692
62.53405,161,1265,-1737,527,4325,-151,348,692
62.53455,162,1265,-1737,527,4328,-151,349,692
62.53505,162,1265,-1736,527,4334,-151,349,692
62.53555,162,1265,-1735,527,4336,-151,349,692
62.53605,161,1265,-1734,526,4336,-151,349,692
62.53655,161,1265,-1734,526,4336,-151,348,692
62.53705,161,1265,-1734,526,4338,-151,348,692
62.53755,162,1265,-1735,526,4339,-151,348,692
62.53805,161,1265,-1736,526,4341,-151,348,692
62.53855,162,1265,-1736,527,4343,-151,349,692
62.53905,161,1265,-1736,527,4342,-151,349,692
62.53955,162,1265,-1736,527,4339,-151,349,692
62.54005,161,1265,-1736,528,4342,-151,349,692
62.54055,161,1265,-1736,528,4341,-151,349,692
62.54105,162,1265,-1736,529,4369,-151,348,693
62.54155,162,1265,-1735,528,4389,-151,348,692
62.54205,161,1265,-1733,527,4376,-151,348,692
62.54255,161,1265,-1733,525,4366,-151,348,692
62.54305,161,1265,-1734,524,4333,-151,348,692
62.54355,161,1265,-1734,524,4313,-151,348,692
62.54405,162,1265,-1734,524,4309,-151,349,692
62.54455,161,1265,-1735,525,4309,-151,348,692
62.54505,162,1265,-1735,526,4318,-151,348,692
62.54555,161,1265,-1735,527,4322,-151,349,692
62.54605,161,1265,-1735,527,4322,-151,349,692
62.54655,162,1265,-1735,527,4319,-152,350,692
62.54705,161,1265,-1735,527,4316,-151,350,692
62.54755,162,1265,-1735,527,4315,-151,350,692
62.54805,161,1265,-1735,528,4316,-151,350,692
62.54855,161,1266,-1735,528,4312,-151,349,692
62.54905,161,1265,-1735,527,4311,-150,349,692
62.54955,161,1265,-1735,525,4311,-151,349,692
62.55005,161,1265,-1735,524,4317,-151,349,692
62.55055,162,1265,-1735,523,4322,-151,349,692
62.55105,162,1265,-1735,525,4357,-151,348,692
62.55155,161,1265,-1735,525,4375,-151,349,692
62.55205,161,1265,-1736,525,4367,-150,349,692
62.55255,162,1265,-1735,526,4351,-151,349,691
62.55305,161,1265,-1736,525,4318,-151,350,692
62.55355,162,1265,-1736,525,4302,-151,350,691
62.55405,162,1265,-1736,526,4305,-151,349,692
62.55455,162,1265,-1737,526,4310,-151,349,692
62.55505,161,1265,-1737,526,4322,-151,348,692
62.55555,162,1266,-1738,526,4327,-151,349,692
62.55605,161,1266,-1737,526,4329,-151,349,691
62.55655,162,1266,-1736,526,4330,-150,349,692
62.55705,161,1265,-1734,526,4325,-151,349,692
62.55755,162,1265,-1733,527,4329,-150,349,692
62.55805,162,1265,-1733,527,4331,-150,349,692
62.55855,161,1266,-1733,527,4331,-150,349,692
62.55905,162,1265,-1733,527,4330,-151,349,692
62.55955,161,1265,-1734,527,4327,-151,349,692
62.56005,162,1266,-1734,527,4325,-151,349,692
62.56055,161,1265,-1734,526,4330,-151,349,692
62.56105,162,1265,-1735,526,4365,-150,348,692
62.56155,162,1265,-1735,525,4376,-150,348,692
62.56205,162,1265,-1735,525,4371,-151,347,692
62.56255,161,1265,-1736,525,4355,-150,348,692
62.56305,161,1265,-1736,525,4319,-151,348,692
62.56355,162,1265,-1736,526,4305,-151,348,692
62.56405,162,1265,-1736,527,4304,-151,347,691
62.56455,161,1266,-1736,527,4307,-151,347,692
62.56505,162,1265,-1736,528,4308,-151,347,691
62.56555,161,1266,-1735,529,4313,-151,348,691
62.56605,162,1266,-1735,529,4312,-151,348,691
62.56655,162,1265,-1735,529,4312,-151,348,691
62.56705,161,1266,-1735,529,4311,-151,348,691
62.56755,161,1266,-1735,528,4312,-151,348,691
62.56805,162,1266,-1734,526,4315,-150,349,692
62.56855,162,1266,-1734,525,4313,-151,349,692
62.56905,162,1265,-1734,524,4318,-151,348,692
62.56955,161,1265,-1734,524,4321,-150,349,692
62.57005,161,1266,-1734,525,4323,-150,348,692
62.57055,161,1265,-1735,525,4333,-150,348,692
62.57105,161,1265,-1734,525,4373,-150,348,692
62.57155,162,1265,-1735,525,4384,-150,348,692
62.57205,161,1266,-1735,525,4377,-150,349,692
62.57255,161,1266,-1735,525,4359,-151,349,692
62.57305,161,1266,-1735,526,4325,-150,349,692
62.57355,162,1266,-1734,526,4314,-150,349,691
62.57405,161,1266,-1735,525,4314,-150,349,692
62.57455,161,1266,-1735,526,4315,-151,349,692
62.57505,161,1266,-1735,525,4325,-150,348,691
62.57555,161,1266,-1735,525,4328,-150,348,692
62.57605,162,1266,-1735,525,4322,-150,348,692
62.57655,162,1265,-1735,526,4327,-150,348,692
62.57705,162,1266,-1735,527,4331,-151,349,692
62.57755,162,1265,-1735,527,4331,-150,349,692
62.57805,162,1265,-1736,527,4333,-150,349,692
62.57855,161,1266,-1736,527,4334,-150,349,692
62.57905,162,1265,-1736,527,4332,-150,349,691
62.57965,162,1266,-1736,528,4329,-150,349,692
62.58015,162,1265,-1736,528,4327,-150,349,692
62.58065,162,1266,-1736,529,4337,-150,349,692
62.58115,162,1265,-1735,529,4377,-150,349,693
62.58165,162,1266,-1735,527,4382,-150,349,692
62.58215,161,1266,-1734,525,4370,-150,349,692
62.58265,162,1265,-1734,525,4352,-150,349,692
62.58315,161,1265,-1735,524,4323,-151,349,692
62.58365,162,1265,-1734,525,4314,-151,349,692
62.58415,162,1265,-1734,525,4312,-151,349,692
62.58465,162,1266,-1735,525,4318,-150,349,692
62.58515,162,1265,-1735,525,4328,-150,349,692
62.58565,162,1266,-1736,525,4333,-150,349,692
62.58615,162,1265,-1735,525,4335,-150,349,692
62.58665,161,1266,-1736,526,4335,-150,349,692
62.58715,162,1265,-1736,526,4334,-150,350,692
62.58765,162,1265,-1736,526,4336,-150,350,692
62.58815,162,1265,-1736,526,4339,-150,350,692
62.58865,162,1265,-1736,527,4337,-150,350,692
62.58915,162,1266,-1736,526,4338,-150,350,692
62.58965,162,1265,-1735,527,4339,-151,350,692
62.59015,162,1266,-1735,528,4343,-150,350,692
62.59065,161,1265,-1735,528,4356,-150,350,692
62.59115,162,1266,-1735,528,4396,-150,350,692
62.59165,161,1266,-1735,528,4397,-150,351,692
62.59215,162,1266,-1735,527,4386,-150,350,692
62.59265,162,1266,-1735,526,4360,-150,351,692
62.59315,161,1266,-1736,526,4331,-150,350,692
62.59365,161,1266,-1737,526,4325,-150,350,692
62.59415,161,1265,-1737,526,4326,-150,349,692
62.59465,162,1266,-1736,527,4332,-149,349,692
62.59515,162,1265,-1734,526,4336,-149,348,692
62.59565,161,1266,-1733,524,4338,-150,348,692
62.59615,162,1265,-1733,523,4339,-150,348,692
62.59665,162,1266,-1733,524,4338,-150,348,693
62.59715,162,1265,-1735,524,4335,-150,348,692
62.59765,162,1266,-1735,525,4330,-150,348,692
62.59815,162,1265,-1735,526,4334,-150,348,692
62.598648,162,1266,-1735,526,4336,-150,348,693
62.59915,162,1265,-1735,527,4336,-150,348,692
62.59965,162,1265,-1735,527,4332,-149,349,692
62.60015,162,1265,-1735,527,4334,-150,349,692
62.60065,162,1266,-1735,527,4346,-150,349,692
62.60115,162,1265,-1735,527,4384,-150,348,693
62.60165,161,1265,-1735,526,4387,-150,348,692
62.60215,162,1266,-1735,526,4378,-150,348,692
62.60265,162,1266,-1735,525,4361,-150,348,692
62.60315,162,1265,-1735,525,4331,-150,349,692
62.60365,161,1265,-1735,525,4322,-150,349,692
62.60415,162,1265,-1735,526,4324,-150,349,692
62.60465,162,1265,-1735,525,4330,-150,349,692
62.60515,162,1265,-1735,526,4336,-150,349,692
62.60565,162,1266,-1735,526,4339,-150,349,692
62.60615,162,1265,-1735,526,4341,-149,349,692
62.60665,162,1265,-1734,526,4340,-150,349,692
62.60715,162,1266,-1734,526,4338,-150,349,692
62.60765,162,1265,-1735,526,4338,-150,349,692
62.60815,162,1266,-1735,526,4339,-150,349,693
62.60865,161,1266,-1735,525,4334,-150,349,692
62.60915,162,1266,-1735,526,4327,-149,349,693
62.60965,162,1266,-1735,526,4331,-150,349,692
62.61015,162,1266,-1735,526,4330,-150,349,692
62.61065,162,1265,-1735,526,4350,-150,349,693
62.61115,162,1266,-1735,526,4388,-149,348,693
62.61165,162,1266,-1735,526,4385,-150,348,693
62.61215,162,1265,-1735,525,4376,-150,349,693
62.61265,162,1266,-1734,525,4350,-150,348,692
62.61315,162,1265,-1734,525,4320,-150,349,692
62.61365,162,1265,-1735,526,4317,-150,349,693
62.61415,162,1265,-1734,526,4318,-149,349,692
62.61465,162,1266,-1735,526,4318,-149,349,693
62.61515,162,1266,-1735,526,4324,-149,349,693
62.61565,161,1265,-1735,527,4322,-149,349,693
62.61615,162,1266,-1735,527,4319,-149,348,693
62.61665,162,1265,-1735,527,4320,-150,348,692
62.61715,162,1265,-1735,527,4325,-149,348,693
62.61765,162,1266,-1735,527,4331,-150,348,693
62.61815,162,1265,-1735,527,4328,-150,348,693
62.61865,162,1266,-1735,526,4327,-150,348,693
62.61915,162,1265,-1735,526,4328,-150,348,692
62.61965,162,1266,-1734,525,4326,-150,348,692
62.62015,162,1266,-1734,525,4335,-150,348,692
62.62065,162,1265,-1734,525,4352,-149,348,693
62.62115,162,1265,-1733,524,4387,-150,348,693
62.62165,162,1265,-1734,525,4383,-150,348,692
62.62215,162,1266,-1735,525,4374,-150,348,693
62.62265,162,1266,-1735,526,4352,-150,348,692
62.62315,162,1266,-1736,526,4322,-149,349,692
62.62365,162,1266,-1737,527,4319,-149,350,693
62.62415,162,1266,-1737,527,4318,-150,350,692
62.62465,161,1266,-1737,528,4318,-149,350,693
62.62515,162,1265,-1736,528,4328,-149,350,693
62.62565,162,1266,-1736,529,4327,-149,350,693
62.62615,162,1266,-1735,529,4326,-149,350,693
62.62665,162,1265,-1736,528,4326,-149,349,693
62.62715,162,1266,-1735,528,4323,-149,349,693
62.62765,162,1265,-1735,528,4324,-148,348,693
62.62815,162,1265,-1735,528,4326,-149,348,693
62.62865,162,1266,-1735,527,4323,-149,348,693
62.62915,162,1265,-1735,527,4321,-149,348,693
62.62965,162,1266,-1735,526,4321,-149,348,693
62.63015,162,1266,-1735,525,4323,-149,348,693
62.63065,162,1265,-1735,524,4343,-149,347,694
62.63115,162,1266,-1735,524,4379,-148,347,693
62.63165,162,1266,-1735,524,4380,-149,348,693
62.63215,162,1266,-1734,524,4364,-149,348,693
62.63265,162,1265,-1734,525,4335,-149,349,693
62.63315,162,1266,-1735,526,4311,-149,349,693
62.63365,162,1266,-1736,527,4307,-149,349,694
62.63415,162,1265,-1736,528,4310,-149,349,693
62.63465,162,1266,-1735,528,4321,-149,349,694
62.63515,162,1266,-1734,527,4323,-149,349,693
62.63565,162,1266,-1735,527,4327,-149,349,693
62.63615,162,1265,-1735,527,4325,-149,349,693
62.63665,162,1265,-1735,528,4325,-149,348,693
62.63715,162,1266,-1735,527,4324,-148,349,693
62.63765,162,1265,-1734,526,4326,-149,348,693
62.63815,162,1266,-1734,525,4328,-149,348,693
62.63865,162,1266,-1734,525,4331,-149,348,693
62.63915,162,1265,-1735,525,4332,-148,348,693
62.63965,162,1265,-1735,525,4331,-149,348,693
62.64015,162,1265,-1735,525,4327,-149,348,693
62.64075,162,1266,-1735,526,4348,-149,348,693
62.64125,162,1266,-1735,526,4379,-149,348,693
62.64175,162,1265,-1735,525,4375,-149,348,693
62.64225,162,1265,-1734,525,4367,-149,348,694
62.64275,162,1266,-1734,524,4340,-148,349,693
62.64325,162,1266,-1734,525,4318,-149,349,693
62.64375,162,1265,-1734,526,4310,-148,349,693
62.64425,161,1266,-1735,526,4311,-149,349,693
62.64475,162,1266,-1735,526,4318,-148,350,693
62.64525,162,1265,-1735,526,4321,-149,349,693
62.64575,162,1266,-1735,526,4323,-149,350,694
62.64625,162,1266,-1735,526,4324,-149,350,693
62.64675,162,1266,-1735,526,4325,-149,350,694
62.64725,162,1266,-1735,526,4319,-149,350,694
62.64775,162,1266,-1735,526,4321,-149,350,694
62.64825,162,1265,-1735,526,4324,-149,350,694
62.64875,162,1266,-1735,526,4320,-149,350,694
62.64925,162,1265,-1735,527,4318,-149,350,694
62.64975,162,1265,-1735,527,4318,-148,351,694
62.65025,162,1266,-1735,527,4320,-149,351,694
62.65075,162,1265,-1735,528,4349,-148,350,695
62.65125,162,1265,-1735,527,4378,-149,350,695
62.65175,162,1265,-1735,527,4370,-148,350,694
62.65225,162,1266,-1735,526,4360,-148,350,694
62.65275,162,1266,-1735,526,4334,-149,351,694
62.65325,162,1266,-1735,526,4314,-148,350,695
62.65375,162,1266,-1735,526,4310,-148,351,694
62.65425,162,1266,-1735,526,4309,-148,351,694
62.65475,162,1265,-1736,526,4321,-148,351,694
62.65525,162,1266,-1735,525,4327,-148,350,694
62.65575,162,1266,-1735,525,4327,-148,350,694
62.65625,162,1266,-1734,525,4327,-148,349,694
62.65675,162,1266,-1735,526,4330,-148,349,694
62.65725,162,1266,-1735,525,4332,-148,349,694
62.65775,162,1265,-1734,526,4331,-148,349,694
62.65825,162,1266,-1734,526,4331,-148,348,694
62.65875,162,1266,-1734,526,4331,-148,348,694
62.65925,162,1265,-1735,526,4331,-148,348,694
62.659748,162,1266,-1735,526,4329,-148,349,694
62.66025,162,1266,-1735,526,4325,-148,349,694
62.66075,162,1266,-1735,527,4354,-148,349,694
62.66125,162,1265,-1735,527,4380,-148,349,694
62.66175,162,1265,-1735,526,4375,-148,349,694
62.66225,162,1265,-1734,526,4367,-148,349,694
62.66275,162,1265,-1735,526,4334,-148,349,694
62.66325,162,1266,-1735,526,4312,-148,348,694
62.66375,162,1266,-1735,526,4306,-148,349,694
62.66425,162,1266,-1735,526,4306,-148,349,694
62.66475,162,1266,-1735,526,4315,-148,349,694
62.66525,162,1265,-1735,526,4321,-148,349,694
62.66575,162,1266,-1735,527,4324,-148,349,694
62.66625,162,1265,-1735,526,4325,-148,349,694
62.66675,162,1265,-1735,526,4325,-148,349,694
62.66725,162,1266,-1734,526,4323,-148,349,694
62.66775,162,1265,-1735,526,4324,-148,349,694
62.66825,162,1266,-1735,526,4325,-148,349,694
62.66875,162,1266,-1735,526,4322,-148,349,694
62.66925,162,1265,-1735,526,4321,-148,349,694
62.66975,162,1265,-1735,526,4322,-148,349,694
62.67025,162,1265,-1735,526,4325,-148,349,694
62.67075,162,1265,-1734,527,4361,-148,348,694
62.67125,162,1265,-1734,526,4386,-148,348,694
62.67175,162,1265,-1734,525,4381,-148,349,694
62.67225,162,1265,-1734,526,4367,-148,349,694
62.67275,162,1266,-1735,526,4335,-148,349,694
62.67325,162,1266,-1735,526,4318,-148,349,694
62.67375,162,1265,-1735,526,4316,-148,349,694
62.67425,162,1266,-1735,526,4319,-148,349,694
62.67475,161,1265,-1735,527,4324,-148,349,694
62.67525,162,1265,-1735,527,4325,-148,349,694
62.67575,162,1266,-1735,527,4326,-148,349,694
62.67625,162,1265,-1735,526,4327,-148,349,694
62.67675,162,1265,-1735,526,4327,-148,349,694
62.67725,162,1265,-1735,526,4326,-148,349,695
62.67775,162,1265,-1735,526,4326,-148,349,694
62.67825,162,1265,-1735,526,4323,-148,350,694
62.67875,162,1266,-1735,526,4328,-148,349,694
62.67925,162,1265,-1734,526,4330,-148,349,694
62.67975,162,1266,-1735,526,4328,-148,349,694
62.68025,162,1265,-1735,526,4326,-147,350,694
62.68075,162,1265,-1735,527,4356,-148,349,695
62.68125,162,1265,-1735,527,4375,-148,349,694
62.68175,162,1265,-1735,527,4364,-148,350,694
62.68225,162,1265,-1735,526,4355,-148,349,694
62.68275,162,1265,-1735,526,4327,-148,350,694
62.68325,162,1265,-1735,526,4312,-148,349,694
62.68375,162,1265,-1735,526,4311,-148,349,694
62.68425,162,1265,-1735,526,4314,-148,349,694
62.68475,162,1265,-1735,526,4319,-148,349,694
62.68525,162,1265,-1735,526,4321,-148,349,694
62.68575,162,1266,-1735,526,4323,-148,348,694
62.68625,162,1265,-1735,526,4325,-148,348,694
62.68675,162,1266,-1735,526,4325,-148,348,694
62.68725,162,1265,-1735,526,4323,-148,348,694
62.68775,162,1266,-1734,526,4324,-148,348,694
62.68825,162,1266,-1735,526,4327,-148,349,694
62.68875,162,1266,-1735,526,4326,-148,348,694
62.68925,162,1266,-1735,526,4323,-148,349,694
62.68975,161,1266,-1735,526,4324,-147,349,693
62.69025,162,1266,-1734,526,4327,-148,348,694
62.69075,162,1266,-1735,527,4363,-148,348,694
62.69125,162,1265,-1735,526,4380,-147,348,694
62.69175,162,1265,-1735,527,4376,-147,349,694
62.69225,162,1266,-1734,527,4359,-148,349,695
62.69275,162,1266,-1735,526,4323,-147,349,695
62.69325,162,1265,-1734,526,4303,-147,349,695
62.69375,162,1266,-1735,526,4301,-147,348,695
62.69425,162,1265,-1734,526,4306,-147,349,695
62.69475,162,1265,-1734,526,4313,-147,348,695
62.69525,162,1265,-1735,527,4316,-147,349,695
62.69575,162,1265,-1734,526,4316,-147,349,695
62.69625,162,1265,-1735,526,4315,-147,349,695
62.69675,162,1265,-1735,526,4317,-147,349,695
62.69725,162,1265,-1735,526,4318,-147,348,694
62.69775,162,1265,-1735,526,4318,-148,348,695
62.69825,162,1265,-1735,526,4323,-147,348,694
62.69875,162,1265,-1735,526,4320,-147,348,694
62.69925,162,1266,-1735,526,4324,-147,348,694
62.69975,162,1265,-1735,526,4324,-147,348,694
62.70025,162,1265,-1735,526,4325,-147,348,694
62.70075,162,1266,-1735,527,4365,-147,348,695
62.70135,162,1266,-1735,526,4372,-147,348,695
62.70185,162,1265,-1734,526,4362,-147,349,695
62.70235,162,1265,-1734,526,4344,-148,349,694
62.70285,162,1265,-1735,526,4313,-147,349,694
62.70335,162,1265,-1735,526,4307,-148,349,695
62.70385,162,1265,-1735,526,4305,-147,348,695
62.70435,162,1266,-1735,526,4304,-147,348,695
62.70485,162,1265,-1735,527,4314,-147,348,694
62.70535,162,1266,-1735,527,4320,-147,348,694
62.70585,162,1265,-1735,527,4327,-147,348,695
62.70635,162,1266,-1735,527,4329,-147,348,695
62.70685,162,1265,-1735,527,4322,-147,349,695
62.70735,162,1265,-1735,527,4318,-147,349,695
62.70785,162,1265,-1735,527,4318,-147,349,694
62.70835,162,1265,-1735,527,4319,-147,349,695
62.70885,162,1265,-1735,527,4319,-147,349,694
62.70935,162,1265,-1735,527,4313,-147,349,694
62.70985,162,1265,-1735,527,4316,-147,350,695
62.71035,162,1265,-1735,527,4325,-147,350,695
62.71085,162,1265,-1735,527,4361,-147,349,695
62.71135,162,1265,-1735,526,4366,-147,350,694
62.71185,162,1266,-1734,526,4359,-147,350,694
62.71235,162,1265,-1735,525,4342,-147,351,695
62.71285,161,1265,-1735,526,4312,-147,351,694
62.71335,162,1265,-1735,526,4298,-147,351,694
62.71385,162,1265,-1735,527,4301,-147,351,695
62.71435,162,1265,-1735,527,4306,-147,351,694
62.71485,162,1265,-1735,526,4307,-147,350,694
62.71535,162,1266,-1735,525,4312,-147,350,694
62.71585,162,1265,-1735,525,4315,-147,350,694
62.71635,162,1266,-1735,525,4317,-147,349,694
62.71685,162,1265,-1735,526,4318,-147,349,694
62.71735,162,1265,-1735,527,4318,-147,349,694
62.71785,162,1265,-1735,527,4317,-147,349,694
62.71835,162,1265,-1735,527,4319,-147,349,694
62.71885,162,1265,-1735,526,4319,-147,349,694
62.71935,162,1265,-1735,527,4320,-147,349,694
62.71985,162,1265,-1736,527,4320,-147,349,694
62.72035,162,1265,-1735,527,4327,-147,349,694
62.720848,162,1265,-1736,527,4363,-147,349,694
62.72135,162,1265,-1736,526,4370,-147,349,694
62.72185,162,1265,-1735,526,4364,-147,349,694
62.72235,162,1266,-1735,526,4344,-147,349,694
62.72285,162,1265,-1735,526,4316,-147,349,693
62.72335,162,1266,-1735,526,4308,-147,349,693
62.72385,162,1265,-1735,526,4304,-147,349,693
62.72435,162,1265,-1735,526,4309,-147,349,693
62.72485,162,1265,-1734,526,4314,-147,349,694
62.72535,162,1265,-1734,526,4316,-147,349,694
62.72585,162,1265,-1734,526,4322,-147,350,694
62.72635,162,1265,-1735,526,4324,-147,350,694
62.72685,162,1265,-1735,526,4322,-147,349,694
62.72735,162,1265,-1735,527,4318,-147,349,695
62.72785,162,1265,-1735,526,4317,-147,349,695
62.72835,162,1265,-1734,526,4314,-146,349,696
62.72885,162,1265,-1734,526,4311,-146,349,695
62.72935,162,1265,-1735,526,4313,-146,349,696
62.72985,162,1265,-1735,526,4309,-146,349,695
62.73035,162,1265,-1735,527,4324,-146,349,696
62.73085,162,1265,-1735,527,4360,-146,349,696
62.73135,162,1265,-1735,527,4366,-146,349,695
62.73185,162,1265,-1735,526,4361,-147,349,695
62.73235,162,1266,-1735,526,4332,-146,350,695
62.73285,162,1265,-1735,526,4303,-147,350,694
62.73335,162,1265,-1735,526,4298,-147,349,694
62.73385,162,1266,-1735,526,4306,-147,349,694
62.73435,162,1265,-1735,526,4314,-147,349,694
62.73485,162,1266,-1734,526,4318,-147,349,694
62.73535,162,1266,-1734,526,4319,-147,349,694
62.73585,162,1265,-1734,526,4317,-147,349,694
62.73635,162,1265,-1734,527,4319,-147,349,694
62.73685,162,1266,-1734,527,4324,-147,349,694
62.73735,162,1266,-1735,527,4325,-147,349,694
62.73785,162,1265,-1735,526,4326,-147,348,694
62.73835,162,1266,-1735,527,4328,-147,348,694
62.73885,162,1265,-1735,527,4330,-147,348,694
62.73935,162,1266,-1735,526,4331,-147,348,694
62.73985,162,1265,-1735,526,4329,-147,348,694
62.74035,162,1265,-1735,527,4339,-147,348,694
62.74085,162,1265,-1735,527,4375,-147,348,695
62.74135,162,1265,-1735,527,4375,-147,348,694
62.74185,162,1266,-1734,527,4362,-147,348,694
62.74235,162,1265,-1735,527,4343,-147,348,694
62.74285,162,1265,-1735,527,4318,-146,348,695
62.74335,162,1265,-1735,527,4308,-147,348,695
62.74385,162,1265,-1735,526,4301,-147,348,694
62.74435,162,1266,-1735,526,4306,-147,348,694
62.74485,162,1265,-1735,526,4321,-147,348,694
62.74535,162,1265,-1735,526,4326,-147,348,694
62.74585,162,1265,-1735,526,4326,-147,349,694
62.74635,162,1265,-1734,526,4325,-147,348,694
62.74685,162,1265,-1734,526,4322,-147,348,694
62.74735,162,1265,-1734,526,4318,-146,349,694
62.74785,162,1265,-1734,526,4317,-147,348,694
62.74835,162,1265,-1734,526,4318,-147,349,694
62.74885,162,1265,-1734,526,4315,-147,349,694
62.74935,162,1265,-1735,526,4313,-147,349,694
62.74985,162,1265,-1734,527,4314,-147,350,694
62.75035,162,1265,-1734,527,4326,-147,349,694
62.75085,162,1265,-1734,528,4368,-147,349,694
62.75135,162,1265,-1735,528,4373,-147,350,694
62.75185,162,1265,-1734,527,4364,-147,350,694
62.75235,162,1265,-1734,527,4342,-147,350,694
62.75285,162,1265,-1735,527,4314,-147,350,694
62.75335,162,1265,-1735,527,4308,-147,350,694
62.75385,162,1265,-1736,527,4310,-147,350,695
62.75435,162,1265,-1736,527,4316,-147,350,694
62.75485,162,1265,-1736,527,4319,-147,350,694
62.75535,162,1265,-1734,526,4327,-147,349,694
62.75585,162,1265,-1734,525,4331,-147,350,695
62.75635,162,1265,-1734,525,4332,-147,350,695
62.75685,162,1265,-1734,526,4328,-147,350,695
62.75735,162,1265,-1735,526,4326,-147,350,695
62.75785,162,1265,-1735,527,4326,-147,350,695
62.75835,162,1265,-1735,527,4327,-147,349,695
62.75885,162,1265,-1736,527,4327,-147,350,695
62.75935,162,1265,-1735,527,4327,-147,350,695
62.75985,162,1265,-1735,526,4326,-147,349,695
62.76035,162,1265,-1734,526,4340,-147,350,695
62.76085,162,1265,-1734,526,4373,-147,349,695
62.76135,162,1265,-1734,525,4373,-147,349,695
62.76185,162,1265,-1734,525,4365,-147,349,695
62.76245,162,1265,-1734,526,4340,-147,350,695
62.76295,162,1265,-1734,526,4315,-147,350,695
62.76345,162,1265,-1735,526,4308,-147,349,695
62.76395,162,1265,-1735,527,4309,-147,350,694
62.76445,162,1265,-1736,527,4315,-147,349,695
62.76495,162,1265,-1736,529,4322,-147,350,695
62.76545,162,1265,-1735,528,4320,-146,350,695
62.76595,162,1265,-1735,528,4320,-147,349,695
62.76645,162,1265,-1735,528,4322,-147,350,695
62.76695,162,1265,-1736,528,4322,-147,350,695
62.76745,162,1265,-1736,528,4320,-147,350,695
62.76795,162,1265,-1735,527,4321,-147,350,695
62.76845,162,1265,-1734,526,4323,-146,350,695
62.76895,162,1265,-1734,525,4321,-147,350,695
62.76945,162,1265,-1734,524,4318,-146,350,695
62.76995,162,1265,-1734,525,4318,-146,349,695
62.77045,162,1264,-1734,526,4339,-146,349,695
62.77095,162,1264,-1734,526,4374,-146,349,695
62.77145,162,1265,-1735,526,4375,-146,349,695
62.77195,162,1265,-1734,526,4368,-147,350,695
62.77245,162,1265,-1734,526,4342,-146,350,695
62.77295,162,1265,-1735,526,4316,-147,350,695
62.77345,162,1265,-1735,526,4312,-146,350,695
62.77395,162,1265,-1735,527,4314,-147,351,694
62.77445,162,1265,-1735,526,4320,-147,351,694
62.77495,162,1265,-1735,526,4327,-147,351,694
62.77545,162,1265,-1735,526,4327,-147,350,694
62.77595,162,1265,-1734,526,4323,-146,350,694
62.77645,162,1265,-1734,526,4325,-146,350,695
62.77695,162,1265,-1735,527,4327,-146,350,695
62.77745,162,1265,-1736,527,4321,-147,350,694
62.77795,162,1264,-1736,527,4320,-146,350,694
62.77845,162,1265,-1736,527,4326,-147,350,694
62.77895,162,1265,-1736,526,4328,-146,349,694
62.77945,162,1265,-1735,527,4327,-146,349,695
62.77995,162,1265,-1734,526,4322,-146,348,695
62.78045,162,1264,-1733,526,4335,-146,348,695
62.78095,162,1265,-1733,526,4363,-146,348,695
62.78145,162,1264,-1733,526,4361,-147,348,694
62.781948,162,1264,-1734,526,4353,-147,347,694
62.78245,162,1265,-1734,526,4330,-147,348,694
62.78295,162,1265,-1734,526,4310,-147,348,694
62.78345,162,1265,-1734,526,4304,-147,348,694
62.78395,162,1265,-1734,526,4304,-146,348,694
62.78445,162,1265,-1734,526,4311,-147,347,695
62.78495,162,1265,-1734,526,4317,-146,347,695
62.78545,162,1264,-1733,526,4313,-146,347,695
62.78595,162,1265,-1733,526,4314,-146,347,694
62.78645,162,1264,-1733,526,4317,-146,347,695
62.78695,162,1265,-1734,526,4321,-146,347,694
62.78745,162,1264,-1734,526,4315,-146,347,695
62.78795,162,1264,-1734,526,4318,-146,348,694
62.78845,162,1265,-1734,526,4318,-146,348,695
62.78895,162,1264,-1734,527,4318,-146,349,695
62.78945,162,1265,-1735,527,4312,-146,350,695
62.78995,162,1264,-1735,527,4311,-146,350,695
62.79045,162,1264,-1734,527,4339,-146,349,695
62.79095,162,1264,-1734,527,4367,-146,349,695
62.79145,162,1264,-1734,526,4362,-146,349,695
62.79195,162,1264,-1734,526,4351,-146,349,695
62.79245,162,1265,-1734,526,4321,-146,349,694
62.79295,162,1265,-1734,526,4301,-147,349,694
62.79345,162,1264,-1734,526,4302,-146,349,694
62.79395,162,1265,-1734,526,4305,-146,349,694
62.79445,162,1264,-1735,526,4311,-146,349,694
62.79495,162,1265,-1735,527,4312,-146,349,694
62.79545,162,1264,-1735,527,4313,-146,349,694
62.79595,162,1264,-1735,527,4313,-147,349,694
62.79645,163,1264,-1735,527,4312,-146,349,694
62.79695,162,1264,-1735,527,4311,-146,349,695
62.79745,162,1264,-1735,528,4308,-146,349,695
62.79795,162,1264,-1734,527,4302,-146,349,694
62.79845,162,1264,-1734,527,4302,-146,349,694
62.79895,162,1265,-1734,526,4308,-146,349,694
62.79945,163,1264,-1734,526,4311,-146,349,694
62.79995,162,1265,-1734,525,4310,-146,349,694
62.80045,162,1264,-1734,526,4336,-146,349,695
62.80095,163,1264,-1734,526,4358,-146,349,694
62.80145,162,1264,-1734,526,4350,-147,349,694
62.80195,162,1265,-1735,526,4342,-146,349,695
62.80245,162,1265,-1735,526,4313,-147,349,694
62.80295,162,1264,-1735,526,4293,-147,349,694
62.80345,162,1264,-1736,526,4295,-146,349,694
62.80395,162,1264,-1736,526,4300,-147,349,694
62.80445,162,1264,-1735,527,4305,-146,349,694
62.80495,162,1264,-1735,527,4308,-147,349,694
62.80545,162,1265,-1735,527,4310,-147,349,694
62.80595,162,1265,-1734,527,4312,-146,350,694
62.80645,162,1264,-1734,527,4313,-146,350,695
62.80695,162,1265,-1734,528,4311,-146,350,694
62.80745,162,1264,-1734,528,4304,-146,350,694
62.80795,162,1264,-1734,528,4306,-146,350,694
62.80845,162,1265,-1734,527,4309,-146,350,694
62.80895,162,1264,-1734,526,4306,-147,349,694
62.80945,162,1265,-1734,527,4301,-147,349,694
62.80995,162,1265,-1734,527,4300,-146,349,694
62.81045,162,1265,-1734,528,4333,-146,349,695
62.81095,162,1264,-1734,527,4357,-146,349,694
62.81145,162,1265,-1734,526,4349,-146,349,694
62.81195,162,1265,-1735,525,4343,-146,349,694
62.81245,162,1265,-1735,525,4312,-147,349,694
62.81295,162,1264,-1735,525,4292,-146,349,694
62.81345,162,1265,-1735,525,4290,-147,349,694
62.81395,162,1264,-1734,526,4292,-146,349,694
62.81445,162,1265,-1734,526,4298,-146,349,694
62.81495,162,1265,-1734,526,4301,-147,349,694
62.81545,162,1265,-1734,526,4301,-147,349,694
62.81595,162,1265,-1734,526,4301,-147,349,694
62.81645,162,1264,-1734,527,4306,-147,349,694
62.81695,162,1265,-1734,527,4310,-147,349,694
62.81745,162,1265,-1734,526,4310,-146,348,694
62.81795,162,1264,-1734,526,4310,-147,348,694
62.81845,162,1265,-1734,526,4311,-146,349,694
62.81895,162,1264,-1735,526,4312,-146,349,694
62.81945,162,1265,-1735,526,4313,-146,349,694
62.81995,162,1264,-1735,526,4312,-147,349,694
62.82045,163,1264,-1735,526,4340,-146,348,694
62.82095,162,1264,-1734,526,4363,-146,348,694
62.82145,162,1264,-1735,526,4359,-146,348,694
62.82195,162,1264,-1735,528,4348,-146,349,694
62.82245,162,1264,-1735,528,4317,-147,349,694
62.82305,162,1264,-1735,528,4300,-147,349,694
62.82355,162,1264,-1735,527,4295,-147,349,693
62.82405,162,1264,-1735,527,4295,-147,348,694
62.82455,162,1264,-1735,527,4300,-146,348,694
62.82505,162,1265,-1734,527,4307,-146,348,694
62.82555,162,1265,-1733,527,4309,-147,348,693
62.82605,162,1264,-1733,527,4307,-146,348,694
62.82655,162,1264,-1734,527,4303,-146,348,694
62.82705,162,1264,-1734,527,4305,-146,348,694
62.82755,162,1265,-1734,527,4304,-146,348,694
62.82805,162,1264,-1734,527,4303,-147,348,694
62.82855,162,1264,-1734,527,4304,-147,348,694
62.82905,162,1264,-1734,527,4301,-147,348,694
62.82955,163,1264,-1735,526,4297,-146,348,694
62.83005,162,1264,-1735,525,4295,-147,348,694
62.83055,163,1264,-1735,526,4319,-146,348,694
62.83105,162,1265,-1735,526,4348,-146,348,694
62.83155,162,1264,-1734,527,4345,-146,349,694
62.83205,162,1264,-1734,527,4336,-146,349,694
62.83255,162,1264,-1734,527,4308,-146,349,694
62.83305,162,1264,-1734,527,4286,-146,349,694
62.83355,162,1264,-1734,527,4282,-146,349,694
62.83405,163,1264,-1734,527,4285,-146,349,694
62.83455,162,1264,-1734,527,4291,-146,349,694
62.83505,162,1264,-1734,527,4294,-146,349,694
62.83555,162,1264,-1734,528,4295,-146,349,694
62.83605,162,1264,-1734,528,4297,-146,349,694
62.83655,162,1265,-1734,527,4299,-146,349,695
62.83705,162,1264,-1734,526,4300,-146,349,694
62.83755,162,1265,-1734,526,4297,-146,349,694
62.83805,162,1264,-1734,526,4301,-146,349,694
62.83855,162,1264,-1734,526,4306,-146,349,694
62.83905,162,1264,-1734,526,4306,-147,349,694
62.83955,162,1264,-1734,526,4305,-146,350,694
62.84005,162,1264,-1734,526,4309,-146,350,694
62.84055,162,1264,-1734,527,4344,-146,350,694
62.84105,162,1264,-1735,526,4345,-146,351,694
62.84155,162,1265,-1735,526,4339,-147,351,694
62.84205,162,1264,-1735,526,4318,-147,351,694
62.84255,162,1264,-1734,526,4286,-147,351,693
62.84305,162,1265,-1735,527,4277,-146,351,694
62.84355,162,1264,-1735,527,4273,-146,351,694
62.84405,162,1265,-1734,528,4282,-147,351,694
62.84455,162,1265,-1735,527,4289,-146,351,694
62.84505,162,1264,-1734,527,4290,-146,351,694
62.84555,162,1264,-1734,527,4290,-147,350,694
62.84605,162,1265,-1734,526,4290,-146,350,694
62.84655,163,1265,-1734,526,4289,-146,349,694
62.84705,162,1264,-1735,526,4287,-147,349,694
62.84755,162,1264,-1735,525,4285,-146,348,694
62.84805,162,1265,-1735,526,4283,-146,348,694
62.84855,162,1264,-1735,526,4284,-146,348,694
62.84905,162,1265,-1734,526,4284,-146,349,694
62.84955,162,1264,-1734,527,4281,-146,349,694
62.85005,162,1265,-1734,526,4283,-146,349,694
62.85055,163,1265,-1734,526,4318,-146,348,694
62.85105,162,1264,-1735,526,4342,-146,348,694
62.85155,162,1265,-1735,526,4339,-146,349,694
62.85205,162,1265,-1734,525,4328,-146,349,694
62.85255,162,1265,-1734,525,4294,-146,349,694
62.85305,162,1264,-1733,525,4278,-146,349,694
62.85355,162,1265,-1733,526,4277,-146,349,694
62.85405,162,1264,-1733,526,4282,-146,349,694
62.85455,162,1265,-1733,527,4289,-146,349,694
62.85505,162,1264,-1734,527,4293,-147,349,694
62.85555,162,1265,-1734,527,4293,-146,349,694
62.85605,162,1265,-1734,527,4294,-146,349,694
62.85655,162,1264,-1735,527,4299,-146,349,694
62.85705,162,1264,-1735,527,4301,-146,349,694
62.85755,163,1265,-1735,527,4299,-146,349,694
62.85805,162,1265,-1735,527,4297,-146,349,695
62.85855,163,1265,-1735,527,4296,-146,348,694
62.85905,162,1264,-1735,527,4291,-146,348,694
62.85955,162,1264,-1735,527,4295,-146,348,694
62.86005,162,1264,-1735,527,4300,-146,348,695
62.86055,162,1264,-1735,528,4334,-146,347,695
62.86105,162,1264,-1734,528,4337,-146,348,695
62.86155,162,1265,-1733,528,4330,-146,347,694
62.86205,163,1265,-1733,528,4311,-146,348,694
62.86255,162,1265,-1733,528,4287,-147,348,694
62.86305,162,1265,-1734,528,4277,-147,347,694
62.86355,162,1265,-1734,529,4272,-146,347,694
62.86405,162,1265,-1734,530,4276,-146,348,694
62.86455,162,1265,-1734,529,4284,-146,348,694
62.86505,162,1265,-1734,529,4287,-147,348,694
62.86555,162,1265,-1734,528,4288,-146,348,694
62.86605,162,1264,-1734,527,4289,-146,348,694
62.86655,162,1264,-1734,526,4291,-147,348,695
62.86705,162,1264,-1734,525,4290,-146,348,694
62.86755,162,1265,-1734,524,4283,-146,348,695
62.86805,162,1264,-1734,525,4285,-146,348,694
62.86855,162,1264,-1734,526,4284,-146,348,694
62.86905,163,1264,-1734,527,4286,-146,349,695
62.86955,162,1264,-1734,528,4283,-146,349,694
62.87005,162,1264,-1733,529,4291,-146,349,695
62.87055,162,1264,-1734,530,4334,-146,349,695
62.87105,162,1264,-1734,528,4337,-146,350,695
62.87155,162,1264,-1734,526,4331,-146,350,694
62.87205,162,1264,-1734,525,4311,-146,350,694
62.87255,162,1264,-1734,524,4288,-146,350,694
62.87305,162,1265,-1734,524,4283,-146,350,694
62.87355,162,1264,-1734,525,4284,-146,350,695
62.87405,162,1264,-1734,525,4288,-146,350,695
62.87455,163,1265,-1733,526,4287,-146,350,695
62.87505,162,1264,-1734,526,4288,-146,350,695
62.87555,162,1264,-1733,526,4289,-146,349,695
62.87605,162,1264,-1734,526,4290,-146,349,695
62.87655,162,1264,-1734,526,4291,-146,349,695
62.87705,162,1264,-1734,526,4292,-146,348,695
62.87755,162,1264,-1734,526,4292,-146,348,695
62.87805,163,1264,-1733,526,4291,-146,349,695
62.87855,162,1264,-1733,526,4292,-146,349,695
62.87905,162,1264,-1734,526,4293,-146,349,694
62.87955,162,1264,-1734,527,4291,-146,349,694
62.88005,162,1264,-1735,528,4307,-146,349,695
62.88055,162,1264,-1736,528,4340,-146,349,695
62.88105,163,1265,-1736,527,4332,-146,348,694
62.88155,162,1264,-1736,527,4326,-146,349,695
62.88205,162,1264,-1735,527,4305,-147,349,694
62.88255,163,1265,-1735,527,4276,-146,349,694
62.88305,162,1265,-1735,527,4278,-146,349,694
62.88365,162,1264,-1735,527,4281,-147,350,694
62.88415,162,1264,-1735,527,4287,-146,350,694
62.88465,162,1265,-1735,527,4290,-146,350,694
62.88515,162,1264,-1735,526,4292,-146,350,694
62.88565,162,1264,-1735,526,4293,-146,350,694
62.88615,162,1265,-1733,526,4293,-146,350,694
62.88665,162,1265,-1733,526,4294,-146,350,694
62.88715,162,1264,-1733,526,4293,-146,349,694
62.88765,162,1264,-1733,526,4291,-146,350,695
62.88815,162,1264,-1733,526,4292,-146,349,695
62.88865,162,1264,-1733,526,4290,-146,350,696
62.88915,162,1264,-1733,526,4289,-146,349,696
62.88965,162,1264,-1734,526,4290,-146,349,696
62.89015,163,1263,-1734,527,4306,-145,349,696
62.89065,162,1264,-1734,527,4342,-146,349,696
62.89115,162,1264,-1734,527,4342,-146,349,696
62.89165,162,1264,-1734,527,4335,-146,349,696
62.89215,162,1264,-1734,527,4309,-146,349,696
62.89265,162,1264,-1734,528,4280,-146,349,696
62.89315,163,1264,-1735,528,4273,-146,349,696
62.89365,163,1264,-1734,529,4275,-146,349,696
62.89415,162,1264,-1734,529,4280,-146,349,696
62.89465,162,1264,-1734,529,4283,-146,349,696
62.89515,162,1264,-1735,529,4282,-146,349,696
62.89565,162,1264,-1735,529,4280,-146,349,696
62.89615,162,1264,-1734,529,4281,-146,349,696
62.89665,162,1264,-1734,527,4284,-146,349,696
62.89715,162,1264,-1733,524,4284,-146,349,696
62.89765,162,1264,-1733,523,4282,-146,349,696
62.89815,162,1264,-1733,523,4279,-146,349,696
62.89865,162,1264,-1733,523,4279,-146,349,696
62.89915,162,1264,-1733,525,4279,-146,349,696
62.89965,162,1264,-1734,525,4278,-146,349,696
62.90015,162,1264,-1733,526,4297,-145,349,696
62.90065,163,1264,-1734,526,4326,-145,349,696
62.90115,162,1264,-1734,526,4324,-146,349,697
62.90165,162,1264,-1734,526,4315,-146,349,696
62.90215,162,1264,-1734,526,4283,-146,349,696
62.90265,162,1264,-1734,526,4266,-145,350,696
62.90315,162,1264,-1734,526,4263,-146,350,696
62.90365,163,1264,-1734,526,4263,-146,350,696
62.90415,162,1264,-1734,527,4272,-146,350,696
62.90465,163,1264,-1734,527,4279,-145,350,696
62.90515,162,1265,-1735,527,4282,-145,350,697
62.90565,163,1264,-1735,527,4283,-146,349,696
62.90615,162,1264,-1734,527,4280,-145,349,696
62.90665,162,1264,-1735,527,4284,-146,350,697
62.90715,162,1264,-1735,527,4285,-146,350,696
62.90765,162,1264,-1735,527,4276,-145,350,697
62.90815,162,1264,-1734,528,4277,-145,351,696
62.90865,162,1264,-1734,527,4275,-146,351,696
62.90915,162,1264,-1734,527,4275,-145,351,696
62.90965,162,1264,-1733,528,4271,-145,351,696
62.91015,163,1264,-1734,528,4286,-145,351,697
62.91065,162,1264,-1734,528,4322,-145,351,697
62.911148,162,1264,-1734,527,4318,-145,351,697
62.91165,162,1264,-1734,527,4310,-145,351,697
62.91215,162,1265,-1734,526,4284,-145,351,696
62.91265,162,1264,-1734,526,4261,-146,351,696
62.91315,162,1265,-1734,525,4264,-145,350,696
62.91365,163,1264,-1734,526,4267,-145,350,696
62.91415,162,1264,-1734,526,4270,-145,349,697
62.91465,163,1264,-1734,527,4274,-146,348,697
62.91515,162,1264,-1734,527,4271,-145,348,697
62.91565,162,1265,-1734,528,4272,-146,348,696
62.91615,162,1264,-1734,528,4275,-145,348,696
62.91665,162,1264,-1734,527,4282,-146,348,697
62.91715,162,1264,-1734,526,4284,-145,348,697
62.91765,162,1264,-1734,525,4278,-146,348,697
62.91815,162,1264,-1734,525,4276,-146,348,696
62.91865,162,1264,-1733,526,4278,-145,348,696
62.91915,162,1264,-1734,526,4284,-146,348,697
62.91965,163,1264,-1734,526,4284,-146,348,697
62.92015,162,1265,-1734,527,4304,-145,348,697
62.92065,162,1264,-1735,526,4327,-145,348,697
62.92115,162,1264,-1735,527,4323,-145,348,697
62.92165,162,1264,-1735,527,4317,-145,348,697
62.92215,162,1264,-1735,526,4286,-146,349,697
62.92265,162,1264,-1735,527,4268,-145,349,697
62.92315,162,1264,-1734,527,4269,-146,348,697
62.92365,162,1264,-1734,527,4272,-145,348,696
62.92415,162,1264,-1733,527,4278,-146,348,697
62.92465,162,1264,-1734,527,4284,-145,348,697
62.92515,162,1264,-1734,527,4281,-145,348,697
62.92565,162,1264,-1734,527,4279,-145,348,697
62.92615,162,1264,-1734,527,4279,-145,348,697
62.92665,162,1264,-1734,527,4279,-146,349,697
62.92715,162,1264,-1734,527,4277,-146,348,697
62.92765,162,1264,-1734,527,4275,-145,349,697
62.92815,163,1264,-1734,527,4275,-145,349,697
62.92865,162,1264,-1734,527,4276,-146,349,697
62.92915,163,1264,-1734,527,4273,-145,349,697
62.92965,162,1264,-1734,528,4269,-146,349,697
62.93015,162,1264,-1734,529,4297,-145,349,697
62.93065,162,1264,-1734,529,4321,-146,349,697
62.93115,162,1264,-1735,528,4319,-146,348,697
62.93165,162,1264,-1734,527,4309,-146,349,697
62.93215,162,1264,-1734,525,4277,-146,349,697
62.93265,162,1264,-1734,526,4258,-145,349,697
62.93315,162,1264,-1733,526,4256,-146,349,697
62.93365,162,1264,-1733,527,4260,-145,349,697
62.93415,162,1264,-1733,528,4266,-145,349,697
62.93465,162,1265,-1733,527,4270,-145,349,697
62.93515,162,1264,-1734,527,4270,-145,348,697
62.93565,162,1265,-1734,526,4270,-145,349,697
62.93615,162,1265,-1734,526,4275,-145,348,697
62.93665,162,1264,-1734,526,4280,-146,349,697
62.93715,162,1265,-1734,526,4282,-146,349,697
62.93765,162,1264,-1734,526,4282,-145,349,697
62.93815,162,1264,-1734,527,4282,-145,349,697
62.93865,163,1264,-1734,526,4283,-145,348,697
62.93915,162,1264,-1734,526,4284,-146,348,697
62.93965,162,1264,-1734,526,4284,-146,348,696
62.94015,163,1264,-1734,526,4316,-145,347,697
62.94065,162,1264,-1734,526,4336,-146,348,697
62.94115,163,1265,-1734,526,4327,-146,347,697
62.94165,162,1265,-1734,527,4312,-145,347,697
62.94215,162,1265,-1734,526,4279,-146,348,697
62.94265,162,1264,-1733,527,4264,-146,348,697
62.94315,162,1265,-1734,526,4260,-146,348,696
62.94365,162,1264,-1733,526,4263,-146,347,696
62.94415,162,1264,-1733,526,4278,-146,348,696
62.94475,162,1264,-1734,526,4284,-146,348,696
62.94525,162,1265,-1734,527,4284,-146,348,696
62.94575,162,1264,-1735,527,4284,-146,348,696
62.94625,162,1265,-1735,528,4283,-146,349,696
62.94675,162,1264,-1735,528,4282,-146,348,696
62.94725,162,1265,-1735,528,4280,-146,348,696
62.94775,162,1265,-1734,528,4276,-146,348,696
62.94825,162,1264,-1733,528,4274,-146,348,696
62.94875,162,1264,-1734,528,4276,-146,348,696
62.94925,162,1265,-1734,528,4274,-146,348,696
62.94975,163,1264,-1734,528,4273,-146,349,696
62.95025,163,1264,-1734,529,4310,-146,348,696
62.95075,163,1265,-1734,528,4326,-146,348,696
62.95125,163,1264,-1734,526,4324,-146,348,696
62.95175,162,1265,-1734,525,4310,-146,348,696
62.95225,162,1264,-1733,525,4280,-146,349,696
62.95275,162,1265,-1734,525,4269,-146,349,696
62.95325,163,1265,-1734,526,4271,-146,349,696
62.95375,162,1264,-1734,527,4276,-146,349,696
62.95425,162,1265,-1734,527,4284,-146,349,697
62.95475,162,1265,-1733,527,4287,-146,349,697
62.95525,162,1265,-1734,526,4285,-146,349,697
62.95575,162,1265,-1733,526,4287,-146,349,698
62.95625,162,1265,-1734,525,4291,-146,348,698
62.95675,162,1264,-1733,526,4297,-146,348,698
62.95725,162,1264,-1733,526,4300,-145,348,697
62.95775,162,1264,-1734,526,4297,-145,348,697
62.95825,163,1265,-1734,527,4290,-146,348,697
62.95875,162,1264,-1734,527,4289,-146,349,697
62.95925,162,1265,-1734,527,4291,-146,349,697
62.95975,162,1264,-1734,527,4291,-146,349,697
62.96025,162,1264,-1733,527,4328,-145,349,698
62.96075,163,1264,-1734,527,4340,-146,349,698
62.96125,162,1264,-1734,527,4337,-145,349,698
62.96175,162,1264,-1734,527,4324,-145,350,697
62.96225,162,1265,-1734,527,4288,-145,350,698
62.96275,162,1264,-1734,527,4273,-145,349,698
62.96325,163,1264,-1734,527,4278,-145,349,697
62.96375,163,1264,-1733,527,4282,-145,349,698
62.96425,162,1264,-1734,527,4282,-145,349,697
62.96475,162,1264,-1734,527,4286,-145,349,697
62.96525,162,1265,-1734,526,4285,-146,349,697
62.96575,162,1264,-1734,527,4285,-145,349,698
62.96625,162,1265,-1734,527,4287,-145,349,697
62.96675,163,1264,-1734,527,4293,-145,349,698
62.96725,163,1264,-1734,527,4288,-145,349,698
62.96775,162,1264,-1734,527,4290,-146,349,698
62.96825,163,1264,-1734,526,4292,-145,349,697
62.96875,162,1265,-1734,526,4290,-145,350,697
62.96925,162,1264,-1734,526,4281,-146,350,697
62.96975,162,1264,-1733,526,4283,-145,350,697
62.97025,163,1264,-1733,527,4323,-146,349,698
62.97075,163,1264,-1734,527,4334,-146,350,697
62.97125,162,1264,-1734,527,4336,-145,350,697
62.97175,162,1264,-1734,526,4315,-145,351,697
62.972248,162,1265,-1734,526,4282,-146,350,697
62.97275,163,1264,-1733,526,4273,-146,350,697
62.97325,163,1264,-1733,526,4273,-146,349,697
62.97375,162,1265,-1734,526,4276,-146,348,697
62.97425,162,1264,-1734,526,4281,-145,349,697
62.97475,162,1264,-1734,526,4281,-145,348,698
62.97525,162,1264,-1734,527,4277,-145,348,698
62.97575,162,1264,-1734,527,4280,-146,348,698
62.97625,162,1264,-1734,527,4283,-145,347,697
62.97675,162,1264,-1734,527,4282,-146,347,697
62.97725,162,1264,-1734,527,4276,-145,348,698
62.97775,162,1264,-1734,527,4272,-145,347,698
62.97825,162,1264,-1734,527,4276,-146,348,698
62.97875,162,1264,-1734,526,4277,-145,348,697
62.97925,163,1264,-1734,527,4273,-145,347,697
62.97975,162,1264,-1734,527,4273,-146,347,698
62.98025,163,1265,-1734,527,4307,-145,347,697
62.98075,162,1264,-1734,526,4310,-145,348,698
62.98125,163,1264,-1734,526,4301,-145,347,697
62.98175,162,1265,-1734,526,4280,-145,348,697
62.98225,162,1265,-1734,526,4247,-145,348,697
62.98275,162,1264,-1734,527,4240,-146,348,697
62.98325,163,1264,-1734,527,4239,-145,348,697
62.98375,162,1264,-1734,527,4246,-145,349,697
62.98425,162,1264,-1735,527,4254,-145,349,697
62.98475,162,1264,-1735,527,4258,-146,349,697
62.98525,162,1264,-1735,528,4260,-145,349,697
62.98575,162,1265,-1735,528,4261,-145,349,698
62.98625,162,1264,-1735,528,4262,-145,349,698
62.98675,162,1265,-1735,528,4267,-145,349,698
62.98725,162,1264,-1734,528,4267,-145,349,697
62.98775,163,1264,-1734,528,4264,-145,349,698
62.98825,163,1264,-1734,528,4259,-146,349,698
62.98875,162,1264,-1733,528,4264,-145,349,698
62.98925,162,1264,-1732,527,4264,-145,349,697
62.98975,163,1264,-1733,526,4269,-145,349,698
62.99025,163,1264,-1733,525,4302,-146,349,697
62.99075,163,1264,-1733,526,4306,-145,350,697
62.99125,163,1264,-1734,526,4299,-146,350,697
62.99175,163,1264,-1734,526,4272,-146,350,697
62.99225,162,1264,-1734,526,4244,-146,350,697
62.99275,162,1264,-1734,527,4239,-145,350,697
62.99325,162,1264,-1734,527,4240,-145,350,697
62.99375,163,1264,-1734,526,4246,-145,350,697
62.99425,162,1264,-1734,527,4252,-145,350,697
62.99475,163,1264,-1734,527,4253,-145,350,697
62.99525,163,1264,-1734,527,4256,-145,350,697
62.99575,163,1264,-1734,528,4258,-145,350,697
62.99625,163,1264,-1734,528,4258,-145,350,697
62.99675,163,1264,-1735,528,4258,-145,350,697
62.99725,163,1264,-1735,528,4259,-145,350,697
62.99775,162,1264,-1735,528,4258,-145,350,697
62.99825,163,1264,-1734,527,4257,-145,350,697
62.99875,162,1264,-1734,527,4259,-145,350,697
62.99925,163,1264,-1733,526,4260,-145,349,697
62.99975,163,1264,-1732,525,4264,-145,349,697
63.00025,163,1264,-1732,525,4302,-145,349,697
63.00075,163,1264,-1733,525,4309,-145,349,697
63.00125,162,1264,-1734,526,4300,-145,349,697
63.00175,162,1264,-1734,526,4286,-145,349,697
63.00225,163,1264,-1734,527,4253,-145,349,697
63.00275,163,1264,-1734,528,4246,-145,349,697
63.00325,162,1264,-1735,529,4249,-145,348,697
63.00375,163,1264,-1734,529,4255,-146,348,697
63.00425,162,1264,-1734,529,4262,-145,349,697
63.00475,163,1264,-1734,528,4265,-145,348,698
63.00535,163,1264,-1735,528,4269,-145,349,698
63.00585,162,1264,-1735,528,4277,-145,349,698
63.00635,163,1264,-1734,528,4280,-145,348,698
63.00685,162,1264,-1733,527,4280,-145,348,698
63.00735,162,1264,-1733,527,4278,-145,349,698
63.00785,162,1264,-1733,527,4279,-145,348,698
63.00835,162,1264,-1734,526,4281,-145,348,698
63.00885,163,1264,-1734,526,4281,-145,348,698
63.00935,162,1264,-1734,526,4277,-145,348,698
63.00985,162,1264,-1734,527,4292,-145,347,698
63.01035,163,1264,-1734,527,4330,-145,347,698
63.01085,162,1264,-1734,528,4336,-145,347,697
63.01135,162,1264,-1734,527,4331,-145,347,697
63.01185,162,1264,-1734,526,4301,-145,347,697
63.01235,162,1264,-1733,526,4273,-145,347,697
63.01285,162,1264,-1734,526,4268,-145,348,698
63.01335,162,1264,-1734,527,4270,-145,347,697
63.01385,162,1264,-1734,527,4278,-145,347,697
63.01435,163,1264,-1734,527,4279,-145,347,697
63.01485,163,1264,-1734,526,4278,-145,347,697
63.01535,162,1264,-1734,526,4278,-145,348,697
63.01585,163,1264,-1734,526,4281,-145,347,697
63.01635,163,1264,-1734,527,4286,-145,347,697
63.01685,163,1264,-1734,527,4289,-145,348,697
63.01735,163,1264,-1734,527,4289,-145,348,697
63.01785,163,1264,-1735,527,4288,-145,348,697
63.01835,163,1264,-1734,527,4287,-145,348,697
63.01885,163,1264,-1734,526,4287,-145,348,697
63.01935,162,1264,-1734,527,4286,-145,349,697
63.01985,163,1264,-1734,527,4297,-145,349,697
63.02035,162,1264,-1734,527,4332,-145,349,697
63.02085,162,1264,-1734,526,4332,-145,349,696
63.02135,162,1264,-1734,527,4327,-145,349,697
63.02185,163,1264,-1734,527,4308,-146,350,697
63.02235,162,1264,-1734,526,4276,-145,350,697
63.02285,163,1264,-1734,527,4269,-145,350,697
63.02335,163,1264,-1734,527,4268,-145,351,697
63.02385,163,1264,-1734,527,4275,-145,351,697
63.02435,163,1264,-1734,527,4283,-145,351,697
63.02485,163,1264,-1734,527,4285,-145,351,697
63.02535,163,1264,-1734,527,4285,-145,351,697
63.02585,162,1263,-1734,527,4286,-146,350,697
63.02635,163,1264,-1734,527,4286,-145,350,698
63.02685,162,1263,-1734,526,4286,-145,350,697
63.02735,163,1264,-1734,526,4289,-145,349,697
63.02785,162,1264,-1734,526,4282,-145,349,697
63.02835,162,1264,-1734,526,4277,-145,349,698
63.02885,162,1264,-1735,526,4279,-145,348,697
63.02935,163,1264,-1735,527,4280,-145,349,698
63.02985,163,1264,-1734,527,4286,-145,349,698
63.03035,163,1264,-1733,528,4323,-145,348,698
63.03085,163,1264,-1734,528,4322,-145,349,698
63.03135,163,1264,-1733,527,4317,-145,349,698
63.03185,163,1264,-1734,527,4289,-145,349,698
63.03235,162,1264,-1734,527,4265,-145,349,698
63.03285,163,1264,-1734,528,4261,-144,349,698
63.033348,162,1264,-1734,527,4263,-145,349,698
63.03385,163,1264,-1734,527,4267,-144,348,698
63.03435,162,1264,-1734,528,4271,-144,348,698
63.03485,163,1264,-1734,527,4271,-144,349,698
63.03535,162,1264,-1734,527,4272,-145,349,698
63.03585,163,1264,-1734,527,4273,-145,349,698
63.03635,162,1264,-1734,528,4274,-145,348,698
63.03685,163,1264,-1734,528,4274,-145,348,698
63.03735,163,1264,-1735,527,4275,-145,348,697
63.03785,162,1264,-1734,528,4274,-145,348,697
63.03835,163,1264,-1734,527,4269,-145,349,697
63.03885,162,1264,-1734,526,4269,-145,348,697
63.03935,163,1264,-1735,526,4269,-145,348,697
63.03985,162,1264,-1735,527,4291,-145,347,698
63.04035,163,1264,-1735,527,4321,-145,348,698
63.04085,163,1264,-1734,527,4320,-145,348,699
63.04135,162,1264,-1734,526,4308,-145,348,699
63.04185,163,1264,-1734,526,4273,-145,348,699
63.04235,163,1264,-1733,527,4250,-145,348,699
63.04285,163,1264,-1733,527,4249,-145,348,699
63.04335,162,1264,-1733,527,4256,-145,348,699
63.04385,163,1264,-1733,527,4263,-144,349,699
63.04435,163,1264,-1734,528,4265,-145,349,699
63.04485,163,1264,-1734,528,4267,-144,350,699
63.04535,162,1264,-1734,529,4269,-144,350,699
63.04585,162,1264,-1734,529,4271,-144,350,699
63.04635,162,1264,-1734,529,4271,-144,350,699
63.04685,162,1264,-1735,529,4268,-145,350,699
63.04735,163,1264,-1735,530,4266,-144,349,699
63.04785,163,1264,-1736,530,4266,-145,349,699
63.04835,163,1264,-1736,530,4268,-145,349,698
63.04885,162,1264,-1736,530,4269,-144,349,699
63.04935,162,1264,-1735,529,4269,-144,349,699
63.04985,163,1265,-1735,528,4281,-144,349,699
63.05035,163,1264,-1734,526,4316,-145,348,699
63.05085,162,1264,-1734,524,4319,-144,349,698
63.05135,163,1265,-1734,523,4315,-145,349,699
63.05185,163,1264,-1734,524,4295,-145,349,698
63.05235,163,1264,-1733,525,4266,-145,350,699
63.05285,163,1264,-1733,525,4263,-145,350,699
63.05335,163,1264,-1733,526,4262,-144,349,699
63.05385,163,1264,-1733,526,4267,-145,349,699
63.05435,163,1264,-1733,526,4274,-145,349,698
63.05485,163,1264,-1733,526,4276,-145,349,699
63.05535,162,1264,-1733,526,4280,-144,350,699
63.05585,162,1264,-1733,526,4281,-145,349,698
63.05635,163,1264,-1734,526,4283,-144,349,699
63.05685,163,1264,-1734,526,4289,-144,349,699
63.05735,163,1264,-1734,526,4285,-144,350,699
63.05785,162,1264,-1734,526,4279,-144,349,698
63.05835,163,1264,-1733,526,4278,-145,349,699
63.05885,162,1264,-1733,526,4282,-144,350,699
63.05935,163,1264,-1734,525,4276,-144,349,699
63.05985,163,1265,-1734,526,4292,-145,349,699
63.06035,162,1264,-1735,526,4321,-144,349,699
63.06085,163,1264,-1736,526,4316,-144,349,699
63.06135,162,1264,-1736,526,4310,-144,349,699
63.06185,163,1264,-1735,526,4281,-144,350,699
63.06235,163,1264,-1734,528,4258,-144,350,699
63.06285,163,1264,-1734,528,4253,-144,349,699
63.06335,163,1264,-1733,528,4251,-144,350,699
63.06385,163,1264,-1734,528,4259,-145,349,699
63.06435,163,1264,-1734,528,4263,-145,349,699
63.06485,162,1264,-1734,528,4263,-145,349,699
63.06535,163,1264,-1734,528,4265,-144,349,699
63.06595,162,1264,-1734,528,4266,-145,349,699
63.06645,163,1265,-1734,528,4266,-145,349,699
63.06695,162,1264,-1734,528,4267,-144,348,699
63.06745,163,1265,-1735,528,4267,-145,348,699
63.06795,163,1265,-1735,528,4265,-144,348,699
63.06845,163,1264,-1736,528,4263,-144,348,699
63.06895,163,1264,-1735,526,4264,-144,349,699
63.06945,162,1265,-1735,526,4262,-144,348,699
63.06995,163,1265,-1734,526,4291,-144,348,699
63.07045,162,1265,-1734,527,4311,-145,347,699
63.07095,162,1264,-1735,528,4306,-145,348,699
63.07145,162,1264,-1734,528,4297,-145,348,699
63.07195,162,1265,-1734,527,4266,-145,348,699
63.07245,163,1264,-1734,527,4252,-144,348,699
63.07295,162,1265,-1733,526,4252,-145,348,699
63.07345,163,1264,-1734,526,4256,-145,348,699
63.07395,163,1264,-1733,526,4261,-144,348,699
63.07445,163,1265,-1734,526,4262,-145,348,699
63.07495,162,1265,-1734,526,4260,-144,348,699
63.07545,163,1264,-1734,526,4260,-145,348,699
63.07595,163,1265,-1734,526,4259,-145,348,699
63.07645,162,1265,-1734,526,4258,-144,348,699
63.07695,163,1265,-1735,526,4258,-144,348,699
63.07745,163,1265,-1735,527,4258,-144,348,699
63.07795,162,1265,-1735,527,4257,-144,348,699
63.07845,162,1265,-1734,528,4255,-145,349,699
63.07895,163,1265,-1734,528,4255,-145,349,700
63.07945,163,1265,-1734,528,4255,-145,349,699
63.07995,163,1264,-1734,528,4290,-144,348,700
63.08045,163,1265,-1735,528,4299,-145,349,699
63.08095,162,1265,-1735,527,4291,-145,350,699
63.08145,163,1265,-1735,527,4268,-145,350,699
63.08195,162,1265,-1734,526,4234,-145,350,699
63.08245,162,1265,-1734,526,4217,-145,351,699
63.08295,163,1265,-1733,525,4218,-145,351,699
63.08345,162,1265,-1733,526,4224,-144,351,700
63.08395,163,1264,-1733,526,4230,-144,350,700
63.08445,162,1265,-1734,526,4236,-145,350,700
63.08495,162,1265,-1734,526,4237,-145,350,700
63.08545,163,1265,-1734,526,4236,-144,350,700
63.08595,162,1265,-1734,526,4236,-145,351,700
63.08645,163,1265,-1735,527,4237,-145,350,700
63.08695,162,1265,-1734,526,4234,-145,351,700
63.08745,162,1265,-1734,527,4232,-144,350,700
63.08795,163,1265,-1735,527,4234,-144,350,699
63.08845,162,1265,-1735,527,4233,-144,349,700
63.08895,163,1265,-1735,528,4229,-144,349,700
63.08945,163,1265,-1735,527,4237,-144,348,699
63.08995,162,1265,-1735,528,4272,-144,348,700
63.09045,162,1265,-1735,527,4274,-144,348,700
63.09095,162,1265,-1736,527,4271,-145,349,699
63.09145,162,1265,-1736,527,4252,-144,349,700
63.09195,162,1265,-1736,526,4215,-145,348,699
63.09245,163,1265,-1735,526,4210,-144,348,700
63.09295,163,1265,-1734,527,4209,-144,348,700
63.09345,162,1265,-1733,526,4215,-145,348,699
63.09395,162,1265,-1733,526,4222,-145,348,700
63.094448,163,1265,-1734,526,4220,-145,349,700
63.09495,163,1265,-1734,527,4223,-145,348,700
63.09545,163,1265,-1735,527,4226,-144,348,700
63.09595,162,1265,-1735,527,4231,-145,348,700
63.09645,162,1265,-1735,527,4233,-145,348,700
63.09695,162,1265,-1735,526,4233,-145,348,700
63.09745,163,1265,-1735,527,4232,-144,348,700
63.09795,163,1265,-1734,527,4230,-144,348,700
63.09845,162,1265,-1733,527,4229,-144,348,700
63.09895,162,1265,-1733,527,4229,-144,349,700
63.09945,163,1265,-1733,527,4235,-144,348,700
63.09995,163,1265,-1734,528,4275,-144,348,700
63.10045,163,1265,-1734,527,4282,-144,348,700
63.10095,162,1265,-1735,528,4273,-144,348,700
63.10145,162,1265,-1735,527,4251,-144,348,700
63.10195,162,1265,-1735,528,4222,-145,348,700
63.10245,163,1265,-1735,528,4212,-144,348,700
63.10295,162,1265,-1735,528,4214,-144,348,700
63.10345,162,1265,-1734,528,4224,-144,348,700
63.10395,163,1265,-1734,527,4231,-145,348,700
63.10445,163,1265,-1734,527,4233,-144,348,700
63.10495,162,1265,-1734,526,4235,-145,348,700
63.10545,163,1265,-1733,525,4236,-145,348,700
63.10595,162,1265,-1733,524,4237,-145,349,700
63.10645,163,1265,-1734,524,4238,-144,349,700
63.10695,162,1265,-1734,525,4239,-145,349,700
63.10745,162,1265,-1734,525,4241,-144,349,700
63.10795,162,1266,-1735,526,4238,-144,349,700
63.10845,163,1265,-1735,526,4236,-145,349,700
63.10895,162,1265,-1735,526,4236,-145,349,700
63.10945,163,1265,-1734,526,4230,-145,349,700
63.10995,162,1265,-1734,527,4250,-145,348,701
63.11045,163,1265,-1734,528,4283,-144,348,701
63.11095,162,1265,-1734,527,4278,-144,348,700
63.11145,163,1265,-1733,527,4270,-145,348,700
63.11195,162,1265,-1734,527,4251,-145,348,700
63.11245,162,1265,-1734,526,4231,-145,348,700
63.11295,163,1265,-1734,527,4229,-144,348,700
63.11345,163,1265,-1734,527,4231,-144,348,700
63.11395,162,1265,-1734,527,4236,-144,348,700
63.11445,162,1265,-1734,527,4240,-145,348,700
63.11495,162,1265,-1735,527,4240,-144,348,700
63.11545,162,1265,-1735,527,4241,-144,348,701
63.11595,162,1265,-1735,527,4241,-145,349,700
63.11645,163,1265,-1735,527,4238,-145,349,701
63.11695,163,1266,-1735,527,4242,-144,349,700
63.11745,162,1265,-1735,526,4242,-144,349,701
63.11795,163,1265,-1735,527,4245,-144,350,700
63.11845,162,1265,-1734,527,4242,-144,350,700
63.11895,162,1265,-1733,526,4245,-144,350,701
63.11945,162,1265,-1734,527,4251,-144,350,701
63.11995,163,1265,-1734,528,4283,-144,349,701
63.12045,162,1265,-1734,527,4292,-144,349,701
63.12095,162,1265,-1734,527,4287,-144,349,701
63.12145,162,1265,-1735,527,4269,-145,349,701
63.12195,162,1265,-1735,527,4242,-144,349,700
63.12245,162,1265,-1735,527,4236,-145,348,701
63.12295,163,1265,-1735,527,4244,-145,348,700
63.12345,163,1265,-1735,527,4250,-145,347,701
63.12395,163,1265,-1734,527,4259,-145,347,701
63.12445,162,1265,-1733,527,4257,-145,347,700
63.12495,163,1265,-1733,526,4257,-145,347,701
63.12545,162,1265,-1734,526,4261,-145,347,701
63.12595,162,1265,-1734,526,4256,-145,348,700
63.12645,163,1265,-1734,526,4252,-145,348,701
63.12705,162,1265,-1734,526,4252,-145,348,701
63.12755,163,1265,-1734,526,4248,-145,348,701
63.12805,162,1266,-1735,527,4246,-145,348,701
63.12855,162,1265,-1735,527,4244,-144,348,701
63.12905,163,1265,-1735,527,4242,-144,348,701
63.12955,162,1265,-1735,527,4246,-144,348,701
63.13005,163,1265,-1734,527,4277,-144,347,701
63.13055,162,1265,-1734,527,4279,-144,347,701
63.13105,163,1266,-1734,527,4271,-145,348,701
63.13155,162,1265,-1735,526,4251,-144,348,702
63.13205,162,1265,-1734,527,4222,-144,348,701
63.13255,163,1265,-1735,527,4220,-144,348,702
63.13305,163,1265,-1735,528,4219,-144,349,701
63.13355,162,1265,-1734,527,4226,-144,349,702
63.13405,162,1265,-1734,527,4228,-144,349,702
63.13455,162,1266,-1734,527,4231,-144,349,701
63.13505,162,1265,-1734,527,4230,-144,349,701
63.13555,162,1266,-1734,527,4227,-144,349,701
63.13605,163,1266,-1734,526,4231,-144,349,701
63.13655,163,1265,-1735,526,4234,-145,349,701
63.13705,163,1265,-1734,527,4236,-144,349,701
63.13755,162,1265,-1734,527,4237,-144,349,701
63.13805,162,1265,-1734,527,4238,-144,349,701
63.13855,162,1266,-1734,527,4237,-144,348,701
63.13905,163,1266,-1734,527,4238,-144,348,701
63.13955,163,1265,-1734,528,4251,-144,347,701
63.14005,163,1265,-1734,528,4286,-144,347,702
63.14055,163,1265,-1734,528,4285,-144,347,701
63.14105,163,1265,-1734,528,4279,-144,347,701
63.14155,163,1265,-1735,528,4249,-144,348,701
63.14205,163,1265,-1734,527,4220,-144,348,701
63.14255,162,1265,-1734,526,4214,-144,348,701
63.14305,162,1265,-1734,525,4217,-144,347,701
63.14355,162,1265,-1734,525,4228,-144,347,702
63.14405,163,1265,-1734,525,4233,-144,348,702
63.14455,162,1265,-1734,526,4239,-144,348,702
63.14505,162,1265,-1735,526,4240,-144,348,702
63.14555,163,1265,-1735,527,4239,-144,348,702
63.14605,162,1265,-1734,527,4238,-144,348,702
63.14655,163,1265,-1734,526,4236,-144,348,702
63.14705,162,1265,-1734,526,4234,-144,348,702
63.14755,162,1265,-1734,526,4233,-144,348,702
63.14805,163,1266,-1734,526,4228,-144,348,701
63.14855,163,1265,-1735,526,4225,-144,348,701
63.14905,163,1265,-1735,526,4220,-144,348,701
63.14955,163,1265,-1735,527,4233,-144,349,701
63.15005,163,1265,-1735,526,4266,-144,349,701
63.15055,163,1265,-1734,526,4266,-144,350,701
63.15105,162,1265,-1734,527,4258,-144,349,701
63.15155,162,1265,-1734,527,4234,-144,350,702
63.15205,163,1266,-1734,527,4213,-144,349,702
63.15255,162,1265,-1734,527,4216,-144,349,702
63.15305,162,1265,-1734,527,4222,-144,349,701
63.15355,162,1266,-1734,527,4226,-144,349,701
63.15405,162,1265,-1734,527,4226,-144,350,700
63.15455,163,1266,-1734,527,4228,-145,349,700
63.15505,162,1266,-1735,528,4237,-144,349,700
63.15555,163,1265,-1735,527,4241,-145,350,701
63.15605,162,1265,-1735,527,4242,-144,349,701
63.15655,163,1265,-1735,527,4238,-144,349,700
63.15705,162,1265,-1734,527,4239,-145,349,701
63.15755,162,1265,-1735,527,4244,-144,350,701
63.15805,162,1265,-1734,526,4240,-144,349,701
63.15855,163,1265,-1734,527,4237,-144,349,701
63.15905,163,1265,-1734,527,4235,-144,349,702
63.15955,163,1265,-1734,527,4246,-144,349,702
63.16005,163,1265,-1735,527,4288,-143,348,703
63.16055,163,1266,-1735,527,4288,-143,348,702
63.16105,163,1265,-1735,527,4275,-143,349,703
63.16155,163,1265,-1734,527,4250,-143,349,702
63.16205,163,1265,-1734,527,4221,-144,349,702
63.16255,162,1265,-1735,527,4219,-144,349,702
63.16305,163,1265,-1735,527,4223,-144,348,702
63.16355,163,1265,-1734,527,4230,-144,348,702
63.16405,163,1265,-1734,527,4234,-144,348,702
63.16455,163,1265,-1734,527,4234,-143,348,702
63.16505,162,1265,-1734,527,4234,-143,348,702
63.16555,163,1266,-1735,527,4235,-143,348,702
63.16605,162,1266,-1734,527,4236,-143,348,702
63.16655,162,1266,-1735,527,4236,-143,348,701
63.16705,162,1266,-1735,527,4234,-143,348,701
63.16755,163,1266,-1735,527,4233,-144,348,702
63.16805,163,1265,-1735,526,4234,-143,348,701
63.16855,163,1266,-1734,527,4239,-143,348,701
63.16905,163,1265,-1735,527,4236,-144,348,701
63.16955,163,1266,-1734,527,4243,-143,348,702
63.17005,163,1265,-1735,528,4280,-143,347,702
63.17055,163,1265,-1734,527,4290,-143,348,701
63.17105,162,1266,-1734,527,4286,-144,348,702
63.17155,162,1265,-1735,526,4266,-143,348,702
63.17205,162,1266,-1734,527,4243,-143,349,702
63.17255,162,1266,-1734,526,4240,-143,349,702
63.17305,163,1266,-1735,526,4243,-144,349,702
63.17355,163,1266,-1734,526,4248,-143,349,702
63.17405,163,1265,-1734,526,4253,-143,349,702
63.17455,162,1265,-1734,526,4253,-144,350,701
63.17505,162,1265,-1734,527,4250,-143,350,702
63.17555,163,1265,-1734,527,4250,-144,349,701
63.17605,163,1265,-1734,527,4257,-144,350,701
63.17655,162,1266,-1734,527,4256,-144,349,701
63.17705,162,1265,-1735,527,4257,-144,349,701
63.17755,163,1266,-1735,527,4259,-144,349,701
63.17805,162,1265,-1735,527,4261,-143,348,701
63.17855,163,1265,-1735,527,4261,-144,348,701
63.17905,162,1265,-1736,528,4261,-144,348,701
63.17955,163,1265,-1735,528,4287,-144,348,702
63.18005,162,1265,-1735,527,4313,-143,348,702
63.18055,163,1265,-1735,527,4313,-143,348,701
63.18105,163,1266,-1735,527,4300,-143,348,701
63.18155,162,1266,-1734,526,4264,-143,348,701
63.18205,162,1266,-1734,526,4246,-143,348,701
63.18255,162,1266,-1734,526,4245,-143,348,701
63.18305,163,1266,-1734,526,4253,-143,348,701
63.18355,162,1266,-1735,526,4264,-143,348,701
63.18405,163,1266,-1735,526,4270,-143,349,701
63.18455,162,1265,-1735,527,4273,-143,349,701
63.18505,163,1265,-1735,527,4274,-143,350,701
63.18555,163,1265,-1734,527,4278,-143,350,701
63.18605,162,1266,-1735,528,4280,-143,351,701
63.18655,163,1265,-1734,528,4282,-142,351,701
63.18705,163,1266,-1735,528,4284,-143,351,701
63.18755,163,1266,-1735,528,4286,-143,351,701
63.18815,163,1266,-1735,528,4287,-143,351,701
63.18865,163,1265,-1735,528,4287,-143,350,701
63.18915,162,1266,-1735,528,4288,-143,350,701
63.18965,163,1265,-1734,527,4316,-143,350,701
63.19015,162,1266,-1734,527,4337,-143,349,701
63.19065,163,1266,-1734,526,4331,-143,349,700
63.19115,163,1265,-1734,526,4321,-143,349,700
63.19165,163,1265,-1735,525,4292,-143,349,700
63.19215,162,1266,-1734,525,4277,-143,348,701
63.19265,163,1266,-1734,525,4275,-143,348,700
63.19315,162,1266,-1734,526,4276,-143,348,700
63.19365,162,1266,-1734,526,4287,-143,348,700
63.19415,162,1266,-1734,527,4291,-143,348,700
63.19465,162,1266,-1734,527,4292,-143,348,700
63.19515,162,1266,-1734,527,4293,-143,348,700
63.19565,162,1266,-1735,527,4294,-144,348,700
63.19615,163,1266,-1735,527,4294,-143,348,700
63.19665,162,1266,-1735,527,4293,-143,348,699
63.19715,163,1265,-1735,527,4292,-143,349,700
63.19765,162,1266,-1735,527,4289,-144,349,700
63.19815,162,1266,-1734,526,4292,-143,349,700
63.19865,162,1266,-1734,526,4294,-143,349,700
63.19915,163,1266,-1735,527,4293,-144,350,701
63.19965,163,1265,-1735,527,4315,-143,350,702
63.20015,163,1265,-1735,527,4343,-143,349,702
63.20065,163,1266,-1735,527,4344,-143,349,702
63.20115,163,1265,-1735,527,4337,-143,350,702
63.20165,163,1265,-1735,527,4305,-143,350,701
63.20215,162,1266,-1735,527,4283,-143,349,701
63.20265,163,1266,-1734,528,4277,-143,349,701
63.20315,162,1265,-1735,528,4281,-143,348,701
63.20365,163,1265,-1735,527,4292,-143,348,701
63.20415,163,1266,-1735,526,4299,-143,348,701
63.20465,162,1266,-1734,526,4303,-143,348,701
63.20515,162,1266,-1735,525,4305,-143,348,701
63.20565,162,1266,-1735,526,4307,-143,348,701
63.20615,162,1266,-1735,525,4308,-143,347,701
63.20665,162,1266,-1735,526,4305,-143,347,701
63.20715,162,1266,-1735,526,4304,-143,347,701
63.20765,162,1266,-1735,526,4308,-143,348,701
63.20815,163,1266,-1735,526,4306,-143,347,701
63.20865,162,1266,-1735,526,4303,-143,347,700
63.20915,163,1266,-1733,527,4303,-143,347,701
63.20965,162,1266,-1734,527,4341,-143,346,701
63.21015,162,1265,-1733,527,4348,-142,347,700
63.21065,163,1266,-1734,527,4339,-143,347,701
63.21115,162,1266,-1734,528,4327,-143,347,700
63.21165,162,1266,-1735,528,4295,-143,348,700
63.21215,162,1266,-1735,528,4288,-143,347,700
63.21265,162,1265,-1735,528,4293,-143,348,701
63.21315,162,1266,-1734,527,4295,-143,348,701
63.21365,162,1265,-1735,527,4294,-143,348,701
63.21415,162,1265,-1735,527,4294,-143,348,700
63.21465,162,1266,-1735,527,4294,-143,348,701
63.21515,163,1266,-1735,527,4299,-143,348,701
63.21565,163,1266,-1735,526,4300,-143,348,700
63.21615,162,1266,-1734,526,4302,-143,348,701
63.21665,163,1266,-1734,525,4308,-143,348,701
63.21715,162,1266,-1734,525,4306,-143,349,700
63.21765,162,1266,-1734,525,4306,-143,349,700
63.21815,163,1266,-1734,525,4312,-143,349,700
63.21865,162,1266,-1734,526,4311,-143,349,700
63.21915,163,1266,-1734,526,4312,-143,349,700
63.21965,163,1266,-1734,526,4348,-143,349,700
63.22015,163,1265,-1734,526,4360,-143,349,700
63.22065,163,1266,-1734,526,4354,-143,350,700
63.22115,162,1266,-1735,526,4334,-144,350,700
63.22165,162,1266,-1734,526,4303,-143,350,700
63.22215,162,1266,-1735,527,4295,-143,350,700
63.22265,163,1265,-1735,527,4296,-143,349,700
63.22315,163,1266,-1735,527,4303,-143,350,700
63.223648,162,1266,-1735,527,4311,-143,350,700
63.22415,162,1266,-1735,527,4315,-143,350,700
63.22465,162,1266,-1735,527,4315,-143,349,700
63.22515,162,1266,-1735,527,4314,-143,349,700
63.22565,162,1265,-1735,527,4314,-143,349,700
63.22615,162,1265,-1735,527,4313,-143,349,700
63.22665,162,1265,-1735,527,4313,-143,349,700
63.22715,162,1266,-1735,527,4313,-143,349,700
63.22765,162,1266,-1734,526,4313,-143,349,700
63.22815,163,1266,-1735,526,4310,-143,349,700
63.22865,163,1266,-1734,527,4307,-143,349,700
63.22915,162,1266,-1735,528,4310,-143,348,700
63.22965,162,1265,-1735,528,4348,-143,348,701
63.23015,163,1266,-1735,528,4351,-143,348,700
63.23065,163,1266,-1735,529,4339,-143,348,700
63.23115,162,1266,-1736,528,4325,-143,348,700
63.23165,162,1266,-1736,529,4294,-143,348,700
63.23215,162,1266,-1736,529,4288,-143,348,700
63.23265,162,1266,-1736,529,4291,-143,348,701
63.23315,162,1266,-1736,529,4299,-143,347,701
63.23365,162,1266,-1736,529,4302,-143,348,700
63.23415,162,1266,-1735,528,4305,-143,348,701
63.23465,163,1266,-1734,526,4312,-143,348,700
63.23515,162,1266,-1733,525,4311,-143,347,700
63.23565,162,1266,-1733,524,4317,-143,348,700
63.23615,162,1266,-1734,524,4320,-143,348,700
63.23665,162,1266,-1734,525,4321,-143,348,700
63.23715,162,1266,-1735,526,4322,-143,348,700
63.23765,162,1266,-1736,527,4324,-143,348,700
63.23815,162,1266,-1736,527,4325,-143,349,700
63.23865,162,1266,-1737,526,4324,-143,349,700
63.23915,162,1266,-1737,526,4328,-143,349,700
63.23965,162,1266,-1736,526,4368,-142,349,700
63.24015,162,1266,-1735,526,4374,-143,350,700
63.24065,162,1266,-1734,526,4367,-143,350,700
63.24115,162,1266,-1733,526,4345,-143,350,700
63.24165,162,1266,-1733,526,4312,-143,350,700
63.24215,162,1266,-1733,525,4307,-143,350,700
63.24265,162,1266,-1733,525,4308,-143,350,700
63.24315,162,1266,-1734,525,4317,-143,350,700
63.24365,163,1266,-1733,525,4325,-143,350,700
63.24415,162,1266,-1735,525,4327,-143,350,700
63.24465,162,1266,-1734,525,4328,-143,350,700
63.24515,162,1266,-1735,525,4329,-143,349,700
63.24565,162,1266,-1735,525,4330,-143,349,700
63.24615,162,1266,-1736,526,4329,-143,349,700
63.24665,163,1266,-1736,526,4325,-142,349,700
63.24715,162,1266,-1735,527,4325,-143,349,700
63.24765,163,1266,-1734,527,4329,-143,349,700
63.24815,162,1266,-1734,527,4328,-143,349,700
63.24865,162,1266,-1734,527,4325,-143,348,699
63.24925,163,1266,-1734,528,4333,-143,348,699
63.24975,162,1266,-1734,527,4368,-143,347,700
63.25025,163,1266,-1734,526,4368,-143,348,699
63.25075,162,1266,-1734,526,4365,-143,348,700
63.25125,163,1266,-1734,525,4338,-143,348,699
63.25175,162,1266,-1735,526,4315,-143,348,699
63.25225,163,1266,-1735,526,4309,-143,348,699
63.25275,162,1266,-1735,526,4313,-143,348,699
63.25325,163,1266,-1735,527,4322,-143,348,699
63.25375,163,1266,-1735,527,4328,-143,348,700
63.25425,162,1266,-1735,527,4331,-143,348,700
63.25475,162,1266,-1735,527,4337,-143,348,700
63.25525,163,1266,-1735,527,4342,-142,349,700
63.25575,163,1266,-1735,528,4347,-143,348,700
63.25625,162,1266,-1735,528,4349,-142,349,700
63.25675,162,1266,-1735,527,4349,-142,348,700
63.25725,162,1266,-1735,525,4349,-142,349,700
63.25775,162,1266,-1735,525,4348,-142,349,700
63.25825,163,1265,-1735,525,4345,-142,349,700
63.25875,162,1265,-1735,525,4341,-142,349,700
63.25925,163,1266,-1734,526,4351,-142,348,700
63.25975,163,1265,-1734,527,4387,-142,348,700
63.26025,163,1266,-1734,527,4386,-143,349,699
63.26075,162,1266,-1734,527,4377,-143,349,699
63.26125,162,1266,-1734,526,4345,-143,349,699
63.26175,162,1266,-1734,526,4315,-143,349,698
63.26225,163,1266,-1734,527,4315,-143,349,699
63.26275,163,1266,-1735,527,4323,-143,348,699
63.26325,162,1266,-1735,527,4326,-142,348,699
63.26375,162,1266,-1735,527,4331,-142,349,699
63.26425,162,1265,-1735,526,4332,-142,349,700
63.26475,162,1266,-1736,526,4334,-142,349,700
63.26525,162,1266,-1736,526,4339,-142,349,700
63.26575,162,1266,-1735,526,4340,-142,349,700
63.26625,162,1266,-1734,526,4340,-142,349,700
63.26675,162,1266,-1735,526,4340,-142,349,700
63.26725,162,1266,-1735,526,4340,-142,350,700
63.26775,162,1266,-1735,527,4339,-142,349,700
63.26825,162,1266,-1735,527,4336,-142,350,700
63.26875,162,1266,-1735,527,4331,-142,350,700
63.26925,162,1266,-1735,528,4331,-142,350,700
63.26975,162,1266,-1735,528,4373,-142,350,700
63.27025,162,1266,-1734,527,4379,-142,351,700
63.27075,162,1266,-1734,527,4372,-142,351,700
63.27125,163,1266,-1734,527,4357,-142,351,699
63.27175,162,1266,-1734,527,4324,-142,352,699
63.27225,162,1266,-1734,527,4313,-142,352,699
63.27275,162,1266,-1735,526,4316,-142,352,699
63.27325,163,1266,-1735,527,4324,-142,351,699
63.27375,162,1265,-1736,526,4330,-142,351,699
63.27425,163,1266,-1735,525,4331,-142,350,699
63.27475,162,1266,-1735,525,4332,-142,350,699
63.27525,162,1266,-1735,525,4331,-142,350,699
63.27575,163,1266,-1735,526,4332,-142,349,699
63.27625,162,1266,-1736,527,4332,-142,349,699
63.27675,163,1266,-1736,527,4333,-142,349,700
63.27725,163,1266,-1736,527,4335,-142,348,699
63.27775,163,1266,-1735,527,4341,-142,348,700
63.27825,163,1266,-1735,526,4338,-142,348,699
63.27875,162,1266,-1735,526,4338,-142,348,699
63.27925,162,1266,-1735,526,4345,-142,348,699
63.27975,162,1266,-1736,526,4379,-142,348,699
63.28025,162,1266,-1736,525,4378,-142,348,699
63.28075,163,1266,-1736,525,4369,-142,348,699
63.28125,163,1266,-1735,525,4342,-143,350,698
63.28175,163,1266,-1735,526,4313,-143,350,699
63.28225,162,1266,-1735,527,4316,-143,350,699
63.28275,162,1266,-1735,527,4316,-142,351,698
63.28325,162,1266,-1735,527,4324,-142,351,699
63.28375,163,1266,-1735,527,4337,-142,351,699
63.28425,162,1266,-1736,527,4335,-143,351,698
63.284748,162,1266,-1736,526,4335,-143,351,698
63.28525,162,1266,-1736,526,4340,-143,351,698
63.28575,162,1266,-1735,526,4341,-143,351,698
63.28625,162,1266,-1735,526,4339,-142,351,698
63.28675,162,1266,-1734,527,4336,-142,351,698
63.28725,162,1266,-1733,527,4339,-142,350,699
63.28775,162,1266,-1733,527,4342,-142,349,699
63.28825,162,1266,-1733,527,4337,-142,349,699
63.28875,162,1266,-1733,526,4334,-142,349,699
63.28925,163,1266,-1733,525,4340,-142,348,699
63.28975,162,1266,-1734,526,4378,-142,347,700
63.29025,162,1266,-1735,525,4383,-142,347,699
63.29075,162,1266,-1735,526,4379,-142,347,699
63.29125,163,1266,-1735,525,4355,-142,347,699
63.29175,162,1266,-1735,526,4324,-142,347,699
63.29225,162,1266,-1735,526,4316,-142,347,699
63.29275,162,1266,-1735,526,4320,-142,347,699
63.29325,163,1266,-1736,526,4325,-142,347,700
63.29375,162,1266,-1735,526,4331,-142,346,699
63.29425,162,1266,-1735,526,4335,-142,346,700
63.29475,162,1265,-1735,526,4331,-142,346,700
63.29525,162,1266,-1735,527,4338,-142,346,699
63.29575,162,1266,-1735,526,4342,-142,347,699
63.29625,162,1266,-1735,526,4336,-142,348,700
63.29675,162,1266,-1735,527,4334,-142,348,699
63.29725,163,1266,-1735,527,4337,-142,349,699
63.29775,162,1266,-1735,527,4333,-142,349,699
63.29825,163,1266,-1736,527,4330,-142,349,699
63.29875,162,1266,-1736,527,4327,-142,350,698
63.29925,163,1266,-1736,528,4341,-142,350,699
63.29975,163,1266,-1736,527,4380,-142,349,699
63.30025,162,1266,-1736,527,4376,-142,350,699
63.30075,162,1266,-1735,526,4366,-142,349,699
63.30125,162,1266,-1735,526,4337,-142,350,698
63.30175,162,1266,-1735,526,4311,-142,350,699
63.30225,162,1266,-1735,526,4314,-142,350,699
63.30275,162,1266,-1735,526,4312,-142,349,699
63.30325,162,1266,-1734,526,4321,-142,349,699
63.30375,162,1266,-1735,526,4327,-142,349,698
63.30425,162,1266,-1735,525,4330,-142,349,699
63.30475,163,1266,-1735,526,4336,-142,349,699
63.30525,162,1266,-1736,526,4333,-142,349,699
63.30575,162,1266,-1735,525,4331,-142,349,699
63.30625,162,1266,-1735,525,4331,-142,349,699
63.30675,162,1266,-1735,526,4331,-142,350,699
63.30725,162,1266,-1735,526,4331,-142,350,700
63.30775,162,1266,-1735,526,4330,-142,350,700
63.30825,162,1266,-1734,526,4331,-141,350,701
63.30875,162,1266,-1734,526,4324,-142,349,701
63.30925,162,1266,-1734,526,4336,-141,348,701
63.30985,162,1266,-1735,526,4364,-142,348,701
63.31035,162,1266,-1735,526,4356,-142,349,701
63.31085,162,1266,-1735,526,4344,-141,348,701
63.31135,162,1266,-1735,526,4315,-142,348,700
63.31185,162,1266,-1735,526,4292,-142,348,700
63.31235,163,1266,-1735,526,4297,-142,348,700
63.31285,162,1266,-1736,526,4303,-142,348,700
63.31335,163,1266,-1736,526,4309,-142,348,700
63.31385,162,1266,-1736,527,4310,-142,348,700
63.31435,163,1266,-1736,528,4309,-142,348,699
63.31485,162,1266,-1735,528,4308,-142,348,700
63.31535,162,1266,-1735,529,4303,-142,349,700
63.31585,162,1266,-1735,529,4306,-142,350,699
63.31635,162,1266,-1735,529,4308,-142,350,699
63.31685,162,1266,-1735,529,4303,-142,350,699
63.31735,163,1266,-1736,530,4302,-142,351,699
63.31785,162,1266,-1736,530,4302,-142,351,699
63.31835,162,1266,-1737,530,4301,-142,351,699
63.31885,162,1266,-1736,528,4298,-142,350,700
63.31935,162,1266,-1734,527,4325,-142,349,700
63.31985,162,1266,-1733,525,4353,-142,350,700
63.32035,162,1266,-1733,523,4348,-142,350,699
63.32085,162,1266,-1734,522,4334,-142,350,700
63.32135,162,1266,-1734,522,4294,-142,350,699
63.32185,162,1266,-1734,523,4278,-142,350,700
63.32235,162,1267,-1735,525,4278,-142,350,700
63.32285,163,1266,-1735,526,4284,-142,350,700
63.32335,162,1266,-1736,526,4294,-142,351,701
63.32385,163,1266,-1736,527,4298,-142,351,701
63.32435,162,1266,-1736,527,4293,-142,350,701
63.32485,163,1266,-1736,527,4290,-141,350,701
63.32535,162,1266,-1736,528,4290,-142,350,701
63.32585,162,1266,-1736,527,4289,-141,350,701
63.32635,163,1266,-1735,527,4286,-142,350,700
63.32685,162,1266,-1735,525,4285,-142,350,700
63.32735,162,1266,-1734,525,4292,-142,349,700
63.32785,163,1266,-1733,524,4295,-142,349,700
63.32835,162,1266,-1734,525,4291,-142,349,700
63.32885,162,1266,-1734,526,4284,-142,350,700
63.32935,162,1266,-1735,528,4302,-142,349,701
63.32985,162,1266,-1734,527,4329,-142,349,700
63.33035,162,1266,-1735,526,4316,-142,350,700
63.33085,162,1266,-1735,526,4308,-142,350,700
63.33135,162,1266,-1734,525,4277,-142,350,700
63.33185,162,1266,-1734,526,4256,-142,351,700
63.33235,162,1266,-1735,526,4256,-142,351,700
63.33285,163,1266,-1735,526,4261,-142,350,700
63.33335,162,1266,-1735,527,4269,-142,350,701
63.33385,162,1266,-1735,526,4271,-142,350,701
63.33435,162,1266,-1734,526,4265,-142,350,701
63.33485,162,1266,-1735,526,4264,-142,349,701
63.33535,162,1266,-1735,526,4269,-142,349,701
63.33585,162,1266,-1735,527,4272,-142,348,701
63.33635,162,1266,-1735,527,4274,-142,348,701
63.33685,162,1266,-1735,526,4275,-142,348,701
63.33735,162,1266,-1735,526,4276,-142,348,701
63.33785,162,1266,-1735,526,4278,-142,348,701
63.33835,162,1266,-1735,526,4278,-142,348,702
63.33885,162,1266,-1734,526,4277,-142,348,701
63.33935,162,1266,-1734,526,4306,-142,347,701
63.33985,162,1266,-1735,526,4328,-142,347,702
63.34035,162,1266,-1735,526,4321,-142,347,701
63.34085,162,1266,-1736,526,4315,-142,347,701
63.34135,162,1266,-1736,525,4275,-142,348,701
63.34185,162,1266,-1735,525,4250,-142,348,701
63.34235,163,1266,-1735,526,4251,-142,347,701
63.34285,162,1266,-1734,525,4255,-142,348,701
63.34335,162,1266,-1735,526,4264,-142,348,702
63.34385,162,1266,-1734,526,4270,-142,347,701
63.34435,162,1266,-1735,526,4275,-143,347,701
63.34485,162,1266,-1735,526,4272,-143,347,701
63.34535,162,1266,-1735,526,4270,-142,347,702
63.345848,162,1266,-1736,526,4271,-142,347,701
63.34635,162,1266,-1735,526,4274,-142,348,701
63.34685,162,1266,-1735,526,4269,-143,348,701
63.34735,162,1266,-1735,526,4266,-142,348,702
63.34785,162,1266,-1734,526,4266,-142,348,702
63.34835,162,1266,-1735,526,4268,-143,348,702
63.34885,162,1266,-1735,526,4264,-142,349,701
63.34935,162,1266,-1735,527,4286,-143,348,702
63.34985,162,1266,-1734,527,4309,-142,349,702
63.35035,162,1266,-1735,527,4305,-143,349,702
63.35085,162,1266,-1735,527,4296,-142,349,701
63.35135,162,1266,-1734,526,4263,-142,348,701
63.35185,162,1266,-1735,526,4237,-142,349,701
63.35235,162,1266,-1735,526,4239,-143,348,702
63.35285,162,1266,-1735,527,4246,-143,349,702
63.35335,162,1266,-1735,526,4261,-143,349,702
63.35385,162,1266,-1735,526,4268,-142,349,702
63.35435,162,1266,-1735,526,4270,-142,349,702
63.35485,162,1266,-1735,526,4272,-142,349,702
63.35535,162,1266,-1735,526,4272,-142,350,702
63.35585,162,1266,-1734,526,4273,-142,350,702
63.35635,162,1266,-1735,526,4274,-142,350,702
63.35685,162,1266,-1734,526,4274,-142,350,702
63.35735,162,1266,-1735,526,4274,-143,350,702
63.35785,162,1266,-1735,526,4273,-143,350,702
63.35835,162,1266,-1735,526,4270,-143,349,702
63.35885,163,1266,-1735,527,4272,-143,349,702
63.35935,162,1266,-1735,527,4309,-142,348,702
63.35985,162,1266,-1735,527,4315,-142,348,702
63.36035,162,1266,-1735,527,4308,-142,349,702
63.36085,162,1266,-1735,526,4289,-142,349,702
63.36135,162,1266,-1734,526,4252,-143,349,701
63.36185,162,1266,-1735,526,4244,-142,349,702
63.36235,162,1266,-1735,526,4243,-142,349,702
63.36285,162,1266,-1735,527,4253,-143,349,702
63.36335,162,1266,-1735,527,4262,-142,349,702
63.36385,162,1266,-1736,527,4263,-143,349,702
63.36435,162,1267,-1735,527,4263,-143,350,702
63.36485,162,1266,-1735,527,4263,-143,349,702
63.36535,162,1266,-1735,527,4263,-143,349,702
63.36585,162,1266,-1735,527,4263,-142,349,702
63.36635,162,1266,-1735,527,4260,-143,349,702
63.36685,162,1266,-1735,527,4262,-142,349,702
63.36735,162,1266,-1735,527,4267,-143,349,702
63.36785,162,1266,-1735,527,4268,-143,349,702
63.36835,162,1266,-1735,527,4266,-143,349,702
63.36885,162,1266,-1735,527,4269,-143,349,702
63.36935,162,1266,-1735,528,4307,-143,348,703
63.36985,162,1266,-1735,527,4311,-143,348,702
63.37045,162,1266,-1735,527,4297,-143,349,702
63.37095,162,1266,-1735,526,4278,-143,349,702
63.37145,162,1266,-1735,526,4250,-143,348,702
63.37195,162,1266,-1735,526,4247,-142,349,703
63.37245,162,1266,-1735,526,4253,-142,349,703
63.37295,162,1266,-1735,526,4257,-142,349,703
63.37345,162,1266,-1734,526,4263,-142,349,703
63.37395,162,1266,-1735,526,4265,-142,349,703
63.37445,162,1266,-1735,526,4263,-142,349,703
63.37495,162,1266,-1735,526,4265,-142,349,703
63.37545,162,1266,-1735,526,4269,-142,349,703
63.37595,162,1266,-1735,526,4270,-142,349,703
63.37645,162,1266,-1734,526,4270,-143,350,703
63.37695,163,1266,-1734,526,4270,-143,349,703
63.37745,162,1266,-1734,526,4270,-143,350,703
63.37795,162,1266,-1734,526,4271,-143,350,703
63.37845,162,1266,-1735,526,4270,-143,350,703
63.37895,162,1266,-1736,527,4273,-142,349,703
63.37945,162,1266,-1735,527,4309,-142,349,703
63.37995,162,1266,-1735,527,4315,-142,349,703
63.38045,162,1266,-1735,527,4307,-143,350,702
63.38095,162,1266,-1735,527,4287,-142,350,703
63.38145,162,1266,-1734,526,4257,-143,350,703
63.38195,162,1266,-1734,527,4242,-142,350,703
63.38245,162,1266,-1735,527,4244,-142,349,703
63.38295,162,1266,-1736,527,4250,-142,349,703
63.38345,162,1266,-1736,527,4259,-143,349,704
63.38395,162,1266,-1736,528,4265,-142,349,703
63.38445,162,1266,-1736,528,4272,-143,349,703
63.38495,162,1266,-1735,528,4270,-143,349,703
63.38545,162,1266,-1735,528,4269,-142,348,703
63.38595,162,1266,-1735,527,4271,-143,348,703
63.38645,162,1266,-1735,526,4273,-143,348,703
63.38695,162,1266,-1735,525,4275,-143,348,703
63.38745,162,1266,-1735,526,4277,-142,349,703
63.38795,162,1266,-1735,526,4278,-142,349,703
63.38845,162,1266,-1735,527,4278,-142,348,703
63.38895,162,1266,-1735,528,4283,-142,349,703
63.38945,163,1266,-1735,529,4321,-142,349,704
63.38995,162,1266,-1736,529,4325,-143,350,703
63.39045,162,1266,-1736,529,4319,-142,350,703
63.39095,163,1266,-1736,528,4290,-143,350,703
63.39145,162,1266,-1735,528,4258,-142,350,703
63.39195,162,1266,-1734,528,4253,-142,350,703
63.39245,162,1266,-1734,528,4258,-142,349,703
63.39295,162,1266,-1734,527,4266,-142,349,703
63.39345,162,1266,-1734,525,4273,-142,349,703
63.39395,162,1266,-1735,523,4274,-142,349,703
63.39445,162,1266,-1735,524,4276,-142,349,703
63.39495,162,1266,-1736,526,4276,-142,349,703
63.39545,162,1266,-1736,527,4277,-142,349,703
63.39595,162,1266,-1736,527,4277,-142,350,703
63.39645,162,1266,-1735,527,4276,-142,350,703
63.39695,162,1266,-1734,527,4275,-143,350,703
63.39745,162,1266,-1734,527,4275,-142,350,703
63.39795,162,1266,-1734,527,4273,-142,350,703
63.39845,162,1266,-1734,527,4271,-142,351,703
63.39895,162,1266,-1734,527,4284,-142,350,703
63.39945,162,1266,-1735,526,4321,-143,349,704
63.39995,162,1266,-1734,526,4322,-143,349,703
63.40045,162,1266,-1734,526,4320,-142,349,704
63.40095,162,1266,-1735,526,4290,-143,349,703
63.40145,162,1266,-1734,526,4262,-142,349,703
63.40195,162,1267,-1735,526,4256,-143,348,704
63.40245,162,1266,-1735,526,4259,-142,348,703
63.40295,162,1266,-1734,526,4272,-142,348,703
63.40345,162,1266,-1734,526,4276,-143,348,704
63.40395,162,1266,-1735,526,4279,-142,348,703
63.40445,162,1266,-1735,526,4285,-143,348,703
63.40495,162,1266,-1735,526,4283,-143,348,703
63.40545,162,1266,-1735,527,4283,-142,348,704
63.40595,162,1266,-1735,527,4283,-143,348,703
63.40645,162,1266,-1736,527,4286,-142,348,703
63.406948,162,1266,-1735,527,4285,-142,348,703
63.40745,162,1266,-1735,527,4286,-143,348,704
63.40795,162,1266,-1735,527,4287,-142,348,703
63.40845,163,1266,-1735,527,4287,-143,348,703
63.40895,163,1266,-1735,527,4283,-143,348,703
63.40945,162,1266,-1735,527,4317,-143,348,703
63.40995,162,1266,-1735,526,4325,-143,348,703
63.41045,162,1266,-1735,526,4314,-143,348,703
63.41095,162,1266,-1735,526,4292,-143,349,703
63.41145,162,1266,-1735,527,4259,-143,348,703
63.41195,162,1266,-1735,527,4253,-143,348,703
63.41245,162,1266,-1735,528,4259,-142,348,703
63.41295,162,1266,-1735,528,4267,-143,349,703
63.41345,162,1266,-1735,528,4273,-142,349,703
63.41395,162,1266,-1735,527,4272,-143,348,703
63.41445,162,1266,-1734,528,4270,-143,348,703
63.41495,162,1266,-1734,527,4271,-143,348,703
63.41545,162,1266,-1735,526,4273,-143,348,703
63.41595,162,1266,-1735,526,4276,-143,348,703
63.41645,162,1266,-1735,525,4280,-142,348,704
63.41695,162,1266,-1734,526,4282,-143,348,704
63.41745,162,1266,-1734,525,4287,-142,348,703
63.41795,162,1266,-1734,526,4287,-143,348,703
63.41845,162,1266,-1735,526,4280,-142,348,703
63.41895,162,1267,-1735,526,4286,-142,348,703
63.41945,162,1266,-1735,527,4323,-143,348,703
63.41995,162,1266,-1735,526,4326,-143,348,703
63.42045,162,1266,-1735,526,4319,-142,349,703
63.42095,162,1267,-1736,526,4297,-143,349,703
63.42145,162,1267,-1735,527,4267,-143,349,703
63.42195,162,1266,-1735,528,4260,-143,348,703
63.42245,162,1267,-1735,527,4267,-143,348,703
63.42295,162,1266,-1735,527,4274,-143,348,703
63.42345,162,1266,-1735,527,4280,-143,348,703
63.42395,162,1266,-1735,526,4285,-143,348,704
63.42445,162,1267,-1735,526,4288,-143,348,703
63.42495,162,1266,-1735,525,4292,-143,348,703
63.42545,162,1266,-1736,525,4287,-143,348,703
63.42595,162,1266,-1736,525,4284,-143,348,703
63.42645,162,1266,-1735,526,4284,-143,348,703
63.42695,162,1266,-1735,527,4285,-143,348,703
63.42745,162,1267,-1734,528,4285,-143,348,703
63.42795,162,1266,-1734,528,4286,-143,347,703
63.42845,162,1266,-1735,528,4283,-143,348,703
63.42895,162,1266,-1735,528,4300,-143,348,703
63.42945,162,1266,-1734,527,4329,-143,348,703
63.42995,162,1266,-1735,526,4324,-142,348,703
63.43045,162,1266,-1734,526,4311,-143,348,703
63.43095,162,1266,-1735,526,4278,-143,349,703
63.43155,162,1266,-1735,527,4255,-143,348,703
63.43205,162,1266,-1734,527,4254,-143,348,703
63.43255,162,1266,-1734,527,4263,-143,348,703
63.43305,162,1266,-1734,527,4272,-142,349,703
63.43355,162,1267,-1735,528,4279,-142,348,703
63.43405,162,1266,-1735,529,4282,-142,348,704
63.43455,162,1266,-1736,529,4285,-143,348,703
63.43505,162,1266,-1735,529,4289,-143,348,703
63.43555,162,1266,-1735,528,4286,-143,348,703
63.43605,162,1266,-1735,527,4285,-143,348,703
63.43655,162,1267,-1735,526,4287,-143,348,703
63.43705,162,1266,-1735,526,4288,-143,348,703
63.43755,162,1266,-1735,526,4289,-143,348,703
63.43805,162,1266,-1734,526,4289,-143,348,703
63.43855,162,1266,-1734,526,4287,-143,348,703
63.43905,162,1267,-1734,526,4314,-142,348,703
63.43955,162,1266,-1734,526,4341,-143,348,703
63.44005,162,1266,-1734,527,4337,-143,348,703
63.44055,162,1267,-1735,528,4327,-143,348,703
63.44105,162,1267,-1735,528,4295,-143,349,703
63.44155,162,1266,-1735,528,4270,-143,348,703
63.44205,162,1266,-1735,528,4270,-143,348,703
63.44255,162,1266,-1735,528,4274,-143,348,703
63.44305,162,1266,-1735,527,4281,-143,348,703
63.44355,162,1266,-1734,526,4289,-143,348,703
63.44405,162,1266,-1734,525,4290,-143,348,703
63.44455,162,1266,-1734,524,4292,-143,348,703
63.44505,162,1266,-1734,524,4292,-143,348,703
63.44555,162,1266,-1734,524,4293,-143,348,703
63.44605,162,1266,-1734,524,4290,-143,348,703
63.44655,162,1266,-1734,525,4288,-143,348,703
63.44705,162,1267,-1734,525,4290,-143,348,703
63.44755,162,1266,-1734,526,4292,-143,348,703
63.44805,162,1266,-1734,526,4292,-142,348,703
63.44855,162,1267,-1734,526,4287,-143,349,703
63.44905,162,1266,-1734,527,4303,-143,348,703
63.44955,162,1267,-1734,526,4334,-143,348,703
63.45005,162,1267,-1735,527,4333,-143,349,703
63.45055,162,1267,-1735,528,4321,-143,349,703
63.45105,162,1267,-1735,527,4290,-143,349,703
63.45155,162,1267,-1735,527,4269,-143,349,703
63.45205,162,1266,-1736,527,4267,-143,348,703
63.45255,162,1267,-1736,527,4275,-143,348,703
63.45305,162,1266,-1735,528,4287,-143,348,703
63.45355,162,1266,-1736,527,4294,-143,348,703
63.45405,162,1267,-1735,527,4293,-143,348,703
63.45455,162,1266,-1735,526,4295,-143,348,703
63.45505,162,1266,-1735,526,4301,-143,348,703
63.45555,162,1267,-1735,525,4305,-143,348,703
63.45605,162,1266,-1735,526,4306,-143,348,703
63.45655,162,1266,-1735,527,4307,-143,348,703
63.45705,162,1267,-1735,527,4307,-143,348,703
63.45755,162,1266,-1736,527,4306,-143,348,703
63.45805,162,1266,-1736,528,4306,-143,348,703
63.45855,163,1266,-1736,528,4302,-143,348,703
63.45905,162,1266,-1736,529,4328,-143,348,703
63.45955,162,1267,-1737,529,4349,-143,348,703
63.46005,162,1267,-1737,529,4343,-143,348,703
63.46055,162,1267,-1735,529,4331,-143,348,703
63.46105,162,1267,-1735,528,4298,-143,349,702
63.46155,162,1267,-1734,528,4280,-143,349,703
63.46205,162,1267,-1734,529,4279,-143,349,703
63.46255,162,1267,-1734,528,4281,-143,348,703
63.46305,162,1266,-1734,527,4287,-143,349,703
63.46355,162,1267,-1734,525,4289,-143,348,703
63.46405,162,1267,-1734,523,4293,-143,347,703
63.46455,162,1267,-1734,523,4297,-143,348,703
63.46505,162,1266,-1735,523,4297,-143,348,703
63.46555,162,1267,-1735,524,4298,-143,348,703
63.46605,162,1267,-1735,525,4298,-143,348,703
63.46655,162,1266,-1734,525,4300,-143,348,703
63.46705,162,1267,-1734,525,4300,-143,348,703
63.46755,162,1267,-1734,526,4301,-143,348,703
63.46805,162,1267,-1734,527,4301,-143,348,704
63.46855,162,1267,-1734,527,4298,-143,348,703
63.46905,163,1267,-1733,528,4330,-142,347,704
63.46955,162,1266,-1733,527,4347,-143,348,704
63.47005,162,1267,-1733,527,4345,-143,348,704
63.47055,162,1266,-1734,527,4332,-143,348,704
63.47105,162,1267,-1735,527,4295,-143,349,704
63.47155,162,1266,-1735,526,4281,-143,349,704
63.47205,162,1266,-1736,526,4282,-143,348,704
63.47255,162,1267,-1735,525,4289,-143,348,704
63.47305,162,1267,-1735,524,4298,-143,348,703
63.47355,162,1267,-1734,525,4303,-143,348,704
63.47405,162,1267,-1734,526,4302,-143,348,704
63.47455,162,1267,-1735,526,4306,-143,348,703
63.47505,162,1267,-1734,527,4307,-143,348,703
63.47555,162,1267,-1734,527,4301,-143,348,704
63.47605,162,1267,-1735,527,4300,-143,348,703
63.47655,162,1266,-1735,527,4305,-143,348,703
63.47705,162,1267,-1735,527,4303,-142,348,704
63.47755,162,1267,-1735,527,4301,-143,348,703
63.47805,162,1267,-1735,526,4304,-143,348,704
63.47855,162,1267,-1734,526,4299,-143,348,704
63.47905,162,1267,-1734,527,4337,-143,347,704
63.47955,162,1267,-1735,527,4356,-143,347,704
63.48005,162,1267,-1735,527,4347,-143,347,703
63.48055,162,1267,-1734,527,4331,-143,348,703
63.48105,162,1267,-1735,527,4291,-143,348,703
63.48155,162,1266,-1735,527,4271,-143,348,703
63.48205,162,1266,-1735,527,4274,-143,348,703
63.48255,162,1267,-1735,527,4282,-143,348,704
63.48305,162,1267,-1734,525,4291,-143,348,703
63.48355,162,1267,-1735,525,4303,-143,348,704
63.48405,162,1267,-1735,524,4303,-143,348,703
63.48455,162,1267,-1734,525,4307,-143,348,703
63.48505,162,1267,-1734,525,4304,-143,348,704
63.48555,162,1267,-1734,525,4302,-143,348,703
63.48605,162,1267,-1734,526,4304,-143,348,703
63.48655,162,1267,-1735,526,4302,-143,348,703
63.48705,162,1267,-1734,526,4306,-143,348,704
63.48755,162,1267,-1734,526,4309,-142,348,704
63.48805,162,1267,-1735,526,4316,-143,348,704
63.48855,162,1267,-1735,526,4315,-143,348,703
63.48905,162,1266,-1735,527,4338,-143,347,704
63.48955,162,1267,-1734,527,4356,-143,348,704
63.49005,162,1267,-1735,527,4354,-143,348,703
63.49055,162,1267,-1735,527,4340,-143,348,704
63.49105,162,1267,-1735,526,4299,-143,348,704
63.49155,162,1267,-1735,527,4283,-143,348,703
63.49215,162,1267,-1735,527,4284,-143,348,704
63.49265,162,1267,-1735,527,4288,-143,348,703
63.49315,162,1267,-1734,527,4299,-143,348,703
63.49365,162,1267,-1734,527,4300,-143,349,703
63.49415,162,1267,-1734,526,4297,-143,348,703
63.49465,162,1267,-1734,525,4300,-143,348,703
63.49515,162,1267,-1734,524,4305,-143,348,703
63.49565,162,1267,-1734,525,4306,-143,348,703
63.49615,162,1267,-1735,525,4307,-143,348,703
63.49665,162,1267,-1735,526,4306,-143,348,703
63.49715,162,1267,-1735,526,4305,-143,348,704
63.49765,162,1267,-1735,526,4305,-143,348,703
63.49815,162,1267,-1735,527,4309,-143,348,704
63.49865,162,1267,-1735,527,4311,-143,348,704
63.49915,162,1267,-1735,527,4349,-143,347,704
63.49965,162,1266,-1735,527,4355,-143,348,704
63.50015,162,1267,-1735,526,4348,-143,348,704
63.50065,162,1267,-1735,526,4326,-143,348,703
63.50115,162,1267,-1735,526,4294,-143,349,703
63.50165,162,1267,-1735,527,4280,-143,349,704
63.50215,162,1267,-1736,527,4278,-143,348,704
63.50265,163,1267,-1735,527,4293,-143,348,704
63.50315,162,1267,-1735,528,4299,-143,348,704
63.50365,162,1267,-1735,528,4301,-143,348,704
63.50415,162,1266,-1736,528,4306,-143,348,704
63.50465,162,1267,-1736,528,4310,-143,348,704
63.50515,162,1267,-1736,528,4311,-143,348,704
63.50565,162,1267,-1736,528,4312,-143,348,704
63.50615,162,1267,-1735,527,4312,-143,348,704
63.50665,162,1267,-1735,525,4313,-143,348,704
63.50715,162,1267,-1734,524,4312,-143,348,703
63.50765,162,1267,-1734,523,4311,-143,348,704
63.50815,162,1267,-1734,523,4305,-143,348,704
63.50865,162,1267,-1735,524,4314,-143,348,704
63.50915,162,1267,-1735,525,4349,-143,348,704
63.50965,162,1267,-1735,525,4350,-143,348,704
63.51015,162,1267,-1735,525,4343,-143,348,704
63.51065,162,1267,-1735,525,4316,-143,349,704
63.51115,162,1267,-1735,525,4283,-143,348,704
63.51165,162,1267,-1736,525,4277,-143,348,704
63.51215,162,1267,-1736,526,4281,-143,348,704
63.51265,162,1267,-1735,526,4291,-143,348,704
63.51315,162,1267,-1734,526,4297,-143,348,704
63.51365,162,1267,-1734,526,4300,-143,348,704
63.51415,162,1267,-1734,526,4301,-143,348,704
63.51465,162,1267,-1734,526,4302,-143,348,704
63.51515,162,1267,-1735,526,4302,-143,348,704
63.51565,162,1267,-1735,526,4302,-142,348,704
63.51615,162,1267,-1735,526,4303,-143,348,704
63.51665,162,1267,-1734,526,4305,-143,348,704
63.51715,162,1267,-1734,526,4305,-143,348,704
63.51765,162,1267,-1734,525,4305,-143,348,704
63.51815,162,1267,-1734,525,4302,-143,348,704
63.51865,162,1267,-1734,526,4311,-143,348,704
63.51915,162,1267,-1734,526,4350,-143,347,704
63.51965,162,1267,-1734,526,4353,-143,348,704
63.52015,162,1267,-1734,526,4346,-143,348,704
63.52065,162,1267,-1734,525,4323,-143,348,703
63.52115,162,1267,-1734,526,4293,-143,348,704
63.52165,162,1267,-1734,526,4282,-143,348,703
63.52215,162,1267,-1734,526,4285,-143,348,703
63.52265,162,1267,-1735,526,4292,-143,348,704
63.52315,162,1267,-1735,526,4298,-143,348,704
63.52365,162,1267,-1735,526,4307,-142,348,704
63.52415,162,1267,-1735,526,4313,-142,348,704
63.52465,162,1267,-1735,526,4313,-143,348,704
63.52515,162,1267,-1735,526,4311,-143,348,704
63.52565,162,1267,-1735,527,4309,-143,349,704
63.52615,162,1267,-1735,527,4305,-143,348,704
63.52665,162,1266,-1735,527,4306,-143,348,704
63.52715,162,1267,-1735,527,4308,-143,348,704
63.52765,162,1267,-1734,527,4307,-143,348,704
63.52815,162,1266,-1734,526,4306,-143,348,704
63.52865,162,1267,-1734,526,4303,-143,347,704
63.52915,162,1266,-1734,526,4330,-143,347,704
63.52965,162,1267,-1734,525,4346,-143,348,704
63.53015,162,1266,-1734,525,4339,-143,348,704
63.53065,162,1267,-1735,525,4321,-143,348,704
63.53115,162,1267,-1735,525,4284,-143,348,704
63.53165,162,1267,-1735,526,4266,-143,348,704
63.53215,162,1266,-1735,526,4267,-143,348,704
63.53265,162,1266,-1735,526,4277,-143,348,704
63.53315,162,1267,-1735,526,4288,-143,348,704
63.53365,162,1267,-1735,526,4292,-143,348,704
63.53415,162,1267,-1735,526,4291,-143,348,704
63.53465,162,1267,-1735,526,4295,-142,349,704
63.53515,162,1267,-1735,526,4298,-143,349,704
63.53565,162,1267,-1735,526,4298,-142,349,704
63.536148,162,1267,-1734,527,4299,-142,349,704
63.53665,162,1267,-1735,527,4300,-142,349,704
63.53715,161,1267,-1734,527,4300,-143,350,704
63.53765,162,1267,-1735,527,4301,-143,349,704
63.53815,162,1267,-1735,527,4301,-143,349,704
63.53865,162,1267,-1735,526,4315,-143,349,704
63.53915,162,1267,-1736,525,4348,-143,349,704
63.53965,162,1267,-1736,525,4345,-143,349,704
63.54015,162,1267,-1736,525,4336,-142,349,704
63.54065,162,1267,-1735,525,4309,-143,349,704
63.54115,162,1267,-1735,526,4282,-143,348,704
63.54165,162,1267,-1734,526,4276,-143,348,704
63.54215,162,1267,-1734,526,4275,-143,348,704
63.54265,162,1267,-1735,526,4281,-143,347,704
63.54315,162,1267,-1735,526,4288,-143,348,704
63.54365,162,1267,-1735,526,4289,-143,347,704
63.54415,162,1267,-1735,526,4294,-143,348,704
63.54465,162,1267,-1735,526,4297,-143,348,704
63.54515,162,1267,-1734,526,4298,-143,348,704
63.54565,162,1267,-1734,526,4297,-143,347,704
63.54615,162,1267,-1735,526,4297,-143,347,704
63.54665,162,1267,-1735,527,4295,-143,347,704
63.54715,162,1267,-1735,527,4294,-143,348,704
63.54765,162,1266,-1735,527,4293,-143,348,704
63.54815,162,1267,-1735,527,4290,-143,347,704
63.54865,162,1267,-1735,528,4303,-143,347,704
63.54915,162,1267,-1734,528,4334,-143,347,704
63.54965,162,1267,-1734,527,4331,-143,347,704
63.55015,162,1267,-1734,527,4324,-143,348,704
63.55065,162,1267,-1734,526,4295,-143,348,704
63.55115,162,1267,-1734,526,4265,-143,347,704
63.55165,162,1267,-1734,526,4263,-143,347,703
63.55215,162,1267,-1734,525,4265,-143,347,703
63.55265,162,1267,-1735,525,4272,-143,347,703
63.55325,162,1267,-1734,525,4278,-143,347,704
63.55375,162,1267,-1735,526,4285,-143,348,704
63.55425,162,1267,-1735,526,4294,-143,348,703
63.55475,162,1267,-1736,526,4298,-143,348,703
63.55525,162,1267,-1735,526,4294,-143,347,704
63.55575,162,1267,-1735,525,4294,-143,348,704
63.55625,162,1267,-1735,525,4300,-143,347,704
63.55675,162,1267,-1734,526,4301,-142,348,704
63.55725,162,1267,-1733,526,4300,-143,348,704
63.55775,162,1267,-1733,526,4296,-143,348,704
63.55825,162,1267,-1734,526,4291,-143,348,704
63.55875,162,1266,-1734,527,4307,-143,348,704
63.55925,162,1267,-1734,527,4340,-142,347,705
63.55975,162,1267,-1734,527,4335,-143,348,704
63.56025,162,1267,-1734,526,4322,-143,348,704
63.56075,162,1267,-1734,526,4297,-143,348,704
63.56125,162,1267,-1734,526,4274,-143,348,704
63.56175,162,1267,-1734,526,4268,-143,349,704
63.56225,162,1267,-1734,525,4268,-143,348,704
63.56275,162,1267,-1734,525,4277,-143,349,704
63.56325,162,1267,-1735,525,4281,-143,348,704
63.56375,162,1267,-1735,526,4283,-143,348,704
63.56425,162,1267,-1735,526,4286,-143,348,704
63.56475,162,1267,-1734,525,4287,-143,348,704
63.56525,162,1267,-1735,525,4286,-143,348,704
63.56575,162,1267,-1734,526,4284,-143,348,703
63.56625,162,1267,-1735,526,4282,-143,348,704
63.56675,162,1267,-1735,527,4282,-143,348,704
63.56725,162,1267,-1735,526,4289,-143,348,704
63.56775,162,1267,-1735,526,4291,-143,348,704
63.56825,162,1267,-1735,526,4289,-143,348,704
63.56875,162,1267,-1735,527,4310,-143,347,704
63.56925,163,1267,-1735,526,4334,-143,348,704
63.56975,162,1267,-1735,526,4329,-143,348,704
63.57025,162,1267,-1735,526,4320,-143,348,703
63.57075,162,1267,-1735,525,4285,-143,348,703
63.57125,162,1267,-1734,526,4257,-143,348,703
63.57175,162,1267,-1734,526,4255,-143,348,704
63.57225,162,1267,-1734,526,4264,-143,348,703
63.57275,162,1267,-1734,526,4281,-142,348,704
63.57325,162,1267,-1734,526,4285,-143,348,704
63.57375,162,1267,-1734,526,4289,-143,348,704
63.57425,162,1267,-1734,526,4289,-143,348,704
63.57475,162,1267,-1734,526,4290,-143,348,704
63.57525,162,1267,-1734,526,4291,-143,348,704
63.57575,162,1267,-1735,526,4290,-143,348,704
63.57625,162,1267,-1735,526,4289,-143,348,704
63.57675,162,1267,-1734,526,4288,-143,348,704
63.57725,162,1267,-1734,526,4287,-143,348,704
63.57775,162,1267,-1734,525,4287,-143,348,704
63.57825,162,1267,-1735,526,4285,-143,348,704
63.57875,162,1267,-1735,526,4310,-142,348,704
63.57925,162,1267,-1735,526,4333,-143,348,704
63.57975,162,1267,-1735,526,4325,-143,348,704
63.58025,162,1267,-1735,526,4312,-142,348,703
63.58075,162,1267,-1735,526,4278,-143,349,704
63.58125,162,1268,-1735,526,4255,-143,348,703
63.58175,162,1267,-1734,526,4256,-143,348,704
63.58225,162,1267,-1735,527,4256,-143,348,704
63.58275,162,1267,-1735,527,4268,-143,347,704
63.58325,162,1267,-1735,526,4277,-143,347,704
63.58375,162,1267,-1735,526,4279,-143,347,704
63.58425,162,1267,-1734,526,4283,-142,347,704
63.58475,162,1267,-1735,527,4287,-143,348,703
63.58525,162,1267,-1734,526,4287,-143,347,704
63.58575,162,1267,-1734,526,4284,-143,347,703
63.58625,162,1267,-1735,526,4287,-143,347,703
63.58675,162,1267,-1735,526,4285,-143,347,704
63.58725,162,1267,-1735,526,4285,-143,347,703
63.58775,162,1267,-1735,527,4291,-143,347,704
63.58825,162,1267,-1735,527,4287,-143,347,703
63.58875,162,1267,-1735,527,4317,-143,346,704
63.58925,162,1267,-1735,526,4335,-142,347,703
63.58975,162,1267,-1736,526,4331,-143,347,704
63.59025,162,1267,-1736,526,4318,-143,347,704
63.59075,162,1267,-1735,525,4286,-143,347,704
63.59125,162,1267,-1735,526,4264,-143,348,704
63.59175,162,1267,-1735,526,4262,-143,348,704
63.59225,162,1267,-1734,526,4264,-143,348,704
63.59275,162,1267,-1734,527,4276,-142,348,704
63.59325,162,1267,-1734,527,4281,-143,348,704
63.59375,162,1267,-1734,527,4284,-143,348,704
63.59425,162,1267,-1734,527,4286,-143,349,704
63.59475,162,1267,-1734,527,4286,-143,349,704
63.59525,162,1267,-1735,526,4287,-143,348,704
63.59575,162,1267,-1734,526,4287,-143,349,704
63.59625,162,1267,-1735,525,4286,-143,349,703
63.59675,162,1267,-1734,525,4285,-143,349,704
63.597248,162,1267,-1734,525,4279,-143,348,704
63.59775,162,1267,-1734,524,4280,-143,349,703
63.59825,162,1267,-1734,525,4279,-143,348,703
63.59875,162,1267,-1734,527,4309,-143,348,703
63.59925,162,1267,-1735,527,4327,-143,348,703
63.59975,162,1267,-1735,527,4322,-144,348,703
63.60025,162,1267,-1735,526,4309,-143,348,703
63.60075,162,1267,-1735,526,4276,-144,348,704
63.60125,162,1267,-1734,526,4263,-143,348,703
63.60175,162,1267,-1734,526,4266,-143,348,703
63.60225,162,1267,-1734,526,4265,-143,348,703
63.60275,162,1267,-1734,526,4273,-143,348,704
63.60325,162,1267,-1735,527,4279,-144,348,704
63.60375,162,1267,-1735,527,4287,-143,348,704
63.60425,162,1267,-1736,527,4293,-143,348,704
63.60475,162,1267,-1735,527,4295,-143,348,704
63.60525,162,1267,-1735,527,4295,-143,348,704
63.60575,162,1267,-1734,527,4292,-143,348,704
63.60625,162,1267,-1734,527,4292,-143,348,705
63.60675,162,1267,-1734,526,4295,-142,348,704
63.60725,162,1267,-1734,526,4291,-142,348,704
63.60775,162,1267,-1734,526,4294,-143,348,704
63.60825,162,1267,-1734,526,4295,-143,348,704
63.60875,162,1267,-1735,526,4326,-142,348,704
63.60925,162,1267,-1734,526,4334,-142,348,704
63.60975,162,1267,-1734,526,4326,-142,348,705
63.61025,162,1267,-1734,525,4308,-142,348,704
63.61075,162,1267,-1734,525,4267,-143,349,704
63.61125,162,1267,-1734,526,4256,-142,349,704
63.61175,162,1267,-1734,527,4258,-143,348,705
63.61225,162,1267,-1734,527,4263,-142,348,704
63.61275,162,1267,-1734,527,4270,-143,348,705
63.61325,162,1267,-1734,527,4277,-143,348,704
63.61375,162,1267,-1735,528,4274,-142,348,704
63.61435,162,1267,-1735,528,4279,-142,349,705
63.61485,162,1267,-1735,528,4284,-143,348,704
63.61535,162,1267,-1735,528,4280,-142,348,704
63.61585,162,1267,-1735,527,4284,-142,348,704
63.61635,162,1267,-1735,527,4287,-143,348,704
63.61685,162,1267,-1736,526,4288,-142,348,704
63.61735,162,1267,-1735,526,4288,-143,348,705
63.61785,162,1267,-1735,526,4287,-142,348,704
63.61835,162,1267,-1735,526,4286,-142,348,704
63.61885,162,1267,-1735,527,4327,-142,348,704
63.61935,162,1267,-1735,526,4335,-143,348,704
63.61985,162,1267,-1735,525,4328,-142,348,704
63.62035,162,1267,-1734,525,4309,-142,348,704
63.62085,162,1267,-1733,525,4277,-143,349,704
63.62135,162,1267,-1733,525,4269,-142,348,704
63.62185,162,1267,-1733,525,4271,-143,348,705
63.62235,162,1267,-1733,526,4274,-142,348,704
63.62285,162,1267,-1733,526,4275,-142,348,704
63.62335,162,1267,-1734,527,4284,-142,348,704
63.62385,162,1267,-1734,527,4288,-142,348,705
63.62435,162,1267,-1734,527,4290,-143,348,705
63.62485,162,1267,-1735,527,4288,-143,348,704
63.62535,162,1267,-1735,527,4288,-143,348,704
63.62585,162,1267,-1735,527,4292,-142,348,705
63.62635,162,1267,-1735,527,4292,-143,349,704
63.62685,162,1267,-1736,528,4287,-142,348,704
63.62735,162,1267,-1736,528,4290,-143,348,704
63.62785,162,1267,-1736,529,4291,-142,348,704
63.62835,162,1268,-1736,529,4294,-142,348,704
63.62885,162,1267,-1736,529,4329,-143,348,704
63.62935,163,1267,-1735,528,4331,-143,348,704
63.62985,162,1267,-1735,528,4321,-143,348,704
63.63035,162,1267,-1734,528,4299,-143,348,704
63.63085,162,1267,-1734,527,4264,-143,349,704
63.63135,162,1267,-1733,526,4251,-143,348,704
63.63185,162,1267,-1734,524,4252,-143,348,704
63.63235,162,1267,-1734,524,4259,-142,348,704
63.63285,162,1267,-1734,524,4270,-143,348,704
63.63335,162,1267,-1734,526,4275,-142,348,704
63.63385,162,1267,-1735,527,4280,-143,348,704
63.63435,162,1267,-1735,528,4283,-143,348,704
63.63485,162,1267,-1736,529,4284,-143,348,704
63.63535,162,1267,-1736,529,4284,-142,348,704
63.63585,162,1267,-1737,529,4285,-143,348,704
63.63635,162,1267,-1737,528,4285,-143,348,704
63.63685,162,1267,-1737,526,4286,-143,348,705
63.63735,162,1267,-1736,526,4284,-143,348,704
63.63785,162,1267,-1735,524,4278,-143,348,704
63.63835,162,1267,-1733,524,4292,-143,348,705
63.63885,162,1267,-1733,523,4335,-143,347,705
63.63935,162,1267,-1732,523,4332,-143,348,704
63.63985,162,1267,-1733,524,4323,-143,348,704
63.64035,162,1267,-1733,525,4305,-143,348,704
63.64085,162,1267,-1734,526,4276,-143,348,704
63.64135,162,1267,-1734,526,4268,-142,348,704
63.64185,162,1267,-1734,527,4267,-142,348,705
63.64235,162,1267,-1734,526,4268,-142,348,704
63.64285,162,1267,-1734,526,4271,-142,348,704
63.64335,162,1267,-1735,526,4277,-142,348,705
63.64385,162,1267,-1734,526,4281,-142,348,704
63.64435,162,1267,-1735,526,4280,-142,348,704
63.64485,162,1267,-1735,526,4285,-142,348,704
63.64535,162,1268,-1735,526,4285,-142,348,704
63.64585,162,1267,-1734,526,4282,-142,348,704
63.64635,161,1267,-1734,527,4282,-142,348,704
63.64685,162,1267,-1734,527,4283,-142,348,704
63.64735,162,1267,-1734,527,4283,-142,348,704
63.64785,162,1267,-1734,527,4280,-143,348,704
63.64835,162,1267,-1734,527,4289,-142,348,705
63.64885,162,1267,-1734,527,4322,-142,348,705
63.64935,162,1267,-1734,527,4316,-142,348,705
63.64985,162,1267,-1734,527,4307,-143,348,704
63.65035,162,1267,-1735,527,4285,-143,348,704
63.65085,162,1267,-1735,527,4259,-143,348,704
63.65135,162,1267,-1734,528,4251,-143,348,704
63.65185,162,1267,-1735,528,4253,-142,348,704
63.65235,162,1267,-1735,528,4260,-143,348,704
63.65285,162,1267,-1734,527,4271,-143,348,704
63.65335,162,1267,-1734,525,4275,-142,348,704
63.65385,162,1268,-1734,525,4275,-143,348,705
63.65435,162,1267,-1734,525,4277,-142,348,704
63.65485,162,1267,-1734,525,4278,-142,347,705
63.65535,162,1267,-1734,525,4284,-142,348,705
63.65585,162,1267,-1735,525,4281,-142,348,704
63.65635,162,1267,-1734,525,4281,-142,348,705
63.65685,162,1267,-1735,525,4285,-142,348,705
63.65735,162,1267,-1735,525,4281,-143,348,705
63.65785,162,1267,-1734,526,4278,-143,348,705
63.658348,163,1267,-1734,526,4287,-142,348,705
63.65885,162,1267,-1734,526,4322,-142,348,705
63.65935,162,1267,-1734,526,4319,-142,348,705
63.65985,162,1267,-1734,526,4310,-142,348,705
63.66035,162,1267,-1734,526,4283,-143,348,705
63.66085,162,1267,-1735,525,4256,-143,348,704
63.66135,162,1267,-1735,525,4251,-142,348,705
63.66185,162,1267,-1735,525,4258,-142,348,705
63.66235,162,1268,-1735,525,4258,-142,348,704
63.66285,162,1267,-1735,526,4260,-142,348,705
63.66335,162,1267,-1734,526,4268,-142,348,705
63.66385,162,1267,-1734,527,4264,-143,348,705
63.66435,162,1267,-1734,527,4264,-142,348,705
63.66485,162,1267,-1734,527,4268,-142,348,705
63.66535,162,1268,-1734,527,4269,-143,348,705
63.66585,162,1267,-1734,526,4270,-142,348,705
63.66635,162,1267,-1734,527,4270,-142,348,705
63.66685,162,1267,-1734,527,4271,-142,348,705
63.66735,162,1267,-1734,527,4272,-142,349,705
63.66785,163,1267,-1734,527,4271,-142,348,705
63.66835,162,1267,-1735,527,4280,-142,348,705
63.66885,162,1267,-1735,527,4315,-142,348,705
63.66935,162,1267,-1735,526,4314,-142,348,705
63.66985,162,1267,-1735,526,4304,-142,348,705
63.67035,162,1268,-1734,526,4280,-142,348,705
63.67085,162,1268,-1734,526,4252,-142,348,705
63.67135,162,1268,-1734,526,4242,-142,348,705
63.67185,162,1267,-1735,526,4245,-142,348,705
63.67235,162,1268,-1734,526,4252,-142,348,705
63.67285,162,1267,-1734,526,4264,-142,348,705
63.67335,162,1267,-1735,526,4270,-142,348,705
63.67385,162,1268,-1735,526,4274,-142,348,705
63.67435,162,1267,-1735,526,4275,-142,348,705
63.67495,162,1267,-1735,526,4274,-142,348,705
63.67545,162,1267,-1735,526,4274,-142,348,705
63.67595,162,1268,-1735,526,4273,-142,348,705
63.67645,162,1267,-1734,526,4272,-142,348,704
63.67695,162,1267,-1734,526,4272,-142,348,705
63.67745,162,1268,-1735,526,4274,-142,347,704
63.67795,162,1267,-1735,528,4266,-142,348,705
63.67845,162,1267,-1735,529,4285,-142,348,705
63.67895,162,1267,-1735,529,4317,-142,348,705
63.67945,162,1267,-1735,528,4313,-142,348,705
63.67995,162,1267,-1735,527,4302,-142,348,705
63.68045,162,1267,-1735,526,4274,-142,348,705
63.68095,162,1267,-1735,526,4248,-142,349,705
63.68145,162,1268,-1735,527,4244,-142,348,705
63.68195,162,1268,-1734,526,4246,-143,348,705
63.68245,162,1267,-1734,526,4250,-142,348,705
63.68295,162,1267,-1734,527,4258,-142,348,705
63.68345,162,1267,-1734,526,4262,-142,348,705
63.68395,162,1267,-1734,526,4266,-142,348,705
63.68445,162,1267,-1734,526,4270,-142,347,705
63.68495,162,1267,-1734,525,4272,-142,348,705
63.68545,162,1267,-1734,525,4269,-142,348,705
63.68595,162,1267,-1734,526,4267,-142,348,705
63.68645,162,1267,-1735,526,4271,-142,348,705
63.68695,162,1267,-1734,526,4274,-142,348,705
63.68745,162,1267,-1735,526,4275,-142,348,705
63.68795,162,1268,-1734,526,4274,-142,348,705
63.68845,162,1267,-1734,527,4293,-142,348,705
63.68895,162,1267,-1734,527,4323,-142,348,705
63.68945,162,1267,-1735,526,4317,-142,348,704
63.68995,162,1267,-1735,527,4307,-142,348,705
63.69045,162,1268,-1735,526,4281,-142,348,705
63.69095,162,1268,-1735,526,4251,-142,348,705
63.69145,162,1267,-1735,527,4241,-142,348,705
63.69195,162,1267,-1734,526,4244,-142,348,705
63.69245,162,1267,-1734,526,4251,-142,348,705
63.69295,162,1267,-1735,527,4260,-142,348,705
63.69345,162,1267,-1734,527,4265,-142,348,705
63.69395,162,1267,-1735,526,4266,-142,348,705
63.69445,162,1267,-1734,526,4267,-142,348,705
63.69495,162,1267,-1734,526,4271,-142,348,705
63.69545,162,1267,-1734,526,4272,-142,348,705
63.69595,162,1267,-1734,526,4272,-142,348,705
63.69645,162,1267,-1735,527,4271,-142,348,705
63.69695,162,1267,-1735,527,4271,-142,348,705
63.69745,162,1267,-1735,527,4271,-142,348,705
63.69795,162,1268,-1735,527,4268,-142,348,705
63.69845,162,1267,-1735,528,4290,-142,348,705
63.69895,162,1268,-1735,527,4318,-142,348,705
63.69945,162,1267,-1735,527,4313,-142,348,705
63.69995,162,1267,-1735,526,4302,-142,348,705
63.70045,162,1267,-1735,525,4271,-142,348,705
63.70095,162,1267,-1734,525,4250,-142,348,705
63.70145,162,1267,-1734,525,4248,-142,348,705
63.70195,162,1267,-1734,525,4253,-142,348,705
63.70245,162,1267,-1734,526,4260,-142,348,705
63.70295,162,1267,-1734,526,4261,-142,348,705
63.70345,162,1267,-1734,527,4267,-142,347,705
63.70395,162,1267,-1734,526,4270,-142,348,705
63.70445,162,1267,-1734,526,4275,-142,347,705
63.70495,162,1267,-1734,526,4280,-142,348,705
63.70545,162,1267,-1734,526,4282,-142,348,705
63.70595,162,1267,-1734,526,4282,-142,348,705
63.70645,162,1267,-1735,527,4282,-142,348,705
63.70695,162,1267,-1734,527,4282,-142,348,705
63.70745,162,1267,-1734,527,4281,-142,348,705
63.70795,162,1267,-1734,527,4278,-142,348,705
63.70845,162,1267,-1734,528,4300,-142,347,705
63.70895,162,1267,-1735,528,4324,-142,348,705
63.70945,162,1267,-1735,528,4316,-142,348,705
63.70995,162,1268,-1735,527,4304,-142,348,705
63.71045,162,1268,-1735,527,4273,-142,349,705
63.71095,162,1267,-1735,527,4251,-142,348,705
63.71145,162,1267,-1735,527,4245,-142,348,705
63.71195,162,1267,-1735,526,4248,-142,348,705
63.71245,162,1267,-1734,525,4255,-142,348,705
63.71295,162,1267,-1734,524,4264,-142,348,705
63.71345,162,1267,-1734,525,4269,-142,348,705
63.71395,162,1267,-1735,525,4272,-142,348,705
63.71445,162,1267,-1735,525,4273,-142,348,705
63.71495,162,1267,-1735,526,4273,-142,348,705
63.71545,162,1267,-1735,526,4273,-142,348,705
63.71595,162,1267,-1735,526,4274,-142,348,705
63.71645,162,1267,-1735,526,4275,-142,348,705
63.71695,162,1267,-1735,526,4276,-142,348,705
63.71745,162,1267,-1735,526,4274,-142,348,705
63.71795,162,1267,-1735,526,4272,-142,348,705
63.71845,162,1267,-1735,528,4304,-142,348,705
63.71895,162,1267,-1734,527,4328,-142,348,705
63.719448,162,1267,-1735,528,4321,-142,348,705
63.71995,162,1267,-1735,527,4308,-142,348,705
63.72045,162,1268,-1734,527,4276,-142,348,705
63.72095,162,1268,-1734,526,4259,-142,349,705
63.72145,162,1267,-1734,526,4260,-141,348,706
63.72195,162,1267,-1735,526,4266,-142,348,706
63.72245,162,1267,-1735,526,4274,-142,348,705
63.72295,162,1267,-1735,526,4281,-142,348,706
63.72345,161,1268,-1735,526,4279,-142,348,705
63.72395,162,1268,-1735,526,4284,-142,348,706
63.72445,162,1267,-1735,526,4285,-141,348,705
63.72495,162,1268,-1735,526,4287,-142,348,705
63.72545,162,1268,-1735,527,4280,-142,348,705
63.72595,162,1268,-1735,528,4277,-142,348,705
63.72645,162,1267,-1735,528,4281,-142,348,705
63.72695,162,1268,-1735,529,4282,-142,348,706
63.72745,162,1267,-1734,528,4283,-142,348,705
63.72795,162,1267,-1734,528,4285,-141,348,705
63.72845,162,1267,-1735,528,4312,-142,348,706
63.72895,162,1267,-1735,526,4328,-142,347,705
63.72945,162,1267,-1736,526,4324,-142,348,705
63.72995,162,1267,-1735,525,4303,-142,348,705
63.73045,162,1267,-1735,525,4267,-141,348,705
63.73095,162,1268,-1735,525,4248,-142,348,705
63.73145,162,1268,-1734,526,4244,-142,348,705
63.73195,162,1267,-1734,525,4249,-141,348,705
63.73245,162,1267,-1734,526,4258,-142,348,705
63.73295,162,1267,-1735,526,4267,-141,348,705
63.73345,162,1267,-1735,526,4271,-142,348,705
63.73395,162,1267,-1735,525,4276,-142,348,705
63.73445,162,1267,-1735,526,4280,-141,348,705
63.73495,162,1268,-1735,527,4281,-142,348,705
63.73545,162,1268,-1735,527,4281,-142,348,705
63.73605,162,1268,-1735,528,4282,-141,348,705
63.73655,162,1268,-1735,528,4282,-141,348,705
63.73705,162,1267,-1735,527,4283,-141,348,705
63.73755,162,1267,-1735,527,4284,-142,348,705
63.73805,162,1268,-1735,527,4285,-141,348,706
63.73855,162,1267,-1734,527,4322,-141,348,705
63.73905,162,1267,-1734,527,4341,-142,348,705
63.73955,162,1268,-1734,527,4330,-142,348,706
63.74005,162,1268,-1734,526,4311,-142,348,705
63.74055,162,1268,-1734,526,4281,-142,348,705
63.74105,162,1267,-1734,526,4264,-142,348,705
63.74155,162,1267,-1735,526,4262,-142,348,706
63.74205,162,1268,-1735,526,4267,-142,348,706
63.74255,162,1267,-1735,526,4276,-141,348,705
63.74305,162,1268,-1735,527,4276,-142,348,706
63.74355,162,1267,-1735,527,4276,-141,348,706
63.74405,162,1267,-1736,527,4282,-141,348,706
63.74455,162,1267,-1736,527,4287,-142,348,706
63.74505,162,1268,-1735,527,4290,-141,348,706
63.74555,162,1267,-1735,527,4290,-141,348,706
63.74605,162,1268,-1734,527,4289,-141,348,706
63.74655,162,1268,-1734,528,4288,-141,348,706
63.74705,162,1267,-1734,527,4287,-141,348,706
63.74755,162,1267,-1734,527,4286,-142,348,706
63.74805,162,1267,-1734,527,4287,-141,348,706
63.74855,162,1267,-1735,527,4323,-141,347,706
63.74905,162,1267,-1735,526,4330,-142,348,706
63.74955,162,1267,-1735,526,4322,-141,348,706
63.75005,162,1267,-1735,526,4302,-142,348,706
63.75055,162,1268,-1734,525,4270,-141,348,706
63.75105,162,1267,-1734,526,4260,-141,348,706
63.75155,162,1267,-1734,525,4256,-142,348,706
63.75205,162,1268,-1734,525,4263,-141,348,706
63.75255,162,1267,-1735,526,4270,-141,348,706
63.75305,162,1267,-1735,526,4278,-141,348,706
63.75355,162,1267,-1735,527,4284,-141,348,706
63.75405,162,1267,-1735,527,4288,-141,348,706
63.75455,162,1267,-1735,528,4292,-141,348,706
63.75505,162,1267,-1736,527,4293,-141,348,706
63.75555,162,1267,-1735,528,4295,-141,348,706
63.75605,162,1267,-1734,528,4295,-141,348,706
63.75655,162,1268,-1734,528,4296,-141,348,706
63.75705,162,1268,-1734,527,4295,-141,348,706
63.75755,162,1267,-1734,527,4292,-141,348,706
63.75805,162,1267,-1734,525,4297,-141,348,706
63.75855,162,1267,-1734,525,4335,-141,347,706
63.75905,162,1267,-1734,525,4341,-141,348,706
63.75955,162,1267,-1734,526,4332,-141,347,706
63.76005,162,1268,-1734,526,4309,-142,348,706
63.76055,162,1267,-1734,527,4277,-141,348,706
63.76105,162,1268,-1735,527,4269,-141,348,706
63.76155,162,1268,-1735,527,4271,-141,348,706
63.76205,162,1267,-1735,526,4276,-141,348,706
63.76255,162,1267,-1734,525,4278,-141,348,706
63.76305,162,1268,-1734,525,4282,-141,348,706
63.76355,162,1268,-1734,525,4283,-141,348,706
63.76405,162,1268,-1734,526,4284,-141,347,706
63.76455,162,1267,-1734,527,4287,-141,348,706
63.76505,162,1268,-1735,527,4287,-141,348,706
63.76555,162,1268,-1735,527,4285,-142,348,706
63.76605,162,1267,-1735,527,4287,-141,347,706
63.76655,162,1268,-1734,527,4291,-141,348,706
63.76705,162,1267,-1734,526,4292,-142,348,706
63.76755,162,1267,-1734,525,4292,-141,347,706
63.76805,162,1267,-1735,525,4298,-141,347,706
63.76855,162,1267,-1734,525,4335,-141,347,706
63.76905,162,1267,-1734,525,4337,-142,348,706
63.76955,162,1268,-1734,526,4327,-141,348,706
63.77005,162,1267,-1735,526,4303,-141,348,706
63.77055,162,1268,-1735,526,4274,-142,349,706
63.77105,162,1267,-1735,526,4266,-142,349,706
63.77155,162,1267,-1735,526,4265,-141,349,706
63.77205,162,1267,-1735,526,4272,-141,349,706
63.77255,162,1267,-1735,526,4280,-141,349,706
63.77305,162,1267,-1735,526,4287,-141,348,706
63.77355,162,1268,-1735,526,4291,-141,348,706
63.77405,162,1268,-1735,526,4294,-141,348,706
63.77455,162,1268,-1735,526,4296,-141,348,706
63.77505,162,1267,-1735,526,4296,-141,348,707
63.77555,162,1268,-1735,526,4294,-141,348,706
63.77605,162,1268,-1735,526,4289,-141,348,707
63.77655,162,1268,-1735,526,4292,-141,348,706
63.77705,162,1268,-1735,527,4290,-141,349,706
63.77755,162,1268,-1735,527,4292,-141,348,706
63.77805,162,1267,-1734,527,4303,-141,348,706
63.77855,162,1267,-1735,527,4338,-141,348,706
63.77905,162,1268,-1734,527,4338,-141,348,706
63.77955,162,1267,-1734,527,4328,-141,348,706
63.78005,162,1268,-1734,527,4301,-141,349,706
63.78055,162,1267,-1734,527,4271,-141,348,706
63.78105,162,1268,-1734,527,4264,-141,349,706
63.78155,162,1267,-1734,527,4264,-142,349,706
63.78205,162,1267,-1734,526,4270,-142,349,706
63.78255,162,1268,-1734,525,4276,-141,348,706
63.78305,162,1268,-1734,526,4278,-142,348,706
63.78355,162,1268,-1734,525,4284,-141,348,706
63.78405,162,1268,-1734,525,4286,-141,348,706
63.78455,162,1267,-1734,525,4290,-141,348,706
63.78505,162,1268,-1734,526,4294,-141,348,706
63.78555,162,1268,-1734,525,4294,-141,348,706
63.78605,162,1268,-1735,526,4294,-142,348,706
63.78655,162,1267,-1735,527,4295,-142,348,706
63.78705,162,1268,-1735,526,4295,-141,348,706
63.78755,162,1268,-1735,526,4295,-142,348,707
63.78805,162,1268,-1734,527,4305,-141,348,706
63.78855,162,1267,-1734,526,4337,-141,348,707
63.78905,162,1268,-1735,526,4341,-141,348,706
63.78955,162,1268,-1734,526,4329,-141,348,706
63.79005,162,1268,-1734,526,4306,-142,348,706
63.79055,161,1268,-1734,526,4279,-142,349,706
63.79105,162,1268,-1735,526,4270,-142,349,706
63.79155,162,1267,-1735,526,4268,-142,349,706
63.79205,162,1268,-1735,527,4274,-142,348,706
63.79255,162,1268,-1735,526,4279,-141,348,706
63.79305,162,1268,-1735,526,4287,-141,348,706
63.79355,162,1268,-1735,527,4291,-142,348,706
63.79405,162,1268,-1735,526,4293,-141,348,707
63.79455,162,1268,-1735,526,4294,-142,348,706
63.79505,162,1268,-1735,526,4290,-142,348,707
63.79555,162,1268,-1734,526,4293,-142,348,706
63.79605,162,1268,-1735,526,4291,-142,348,707
63.79655,162,1268,-1734,525,4293,-141,348,706
63.79715,162,1267,-1734,525,4288,-141,348,707
63.79765,162,1267,-1734,525,4286,-141,348,706
63.79815,162,1267,-1734,526,4298,-142,348,707
63.79865,162,1267,-1734,526,4338,-141,348,707
63.79915,162,1267,-1734,526,4334,-141,348,707
63.79965,162,1268,-1734,527,4324,-141,348,706
63.80015,162,1268,-1734,527,4297,-141,348,706
63.80065,162,1268,-1735,526,4276,-141,348,706
63.80115,162,1268,-1735,527,4273,-141,348,706
63.80165,162,1268,-1735,527,4276,-141,348,707
63.80215,162,1267,-1736,527,4282,-141,348,707
63.80265,162,1267,-1736,527,4278,-141,348,706
63.80315,162,1268,-1736,527,4283,-141,348,706
63.80365,162,1267,-1736,527,4292,-141,348,706
63.80415,162,1268,-1735,527,4297,-142,348,706
63.80465,162,1268,-1734,527,4301,-142,348,706
63.80515,162,1268,-1734,528,4301,-142,349,706
63.80565,162,1268,-1734,528,4298,-141,349,706
63.80615,162,1268,-1734,528,4300,-141,348,706
63.80665,162,1268,-1735,528,4303,-141,348,706
63.80715,162,1268,-1734,529,4303,-141,349,707
63.80765,162,1267,-1734,528,4300,-141,349,707
63.80815,162,1267,-1734,526,4307,-141,348,707
63.80865,162,1268,-1734,524,4339,-141,348,707
63.80915,161,1268,-1735,523,4336,-141,348,706
63.80965,162,1267,-1735,523,4327,-141,348,707
63.81015,162,1268,-1735,524,4300,-141,348,706
63.81065,162,1268,-1735,525,4271,-141,349,706
63.81115,162,1268,-1736,525,4269,-141,349,706
63.81165,162,1268,-1736,526,4269,-141,348,706
63.81215,162,1268,-1735,526,4274,-141,348,706
63.81265,162,1268,-1735,526,4278,-141,348,707
63.81315,162,1268,-1734,526,4283,-141,348,707
63.81365,162,1268,-1734,526,4280,-141,347,707
63.81415,162,1268,-1734,526,4282,-141,348,707
63.81465,162,1268,-1734,526,4285,-141,348,707
63.81515,162,1268,-1734,525,4286,-141,348,707
63.81565,162,1268,-1735,526,4287,-142,348,707
63.81615,162,1268,-1734,526,4287,-142,348,707
63.81665,162,1268,-1734,526,4288,-142,348,707
63.81715,162,1268,-1734,526,4289,-141,348,707
63.81765,162,1268,-1734,526,4288,-142,348,707
63.81815,162,1268,-1734,526,4306,-141,348,707
63.81865,162,1268,-1734,526,4337,-141,348,707
63.81915,162,1268,-1735,526,4334,-141,348,706
63.81965,162,1268,-1736,526,4325,-141,349,707
63.82015,162,1268,-1736,525,4298,-141,349,706
63.82065,162,1268,-1736,526,4271,-141,349,707
63.82115,162,1268,-1735,526,4271,-141,348,706
63.82165,162,1268,-1734,525,4273,-142,348,707
63.82215,162,1268,-1733,526,4283,-142,348,707
63.82265,162,1268,-1733,526,4283,-141,348,707
63.82315,162,1268,-1733,526,4281,-142,347,707
63.82365,162,1268,-1734,527,4286,-142,348,707
63.82415,162,1268,-1734,527,4288,-142,348,707
63.82465,162,1268,-1733,526,4290,-142,348,706
63.82515,162,1268,-1733,526,4293,-142,348,707
63.82565,162,1268,-1733,526,4296,-142,348,707
63.82615,162,1267,-1733,526,4290,-142,348,707
63.82665,162,1268,-1734,525,4287,-142,348,707
63.82715,162,1268,-1734,526,4287,-142,348,706
63.82765,162,1267,-1734,526,4286,-142,348,707
63.82815,162,1268,-1735,527,4310,-142,348,707
63.82865,162,1267,-1735,526,4334,-141,348,707
63.82915,162,1268,-1735,527,4325,-142,348,707
63.82965,162,1268,-1736,527,4313,-141,348,707
63.83015,162,1268,-1735,527,4280,-141,349,706
63.83065,162,1268,-1735,527,4258,-141,348,706
63.83115,162,1268,-1735,528,4255,-141,348,706
63.83165,162,1268,-1736,528,4257,-141,348,707
63.83215,162,1268,-1735,528,4263,-141,348,707
63.83265,162,1268,-1735,528,4265,-141,348,707
63.83315,162,1268,-1735,528,4270,-141,348,707
63.83365,162,1268,-1735,528,4276,-141,348,707
63.83415,162,1268,-1734,527,4280,-141,348,707
63.83465,162,1268,-1735,527,4281,-141,348,707
63.83515,162,1268,-1735,526,4281,-142,348,707
63.83565,162,1268,-1735,527,4282,-141,348,707
63.83615,162,1268,-1736,527,4283,-142,348,707
63.83665,162,1268,-1736,527,4283,-141,349,707
63.83715,163,1268,-1735,527,4282,-141,348,707
63.83765,163,1268,-1735,526,4280,-142,348,707
63.83815,162,1268,-1734,527,4309,-141,348,707
63.83865,163,1267,-1734,526,4338,-142,347,707
63.83915,162,1268,-1733,526,4333,-142,348,707
63.83965,162,1267,-1734,526,4322,-142,348,707
63.84015,162,1268,-1735,526,4288,-141,348,706
63.84065,162,1268,-1736,526,4267,-142,348,707
63.84115,162,1268,-1736,525,4268,-142,348,707
63.84165,162,1268,-1736,525,4266,-141,348,707
63.84215,162,1268,-1735,525,4269,-141,348,707
63.84265,162,1268,-1735,524,4269,-142,348,707
63.84315,162,1268,-1735,525,4274,-141,348,707
63.84365,162,1268,-1736,524,4277,-141,348,706
63.84415,162,1268,-1736,525,4280,-141,348,707
63.84465,162,1268,-1737,525,4286,-142,348,706
63.84515,162,1268,-1736,525,4281,-142,348,707
63.84565,162,1268,-1735,524,4282,-142,348,707
63.84615,162,1268,-1734,524,4281,-142,348,707
63.84665,162,1268,-1734,526,4280,-142,348,706
63.84715,162,1268,-1734,529,4279,-142,348,707
63.84765,162,1268,-1733,529,4281,-141,348,707
63.84815,162,1268,-1733,530,4302,-141,348,707
63.848648,162,1268,-1733,528,4324,-141,348,707
63.84915,162,1268,-1733,528,4318,-141,348,706
63.84965,162,1267,-1734,528,4305,-141,348,707
63.85015,162,1268,-1735,527,4274,-142,348,706
63.85065,162,1268,-1736,528,4253,-141,348,707
63.85115,162,1268,-1736,527,4254,-142,348,707
63.85165,162,1268,-1735,526,4251,-141,348,707
63.85215,162,1268,-1734,524,4256,-142,348,707
63.85265,162,1268,-1733,524,4260,-142,348,707
63.85315,162,1268,-1733,524,4269,-142,349,707
63.85365,162,1268,-1733,525,4274,-142,348,707
63.85415,162,1268,-1733,525,4278,-142,348,707
63.85465,162,1268,-1734,525,4283,-142,348,707
63.85515,162,1268,-1734,526,4285,-142,348,707
63.85565,162,1268,-1734,527,4286,-141,348,707
63.85615,162,1268,-1734,527,4287,-142,348,707
63.85665,162,1268,-1735,528,4287,-142,348,707
63.85715,162,1268,-1735,528,4287,-142,348,707
63.85765,162,1268,-1735,529,4285,-142,348,707
63.85815,162,1268,-1736,529,4314,-142,348,707
63.85865,162,1268,-1736,529,4331,-142,348,707
63.85915,162,1268,-1736,530,4324,-142,348,707
63.85975,162,1268,-1736,529,4310,-142,348,707
63.86025,162,1268,-1736,527,4274,-142,348,707
63.86075,162,1268,-1734,525,4258,-141,348,707
63.86125,162,1268,-1734,523,4257,-142,348,707
63.86175,162,1268,-1734,523,4262,-141,348,707
63.86225,163,1268,-1734,523,4269,-142,348,707
63.86275,162,1268,-1735,524,4270,-142,348,707
63.86325,162,1268,-1735,524,4268,-141,348,707
63.86375,162,1268,-1733,524,4272,-142,348,707
63.86425,162,1268,-1733,525,4273,-142,348,707
63.86475,162,1268,-1734,525,4275,-142,348,707
63.86525,162,1268,-1734,525,4278,-142,348,707
63.86575,162,1267,-1734,525,4279,-142,348,707
63.86625,162,1268,-1735,526,4279,-141,348,707
63.86675,162,1268,-1735,527,4279,-141,348,707
63.86725,162,1268,-1735,527,4279,-142,348,707
63.86775,162,1268,-1735,528,4280,-142,348,707
63.86825,162,1268,-1734,527,4313,-142,347,707
63.86875,162,1268,-1734,527,4326,-142,348,707
63.86925,162,1268,-1735,527,4317,-141,348,707
63.86975,162,1268,-1736,526,4299,-142,348,707
63.87025,162,1268,-1736,526,4267,-142,348,706
63.87075,162,1268,-1735,525,4256,-142,348,707
63.87125,162,1268,-1734,525,4258,-142,348,707
63.87175,162,1268,-1734,525,4260,-142,348,707
63.87225,162,1268,-1734,525,4265,-142,348,707
63.87275,162,1268,-1734,525,4274,-142,348,707
63.87325,162,1268,-1734,525,4280,-141,348,707
63.87375,162,1268,-1734,525,4285,-142,348,707
63.87425,162,1268,-1734,526,4286,-142,348,707
63.87475,162,1268,-1734,526,4287,-142,348,707
63.87525,162,1268,-1734,526,4286,-142,348,707
63.87575,162,1268,-1735,527,4286,-141,348,707
63.87625,162,1268,-1735,527,4285,-142,348,707
63.87675,162,1268,-1734,526,4284,-142,348,707
63.87725,162,1268,-1734,526,4281,-142,348,707
63.87775,162,1268,-1734,526,4283,-141,348,707
63.87825,162,1268,-1734,527,4323,-142,348,707
63.87875,163,1268,-1734,527,4332,-142,348,707
63.87925,162,1268,-1734,526,4325,-142,348,707
63.87975,162,1268,-1734,525,4303,-142,348,707
63.88025,162,1268,-1735,525,4268,-142,348,707
63.88075,162,1268,-1735,525,4257,-142,348,707
63.88125,162,1268,-1734,525,4258,-142,348,707
63.88175,162,1268,-1734,526,4264,-141,348,707
63.88225,162,1268,-1734,526,4268,-142,348,707
63.88275,162,1268,-1734,526,4269,-142,348,707
63.88325,162,1268,-1734,527,4275,-142,348,707
63.88375,162,1268,-1735,527,4278,-142,348,707
63.88425,162,1268,-1736,527,4282,-142,348,707
63.88475,162,1268,-1736,528,4285,-142,348,707
63.88525,162,1268,-1736,528,4282,-142,349,707
63.88575,162,1268,-1736,528,4284,-142,348,707
63.88625,162,1268,-1736,528,4288,-142,348,707
63.88675,162,1268,-1736,528,4290,-142,348,707
63.88725,162,1268,-1736,529,4290,-142,348,708
63.88775,162,1268,-1735,529,4295,-142,348,707
63.88825,163,1267,-1735,528,4337,-142,348,707
63.88875,162,1268,-1734,526,4339,-141,347,707
63.88925,162,1268,-1733,524,4331,-142,348,707
63.88975,162,1268,-1734,523,4308,-142,348,707
63.89025,162,1268,-1734,524,4274,-142,348,707
63.89075,162,1268,-1734,525,4266,-142,348,707
63.89125,162,1268,-1735,525,4267,-142,348,707
63.89175,162,1268,-1735,526,4267,-142,348,707
63.89225,162,1268,-1735,527,4272,-142,348,707
63.89275,162,1268,-1736,527,4275,-142,348,707
63.89325,162,1268,-1735,527,4281,-142,348,708
63.89375,162,1268,-1735,527,4286,-141,348,707
63.89425,162,1268,-1735,527,4293,-142,348,707
63.89475,162,1268,-1735,527,4292,-142,348,708
63.89525,162,1268,-1735,527,4291,-142,348,707
63.89575,162,1268,-1734,526,4295,-141,348,708
63.89625,162,1268,-1734,526,4291,-142,348,707
63.89675,162,1268,-1734,525,4292,-142,348,708
63.89725,162,1268,-1734,524,4287,-142,348,707
63.89775,162,1268,-1734,524,4295,-141,348,708
63.89825,162,1268,-1734,525,4328,-141,348,708
63.89875,162,1268,-1734,525,4335,-141,348,708
63.89925,162,1268,-1734,525,4330,-141,348,708
63.89975,162,1268,-1734,526,4308,-142,348,707
63.90025,162,1268,-1735,526,4275,-142,348,707
63.90075,162,1268,-1735,527,4263,-141,348,707
63.90125,162,1268,-1735,527,4265,-142,348,708
63.90175,162,1268,-1735,527,4273,-142,348,708
63.90225,162,1268,-1735,527,4286,-142,348,708
63.90275,162,1268,-1735,527,4289,-142,348,707
63.90325,162,1268,-1735,527,4288,-142,348,707
63.90375,162,1268,-1735,527,4288,-142,348,707
63.90425,162,1268,-1735,527,4290,-142,348,707
63.90475,162,1268,-1734,527,4295,-142,348,707
63.90525,162,1268,-1734,526,4300,-142,348,707
63.90575,162,1268,-1733,526,4303,-142,348,707
63.90625,162,1268,-1734,526,4303,-142,348,707
63.90675,162,1268,-1734,525,4303,-142,348,707
63.90725,162,1268,-1734,525,4303,-142,348,707
63.90775,162,1268,-1734,525,4303,-142,348,707
63.90825,163,1268,-1735,526,4336,-142,347,708
63.90875,162,1268,-1734,525,4348,-142,348,707
63.90925,162,1268,-1734,526,4342,-142,348,707
63.909748,162,1268,-1734,526,4321,-142,348,707
63.91025,162,1268,-1734,525,4286,-142,348,707
63.91075,162,1268,-1734,525,4274,-142,348,707
63.91125,162,1268,-1734,526,4270,-142,348,707
63.91175,162,1268,-1735,526,4275,-142,348,708
63.91225,162,1268,-1735,527,4282,-142,348,707
63.91275,162,1268,-1735,527,4293,-142,348,708
63.91325,162,1268,-1735,527,4294,-142,348,707
63.91375,162,1268,-1735,527,4298,-142,348,707
63.91425,162,1268,-1735,528,4297,-142,348,708
63.91475,162,1268,-1736,528,4296,-142,348,708
63.91525,162,1268,-1736,528,4301,-141,348,707
63.91575,162,1268,-1735,528,4302,-142,348,708
63.91625,162,1268,-1735,528,4297,-142,348,707
63.91675,162,1268,-1735,527,4299,-142,348,707
63.91725,162,1268,-1735,527,4293,-142,348,707
63.91775,162,1268,-1734,526,4304,-142,348,707
63.91825,162,1268,-1735,525,4343,-142,348,708
63.91875,162,1268,-1734,525,4345,-142,348,707
63.91925,162,1268,-1734,525,4342,-142,348,707
63.91975,162,1268,-1734,525,4311,-142,348,707
63.92025,162,1268,-1734,527,4280,-142,348,707
63.92075,162,1268,-1734,527,4275,-142,348,707
63.92125,162,1268,-1735,528,4279,-142,348,707
63.92185,162,1268,-1735,528,4288,-142,348,707
63.92235,162,1268,-1735,528,4293,-142,349,707
63.92285,162,1268,-1736,528,4293,-141,348,707
63.92335,162,1268,-1736,528,4298,-142,348,707
63.92385,162,1268,-1735,526,4301,-141,348,707
63.92435,162,1268,-1735,525,4302,-142,348,707
63.92485,162,1268,-1735,523,4303,-141,348,707
63.92535,162,1268,-1735,522,4300,-142,347,707
63.92585,162,1268,-1735,523,4301,-142,347,708
63.92635,162,1268,-1735,524,4304,-142,347,707
63.92685,162,1268,-1735,525,4308,-142,348,708
63.92735,162,1268,-1736,526,4303,-142,348,707
63.92785,162,1268,-1735,526,4316,-142,348,708
63.92835,162,1268,-1735,526,4347,-142,348,708
63.92885,162,1268,-1735,526,4348,-142,348,708
63.92935,162,1268,-1736,526,4340,-141,348,707
63.92985,162,1268,-1736,526,4308,-142,348,707
63.93035,162,1268,-1737,526,4272,-142,348,708
63.93085,162,1268,-1735,526,4266,-141,348,708
63.93135,162,1268,-1732,526,4273,-142,348,707
63.93185,162,1268,-1731,526,4276,-142,348,708
63.93235,162,1268,-1732,526,4275,-142,348,708
63.93285,162,1268,-1734,527,4281,-142,349,708
63.93335,162,1268,-1734,527,4289,-141,348,708
63.93385,162,1268,-1735,527,4294,-142,348,708
63.93435,162,1268,-1735,527,4296,-142,349,708
63.93485,162,1268,-1734,526,4300,-142,348,708
63.93535,162,1268,-1734,526,4300,-142,348,708
63.93585,162,1268,-1733,526,4299,-142,348,708
63.93635,162,1268,-1734,526,4300,-142,348,707
63.93685,162,1268,-1734,526,4299,-142,348,707
63.93735,162,1268,-1735,526,4293,-142,348,707
63.93785,162,1268,-1734,526,4307,-142,348,708
63.93835,162,1268,-1734,526,4342,-142,348,708
63.93885,163,1268,-1734,526,4347,-141,348,707
63.93935,162,1268,-1734,526,4340,-142,348,708
63.93985,162,1268,-1734,526,4306,-142,348,707
63.94035,162,1268,-1734,526,4281,-142,349,708
63.94085,162,1268,-1734,526,4273,-142,348,708
63.94135,162,1268,-1734,526,4279,-142,348,707
63.94185,162,1268,-1734,525,4285,-142,348,708
63.94235,163,1268,-1734,525,4283,-142,348,708
63.94285,162,1268,-1734,525,4287,-142,348,708
63.94335,162,1268,-1734,526,4286,-142,349,708
63.94385,162,1268,-1734,526,4290,-141,348,708
63.94435,162,1268,-1735,526,4291,-141,348,708
63.94485,162,1268,-1734,526,4293,-141,348,708
63.94535,162,1268,-1735,526,4296,-141,348,708
63.94585,162,1268,-1734,526,4296,-142,348,708
63.94635,162,1268,-1734,527,4294,-142,348,707
63.94685,162,1268,-1735,527,4291,-141,348,707
63.94735,162,1268,-1734,526,4283,-142,348,707
63.94785,163,1268,-1735,526,4297,-141,348,708
63.94835,162,1268,-1734,526,4329,-141,348,708
63.94885,163,1268,-1734,526,4330,-142,348,707
63.94935,163,1268,-1735,526,4320,-142,348,708
63.94985,162,1268,-1735,525,4289,-142,348,707
63.95035,162,1268,-1734,526,4266,-142,348,707
63.95085,161,1268,-1735,526,4259,-142,348,708
63.95135,162,1268,-1735,526,4261,-142,348,707
63.95185,162,1268,-1735,527,4270,-142,348,707
63.95235,162,1268,-1735,528,4268,-142,348,707
63.95285,162,1268,-1736,528,4268,-142,349,707
63.95335,162,1268,-1735,528,4273,-142,349,708
63.95385,162,1268,-1735,528,4282,-142,349,707
63.95435,162,1268,-1735,527,4291,-142,349,707
63.95485,162,1268,-1734,526,4291,-142,348,707
63.95535,162,1268,-1734,526,4291,-142,348,707
63.95585,162,1268,-1734,526,4292,-142,348,708
63.95635,162,1268,-1734,526,4292,-142,348,707
63.95685,162,1268,-1734,526,4295,-142,348,707
63.95735,162,1268,-1735,526,4287,-142,348,708
63.95785,162,1268,-1734,526,4307,-142,347,708
63.95835,162,1268,-1735,526,4342,-142,348,708
63.95885,162,1268,-1735,526,4338,-142,348,708
63.95935,162,1268,-1735,526,4326,-141,348,707
63.95985,162,1268,-1734,526,4293,-142,348,708
63.96035,162,1268,-1734,526,4263,-142,348,707
63.96085,162,1268,-1734,526,4262,-142,348,707
63.96135,162,1268,-1734,526,4262,-142,348,707
63.96185,162,1268,-1735,526,4267,-142,348,707
63.96235,162,1268,-1735,527,4272,-142,348,707
63.96285,162,1268,-1735,527,4271,-142,348,707
63.96335,162,1268,-1735,527,4272,-142,348,707
63.96385,162,1269,-1734,527,4275,-142,348,708
63.96435,162,1268,-1734,527,4277,-142,348,707
63.96485,162,1268,-1735,527,4282,-142,348,707
63.96535,162,1268,-1735,526,4278,-142,348,707
63.96585,162,1268,-1736,526,4278,-142,348,707
63.96635,162,1268,-1736,526,4282,-142,348,708
63.96685,162,1268,-1737,526,4284,-142,348,707
63.96735,162,1269,-1737,527,4286,-142,348,707
63.96785,162,1268,-1737,527,4306,-141,348,708
63.96835,162,1268,-1736,527,4330,-142,348,708
63.96885,162,1268,-1735,527,4330,-142,348,708
63.96935,162,1268,-1733,527,4320,-142,348,707
63.96985,162,1268,-1733,526,4285,-142,348,707
63.97035,162,1268,-1733,526,4256,-142,348,707
63.970848,162,1268,-1734,527,4254,-142,348,708
63.97135,162,1268,-1734,526,4260,-142,348,707
63.97185,162,1268,-1734,526,4267,-142,348,707
63.97235,162,1268,-1734,526,4267,-142,348,707
63.97285,162,1268,-1734,526,4268,-142,349,707
63.97335,162,1268,-1734,526,4275,-142,348,708
63.97385,162,1268,-1734,526,4280,-142,348,707
63.97435,162,1268,-1734,526,4286,-142,348,707
63.97485,162,1268,-1734,526,4284,-142,348,708
63.97535,162,1268,-1734,526,4282,-142,348,707
63.97585,162,1268,-1734,526,4286,-142,348,707
63.97635,162,1268,-1734,526,4281,-142,348,707
63.97685,162,1268,-1734,527,4279,-142,348,707
63.97735,162,1269,-1735,527,4277,-142,349,707
63.97785,162,1268,-1735,528,4305,-142,348,708
63.97835,162,1268,-1735,527,4328,-142,348,707
63.97885,162,1268,-1735,527,4326,-142,348,707
63.97935,162,1268,-1735,526,4310,-142,348,707
63.97985,162,1269,-1735,526,4272,-142,349,707
63.98035,162,1269,-1735,526,4251,-142,348,707
63.98085,162,1268,-1734,526,4249,-142,348,708
63.98135,162,1268,-1734,526,4254,-142,348,707
63.98185,162,1269,-1735,526,4265,-142,348,708
63.98235,162,1268,-1735,525,4265,-142,348,707
63.98285,162,1268,-1734,525,4269,-142,348,707
63.98345,162,1268,-1734,527,4265,-142,348,707
63.98395,162,1268,-1735,528,4269,-142,348,708
63.98445,162,1268,-1735,528,4272,-142,348,707
63.98495,162,1268,-1734,528,4279,-142,348,708
63.98545,162,1268,-1735,528,4280,-142,348,707
63.98595,162,1268,-1735,528,4284,-142,348,707
63.98645,162,1268,-1734,527,4280,-142,348,708
63.98695,162,1268,-1734,527,4279,-142,348,707
63.98745,162,1268,-1735,527,4282,-142,348,708
63.98795,162,1268,-1735,528,4310,-142,348,707
63.98845,162,1268,-1735,527,4332,-142,347,707
63.98895,162,1268,-1735,527,4321,-142,348,707
63.98945,162,1268,-1735,525,4307,-142,348,707
63.98995,162,1268,-1735,524,4275,-142,348,707
63.99045,163,1268,-1735,524,4257,-142,348,707
63.99095,162,1268,-1735,525,4256,-142,348,707
63.99145,162,1268,-1735,526,4259,-142,347,708
63.99195,162,1268,-1734,527,4262,-142,348,707
63.99245,162,1268,-1734,527,4266,-142,348,707
63.99295,162,1268,-1734,527,4265,-142,348,707
63.99345,162,1268,-1734,527,4266,-142,348,707
63.99395,162,1268,-1734,527,4272,-142,348,707
63.99445,162,1268,-1734,527,4276,-142,348,707
63.99495,162,1268,-1735,527,4278,-142,348,707
63.99545,162,1268,-1736,527,4279,-142,348,707
63.99595,162,1268,-1735,526,4279,-142,348,707
63.99645,162,1268,-1734,525,4278,-142,348,707
63.99695,162,1268,-1734,524,4274,-142,348,707
63.99745,162,1268,-1734,525,4274,-141,348,707
63.99795,162,1268,-1734,527,4311,-142,347,708
63.99845,162,1268,-1735,528,4325,-142,348,708
63.99895,162,1268,-1734,528,4323,-142,348,707
63.99945,162,1268,-1735,528,4308,-142,348,707
63.99995,162,1268,-1735,528,4268,-142,348,708
64.00045,162,1268,-1735,528,4253,-142,348,708
64.00095,162,1268,-1735,528,4258,-142,348,708
64.00145,163,1268,-1735,529,4265,-142,348,707
64.00195,162,1268,-1735,529,4270,-142,348,707
64.00245,162,1268,-1735,529,4267,-142,348,707
64.00295,162,1268,-1735,529,4265,-142,348,707
64.00345,162,1268,-1735,527,4271,-142,348,707
64.00395,162,1268,-1734,525,4275,-142,348,707
64.00445,162,1268,-1734,525,4278,-142,348,708
64.00495,162,1268,-1734,525,4282,-142,348,707
64.00545,162,1268,-1735,526,4287,-141,348,707
64.00595,162,1268,-1735,526,4287,-141,348,707
64.00645,162,1268,-1735,527,4287,-142,348,708
64.00695,162,1268,-1735,527,4287,-141,348,707
64.00745,162,1268,-1735,527,4293,-142,348,707
64.00795,162,1268,-1735,528,4323,-141,348,707
64.00845,162,1268,-1736,527,4329,-142,348,707
64.00895,162,1268,-1736,527,4321,-141,348,707
64.00945,162,1268,-1736,527,4304,-142,348,707
64.00995,162,1268,-1736,526,4268,-142,348,707
64.01045,162,1268,-1736,525,4253,-142,348,707
64.01095,162,1268,-1734,525,4254,-142,348,707
64.01145,162,1268,-1734,526,4260,-142,348,707
64.01195,162,1268,-1734,526,4261,-142,348,707
64.01245,162,1268,-1734,526,4263,-142,348,708
64.01295,162,1268,-1734,527,4264,-142,348,707
64.01345,162,1268,-1733,528,4274,-142,348,708
64.01395,162,1268,-1733,527,4274,-142,348,708
64.01445,162,1268,-1734,527,4280,-142,349,708
64.01495,162,1268,-1734,527,4284,-142,349,708
64.01545,162,1268,-1735,528,4283,-142,348,707
64.01595,162,1268,-1735,528,4281,-142,349,708
64.01645,162,1268,-1737,529,4278,-142,348,707
64.01695,162,1268,-1737,529,4281,-142,349,707
64.01745,162,1268,-1737,529,4282,-141,348,708
64.01795,162,1268,-1737,528,4319,-141,347,708
64.01845,162,1269,-1736,526,4329,-142,347,708
64.01895,162,1268,-1735,525,4324,-141,347,707
64.01945,162,1268,-1734,525,4304,-142,348,708
64.01995,162,1268,-1734,525,4267,-142,348,708
64.02045,162,1268,-1733,526,4259,-141,348,708
64.02095,162,1268,-1733,526,4262,-141,348,707
64.02145,162,1268,-1733,525,4269,-142,348,708
64.02195,162,1268,-1734,525,4272,-142,348,708
64.02245,162,1268,-1734,526,4279,-141,348,708
64.02295,162,1268,-1735,526,4283,-142,348,708
64.02345,162,1268,-1736,527,4282,-142,348,708
64.02395,162,1268,-1736,528,4286,-142,347,707
64.02445,163,1268,-1736,528,4286,-142,348,707
64.02495,162,1268,-1735,528,4283,-141,348,707
64.02545,162,1268,-1735,527,4284,-142,348,708
64.02595,162,1268,-1735,527,4285,-142,348,708
64.02645,162,1268,-1735,527,4289,-142,348,708
64.02695,162,1268,-1734,528,4289,-141,348,708
64.02745,162,1268,-1734,529,4294,-142,348,708
64.02795,162,1268,-1734,530,4329,-142,348,708
64.02845,162,1268,-1734,529,4330,-142,348,708
64.02895,162,1268,-1733,528,4321,-141,348,708
64.02945,162,1268,-1733,525,4299,-142,348,708
64.02995,162,1268,-1733,523,4268,-142,348,707
64.03045,162,1268,-1733,524,4255,-142,348,708
64.03095,162,1268,-1733,525,4252,-142,348,708
64.03145,162,1269,-1734,527,4262,-142,348,708
64.03195,162,1268,-1735,528,4265,-142,348,707
64.03245,162,1268,-1735,528,4265,-142,348,707
64.03295,162,1268,-1735,528,4262,-142,348,708
64.03345,162,1268,-1735,528,4271,-142,348,708
64.03395,162,1269,-1734,526,4281,-142,347,707
64.03445,162,1268,-1732,524,4285,-142,347,707
64.03495,162,1268,-1731,523,4280,-142,347,708
64.035446,162,1268,-1731,523,4280,-142,347,707
64.03595,162,1268,-1732,524,4285,-142,348,708
64.03645,162,1268,-1734,526,4282,-142,348,707
64.03695,162,1268,-1736,527,4282,-142,348,707
64.03745,162,1268,-1736,528,4290,-142,347,708
64.03795,162,1268,-1736,527,4329,-142,347,708
64.03845,162,1268,-1735,527,4338,-141,347,707
64.03895,162,1268,-1735,527,4332,-142,348,707
64.03945,162,1268,-1736,526,4304,-142,348,707
64.03995,162,1268,-1736,526,4272,-142,348,707
64.04045,162,1268,-1735,527,4265,-141,348,707
64.04095,162,1268,-1735,529,4266,-141,348,707
64.04145,163,1268,-1735,529,4273,-141,348,707
64.04195,163,1268,-1737,530,4278,-142,348,707
64.04245,162,1268,-1738,530,4279,-141,348,707
64.04295,162,1268,-1738,530,4277,-141,348,707
64.04345,162,1268,-1738,529,4280,-142,348,707
64.04395,162,1268,-1736,528,4282,-142,348,708
64.04455,162,1268,-1735,526,4284,-142,349,708
64.04505,163,1268,-1734,524,4290,-142,348,708
64.04555,163,1268,-1733,522,4294,-142,348,707
64.04605,162,1269,-1732,521,4293,-141,348,707
64.04655,162,1268,-1733,522,4286,-142,347,708
64.04705,162,1268,-1733,524,4281,-142,347,707
64.04755,162,1268,-1734,526,4294,-142,347,707
64.04805,162,1268,-1735,526,4325,-142,347,708
64.04855,162,1268,-1735,526,4324,-142,348,707
64.04905,162,1269,-1736,526,4321,-142,348,707
64.04955,162,1268,-1736,525,4293,-142,348,707
64.05005,162,1269,-1735,525,4262,-142,349,707
64.05055,162,1269,-1734,526,4254,-142,348,707
64.05105,162,1268,-1734,527,4257,-142,349,708
64.05155,162,1268,-1734,527,4265,-142,348,707
64.05205,162,1268,-1733,526,4270,-142,348,707
64.05255,162,1268,-1734,526,4267,-142,348,707
64.05305,162,1268,-1734,525,4268,-142,347,708
64.05355,163,1268,-1734,526,4275,-142,348,708
64.05405,162,1268,-1734,526,4285,-142,348,708
64.05455,163,1268,-1734,527,4290,-142,348,708
64.05505,163,1268,-1734,527,4294,-141,348,708
64.05555,162,1268,-1734,528,4294,-142,348,708
64.05605,162,1268,-1734,528,4294,-142,348,708
64.05655,162,1268,-1734,527,4294,-142,348,708
64.05705,162,1268,-1734,526,4292,-142,348,708
64.05755,162,1269,-1734,526,4302,-142,348,708
64.05805,162,1268,-1734,526,4335,-142,347,708
64.05855,162,1268,-1734,526,4333,-142,347,708
64.05905,162,1268,-1734,526,4324,-141,348,708
64.05955,162,1268,-1734,526,4297,-142,348,708
64.06005,162,1268,-1735,525,4268,-142,348,707
64.06055,162,1268,-1734,525,4261,-142,348,708
64.06105,162,1268,-1735,525,4259,-142,348,708
64.06155,162,1268,-1735,526,4268,-142,348,708
64.06205,162,1268,-1735,526,4276,-142,348,707
64.06255,162,1268,-1735,526,4277,-142,348,708
64.06305,162,1268,-1735,526,4272,-142,348,708
64.06355,162,1268,-1735,526,4274,-142,348,708
64.06405,162,1268,-1735,526,4279,-141,348,708
64.06455,162,1268,-1734,527,4279,-142,347,707
64.06505,162,1269,-1733,527,4280,-142,348,708
64.06555,162,1268,-1733,528,4279,-142,348,708
64.06605,162,1269,-1734,528,4284,-142,348,708
64.06655,162,1268,-1735,528,4286,-142,348,708
64.06705,162,1268,-1736,528,4285,-142,348,708
64.06755,162,1268,-1736,529,4298,-141,348,708
64.06805,162,1268,-1735,530,4331,-142,348,708
64.06855,162,1268,-1735,529,4329,-142,348,708
64.06905,162,1269,-1734,529,4319,-142,348,708
64.06955,162,1268,-1734,528,4296,-142,348,708
64.07005,162,1268,-1734,527,4269,-142,348,708
64.07055,162,1268,-1734,526,4262,-142,348,708
64.07105,162,1269,-1734,525,4265,-142,347,708
64.07155,162,1268,-1734,524,4273,-141,348,708
64.07205,162,1268,-1734,524,4276,-142,347,708
64.07255,162,1268,-1735,525,4277,-141,348,708
64.07305,162,1268,-1734,526,4279,-142,348,708
64.07355,163,1268,-1734,527,4287,-141,348,707
64.07405,162,1268,-1734,527,4291,-142,348,707
64.07455,163,1269,-1735,527,4290,-142,348,708
64.07505,162,1269,-1735,527,4289,-141,348,708
64.07555,163,1268,-1734,526,4295,-142,348,707
64.07605,163,1268,-1735,525,4295,-141,348,708
64.07655,163,1268,-1735,524,4288,-142,348,707
64.07705,162,1269,-1735,525,4287,-142,348,707
64.07755,163,1268,-1735,528,4303,-142,347,707
64.07805,162,1269,-1735,528,4335,-142,347,708
64.07855,162,1269,-1735,528,4334,-142,348,707
64.07905,162,1268,-1735,527,4330,-142,348,707
64.07955,162,1269,-1736,527,4298,-142,348,707
64.08005,162,1268,-1736,527,4269,-142,348,707
64.08055,163,1268,-1737,527,4263,-142,348,708
64.08105,162,1269,-1737,526,4266,-142,348,708
64.08155,163,1269,-1738,526,4279,-142,347,708
64.08205,162,1268,-1737,525,4284,-142,348,708
64.08255,162,1269,-1736,525,4285,-142,347,707
64.08305,162,1268,-1733,525,4283,-142,348,708
64.08355,162,1268,-1731,526,4283,-142,347,707
64.08405,162,1268,-1731,527,4289,-142,348,708
64.08455,163,1268,-1731,527,4287,-142,348,708
64.08505,162,1269,-1732,526,4293,-142,348,708
64.08555,163,1269,-1732,526,4299,-142,348,708
64.08605,162,1269,-1733,526,4300,-142,348,708
64.08655,162,1268,-1734,526,4300,-142,348,708
64.08705,162,1268,-1735,526,4299,-142,348,708
64.08755,163,1268,-1735,527,4318,-142,348,708
64.08805,162,1269,-1735,527,4348,-142,348,708
64.08855,163,1268,-1735,527,4345,-142,348,708
64.08905,162,1268,-1735,527,4336,-142,348,708
64.08955,162,1268,-1734,526,4306,-142,348,707
64.09005,162,1268,-1734,526,4280,-142,348,708
64.09055,163,1269,-1734,526,4269,-142,348,708
64.09105,162,1269,-1734,526,4275,-142,348,708
64.09155,163,1268,-1734,526,4283,-141,348,708
64.09205,163,1269,-1735,527,4280,-142,348,708
64.09255,162,1269,-1736,527,4280,-142,348,708
64.09305,163,1269,-1735,527,4282,-142,348,708
64.09355,162,1269,-1735,527,4286,-142,348,708
64.09405,163,1268,-1735,526,4292,-142,348,708
64.09455,162,1269,-1735,526,4295,-142,348,708
64.09505,162,1269,-1735,526,4298,-142,348,708
64.09555,163,1268,-1735,527,4299,-142,348,708
64.09605,163,1268,-1735,527,4298,-142,348,708
64.09655,162,1268,-1734,528,4296,-142,348,708
64.09705,162,1268,-1734,527,4293,-142,348,708
64.09755,163,1268,-1734,528,4316,-142,348,708
64.09805,163,1268,-1734,528,4341,-142,348,708
64.09855,162,1269,-1735,527,4336,-142,348,708
64.09905,163,1269,-1734,528,4325,-142,348,708
64.09955,163,1268,-1734,527,4294,-142,348,708
64.10005,162,1269,-1734,527,4273,-142,348,707
64.10055,163,1269,-1734,527,4270,-142,348,708
64.10105,162,1269,-1734,526,4269,-142,348,708
64.10155,162,1268,-1734,526,4281,-142,348,708
64.10205,162,1268,-1735,525,4287,-142,348,707
64.10255,162,1269,-1735,525,4289,-142,348,708
64.10305,162,1268,-1735,526,4284,-142,348,707
64.10355,162,1269,-1734,526,4290,-142,348,708
64.10405,162,1268,-1734,526,4292,-142,348,708
64.10455,163,1269,-1734,526,4298,-142,348,708
64.10505,162,1269,-1734,526,4303,-142,348,708
64.10555,163,1269,-1735,526,4306,-141,348,708
64.10615,163,1269,-1735,526,4306,-142,348,708
64.10665,162,1268,-1735,527,4306,-142,348,708
64.10715,162,1269,-1735,527,4303,-142,348,708
64.10765,163,1269,-1736,527,4328,-142,348,708
64.10815,163,1269,-1736,527,4349,-142,348,708
64.10865,162,1268,-1735,527,4340,-142,348,708
64.10915,162,1269,-1735,527,4327,-142,348,708
64.10965,162,1269,-1734,526,4296,-142,348,708
64.11015,163,1268,-1734,527,4276,-142,348,708
64.11065,162,1269,-1734,526,4270,-142,348,708
64.11115,163,1269,-1734,527,4274,-142,348,708
64.11165,162,1269,-1734,527,4281,-142,348,708
64.11215,163,1269,-1734,527,4280,-142,348,708
64.11265,163,1269,-1734,527,4280,-142,348,708
64.11315,162,1268,-1735,527,4280,-142,349,708
64.11365,163,1268,-1735,527,4286,-142,348,708
64.11415,163,1269,-1735,527,4290,-142,348,708
64.11465,163,1269,-1735,527,4293,-142,348,708
64.11515,162,1268,-1735,527,4295,-142,348,708
64.11565,163,1269,-1735,527,4295,-142,348,708
64.11615,162,1269,-1735,527,4294,-142,348,708
64.11665,163,1268,-1735,527,4292,-142,349,708
64.11715,162,1268,-1735,527,4291,-142,348,708
64.11765,163,1269,-1734,528,4324,-142,348,708
64.11815,162,1268,-1735,527,4344,-142,348,708
64.11865,162,1269,-1734,526,4338,-142,348,708
64.11915,163,1269,-1734,526,4326,-143,348,708
64.11965,163,1269,-1734,526,4292,-142,348,707
64.12015,163,1269,-1734,526,4274,-142,348,708
64.12065,162,1269,-1735,527,4268,-142,348,708
64.12115,163,1269,-1735,527,4277,-142,348,708
64.12165,162,1269,-1735,527,4288,-142,348,708
64.12215,163,1269,-1736,527,4292,-142,348,707
64.12265,163,1269,-1736,528,4293,-142,348,708
64.12315,163,1269,-1736,527,4287,-142,348,708
64.12365,162,1269,-1735,528,4294,-142,348,708
64.12415,163,1269,-1736,528,4298,-142,348,708
64.12465,163,1269,-1736,528,4298,-142,348,708
64.12515,163,1269,-1736,529,4298,-142,348,708
64.12565,162,1268,-1735,529,4300,-142,348,708
64.12615,163,1269,-1734,529,4300,-142,348,708
64.12665,163,1269,-1733,528,4297,-142,348,708
64.12715,163,1269,-1733,528,4296,-142,348,708
64.12765,163,1268,-1734,527,4328,-142,347,708
64.12815,163,1269,-1735,526,4341,-142,347,708
64.12865,163,1269,-1736,526,4335,-142,347,708
64.12915,162,1269,-1736,526,4320,-142,347,707
64.12965,162,1269,-1736,526,4287,-142,348,708
64.13015,163,1269,-1736,527,4263,-142,348,708
64.13065,163,1269,-1734,527,4261,-142,348,708
64.13115,163,1269,-1734,528,4266,-142,348,708
64.13165,163,1269,-1733,528,4273,-143,348,708
64.13215,163,1269,-1733,528,4272,-142,348,708
64.13265,163,1269,-1734,528,4273,-142,348,709
64.13315,163,1269,-1735,527,4275,-142,349,708
64.13365,163,1269,-1735,525,4276,-142,348,708
64.13415,163,1269,-1735,524,4285,-142,348,709
64.13465,163,1268,-1734,524,4290,-142,348,708
64.13515,163,1268,-1734,524,4288,-142,348,709
64.13565,163,1268,-1734,524,4293,-142,348,708
64.13615,163,1269,-1734,525,4290,-142,348,708
64.13665,163,1269,-1734,526,4294,-143,348,708
64.13715,163,1268,-1735,527,4297,-142,348,708
64.13765,163,1269,-1735,527,4331,-142,347,709
64.13815,163,1269,-1735,527,4342,-142,348,708
64.13865,163,1268,-1734,526,4332,-142,348,708
64.13915,163,1268,-1734,525,4319,-143,348,708
64.13965,163,1268,-1733,526,4287,-142,348,708
64.14015,163,1269,-1733,527,4273,-142,348,708
64.14065,163,1268,-1734,527,4272,-142,348,708
64.14115,163,1269,-1734,527,4275,-142,348,708
64.14165,163,1268,-1734,527,4281,-142,348,708
64.14215,163,1269,-1735,527,4283,-143,348,709
64.14265,163,1269,-1735,526,4283,-142,348,708
64.14315,163,1268,-1734,526,4277,-142,348,709
64.14365,163,1268,-1734,526,4282,-143,348,709
64.14415,163,1268,-1734,526,4283,-143,348,708
64.14465,163,1268,-1734,526,4283,-143,348,708
64.14515,163,1268,-1734,527,4292,-143,348,708
64.14565,163,1268,-1734,527,4295,-143,348,708
64.14615,163,1268,-1735,527,4293,-143,348,708
64.14665,163,1269,-1734,527,4291,-143,347,708
64.14715,163,1269,-1734,527,4292,-143,348,708
64.14765,163,1269,-1734,527,4326,-142,347,709
64.14815,163,1268,-1734,527,4330,-142,348,708
64.14865,163,1269,-1734,526,4317,-142,348,708
64.14915,162,1269,-1734,526,4301,-142,348,708
64.14965,163,1269,-1734,526,4273,-142,348,708
64.15015,163,1269,-1734,526,4262,-142,348,708
64.15065,163,1269,-1734,526,4261,-142,348,708
64.15115,163,1269,-1734,526,4266,-142,348,708
64.15165,163,1268,-1734,526,4273,-142,348,709
64.15215,163,1268,-1734,527,4271,-143,348,709
64.15265,163,1269,-1735,527,4267,-142,348,708
64.15315,163,1269,-1735,527,4268,-142,348,709
64.15365,163,1269,-1735,527,4282,-142,347,709
64.15415,163,1268,-1735,526,4284,-142,348,708
64.15465,163,1268,-1735,527,4288,-142,348,709
64.15515,163,1268,-1734,527,4296,-143,348,709
64.15565,163,1268,-1734,527,4293,-143,348,708
64.15615,163,1269,-1735,527,4292,-143,348,709
64.15665,163,1269,-1734,527,4293,-142,348,708
64.15715,163,1268,-1734,527,4296,-142,348,709
64.157646,163,1269,-1734,528,4338,-142,348,709
64.15815,163,1268,-1735,527,4338,-143,347,708
64.15865,163,1269,-1735,527,4329,-142,348,709
64.15915,163,1269,-1735,527,4311,-143,348,708
64.15965,162,1269,-1735,526,4276,-142,349,708
64.16015,163,1268,-1734,526,4269,-142,348,709
64.16065,162,1269,-1734,527,4270,-143,348,709
64.16115,163,1269,-1734,527,4270,-142,348,709
64.16165,162,1269,-1734,528,4275,-142,348,709
64.16215,163,1268,-1735,528,4278,-142,348,709
64.16265,163,1268,-1735,528,4280,-143,348,709
64.16315,163,1269,-1736,528,4278,-142,348,709
64.16365,163,1268,-1736,529,4279,-142,348,709
64.16415,163,1269,-1736,529,4282,-142,348,709
64.16465,163,1268,-1735,529,4283,-143,348,709
64.16515,163,1268,-1735,528,4284,-143,348,709
64.16565,163,1268,-1734,528,4288,-142,348,709
64.16615,163,1269,-1734,527,4290,-142,348,709
64.16665,163,1269,-1734,527,4290,-142,348,709
64.16715,163,1268,-1734,526,4297,-142,348,709
64.16765,163,1268,-1734,526,4333,-142,347,709
64.16825,163,1268,-1734,526,4335,-143,348,709
64.16875,163,1268,-1734,526,4328,-142,348,709
64.16925,163,1268,-1734,526,4306,-143,348,709
64.16975,163,1269,-1735,527,4276,-143,348,709
64.17025,163,1268,-1735,527,4268,-143,348,709
64.17075,163,1269,-1734,527,4267,-143,348,709
64.17125,163,1268,-1735,527,4274,-143,348,709
64.17175,163,1269,-1735,527,4282,-143,348,709
64.17225,163,1268,-1734,527,4282,-143,348,709
64.17275,163,1269,-1735,527,4282,-143,348,709
64.17325,163,1269,-1735,527,4285,-143,348,709
64.17375,163,1269,-1735,527,4289,-143,348,709
64.17425,163,1268,-1735,527,4294,-143,348,709
64.17475,163,1269,-1735,528,4296,-143,348,709
64.17525,163,1269,-1735,527,4299,-143,347,709
64.17575,163,1269,-1735,527,4298,-143,348,709
64.17625,163,1269,-1735,527,4297,-143,348,709
64.17675,163,1268,-1735,527,4296,-143,348,709
64.17725,163,1268,-1735,527,4305,-143,348,709
64.17775,163,1268,-1735,526,4340,-143,348,710
64.17825,163,1268,-1735,526,4341,-143,348,709
64.17875,163,1268,-1735,526,4338,-143,348,709
64.17925,163,1268,-1734,525,4309,-143,348,709
64.17975,163,1268,-1733,525,4277,-143,348,709
64.18025,163,1268,-1734,525,4270,-142,348,709
64.18075,163,1268,-1734,525,4270,-143,348,709
64.18125,163,1268,-1734,527,4274,-142,348,709
64.18175,163,1269,-1735,529,4281,-142,348,709
64.18225,163,1268,-1734,530,4283,-142,348,709
64.18275,163,1268,-1735,530,4285,-142,348,709
64.18325,163,1269,-1734,529,4287,-142,348,709
64.18375,163,1268,-1735,529,4288,-142,348,709
64.18425,163,1268,-1735,529,4293,-142,348,709
64.18475,163,1268,-1735,528,4295,-142,348,709
64.18525,163,1268,-1736,528,4298,-143,348,709
64.18575,163,1268,-1735,528,4301,-143,348,709
64.18625,163,1268,-1735,527,4302,-143,348,709
64.18675,163,1268,-1735,525,4300,-143,347,709
64.18725,163,1269,-1734,525,4311,-143,347,709
64.18775,163,1268,-1735,526,4346,-143,347,709
64.18825,163,1269,-1735,526,4346,-142,347,709
64.18875,163,1268,-1735,527,4337,-142,348,709
64.18925,163,1268,-1735,527,4314,-143,348,709
64.18975,163,1269,-1735,527,4290,-142,348,709
64.19025,163,1268,-1735,527,4283,-143,348,709
64.19075,163,1269,-1735,527,4281,-143,348,709
64.19125,163,1268,-1735,527,4285,-143,348,709
64.19175,163,1268,-1734,527,4291,-143,348,709
64.19225,163,1268,-1734,527,4288,-143,348,709
64.19275,163,1268,-1734,527,4287,-143,348,709
64.19325,163,1268,-1734,527,4287,-142,348,709
64.19375,163,1269,-1734,527,4294,-142,348,709
64.19425,163,1268,-1735,527,4299,-142,348,710
64.19475,163,1268,-1735,526,4304,-142,348,709
64.19525,163,1268,-1735,526,4309,-143,348,709
64.19575,163,1268,-1734,526,4306,-143,348,709
64.19625,163,1269,-1735,526,4300,-143,348,709
64.19675,163,1269,-1735,527,4296,-143,348,709
64.19725,163,1269,-1734,527,4311,-142,348,709
64.19775,163,1269,-1734,527,4346,-142,347,709
64.19825,163,1268,-1735,527,4344,-143,348,709
64.19875,162,1269,-1735,527,4336,-143,347,709
64.19925,163,1268,-1735,527,4310,-143,347,709
64.19975,163,1269,-1735,527,4283,-142,347,709
64.20025,163,1269,-1734,527,4278,-142,348,709
64.20075,163,1269,-1735,527,4280,-142,347,709
64.20125,163,1268,-1735,528,4286,-142,347,709
64.20175,163,1268,-1736,529,4291,-142,347,709
64.20225,163,1268,-1736,529,4293,-143,347,709
64.20275,163,1268,-1736,530,4296,-143,347,709
64.20325,163,1268,-1736,530,4295,-143,347,709
64.20375,163,1268,-1736,530,4299,-143,347,709
64.20425,163,1268,-1736,530,4303,-142,347,709
64.20475,163,1268,-1735,529,4306,-143,347,709
64.20525,163,1268,-1734,529,4311,-143,348,708
64.20575,163,1268,-1735,529,4315,-142,348,708
64.20625,163,1269,-1735,528,4320,-143,348,709
64.20675,163,1268,-1734,526,4318,-142,348,708
64.20725,163,1269,-1734,525,4326,-143,348,709
64.20775,163,1269,-1734,523,4360,-142,347,709
64.20825,163,1269,-1735,524,4354,-143,347,709
64.20875,163,1268,-1735,525,4342,-143,347,709
64.20925,163,1268,-1735,525,4314,-143,348,709
64.20975,163,1268,-1735,526,4288,-142,349,709
64.21025,163,1268,-1735,526,4282,-142,348,709
64.21075,163,1269,-1734,526,4282,-143,348,709
64.21125,163,1269,-1733,526,4288,-142,348,709
64.21175,163,1268,-1733,526,4293,-143,348,709
64.21225,163,1268,-1734,526,4291,-143,348,709
64.21275,163,1268,-1733,527,4290,-142,348,710
64.21325,163,1268,-1735,527,4292,-142,348,709
64.21375,163,1268,-1735,527,4298,-143,348,709
64.21425,163,1268,-1735,527,4299,-142,348,709
64.21475,163,1269,-1735,527,4299,-143,348,709
64.21525,163,1268,-1736,527,4303,-142,348,709
64.21575,163,1269,-1737,527,4304,-143,348,709
64.21625,163,1268,-1735,527,4305,-143,348,710
64.21675,163,1269,-1734,527,4305,-142,348,709
64.21725,163,1268,-1734,527,4328,-142,348,710
64.21775,163,1268,-1734,527,4354,-142,348,709
64.21825,163,1268,-1733,527,4353,-143,348,709
64.21875,163,1269,-1734,527,4341,-143,348,709
64.21925,163,1268,-1734,527,4309,-142,348,709
64.21975,163,1268,-1735,527,4286,-143,348,709
64.22025,163,1268,-1735,527,4282,-143,348,709
64.22075,163,1268,-1735,527,4286,-143,348,709
64.22125,163,1268,-1735,526,4294,-143,348,709
64.22175,163,1268,-1735,526,4300,-143,348,709
64.22225,163,1269,-1735,525,4304,-143,348,709
64.22275,163,1268,-1735,526,4306,-142,348,709
64.22325,163,1268,-1734,525,4304,-143,348,709
64.22375,163,1269,-1734,526,4308,-142,348,709
64.22425,163,1269,-1735,526,4310,-143,348,709
64.22475,163,1268,-1735,526,4313,-142,348,709
64.22525,163,1268,-1735,527,4315,-143,348,709
64.22575,163,1269,-1735,527,4316,-143,348,709
64.22625,163,1268,-1735,528,4314,-142,348,709
64.22675,163,1269,-1734,527,4312,-142,348,709
64.22725,163,1269,-1734,528,4332,-143,348,710
64.22775,163,1269,-1734,527,4358,-142,347,709
64.22825,163,1268,-1735,527,4356,-142,348,709
64.22875,163,1268,-1735,527,4341,-142,348,709
64.22925,163,1268,-1735,526,4310,-142,348,709
64.22975,163,1269,-1735,527,4290,-143,348,709
64.23035,163,1269,-1735,527,4284,-142,348,709
64.23085,163,1269,-1735,527,4284,-143,348,709
64.23135,163,1269,-1735,527,4289,-143,348,709
64.23185,163,1269,-1735,527,4293,-143,348,709
64.23235,163,1268,-1735,527,4292,-143,348,709
64.23285,163,1268,-1735,527,4291,-143,348,709
64.23335,163,1268,-1735,527,4293,-143,348,709
64.23385,163,1268,-1735,527,4301,-142,348,709
64.23435,163,1268,-1735,527,4307,-143,348,709
64.23485,163,1268,-1735,527,4311,-143,348,709
64.23535,163,1268,-1735,527,4313,-142,348,709
64.23585,163,1269,-1735,527,4313,-143,348,709
64.23635,163,1268,-1735,527,4311,-143,348,709
64.23685,163,1268,-1735,527,4309,-143,348,709
64.23735,163,1269,-1734,528,4338,-143,348,709
64.23785,163,1268,-1734,526,4365,-143,348,709
64.23835,163,1269,-1734,526,4361,-143,348,708
64.23885,163,1269,-1734,527,4352,-143,348,709
64.23935,163,1269,-1734,526,4324,-143,348,709
64.23985,163,1269,-1735,526,4301,-143,348,709
64.24035,163,1268,-1735,527,4297,-143,348,709
64.24085,163,1268,-1735,527,4299,-142,348,709
64.24135,163,1268,-1735,527,4304,-143,348,709
64.24185,163,1268,-1735,528,4307,-143,348,709
64.24235,163,1268,-1735,529,4308,-143,348,709
64.24285,162,1269,-1735,530,4310,-143,348,709
64.24335,163,1268,-1735,530,4308,-143,348,709
64.24385,163,1269,-1735,529,4310,-143,348,709
64.24435,163,1269,-1735,528,4313,-143,348,709
64.24485,163,1269,-1735,529,4315,-142,348,709
64.24535,163,1269,-1735,529,4318,-143,348,709
64.24585,163,1269,-1736,529,4320,-142,348,709
64.24635,163,1268,-1736,529,4319,-143,348,709
64.24685,163,1269,-1735,528,4315,-142,348,709
64.24735,163,1268,-1735,527,4341,-142,347,709
64.24785,163,1269,-1735,525,4361,-142,348,709
64.24835,163,1268,-1734,524,4354,-143,348,709
64.24885,163,1269,-1734,525,4342,-142,348,709
64.24935,163,1269,-1734,525,4311,-142,348,709
64.24985,163,1268,-1735,526,4293,-143,348,709
64.25035,163,1269,-1735,526,4290,-143,348,709
64.25085,163,1269,-1735,526,4291,-142,348,709
64.25135,163,1268,-1735,526,4297,-143,348,709
64.25185,163,1269,-1735,526,4303,-142,348,709
64.25235,163,1268,-1735,526,4302,-143,348,708
64.25285,163,1269,-1734,526,4301,-143,348,709
64.25335,163,1268,-1734,526,4308,-143,348,709
64.25385,163,1269,-1734,526,4308,-142,348,709
64.25435,163,1269,-1734,526,4313,-143,348,709
64.25485,163,1269,-1735,526,4318,-142,348,709
64.25535,163,1269,-1735,526,4322,-142,347,709
64.25585,163,1268,-1736,527,4323,-142,348,709
64.25635,163,1269,-1736,526,4323,-142,348,709
64.25685,163,1269,-1736,527,4322,-142,348,709
64.25735,163,1268,-1735,527,4353,-142,347,709
64.25785,163,1268,-1734,527,4368,-143,348,709
64.25835,163,1269,-1734,527,4360,-142,348,709
64.25885,163,1269,-1734,526,4346,-143,348,709
64.25935,163,1268,-1734,527,4311,-142,349,709
64.25985,163,1269,-1735,527,4294,-142,349,709
64.26035,163,1268,-1735,528,4290,-142,348,709
64.26085,163,1269,-1735,528,4294,-142,348,709
64.26135,163,1268,-1735,528,4302,-142,348,709
64.26185,163,1269,-1734,528,4306,-143,348,709
64.26235,163,1268,-1734,527,4307,-143,348,709
64.26285,163,1268,-1735,527,4307,-142,348,709
64.26335,163,1269,-1735,527,4304,-142,348,709
64.26385,163,1269,-1735,527,4307,-142,348,709
64.26435,163,1268,-1735,526,4309,-143,348,709
64.26485,163,1269,-1735,526,4310,-143,348,709
64.26535,163,1268,-1734,526,4313,-143,348,709
64.26585,163,1269,-1735,526,4314,-142,348,709
64.26635,163,1268,-1735,526,4314,-142,348,708
64.26685,163,1269,-1735,526,4315,-143,348,709
64.26735,163,1269,-1735,527,4353,-142,347,709
64.26785,163,1269,-1735,526,4360,-143,348,709
64.26835,163,1268,-1734,526,4350,-143,348,709
64.26885,163,1269,-1734,526,4334,-143,348,709
64.26935,163,1269,-1734,526,4304,-142,348,709
64.26985,163,1269,-1734,526,4293,-143,348,708
64.27035,163,1269,-1734,526,4293,-142,348,709
64.27085,163,1269,-1735,526,4298,-143,348,709
64.27135,163,1269,-1735,526,4300,-143,348,708
64.27185,163,1269,-1735,527,4303,-143,348,709
64.27235,163,1269,-1736,527,4307,-142,348,709
64.27285,163,1269,-1736,527,4301,-143,348,708
64.27335,163,1268,-1735,527,4301,-142,348,708
64.27385,163,1268,-1735,527,4310,-143,348,708
64.27435,163,1269,-1735,528,4316,-143,348,708
64.27485,163,1269,-1735,528,4318,-142,348,709
64.27535,163,1269,-1735,528,4316,-142,348,708
64.27585,163,1269,-1735,527,4310,-142,348,709
64.27635,163,1268,-1735,527,4307,-143,348,709
64.27685,163,1269,-1735,527,4307,-142,348,709
64.27735,163,1269,-1735,528,4344,-142,348,709
64.27785,163,1269,-1736,527,4352,-142,348,709
64.27835,163,1269,-1735,527,4346,-142,348,709
64.27885,163,1268,-1735,526,4326,-142,348,709
64.27935,163,1269,-1735,526,4292,-142,348,709
64.27985,163,1268,-1735,526,4281,-142,348,709
64.28035,163,1268,-1735,526,4280,-142,348,709
64.28085,163,1269,-1735,526,4283,-142,348,709
64.28135,163,1269,-1735,527,4287,-143,348,709
64.28185,163,1268,-1735,526,4289,-143,348,709
64.28235,163,1269,-1735,526,4291,-143,348,708
64.28285,163,1269,-1735,526,4294,-142,348,709
64.28335,163,1269,-1735,527,4297,-142,348,709
64.28385,164,1268,-1735,527,4294,-143,348,708
64.28435,163,1268,-1735,527,4297,-142,348,708
64.28485,163,1269,-1735,527,4303,-143,348,708
64.28535,163,1269,-1735,527,4307,-142,348,708
64.28585,163,1268,-1735,527,4308,-142,348,709
64.28635,163,1269,-1735,527,4306,-142,348,708
64.28685,163,1269,-1735,527,4304,-142,348,709
64.28735,163,1268,-1735,528,4343,-142,348,709
64.28785,163,1269,-1735,527,4345,-142,348,709
64.28835,163,1268,-1735,528,4338,-143,348,708
64.28885,163,1269,-1735,528,4320,-143,348,708
64.28935,163,1269,-1735,528,4293,-142,348,709
64.28985,163,1269,-1735,528,4285,-142,348,709
64.29035,163,1269,-1735,528,4278,-142,348,709
64.29085,163,1268,-1735,529,4278,-142,348,709
64.29145,163,1268,-1735,528,4282,-142,348,709
64.29195,163,1269,-1735,527,4284,-142,348,709
64.29245,163,1268,-1735,526,4282,-143,348,709
64.29295,163,1269,-1735,525,4280,-143,348,709
64.29345,163,1268,-1734,525,4281,-143,348,709
64.29395,163,1268,-1734,525,4284,-143,348,709
64.29445,163,1268,-1734,526,4290,-143,348,709
64.29495,163,1269,-1734,526,4292,-143,348,709
64.29545,163,1268,-1735,527,4295,-143,348,709
64.29595,163,1269,-1734,527,4295,-143,348,709
64.29645,163,1269,-1734,527,4292,-142,348,708
64.29695,163,1268,-1735,527,4298,-143,348,709
64.29745,163,1268,-1735,527,4338,-142,348,709
64.29795,163,1269,-1735,527,4334,-143,348,709
64.29845,164,1268,-1735,527,4324,-143,348,709
64.29895,163,1268,-1735,527,4301,-143,348,709
64.29945,163,1268,-1735,527,4271,-143,349,708
64.29995,163,1268,-1735,527,4264,-143,348,709
64.30045,163,1269,-1735,527,4268,-143,348,709
64.30095,163,1268,-1735,527,4271,-142,348,709
64.30145,163,1268,-1735,527,4276,-143,348,709
64.30195,163,1269,-1735,527,4278,-142,348,709
64.30245,163,1268,-1735,527,4280,-142,348,709
64.30295,163,1269,-1735,527,4281,-142,348,709
64.30345,163,1269,-1735,526,4279,-143,348,709
64.30395,163,1269,-1735,526,4283,-143,348,709
64.30445,163,1269,-1735,526,4287,-143,348,709
64.30495,163,1269,-1735,526,4289,-142,348,708
64.30545,163,1268,-1736,527,4293,-143,348,709
64.30595,163,1269,-1736,527,4299,-143,349,709
64.30645,163,1269,-1736,527,4293,-143,348,709
64.30695,163,1269,-1735,528,4300,-143,348,709
64.30745,163,1269,-1735,528,4333,-143,348,709
64.30795,163,1269,-1735,527,4331,-142,348,709
64.30845,163,1269,-1735,527,4320,-143,348,709
64.30895,163,1268,-1735,527,4295,-143,348,709
64.30945,163,1269,-1734,527,4269,-143,348,709
64.30995,163,1269,-1735,527,4262,-143,348,709
64.31045,163,1268,-1735,526,4262,-143,348,709
64.31095,163,1269,-1735,526,4264,-143,348,709
64.31145,163,1269,-1736,527,4267,-142,348,709
64.31195,163,1269,-1736,526,4270,-143,348,709
64.31245,163,1269,-1736,526,4268,-143,348,709
64.31295,163,1269,-1736,526,4266,-143,348,709
64.31345,163,1269,-1736,527,4265,-143,348,709
64.31395,163,1269,-1736,527,4267,-143,348,709
64.31445,163,1269,-1735,527,4272,-143,348,709
64.31495,163,1269,-1734,527,4275,-143,348,708
64.31545,163,1269,-1734,527,4277,-143,348,709
64.31595,163,1269,-1734,527,4279,-143,348,709
64.31645,163,1269,-1735,528,4272,-142,348,709
64.31695,163,1269,-1735,528,4283,-142,348,709
64.31745,163,1269,-1735,528,4321,-142,348,709
64.31795,163,1268,-1735,528,4322,-142,348,709
64.31845,163,1269,-1736,529,4314,-142,348,709
64.31895,163,1269,-1736,529,4289,-142,348,709
64.31945,163,1269,-1736,529,4259,-142,348,709
64.31995,163,1269,-1736,529,4254,-142,348,709
64.32045,163,1269,-1735,527,4256,-142,348,709
64.32095,163,1269,-1735,525,4261,-142,348,709
64.32145,163,1269,-1734,525,4265,-142,348,709
64.32195,163,1268,-1733,526,4269,-143,348,709
64.32245,163,1269,-1734,526,4272,-142,348,709
64.32295,163,1269,-1734,527,4274,-143,348,709
64.32345,163,1269,-1735,527,4274,-142,348,709
64.32395,163,1269,-1735,527,4271,-143,348,709
64.32445,163,1269,-1735,527,4276,-142,348,710
64.32495,163,1269,-1736,527,4276,-142,348,709
64.32545,163,1269,-1736,526,4280,-142,348,709
64.32595,163,1269,-1736,526,4278,-142,348,709
64.32645,163,1268,-1736,526,4276,-142,348,709
64.32695,163,1269,-1735,527,4289,-142,348,709
64.32745,163,1268,-1735,528,4321,-142,348,710
64.32795,163,1269,-1735,528,4320,-143,348,709
64.32845,163,1269,-1735,528,4315,-142,348,709
64.32895,163,1269,-1735,529,4284,-142,349,709
64.32945,163,1269,-1735,529,4255,-142,348,709
64.32995,163,1269,-1735,530,4249,-142,348,709
64.33045,163,1268,-1734,529,4248,-142,348,709
64.33095,163,1268,-1734,527,4250,-142,348,709
64.33145,163,1269,-1734,524,4252,-142,348,709
64.33195,163,1269,-1734,523,4255,-142,347,709
64.33245,163,1268,-1734,524,4254,-142,348,709
64.33295,163,1269,-1734,525,4253,-142,348,709
64.33345,163,1268,-1734,525,4256,-142,348,709
64.33395,163,1269,-1734,526,4258,-142,348,709
64.33445,163,1269,-1734,526,4264,-142,348,709
64.33495,163,1269,-1734,526,4267,-142,348,709
64.33545,163,1269,-1735,527,4270,-142,348,709
64.33595,163,1269,-1735,527,4272,-142,348,709
64.33645,163,1269,-1735,526,4270,-142,347,709
64.33695,163,1269,-1736,527,4285,-142,348,709
64.33745,163,1269,-1736,527,4317,-142,347,709
64.33795,163,1269,-1735,526,4316,-142,348,709
64.33845,163,1269,-1735,527,4308,-142,348,709
64.33895,163,1269,-1736,527,4282,-143,348,709
64.33945,163,1269,-1736,528,4256,-143,348,709
64.33995,163,1269,-1737,528,4249,-142,348,709
64.34045,163,1269,-1737,529,4250,-142,348,709
64.34095,163,1269,-1737,528,4258,-142,348,709
64.34145,163,1269,-1736,529,4262,-142,348,709
64.34195,163,1269,-1736,529,4262,-142,348,709
64.34245,163,1269,-1736,531,4263,-142,348,709
64.34295,163,1269,-1736,530,4263,-142,348,710
64.34345,163,1269,-1736,529,4261,-142,348,709
64.34395,163,1269,-1736,528,4268,-142,348,710
64.34445,163,1269,-1736,527,4268,-142,348,710
64.34495,163,1269,-1735,525,4272,-142,348,710
64.34545,163,1269,-1735,525,4276,-142,348,710
64.34595,163,1269,-1735,525,4275,-142,347,710
64.34645,163,1269,-1735,526,4271,-142,348,710
64.34695,163,1269,-1734,527,4284,-142,348,710
64.34745,163,1269,-1734,528,4312,-142,348,710
64.347946,163,1269,-1734,529,4304,-142,348,710
64.34845,163,1269,-1734,529,4293,-142,348,710
64.34895,163,1269,-1735,529,4266,-142,348,710
64.34945,163,1269,-1735,528,4245,-142,348,710
64.34995,163,1269,-1735,526,4241,-142,348,710
64.35045,163,1269,-1734,523,4243,-142,348,710
64.35095,163,1269,-1734,523,4247,-142,348,710
64.35145,163,1269,-1734,523,4249,-142,347,710
64.35195,163,1269,-1734,524,4252,-142,348,710
64.35245,163,1269,-1734,525,4252,-142,348,710
64.35295,163,1269,-1735,525,4250,-142,348,710
64.35345,163,1269,-1735,525,4252,-142,348,710
64.35405,163,1269,-1735,526,4255,-142,348,710
64.35455,163,1269,-1735,527,4262,-142,348,710
64.35505,163,1269,-1734,527,4267,-142,348,710
64.35555,163,1269,-1735,528,4270,-141,348,711
64.35605,163,1269,-1734,527,4267,-142,348,710
64.35655,163,1269,-1735,527,4261,-141,347,710
64.35705,163,1269,-1735,527,4290,-142,347,710
64.35755,163,1269,-1735,526,4319,-142,348,710
64.35805,163,1269,-1735,527,4314,-142,347,710
64.35855,163,1269,-1735,527,4301,-142,348,710
64.35905,163,1268,-1735,526,4268,-142,348,710
64.35955,163,1269,-1735,527,4244,-142,348,710
64.36005,163,1269,-1735,527,4241,-142,348,710
64.36055,163,1269,-1735,527,4244,-142,348,710
64.36105,163,1269,-1735,528,4248,-142,348,710
64.36155,163,1269,-1735,528,4252,-142,348,710
64.36205,163,1269,-1735,528,4254,-142,348,710
64.36255,163,1269,-1735,528,4256,-142,348,710
64.36305,163,1269,-1735,528,4257,-142,348,710
64.36355,163,1269,-1735,527,4257,-141,348,710
64.36405,163,1269,-1735,527,4253,-142,348,710
64.36455,163,1269,-1735,527,4256,-142,348,711
64.36505,163,1268,-1735,526,4258,-142,348,711
64.36555,163,1269,-1735,526,4253,-142,348,711
64.36605,163,1269,-1736,527,4255,-141,347,711
64.36655,163,1269,-1736,527,4259,-142,348,711
64.36705,163,1268,-1736,527,4284,-141,347,711
64.36755,163,1268,-1736,527,4309,-142,347,711
64.36805,163,1268,-1735,527,4305,-142,348,711
64.36855,163,1269,-1734,526,4295,-142,348,710
64.36905,163,1269,-1734,525,4264,-142,348,711
64.36955,163,1269,-1734,525,4248,-142,348,711
64.37005,163,1269,-1735,526,4243,-142,348,711
64.37055,163,1268,-1736,526,4244,-142,348,711
64.37105,163,1269,-1736,527,4248,-141,348,711
64.37155,163,1268,-1735,527,4253,-142,348,711
64.37205,163,1269,-1736,527,4257,-142,348,711
64.37255,163,1268,-1736,527,4258,-141,348,711
64.37305,163,1269,-1735,527,4256,-141,348,711
64.37355,163,1269,-1735,527,4258,-142,348,711
64.37405,163,1269,-1735,528,4260,-141,348,711
64.37455,163,1269,-1735,528,4265,-142,348,711
64.37505,163,1269,-1735,528,4267,-141,348,711
64.37555,163,1269,-1734,529,4269,-142,348,711
64.37605,163,1269,-1733,529,4270,-142,348,711
64.37655,163,1269,-1734,529,4267,-142,348,711
64.37705,164,1268,-1734,528,4295,-141,348,711
64.37755,163,1268,-1735,527,4316,-141,348,711
64.37805,163,1268,-1735,526,4309,-142,348,711
64.37855,163,1269,-1734,525,4297,-141,347,711
64.37905,163,1268,-1734,524,4263,-142,348,710
64.37955,163,1269,-1733,524,4245,-142,348,711
64.38005,163,1268,-1733,525,4243,-142,347,711
64.38055,163,1268,-1733,525,4243,-142,348,711
64.38105,163,1268,-1734,526,4251,-142,348,711
64.38155,163,1269,-1735,527,4253,-142,348,711
64.38205,163,1269,-1735,527,4254,-141,348,711
64.38255,163,1268,-1735,526,4257,-142,348,711
64.38305,163,1268,-1735,526,4259,-141,348,711
64.38355,163,1269,-1736,526,4261,-142,348,711
64.38405,163,1268,-1736,526,4260,-142,348,711
64.38455,163,1268,-1735,526,4260,-142,348,711
64.38505,163,1269,-1735,527,4264,-142,348,711
64.38555,163,1268,-1735,527,4266,-141,348,711
64.38605,163,1268,-1735,527,4269,-141,348,712
64.38655,163,1268,-1735,527,4271,-142,348,711
64.38705,163,1268,-1735,527,4306,-142,347,711
64.38755,163,1268,-1734,526,4319,-142,347,711
64.38805,163,1269,-1734,526,4309,-141,348,711
64.38855,163,1268,-1734,526,4297,-142,348,711
64.38905,163,1268,-1734,526,4266,-141,348,711
64.38955,163,1268,-1734,526,4252,-142,348,711
64.39005,163,1269,-1734,526,4251,-142,348,711
64.39055,163,1269,-1735,526,4253,-142,348,712
64.39105,163,1268,-1735,525,4257,-142,348,711
64.39155,162,1268,-1735,525,4261,-142,348,711
64.39205,163,1268,-1735,525,4258,-142,348,711
64.39255,163,1269,-1735,525,4254,-142,348,711
64.39305,163,1268,-1736,525,4252,-142,348,711
64.39355,163,1268,-1737,527,4253,-142,348,711
64.39405,163,1269,-1738,528,4256,-142,348,711
64.39455,163,1268,-1738,528,4262,-141,348,711
64.39505,163,1269,-1737,529,4266,-142,348,711
64.39555,163,1269,-1736,529,4267,-141,348,711
64.39605,163,1268,-1735,530,4263,-142,348,711
64.39655,163,1269,-1734,530,4262,-142,348,711
64.39705,163,1268,-1734,531,4297,-142,348,712
64.39755,163,1269,-1735,531,4311,-142,348,711
64.39805,163,1268,-1735,531,4308,-141,348,711
64.39855,163,1268,-1735,528,4287,-141,349,711
64.39905,163,1269,-1736,528,4251,-141,348,711
64.39955,163,1269,-1736,527,4239,-141,348,712
64.40005,163,1269,-1735,527,4240,-141,348,711
64.40055,163,1269,-1735,525,4250,-141,348,712
64.40105,163,1268,-1734,524,4252,-141,347,711
64.40155,163,1268,-1734,524,4256,-142,347,711
64.40205,163,1268,-1735,524,4255,-142,347,711
64.40255,163,1268,-1735,525,4255,-142,348,711
64.40305,163,1268,-1734,526,4258,-142,347,711
64.40355,163,1269,-1735,527,4259,-142,348,711
64.40405,163,1269,-1734,527,4258,-141,348,711
64.40455,163,1268,-1735,528,4262,-141,348,712
64.40505,163,1268,-1735,528,4267,-141,348,711
64.40555,163,1269,-1735,529,4272,-141,348,712
64.40605,163,1269,-1736,529,4272,-141,348,712
64.40655,163,1269,-1737,528,4280,-141,348,711
64.40705,163,1268,-1737,527,4315,-141,347,712
64.40755,163,1269,-1738,526,4315,-141,347,711
64.40805,163,1268,-1738,525,4310,-141,347,711
64.40855,163,1269,-1737,526,4287,-141,348,711
64.40905,163,1268,-1736,527,4251,-141,348,711
64.40955,163,1269,-1735,528,4241,-141,348,711
64.41005,163,1269,-1732,527,4242,-141,348,712
64.41055,163,1268,-1731,525,4248,-141,348,712
64.41105,163,1268,-1731,525,4255,-141,348,711
64.41155,163,1269,-1732,525,4256,-141,348,711
64.41205,163,1269,-1733,525,4253,-141,347,712
64.41255,163,1268,-1734,525,4252,-141,347,712
64.41305,163,1268,-1735,525,4253,-141,348,712
64.41355,163,1268,-1736,525,4254,-141,347,711
64.41405,163,1268,-1737,526,4253,-141,348,712
64.41455,163,1268,-1737,527,4254,-141,348,712
64.41505,163,1268,-1738,527,4259,-141,348,712
64.41555,163,1268,-1739,528,4264,-141,348,712
64.41605,163,1269,-1739,527,4266,-141,348,712
64.41665,163,1268,-1736,528,4270,-141,347,711
64.41715,163,1268,-1733,528,4305,-141,347,712
64.41765,163,1269,-1731,527,4306,-141,347,711
64.41815,163,1269,-1732,527,4303,-141,348,712
64.41865,162,1269,-1733,527,4280,-141,348,712
64.41915,163,1269,-1734,527,4252,-141,348,712
64.41965,163,1269,-1733,527,4245,-141,348,711
64.42015,163,1269,-1733,527,4242,-141,349,712
64.42065,163,1268,-1734,528,4244,-141,348,711
64.42115,163,1268,-1734,529,4256,-141,348,711
64.42165,163,1268,-1735,529,4256,-141,348,712
64.42215,163,1268,-1735,528,4259,-141,348,712
64.42265,163,1268,-1735,527,4267,-141,348,712
64.42315,163,1268,-1735,526,4269,-141,347,712
64.42365,163,1268,-1735,527,4270,-141,347,712
64.42415,163,1268,-1735,527,4266,-141,348,712
64.42465,163,1268,-1735,528,4268,-141,348,711
64.42515,163,1268,-1735,528,4269,-141,348,712
64.42565,163,1268,-1734,527,4265,-141,348,712
64.42615,163,1269,-1733,525,4270,-141,348,712
64.42665,163,1269,-1733,525,4278,-141,348,712
64.42715,163,1269,-1733,525,4312,-141,348,712
64.42765,163,1268,-1733,525,4313,-141,348,712
64.42815,163,1269,-1734,524,4303,-141,348,711
64.42865,163,1268,-1734,523,4281,-141,348,712
64.42915,163,1268,-1735,524,4248,-141,348,712
64.42965,163,1269,-1736,525,4244,-141,348,712
64.43015,163,1269,-1736,526,4246,-141,348,711
64.43065,163,1269,-1736,526,4248,-141,348,712
64.43115,163,1269,-1734,526,4245,-141,348,711
64.43165,163,1269,-1735,526,4249,-141,348,712
64.43215,163,1269,-1734,526,4250,-141,348,712
64.43265,163,1269,-1735,526,4254,-141,348,712
64.43315,163,1269,-1734,526,4254,-141,348,712
64.43365,163,1269,-1735,526,4256,-141,348,712
64.43415,163,1269,-1735,527,4258,-141,348,712
64.43465,163,1269,-1735,527,4265,-141,348,712
64.43515,163,1269,-1735,528,4269,-141,348,712
64.43565,163,1269,-1735,527,4270,-141,348,712
64.43615,163,1269,-1736,527,4267,-141,348,712
64.43665,163,1268,-1735,527,4279,-140,347,712
64.43715,163,1269,-1735,527,4318,-141,347,712
64.43765,163,1268,-1734,528,4319,-141,348,712
64.43815,163,1268,-1735,528,4312,-141,348,712
64.43865,163,1269,-1735,528,4288,-141,348,712
64.43915,163,1269,-1736,528,4260,-141,348,711
64.43965,163,1268,-1737,529,4254,-141,348,711
64.44015,163,1268,-1736,529,4251,-141,348,712
64.44065,164,1269,-1736,529,4257,-141,348,711
64.44115,163,1268,-1735,528,4264,-141,348,711
64.44165,163,1269,-1735,528,4261,-141,348,712
64.44215,163,1268,-1734,526,4262,-141,348,711
64.44265,163,1269,-1735,524,4268,-141,348,711
64.44315,163,1269,-1735,523,4266,-141,348,712
64.44365,164,1268,-1734,523,4266,-141,347,711
64.44415,163,1268,-1734,523,4269,-141,348,712
64.44465,164,1269,-1734,524,4268,-141,348,712
64.44515,163,1269,-1734,526,4275,-141,348,711
64.44565,164,1269,-1734,527,4276,-141,347,711
64.44615,163,1269,-1734,527,4272,-141,348,711
64.44665,164,1268,-1734,527,4282,-141,348,712
64.44715,163,1269,-1734,527,4317,-141,347,712
64.44765,163,1269,-1735,527,4322,-141,347,711
64.44815,163,1269,-1734,527,4313,-141,348,712
64.44865,163,1269,-1734,526,4283,-141,348,712
64.44915,162,1269,-1735,526,4259,-141,348,711
64.44965,162,1269,-1735,527,4255,-141,348,711
64.45015,162,1269,-1735,527,4251,-141,348,711
64.45065,162,1269,-1735,527,4255,-141,347,711
64.45115,163,1269,-1735,527,4258,-141,348,712
64.45165,162,1269,-1734,528,4260,-141,348,711
64.45215,163,1269,-1735,528,4268,-141,348,711
64.45265,163,1269,-1735,528,4266,-141,348,711
64.45315,163,1269,-1735,528,4262,-141,348,711
64.45365,163,1269,-1735,528,4265,-141,348,711
64.45415,163,1269,-1735,528,4268,-141,348,711
64.45465,163,1269,-1734,527,4276,-141,348,712
64.45515,163,1269,-1734,526,4281,-141,348,711
64.45565,163,1269,-1734,525,4290,-141,348,712
64.45615,163,1269,-1734,524,4288,-141,347,712
64.45665,163,1269,-1735,525,4304,-141,348,712
64.45715,163,1269,-1735,526,4338,-141,347,712
64.45765,163,1268,-1735,526,4335,-141,348,712
64.45815,163,1269,-1735,526,4325,-141,348,712
64.45865,163,1269,-1735,526,4295,-141,348,711
64.45915,162,1269,-1735,526,4267,-141,348,711
64.45965,163,1269,-1735,527,4254,-141,348,711
64.46015,163,1269,-1734,527,4253,-141,348,711
64.46065,163,1268,-1734,526,4262,-141,348,712
64.46115,163,1269,-1733,526,4270,-140,347,711
64.46165,163,1269,-1733,526,4276,-141,348,711
64.46215,163,1269,-1734,527,4274,-141,348,711
64.46265,163,1269,-1734,527,4274,-141,348,711
64.46315,163,1269,-1735,527,4275,-141,348,711
64.46365,163,1269,-1735,527,4275,-141,348,711
64.46415,163,1269,-1735,527,4273,-141,348,711
64.46465,163,1269,-1734,527,4277,-141,348,712
64.46515,163,1269,-1735,527,4280,-141,348,712
64.46565,163,1269,-1735,527,4286,-141,348,711
64.46615,163,1269,-1735,527,4289,-141,348,712
64.46665,163,1269,-1735,528,4299,-141,348,711
64.46715,163,1269,-1735,528,4334,-141,348,711
64.46765,163,1269,-1735,528,4328,-141,348,711
64.46815,163,1269,-1735,528,4315,-141,348,711
64.46865,163,1269,-1736,528,4291,-141,348,711
64.46915,163,1269,-1735,528,4267,-141,348,711
64.46965,163,1269,-1736,528,4264,-142,348,711
64.470146,163,1269,-1736,527,4267,-141,348,711
64.47065,163,1269,-1736,526,4273,-141,348,711
64.47115,163,1269,-1735,525,4275,-141,348,711
64.47165,163,1269,-1734,525,4277,-141,348,711
64.47215,163,1269,-1735,525,4281,-141,348,711
64.47265,163,1269,-1734,525,4281,-141,348,711
64.47315,163,1269,-1734,525,4278,-141,348,711
64.47365,163,1269,-1734,526,4280,-141,347,711
64.47415,163,1269,-1734,526,4282,-141,348,711
64.47465,163,1268,-1734,526,4287,-141,348,711
64.47515,163,1269,-1735,527,4289,-141,348,711
64.47565,163,1268,-1735,527,4288,-141,348,710
64.47615,163,1269,-1735,527,4285,-141,348,711
64.47665,163,1269,-1735,528,4309,-141,347,711
64.47715,163,1269,-1735,528,4337,-141,347,711
64.47765,163,1269,-1734,527,4331,-141,347,710
64.47815,163,1269,-1734,527,4322,-141,348,711
64.47875,163,1269,-1734,527,4297,-141,348,711
64.47925,163,1269,-1735,527,4269,-141,348,711
64.47975,163,1269,-1735,527,4262,-141,347,712
64.48025,163,1269,-1735,527,4263,-141,347,711
64.48075,163,1269,-1736,526,4273,-141,348,711
64.48125,163,1269,-1735,526,4272,-141,347,712
64.48175,163,1269,-1735,526,4271,-141,348,712
64.48225,163,1269,-1735,526,4278,-141,347,712
64.48275,163,1269,-1735,526,4281,-141,347,712
64.48325,163,1269,-1734,526,4282,-141,347,712
64.48375,163,1269,-1735,526,4283,-141,347,712
64.48425,163,1269,-1735,526,4282,-141,348,712
64.48475,163,1269,-1735,526,4281,-141,347,712
64.48525,163,1269,-1735,527,4286,-140,347,711
64.48575,163,1269,-1735,527,4285,-140,347,711
64.48625,163,1269,-1736,528,4281,-140,348,711
64.48675,163,1269,-1735,528,4304,-140,347,712
64.48725,163,1268,-1736,527,4334,-140,347,711
64.48775,163,1269,-1735,527,4335,-140,347,711
64.48825,163,1269,-1735,527,4323,-141,347,711
64.48875,163,1269,-1735,527,4292,-141,347,711
64.48925,163,1269,-1734,527,4271,-141,348,711
64.48975,163,1269,-1734,527,4268,-141,348,711
64.49025,163,1269,-1734,526,4270,-141,348,711
64.49075,163,1269,-1735,527,4276,-141,348,711
64.49125,163,1269,-1735,526,4276,-141,348,711
64.49175,163,1269,-1735,525,4276,-141,347,711
64.49225,163,1269,-1734,525,4277,-140,348,712
64.49275,163,1269,-1734,525,4278,-140,348,711
64.49325,163,1269,-1734,525,4277,-141,348,711
64.49375,163,1269,-1734,526,4274,-141,349,711
64.49425,163,1269,-1735,526,4273,-141,349,711
64.49475,163,1269,-1735,527,4279,-141,348,711
64.49525,163,1269,-1735,527,4282,-141,348,711
64.49575,163,1269,-1735,527,4286,-141,348,711
64.49625,163,1269,-1735,527,4285,-140,348,711
64.49675,163,1269,-1735,527,4308,-140,348,711
64.49725,163,1269,-1735,527,4331,-141,348,711
64.49775,163,1269,-1735,527,4326,-140,348,711
64.49825,163,1269,-1735,526,4314,-141,348,711
64.49875,163,1269,-1735,527,4282,-141,348,711
64.49925,163,1269,-1734,526,4261,-141,348,711
64.49975,163,1269,-1735,527,4257,-140,348,711
64.50025,163,1269,-1734,527,4260,-141,348,711
64.50075,163,1269,-1734,527,4271,-141,348,711
64.50125,163,1269,-1735,528,4275,-140,348,711
64.50175,163,1269,-1735,527,4276,-141,348,711
64.50225,163,1269,-1735,528,4278,-141,348,711
64.50275,163,1269,-1735,528,4281,-140,348,711
64.50325,163,1269,-1734,528,4282,-141,348,711
64.50375,163,1269,-1734,528,4283,-140,348,711
64.50425,163,1269,-1735,528,4281,-140,348,711
64.50475,163,1269,-1734,528,4286,-140,347,711
64.50525,163,1269,-1734,527,4290,-141,347,711
64.50575,163,1269,-1734,526,4292,-140,348,711
64.50625,163,1269,-1734,524,4294,-140,348,711
64.50675,163,1269,-1734,525,4320,-141,348,711
64.50725,163,1269,-1734,525,4340,-141,347,711
64.50775,163,1269,-1734,525,4332,-141,348,711
64.50825,163,1269,-1734,526,4318,-141,348,711
64.50875,163,1269,-1735,526,4287,-141,348,710
64.50925,163,1269,-1734,526,4269,-141,348,710
64.50975,162,1269,-1734,527,4271,-141,348,711
64.51025,163,1269,-1734,526,4274,-140,348,710
64.51075,163,1269,-1734,526,4274,-141,348,711
64.51125,163,1269,-1735,526,4276,-141,348,710
64.51175,163,1269,-1735,526,4273,-140,348,711
64.51225,163,1269,-1735,526,4278,-140,348,710
64.51275,163,1269,-1735,526,4274,-141,348,711
64.51325,163,1269,-1736,526,4272,-141,348,711
64.51375,163,1269,-1736,527,4268,-140,348,711
64.51425,163,1269,-1736,528,4267,-140,348,711
64.51475,163,1269,-1735,528,4274,-140,348,711
64.51525,163,1269,-1734,527,4277,-140,348,711
64.51575,163,1269,-1735,527,4278,-141,348,711
64.51625,163,1269,-1735,527,4278,-140,348,711
64.51675,163,1268,-1736,528,4313,-140,348,711
64.51725,163,1269,-1736,527,4333,-140,347,711
64.51775,163,1269,-1736,527,4327,-140,348,711
64.51825,163,1269,-1736,528,4314,-140,348,711
64.51875,163,1269,-1737,528,4281,-140,349,711
64.51925,163,1269,-1737,528,4264,-140,348,711
64.51975,163,1269,-1736,529,4264,-140,349,711
64.52025,163,1269,-1735,530,4268,-140,348,711
64.52075,163,1269,-1734,530,4276,-140,348,711
64.52125,163,1269,-1733,529,4279,-140,348,711
64.52175,163,1269,-1733,527,4280,-140,348,711
64.52225,163,1269,-1734,527,4283,-141,348,711
64.52275,163,1269,-1734,528,4286,-140,348,711
64.52325,163,1269,-1735,529,4287,-141,348,711
64.52375,163,1269,-1735,530,4288,-140,349,711
64.52425,163,1269,-1735,529,4287,-141,349,711
64.52475,163,1269,-1735,527,4284,-141,348,711
64.52525,163,1269,-1734,525,4287,-140,348,710
64.52575,163,1269,-1734,524,4287,-141,348,710
64.52625,163,1269,-1733,523,4293,-140,348,711
64.52675,163,1269,-1734,524,4329,-140,348,711
64.52725,163,1269,-1734,525,4335,-140,348,711
64.52775,163,1269,-1735,526,4326,-141,347,711
64.52825,163,1269,-1735,526,4311,-141,347,711
64.52875,163,1269,-1734,525,4277,-141,348,710
64.52925,163,1269,-1734,525,4264,-141,348,711
64.52975,163,1269,-1734,526,4267,-140,348,711
64.53025,163,1269,-1735,527,4267,-140,348,711
64.53075,163,1269,-1735,528,4270,-141,348,711
64.53125,163,1269,-1736,528,4269,-141,348,711
64.53175,163,1269,-1736,528,4268,-140,348,711
64.53225,163,1269,-1736,528,4270,-141,348,710
64.53275,163,1269,-1736,528,4273,-141,348,711
64.53325,163,1269,-1736,528,4274,-140,348,711
64.53375,163,1269,-1735,528,4272,-140,348,711
64.53425,163,1269,-1734,528,4271,-141,348,711
64.53475,163,1269,-1734,527,4278,-141,348,711
64.53525,163,1269,-1733,526,4282,-141,348,711
64.53575,163,1269,-1734,524,4286,-141,348,711
64.53625,163,1269,-1733,524,4291,-141,348,711
64.53675,163,1269,-1734,525,4327,-140,347,711
64.53725,163,1269,-1734,525,4335,-140,348,711
64.53775,163,1269,-1734,525,4330,-141,348,711
64.53825,163,1269,-1734,526,4312,-140,348,711
64.53875,163,1269,-1734,526,4280,-141,348,711
64.53925,163,1269,-1734,526,4269,-141,348,711
64.53975,163,1269,-1734,526,4267,-141,348,711
64.54025,163,1269,-1734,527,4272,-141,348,711
64.54075,163,1269,-1734,526,4281,-141,348,711
64.54135,163,1269,-1734,526,4282,-141,348,711
64.54185,163,1269,-1734,526,4281,-141,348,711
64.54235,163,1269,-1735,526,4282,-141,348,711
64.54285,163,1269,-1735,526,4282,-141,348,710
64.54335,163,1269,-1734,526,4284,-141,348,711
64.54385,163,1269,-1734,527,4288,-140,348,711
64.54435,163,1269,-1735,526,4281,-140,348,711
64.54485,163,1269,-1734,526,4281,-140,348,711
64.54535,163,1269,-1734,527,4284,-140,348,711
64.54585,163,1269,-1735,526,4284,-140,348,711
64.54635,163,1268,-1735,527,4291,-140,348,711
64.54685,163,1268,-1735,527,4326,-140,347,711
64.54735,163,1268,-1735,527,4330,-140,348,711
64.54785,163,1268,-1735,527,4319,-140,348,711
64.54835,163,1269,-1735,527,4299,-141,348,711
64.54885,163,1269,-1735,527,4270,-141,348,711
64.54935,163,1269,-1735,527,4261,-141,348,711
64.54985,163,1269,-1735,528,4262,-140,348,710
64.55035,163,1269,-1735,528,4268,-141,348,711
64.55085,163,1269,-1734,527,4278,-140,348,711
64.55135,163,1269,-1734,526,4273,-141,348,711
64.55185,164,1269,-1734,526,4271,-141,348,711
64.55235,163,1269,-1735,526,4274,-141,348,711
64.55285,163,1269,-1735,526,4274,-140,348,711
64.55335,163,1269,-1735,526,4271,-140,348,711
64.55385,163,1269,-1736,527,4273,-140,348,711
64.55435,163,1269,-1736,527,4275,-140,348,711
64.55485,163,1269,-1736,526,4283,-140,348,711
64.55535,163,1269,-1736,526,4288,-140,348,711
64.55585,163,1269,-1735,526,4288,-140,348,711
64.55635,163,1269,-1734,527,4294,-141,348,711
64.55685,163,1269,-1734,527,4333,-140,348,711
64.55735,163,1269,-1735,527,4337,-140,348,711
64.55785,163,1269,-1735,528,4328,-140,348,711
64.55835,163,1269,-1735,527,4304,-141,349,711
64.55885,163,1269,-1734,527,4271,-141,348,711
64.55935,163,1269,-1734,528,4261,-141,348,711
64.55985,163,1269,-1734,528,4262,-140,348,711
64.56035,163,1269,-1734,527,4267,-140,348,711
64.56085,163,1269,-1735,527,4270,-140,348,711
64.56135,163,1269,-1734,527,4272,-140,348,711
64.56185,163,1269,-1734,527,4272,-140,348,711
64.56235,163,1269,-1734,526,4274,-141,348,711
64.56285,163,1269,-1734,526,4275,-140,348,711
64.56335,163,1269,-1734,526,4274,-141,348,711
64.56385,163,1269,-1734,526,4274,-140,348,711
64.56435,163,1269,-1734,526,4273,-140,348,711
64.56485,163,1269,-1734,525,4270,-140,348,711
64.56535,163,1269,-1734,525,4274,-141,348,711
64.56585,163,1269,-1735,526,4275,-140,348,711
64.56635,163,1269,-1735,527,4286,-140,347,711
64.56685,163,1269,-1736,527,4325,-141,347,712
64.56735,163,1269,-1735,527,4328,-141,347,711
64.56785,163,1269,-1735,526,4324,-141,348,711
64.56835,163,1269,-1735,526,4295,-141,348,711
64.56885,163,1269,-1736,526,4264,-141,348,711
64.56935,163,1269,-1735,526,4258,-141,348,711
64.56985,163,1269,-1734,526,4260,-141,348,711
64.57035,163,1269,-1735,526,4267,-140,348,712
64.57085,163,1269,-1734,526,4272,-141,348,711
64.57135,163,1269,-1733,525,4276,-141,348,711
64.57185,163,1269,-1733,526,4273,-141,348,711
64.57235,163,1269,-1734,527,4273,-141,348,711
64.57285,163,1269,-1734,527,4275,-140,348,711
64.57335,163,1269,-1734,527,4272,-141,348,711
64.57385,163,1269,-1734,527,4272,-141,348,711
64.57435,163,1269,-1735,528,4272,-141,349,711
64.57485,163,1269,-1734,527,4277,-141,348,711
64.57535,163,1269,-1735,528,4280,-141,348,711
64.57585,163,1269,-1735,528,4281,-140,348,711
64.57635,163,1269,-1735,528,4292,-140,348,712
64.57685,163,1269,-1735,528,4326,-140,348,712
64.57735,163,1269,-1735,528,4329,-141,348,711
64.57785,163,1269,-1734,528,4321,-140,348,711
64.57835,162,1269,-1734,527,4289,-141,348,711
64.57885,163,1269,-1735,528,4258,-141,348,711
64.57935,163,1269,-1735,527,4250,-140,348,711
64.57985,163,1269,-1735,526,4249,-140,348,712
64.58035,163,1269,-1735,525,4257,-141,347,711
64.58085,163,1269,-1734,526,4268,-140,348,712
64.58135,163,1269,-1734,525,4266,-141,348,712
64.58185,163,1269,-1734,525,4268,-141,348,711
64.58235,163,1269,-1734,526,4270,-140,348,712
64.58285,163,1269,-1734,527,4267,-141,348,711
64.58335,163,1269,-1734,526,4272,-140,348,712
64.58385,163,1269,-1734,526,4271,-141,348,712
64.58435,163,1269,-1734,526,4272,-141,348,711
64.58485,163,1269,-1734,527,4276,-141,348,711
64.58535,163,1269,-1734,527,4272,-141,348,711
64.58585,163,1269,-1734,527,4272,-141,348,711
64.58635,163,1269,-1735,527,4288,-140,348,712
64.58685,163,1269,-1735,527,4323,-141,348,711
64.58735,163,1269,-1734,527,4326,-141,348,711
64.58785,163,1269,-1734,526,4313,-141,348,711
64.58835,163,1269,-1734,526,4288,-141,348,711
64.58885,163,1269,-1734,526,4264,-141,348,711
64.58935,163,1269,-1734,526,4260,-140,348,712
64.58985,163,1269,-1735,526,4263,-141,348,712
64.59035,163,1269,-1735,526,4272,-141,348,712
64.59085,163,1269,-1735,527,4277,-141,348,712
64.59135,163,1269,-1734,527,4274,-141,348,712
64.59185,163,1269,-1734,527,4271,-141,348,712
64.59235,163,1268,-1735,527,4271,-141,348,712
64.59285,162,1268,-1735,527,4269,-141,348,711
64.59335,163,1269,-1735,527,4264,-141,348,712
64.59385,163,1269,-1735,527,4260,-141,348,712
64.59435,163,1269,-1735,527,4264,-141,348,712
64.59485,163,1269,-1736,528,4272,-140,347,712
64.59535,163,1269,-1736,529,4274,-141,347,712
64.59585,163,1268,-1736,529,4274,-141,348,712
64.59635,163,1269,-1736,529,4290,-141,348,712
64.59685,163,1269,-1736,529,4321,-141,347,712
64.59735,163,1269,-1735,529,4318,-141,348,711
64.59785,163,1269,-1735,529,4307,-141,348,712
64.59835,163,1269,-1735,529,4275,-141,348,712
64.59885,163,1269,-1735,529,4252,-141,348,712
64.59935,163,1269,-1735,529,4250,-141,348,711
64.59985,163,1269,-1734,528,4251,-141,348,711
64.60035,163,1269,-1734,527,4254,-140,348,712
64.60085,163,1269,-1733,526,4258,-141,347,711
64.60135,163,1269,-1733,525,4264,-141,347,711
64.60185,163,1269,-1733,524,4260,-141,348,712
64.60235,163,1269,-1733,525,4262,-141,347,711
64.60285,162,1269,-1733,525,4270,-141,348,711
64.60335,163,1269,-1734,525,4269,-141,348,711
64.60395,163,1269,-1734,525,4270,-141,348,711
64.60445,163,1269,-1735,526,4272,-141,348,711
64.60495,163,1269,-1735,526,4271,-141,348,711
64.60545,163,1269,-1735,527,4276,-141,348,712
64.60595,163,1269,-1734,526,4278,-141,348,711
64.60645,163,1269,-1734,527,4300,-141,348,712
64.60695,163,1269,-1734,527,4331,-141,348,712
64.60745,163,1269,-1734,527,4332,-141,348,711
64.60795,163,1269,-1734,527,4323,-141,348,711
64.60845,163,1269,-1734,527,4288,-141,348,712
64.60895,163,1269,-1734,526,4260,-141,348,712
64.60945,163,1269,-1734,527,4260,-140,348,712
64.60995,163,1269,-1735,527,4263,-141,348,712
64.61045,163,1269,-1735,527,4268,-140,348,712
64.61095,163,1269,-1735,527,4271,-140,348,711
64.61145,163,1269,-1735,527,4268,-141,348,712
64.61195,163,1269,-1735,527,4263,-141,348,711
64.61245,163,1269,-1735,527,4268,-141,348,712
64.61295,163,1269,-1735,527,4266,-141,348,712
64.61345,163,1269,-1734,527,4265,-141,348,712
64.61395,163,1269,-1734,526,4265,-141,348,712
64.61445,163,1269,-1734,526,4265,-141,348,712
64.61495,163,1269,-1734,526,4269,-141,348,712
64.61545,163,1269,-1735,526,4274,-141,348,712
64.61595,163,1269,-1735,526,4276,-141,348,712
64.61645,163,1269,-1735,527,4297,-141,347,712
64.61695,163,1269,-1735,527,4326,-141,348,713
64.61745,163,1269,-1735,527,4321,-141,348,712
64.61795,163,1269,-1735,527,4308,-141,348,713
64.61845,163,1269,-1735,527,4281,-141,348,712
64.61895,163,1269,-1735,527,4256,-141,348,712
64.61945,163,1269,-1734,526,4254,-141,348,712
64.61995,163,1269,-1734,526,4258,-141,348,712
64.62045,163,1269,-1734,527,4268,-141,348,712
64.62095,163,1269,-1734,527,4275,-140,348,712
64.62145,163,1269,-1734,527,4277,-141,348,712
64.62195,163,1269,-1734,527,4278,-141,348,712
64.62245,163,1269,-1734,527,4281,-141,348,712
64.62295,163,1269,-1735,527,4282,-141,348,712
64.62345,163,1269,-1735,527,4283,-141,348,712
64.62395,163,1269,-1734,527,4284,-141,348,712
64.62445,163,1269,-1735,527,4280,-141,348,712
64.62495,163,1269,-1735,527,4282,-140,348,712
64.62545,163,1269,-1734,527,4283,-140,347,712
64.62595,163,1269,-1734,527,4281,-140,348,712
64.62645,162,1269,-1735,528,4306,-140,348,713
64.62695,163,1269,-1735,527,4332,-141,348,712
64.62745,163,1269,-1735,527,4321,-141,348,712
64.62795,163,1269,-1735,527,4313,-141,348,711
64.62845,163,1269,-1735,527,4285,-141,348,712
64.62895,163,1269,-1735,528,4261,-140,348,712
64.62945,163,1269,-1735,528,4262,-141,348,712
64.62995,163,1269,-1735,527,4266,-141,348,712
64.63045,163,1269,-1735,527,4271,-141,348,712
64.63095,163,1269,-1735,527,4272,-141,348,712
64.63145,163,1269,-1735,527,4270,-141,348,712
64.63195,163,1269,-1735,527,4268,-141,348,712
64.63245,163,1269,-1735,526,4270,-141,348,712
64.63295,163,1269,-1734,526,4272,-141,348,712
64.63345,163,1269,-1734,527,4269,-141,348,712
64.63395,163,1268,-1734,527,4270,-141,348,712
64.63445,163,1269,-1734,527,4272,-141,348,712
64.63495,163,1269,-1733,527,4278,-141,348,712
64.63545,163,1269,-1733,527,4281,-141,348,712
64.63595,163,1269,-1733,526,4282,-140,348,712
64.63645,163,1269,-1734,528,4312,-141,347,712
64.63695,163,1269,-1735,527,4335,-141,348,713
64.63745,163,1268,-1735,527,4330,-141,348,712
64.63795,163,1269,-1735,527,4315,-141,348,712
64.63845,163,1269,-1735,526,4287,-141,348,712
64.63895,162,1269,-1735,527,4271,-141,348,712
64.63945,163,1269,-1735,527,4269,-141,348,712
64.63995,163,1269,-1734,527,4272,-141,348,712
64.64045,163,1269,-1734,527,4278,-141,348,712
64.64095,163,1269,-1734,527,4281,-141,348,712
64.64145,163,1269,-1734,527,4282,-141,348,712
64.64195,162,1269,-1734,528,4280,-141,348,712
64.64245,163,1269,-1734,527,4280,-141,348,712
64.64295,163,1269,-1734,528,4281,-141,348,712
64.64345,163,1269,-1735,528,4281,-141,348,712
64.64395,163,1269,-1735,529,4282,-140,348,712
64.64445,163,1269,-1735,529,4282,-140,348,712
64.64495,163,1269,-1735,529,4280,-140,349,712
64.64545,163,1269,-1735,529,4282,-140,348,712
64.64595,163,1269,-1735,528,4283,-140,348,712
64.64645,163,1269,-1735,527,4311,-140,347,712
64.64695,163,1269,-1735,526,4332,-140,348,712
64.64745,163,1269,-1735,525,4326,-141,347,712
64.64795,163,1269,-1735,525,4312,-140,348,712
64.64845,163,1269,-1735,526,4279,-141,348,712
64.64895,163,1269,-1734,527,4262,-140,348,712
64.64945,163,1269,-1734,527,4261,-140,348,712
64.64995,163,1269,-1734,527,4264,-140,348,712
64.65045,163,1269,-1734,527,4271,-140,348,712
64.65095,163,1269,-1734,526,4275,-141,348,712
64.65145,163,1269,-1734,527,4274,-141,348,712
64.65195,163,1269,-1734,527,4273,-141,348,712
64.65245,163,1269,-1735,527,4276,-141,348,712
64.65295,163,1269,-1735,527,4277,-141,348,712
64.65345,163,1269,-1735,527,4275,-140,348,712
64.65395,163,1269,-1735,526,4276,-141,348,712
64.65445,163,1269,-1735,527,4278,-140,348,712
64.65495,163,1269,-1735,527,4285,-141,348,712
64.65545,163,1269,-1735,527,4291,-140,348,712
64.65595,163,1269,-1735,527,4293,-140,348,712
64.65645,163,1269,-1735,527,4327,-140,347,712
64.65695,163,1269,-1735,526,4342,-141,347,712
64.65745,163,1269,-1734,526,4335,-141,347,712
64.65795,163,1269,-1734,526,4320,-140,348,712
64.65845,163,1269,-1733,526,4285,-140,348,712
64.65895,163,1269,-1733,527,4268,-140,348,712
64.65945,163,1269,-1733,526,4263,-140,348,712
64.65995,163,1269,-1733,526,4268,-141,348,712
64.660446,163,1269,-1733,526,4278,-140,348,712
64.66095,163,1269,-1733,526,4281,-140,348,712
64.66145,163,1269,-1734,526,4282,-140,348,712
64.66195,163,1269,-1734,527,4281,-140,348,712
64.66245,163,1269,-1734,526,4282,-140,347,712
64.66295,163,1269,-1735,527,4282,-140,348,712
64.66345,163,1269,-1735,527,4282,-140,348,712
64.66395,163,1269,-1735,527,4283,-140,348,712
64.66445,163,1269,-1735,527,4280,-141,348,712
64.66495,163,1269,-1736,527,4281,-140,348,712
64.66545,163,1269,-1735,527,4284,-140,348,712
64.66595,163,1269,-1736,527,4287,-141,348,712
64.66655,162,1269,-1736,528,4325,-140,348,713
64.66705,163,1269,-1735,527,4336,-140,348,712
64.66755,163,1269,-1735,527,4324,-140,348,712
64.66805,163,1269,-1734,527,4312,-141,348,712
64.66855,163,1269,-1734,527,4284,-141,348,712
64.66905,163,1269,-1734,527,4272,-140,348,712
64.66955,162,1269,-1734,528,4272,-141,348,712
64.67005,163,1269,-1734,528,4276,-141,348,712
64.67055,162,1269,-1734,528,4282,-141,348,712
64.67105,163,1269,-1734,528,4284,-141,348,712
64.67155,163,1269,-1735,529,4285,-141,348,712
64.67205,162,1269,-1736,529,4286,-141,348,712
64.67255,163,1269,-1736,529,4288,-141,348,712
64.67305,163,1269,-1736,529,4289,-140,348,712
64.67355,163,1269,-1734,528,4286,-141,348,712
64.67405,163,1269,-1733,527,4285,-140,348,712
64.67455,163,1269,-1733,526,4285,-140,348,712
64.67505,163,1269,-1733,526,4290,-141,347,712
64.67555,163,1269,-1734,525,4292,-140,348,712
64.67605,163,1269,-1734,526,4296,-140,347,712
64.67655,163,1269,-1735,525,4335,-140,347,712
64.67705,163,1269,-1735,525,4341,-140,348,712
64.67755,163,1269,-1735,525,4333,-140,348,712
64.67805,163,1269,-1735,526,4313,-140,348,712
64.67855,162,1269,-1734,526,4280,-140,349,712
64.67905,163,1269,-1735,526,4270,-140,348,712
64.67955,163,1269,-1735,526,4269,-140,348,712
64.68005,163,1269,-1735,527,4274,-140,348,712
64.68055,163,1269,-1735,527,4277,-140,348,712
64.68105,163,1269,-1735,527,4279,-140,348,711
64.68155,163,1269,-1735,527,4278,-140,348,711
64.68205,163,1269,-1735,527,4273,-140,348,712
64.68255,163,1269,-1734,527,4275,-140,348,712
64.68305,163,1269,-1734,527,4282,-140,348,712
64.68355,163,1269,-1734,527,4286,-141,348,712
64.68405,163,1269,-1735,527,4287,-140,347,712
64.68455,163,1269,-1735,527,4288,-140,348,711
64.68505,163,1269,-1735,527,4286,-140,348,712
64.68555,163,1269,-1734,526,4282,-140,348,711
64.68605,163,1269,-1734,526,4294,-140,348,712
64.68655,163,1269,-1735,527,4330,-140,347,712
64.68705,163,1269,-1734,526,4340,-140,348,712
64.68755,163,1269,-1734,525,4337,-140,348,712
64.68805,163,1269,-1734,525,4317,-140,348,712
64.68855,163,1269,-1734,526,4286,-140,348,711
64.68905,163,1269,-1734,526,4277,-141,348,712
64.68955,163,1269,-1734,527,4274,-140,348,712
64.69005,163,1269,-1734,528,4283,-140,348,712
64.69055,162,1269,-1734,528,4290,-140,348,712
64.69105,163,1270,-1734,528,4288,-140,348,712
64.69155,162,1269,-1735,527,4285,-140,348,712
64.69205,163,1270,-1735,528,4284,-140,348,712
64.69255,162,1269,-1736,528,4285,-140,348,712
64.69305,162,1269,-1735,528,4283,-140,348,712
64.69355,163,1269,-1735,527,4280,-140,348,712
64.69405,162,1269,-1734,527,4281,-140,348,711
64.69455,163,1269,-1735,527,4281,-140,348,711
64.69505,163,1269,-1734,527,4283,-140,348,712
64.69555,163,1269,-1734,527,4285,-140,348,712
64.69605,163,1269,-1735,527,4301,-140,348,712
64.69655,163,1269,-1734,527,4337,-140,348,712
64.69705,162,1269,-1734,526,4336,-140,348,712
64.69755,163,1269,-1734,526,4326,-140,348,712
64.69805,163,1270,-1735,526,4301,-140,348,711
64.69855,163,1269,-1735,526,4269,-140,348,712
64.69905,163,1269,-1735,526,4257,-140,348,711
64.69955,163,1269,-1735,526,4259,-140,348,712
64.70005,163,1269,-1735,526,4265,-140,348,711
64.70055,163,1269,-1734,527,4277,-140,348,711
64.70105,163,1269,-1734,527,4277,-140,348,712
64.70155,162,1269,-1734,528,4277,-140,348,712
64.70205,163,1269,-1734,528,4281,-140,348,711
64.70255,163,1269,-1734,527,4283,-140,348,711
64.70305,163,1269,-1734,527,4280,-140,348,712
64.70355,162,1269,-1735,528,4280,-140,348,712
64.70405,162,1269,-1734,527,4286,-140,348,711
64.70455,163,1270,-1734,528,4286,-140,348,711
64.70505,163,1269,-1734,528,4282,-140,348,712
64.70555,163,1269,-1734,528,4285,-140,348,711
64.70605,163,1269,-1734,528,4302,-140,348,711
64.70655,162,1269,-1734,527,4335,-140,347,712
64.70705,162,1269,-1735,526,4334,-140,348,711
64.70755,163,1269,-1734,526,4328,-140,348,711
64.70805,163,1269,-1735,527,4299,-140,348,711
64.70855,162,1269,-1735,527,4270,-140,347,711
64.70905,163,1270,-1734,527,4263,-140,348,711
64.70955,163,1269,-1735,527,4264,-140,347,711
64.71005,163,1269,-1735,526,4268,-140,347,711
64.71055,163,1269,-1734,526,4274,-141,347,711
64.71105,163,1269,-1734,525,4275,-141,347,711
64.71155,163,1269,-1734,525,4274,-140,348,711
64.71205,163,1269,-1734,526,4272,-140,347,711
64.71255,163,1269,-1734,526,4273,-140,347,711
64.71305,163,1269,-1734,526,4272,-140,347,711
64.71355,163,1269,-1735,527,4267,-140,347,711
64.71405,163,1269,-1735,527,4265,-140,347,711
64.71455,163,1269,-1735,527,4265,-140,347,711
64.71505,163,1269,-1735,528,4271,-140,347,712
64.71555,163,1269,-1735,527,4273,-140,347,712
64.71605,163,1269,-1735,527,4292,-140,347,712
64.71655,163,1269,-1735,528,4330,-140,347,712
64.71705,163,1269,-1735,527,4329,-140,347,711
64.71755,163,1269,-1735,527,4320,-140,347,712
64.71805,162,1270,-1735,526,4288,-140,349,712
64.71855,162,1269,-1734,525,4263,-140,348,712
64.71905,163,1269,-1734,526,4258,-140,348,712
64.71955,163,1269,-1735,526,4260,-140,349,712
64.72005,163,1269,-1735,526,4266,-140,349,712
64.72055,163,1269,-1735,527,4270,-140,349,712
64.72105,163,1269,-1734,526,4272,-140,349,712
64.72155,162,1269,-1734,527,4275,-140,349,712
64.72205,163,1269,-1734,526,4274,-141,350,712
64.72255,163,1269,-1735,527,4276,-140,350,711
64.72305,163,1269,-1735,527,4277,-140,350,712
64.72355,163,1269,-1735,526,4273,-140,350,712
64.72405,163,1269,-1735,526,4277,-141,350,711
64.72455,163,1269,-1735,526,4278,-141,350,712
64.72505,163,1269,-1734,526,4269,-141,349,711
64.72555,163,1269,-1734,526,4273,-140,349,712
64.72605,163,1269,-1735,527,4284,-140,348,712
64.72655,163,1269,-1734,526,4322,-140,348,712
64.72705,163,1269,-1735,526,4324,-140,348,711
64.72755,163,1269,-1734,527,4315,-140,348,712
64.72805,162,1269,-1734,526,4285,-140,349,711
64.72855,163,1269,-1734,526,4259,-140,348,711
64.72915,162,1269,-1734,527,4250,-140,348,712
64.72965,163,1269,-1734,527,4250,-140,347,712
64.73015,163,1269,-1734,527,4260,-139,347,711
64.73065,162,1269,-1734,527,4264,-140,347,712
64.73115,163,1269,-1734,527,4258,-140,347,712
64.73165,163,1269,-1734,526,4260,-141,347,711
64.73215,163,1269,-1734,527,4262,-140,348,712
64.73265,163,1269,-1734,527,4260,-140,348,712
64.73315,162,1269,-1734,527,4261,-140,348,712
64.73365,162,1269,-1734,527,4262,-140,348,712
64.73415,163,1270,-1735,527,4263,-140,348,712
64.73465,163,1269,-1735,527,4267,-140,348,712
64.73515,162,1269,-1735,527,4272,-140,347,712
64.73565,163,1269,-1735,526,4274,-140,348,712
64.73615,162,1269,-1734,527,4289,-140,347,712
64.73665,163,1269,-1734,527,4322,-140,347,712
64.73715,163,1269,-1734,526,4320,-140,347,712
64.73765,162,1269,-1734,527,4312,-140,347,712
64.73815,162,1269,-1734,526,4285,-141,348,711
64.73865,162,1269,-1735,527,4259,-140,347,711
64.73915,163,1270,-1735,527,4247,-140,347,712
64.73965,163,1269,-1735,527,4249,-140,347,712
64.74015,163,1269,-1735,527,4264,-140,347,712
64.74065,163,1269,-1735,527,4271,-140,347,711
64.74115,163,1269,-1735,527,4272,-140,347,712
64.74165,163,1269,-1735,526,4266,-140,347,712
64.74215,163,1269,-1734,526,4268,-140,347,712
64.74265,163,1269,-1734,527,4269,-140,347,712
64.74315,163,1269,-1734,527,4268,-140,347,711
64.74365,163,1269,-1734,527,4268,-140,347,712
64.74415,163,1269,-1735,527,4263,-140,346,712
64.74465,163,1269,-1735,526,4265,-140,347,712
64.74515,163,1269,-1735,526,4270,-140,347,711
64.74565,163,1269,-1735,526,4269,-140,347,711
64.74615,163,1269,-1735,527,4283,-140,347,712
64.74665,163,1269,-1735,527,4313,-139,347,712
64.74715,163,1269,-1735,528,4312,-140,347,711
64.74765,162,1269,-1734,527,4301,-140,347,712
64.74815,163,1269,-1734,527,4268,-140,347,712
64.74865,162,1269,-1733,526,4250,-140,348,712
64.74915,163,1269,-1734,526,4247,-140,348,712
64.74965,163,1269,-1734,526,4250,-140,348,712
64.75015,163,1270,-1734,526,4256,-140,348,712
64.75065,163,1269,-1735,526,4260,-140,348,712
64.75115,162,1269,-1735,527,4261,-140,348,711
64.75165,163,1269,-1736,527,4259,-140,349,711
64.75215,162,1269,-1735,528,4252,-140,349,712
64.75265,163,1269,-1735,528,4253,-140,349,712
64.75315,163,1269,-1735,527,4260,-140,349,712
64.75365,163,1269,-1735,527,4258,-140,349,712
64.75415,163,1269,-1734,528,4257,-140,349,712
64.75465,163,1269,-1734,528,4259,-140,349,712
64.75515,163,1269,-1734,528,4264,-140,349,712
64.75565,163,1269,-1735,527,4265,-140,349,712
64.75615,163,1269,-1735,528,4290,-140,348,712
64.75665,163,1269,-1735,527,4319,-140,348,712
64.75715,163,1269,-1735,527,4313,-140,348,712
64.75765,163,1269,-1735,527,4303,-140,349,712
64.75815,163,1269,-1735,526,4270,-140,349,712
64.75865,162,1269,-1734,526,4246,-140,348,712
64.75915,163,1269,-1735,526,4242,-140,348,712
64.75965,163,1269,-1735,526,4244,-140,348,713
64.76015,162,1269,-1734,526,4249,-140,348,712
64.76065,163,1269,-1734,527,4248,-140,348,712
64.76115,162,1269,-1734,527,4253,-140,348,712
64.76165,163,1269,-1734,527,4256,-140,348,712
64.76215,163,1269,-1734,527,4256,-140,348,712
64.76265,163,1269,-1734,526,4256,-140,348,712
64.76315,163,1269,-1734,526,4255,-140,348,712
64.76365,163,1269,-1735,526,4254,-140,347,712
64.76415,163,1269,-1735,526,4254,-140,348,712
64.76465,162,1269,-1735,527,4253,-140,348,712
64.76515,163,1269,-1735,527,4250,-140,348,712
64.76565,162,1269,-1735,526,4251,-140,348,712
64.76615,163,1269,-1735,527,4280,-140,348,712
64.76665,162,1269,-1735,527,4305,-140,348,712
64.76715,162,1269,-1735,527,4302,-140,348,712
64.76765,163,1269,-1735,527,4292,-140,348,712
64.76815,162,1269,-1734,527,4261,-140,348,712
64.76865,163,1270,-1734,527,4241,-140,348,712
64.76915,163,1269,-1734,527,4238,-140,348,712
64.76965,163,1270,-1734,527,4241,-140,348,712
64.77015,163,1269,-1734,527,4248,-140,348,712
64.77065,162,1269,-1734,527,4252,-140,348,712
64.77115,163,1269,-1734,528,4252,-140,348,712
64.77165,163,1269,-1734,529,4252,-140,348,712
64.77215,163,1269,-1735,529,4255,-140,349,712
64.77265,162,1269,-1735,529,4258,-140,349,712
64.77315,163,1269,-1735,529,4255,-140,349,712
64.77365,163,1269,-1735,528,4253,-140,348,712
64.77415,163,1269,-1735,528,4253,-140,348,712
64.77465,163,1269,-1735,528,4257,-140,348,712
64.77515,163,1269,-1735,528,4260,-140,348,712
64.77565,162,1269,-1735,528,4261,-140,348,712
64.77615,163,1269,-1734,527,4290,-140,348,712
64.77665,163,1269,-1734,526,4310,-140,348,712
64.77715,162,1269,-1734,525,4303,-140,348,713
64.77765,163,1269,-1734,524,4289,-140,348,712
64.77815,163,1270,-1734,525,4252,-140,348,712
64.77865,163,1270,-1734,526,4236,-140,348,712
64.77915,162,1269,-1735,528,4234,-140,348,712
64.77965,163,1269,-1735,528,4236,-140,348,712
64.78015,162,1269,-1735,528,4245,-140,348,712
64.78065,163,1269,-1735,528,4248,-140,348,713
64.78115,162,1269,-1735,528,4249,-140,348,713
64.78165,163,1269,-1735,528,4243,-140,348,713
64.78215,162,1269,-1735,528,4242,-140,348,712
64.782646,163,1269,-1735,528,4245,-140,348,713
64.78315,163,1269,-1735,527,4252,-140,348,713
64.78365,163,1269,-1734,526,4250,-140,348,713
64.78415,163,1269,-1734,525,4249,-140,348,713
64.78465,163,1269,-1734,525,4247,-140,348,713
64.78515,163,1269,-1734,525,4251,-140,348,712
64.78565,162,1270,-1734,526,4253,-140,348,713
64.78615,163,1269,-1734,527,4291,-140,347,713
64.78665,162,1270,-1734,528,4306,-139,348,713
64.78715,163,1269,-1734,527,4297,-139,348,713
64.78765,162,1270,-1735,528,4285,-139,348,713
64.78815,163,1270,-1735,527,4256,-140,348,713
64.78865,162,1270,-1735,526,4242,-140,348,712
64.78915,163,1269,-1735,526,4243,-140,348,713
64.78965,162,1269,-1735,526,4251,-140,348,713
64.79015,163,1269,-1734,526,4253,-140,348,712
64.79065,163,1269,-1735,526,4254,-140,348,713
64.79125,163,1270,-1734,526,4260,-140,348,713
64.79175,162,1270,-1734,526,4255,-140,348,713
64.79225,163,1270,-1734,526,4251,-140,348,713
64.79275,162,1270,-1734,527,4251,-140,348,713
64.79325,163,1270,-1734,527,4252,-140,348,713
64.79375,163,1270,-1734,528,4249,-139,348,713
64.79425,162,1270,-1735,528,4248,-140,348,713
64.79475,163,1270,-1735,528,4250,-140,348,713
64.79525,163,1270,-1736,527,4254,-140,348,713
64.79575,163,1269,-1736,528,4259,-139,348,713
64.79625,163,1269,-1736,527,4295,-140,348,713
64.79675,163,1269,-1735,527,4307,-140,348,713
64.79725,162,1269,-1735,527,4299,-140,348,712
64.79775,163,1270,-1735,528,4283,-140,348,712
64.79825,163,1269,-1735,528,4253,-140,349,712
64.79875,162,1269,-1735,528,4241,-140,348,712
64.79925,162,1270,-1735,529,4239,-140,348,712
64.79975,162,1270,-1734,529,4245,-140,348,712
64.80025,162,1270,-1734,528,4250,-140,348,712
64.80075,162,1270,-1735,528,4253,-140,348,712
64.80125,163,1270,-1735,528,4255,-140,348,712
64.80175,163,1270,-1735,527,4256,-140,348,712
64.80225,162,1269,-1735,525,4255,-140,348,712
64.80275,162,1270,-1734,525,4256,-140,348,712
64.80325,163,1270,-1735,525,4258,-140,348,712
64.80375,163,1270,-1735,525,4259,-139,348,713
64.80425,162,1269,-1735,526,4260,-140,348,713
64.80475,163,1269,-1736,526,4257,-139,348,713
64.80525,163,1270,-1735,527,4255,-139,348,713
64.80575,162,1270,-1734,527,4263,-139,348,714
64.80625,163,1270,-1734,527,4304,-139,348,714
64.80675,162,1270,-1734,528,4318,-139,348,714
64.80725,162,1270,-1735,528,4314,-139,349,713
64.80775,162,1270,-1735,528,4294,-139,349,713
64.80825,162,1270,-1735,527,4255,-140,350,713
64.80875,162,1270,-1735,527,4242,-140,349,713
64.80925,163,1270,-1735,527,4242,-140,350,713
64.80975,162,1270,-1735,526,4247,-140,350,713
64.81025,163,1269,-1734,526,4252,-140,350,713
64.81075,162,1270,-1734,526,4253,-140,349,713
64.81125,163,1270,-1733,526,4251,-139,350,713
64.81175,162,1269,-1732,526,4252,-139,349,713
64.81225,163,1270,-1732,526,4254,-140,349,713
64.81275,163,1269,-1733,527,4256,-140,349,713
64.81325,162,1270,-1733,527,4252,-139,349,713
64.81375,163,1269,-1734,528,4250,-140,348,713
64.81425,163,1269,-1734,528,4250,-139,348,713
64.81475,163,1270,-1734,528,4253,-139,348,713
64.81525,162,1269,-1735,529,4258,-139,348,713
64.81575,163,1269,-1735,529,4267,-139,347,713
64.81625,163,1269,-1735,529,4306,-139,347,713
64.81675,163,1269,-1735,529,4311,-140,347,713
64.81725,163,1269,-1735,528,4304,-139,347,713
64.81775,162,1269,-1735,528,4283,-139,347,713
64.81825,162,1270,-1735,528,4252,-139,348,713
64.81875,162,1270,-1735,527,4242,-140,347,713
64.81925,163,1269,-1735,528,4241,-140,348,713
64.81975,162,1269,-1734,527,4248,-139,348,713
64.82025,163,1269,-1734,527,4258,-139,347,714
64.82075,162,1269,-1734,525,4263,-140,347,714
64.82125,163,1269,-1734,525,4272,-139,347,714
64.82175,163,1269,-1734,525,4274,-140,347,713
64.82225,162,1269,-1734,526,4273,-139,347,713
64.82275,163,1270,-1734,527,4269,-139,347,713
64.82325,162,1270,-1734,527,4269,-139,348,713
64.82375,162,1269,-1734,527,4270,-139,347,713
64.82425,162,1270,-1734,527,4270,-139,348,713
64.82475,162,1269,-1735,527,4267,-139,348,713
64.82525,162,1270,-1734,527,4269,-139,348,713
64.82575,162,1269,-1735,528,4279,-139,348,713
64.82625,162,1269,-1735,528,4316,-139,347,713
64.82675,162,1269,-1735,528,4320,-139,348,713
64.82725,163,1270,-1735,528,4311,-139,348,713
64.82775,162,1269,-1735,528,4289,-139,348,713
64.82825,162,1269,-1736,528,4261,-139,348,713
64.82875,162,1270,-1736,528,4254,-139,348,713
64.82925,162,1270,-1735,529,4255,-139,348,713
64.82975,162,1270,-1735,528,4260,-139,347,713
64.83025,163,1270,-1735,528,4264,-138,348,713
64.83075,162,1270,-1734,526,4265,-139,347,713
64.83125,162,1270,-1733,526,4266,-139,348,713
64.83175,162,1270,-1733,526,4265,-139,347,713
64.83225,162,1269,-1734,527,4263,-139,347,713
64.83275,163,1270,-1734,528,4265,-139,347,713
64.83325,162,1270,-1734,528,4267,-139,347,713
64.83375,162,1269,-1734,528,4265,-139,348,713
64.83425,162,1269,-1734,528,4265,-139,347,713
64.83475,162,1270,-1735,528,4267,-139,348,713
64.83525,162,1269,-1735,528,4270,-139,348,713
64.83575,162,1270,-1735,529,4285,-139,347,713
64.83625,162,1270,-1735,528,4323,-139,347,713
64.83675,162,1270,-1734,527,4326,-139,348,713
64.83725,162,1269,-1734,527,4320,-139,348,713
64.83775,162,1269,-1735,526,4295,-139,348,713
64.83825,162,1270,-1735,527,4267,-139,348,713
64.83875,162,1269,-1735,527,4261,-139,348,713
64.83925,162,1270,-1735,527,4263,-139,348,714
64.83975,162,1269,-1734,527,4270,-139,348,713
64.84025,162,1270,-1735,527,4278,-139,348,713
64.84075,162,1270,-1734,527,4275,-139,347,713
64.84125,162,1269,-1734,527,4273,-139,347,713
64.84175,162,1270,-1734,526,4273,-139,348,714
64.84225,162,1270,-1734,526,4272,-139,348,714
64.84275,162,1270,-1734,526,4276,-138,348,714
64.84325,162,1270,-1734,526,4277,-139,347,714
64.84375,162,1269,-1733,526,4277,-139,348,714
64.84425,162,1269,-1734,526,4276,-139,348,714
64.84475,162,1270,-1733,527,4276,-139,348,714
64.84525,162,1270,-1734,526,4271,-139,348,714
64.84575,162,1270,-1734,527,4284,-138,347,713
64.84625,162,1269,-1735,527,4318,-139,348,714
64.84675,162,1269,-1736,527,4313,-139,348,713
64.84725,163,1269,-1736,527,4311,-139,348,714
64.84775,162,1270,-1736,527,4285,-139,348,713
64.84825,162,1270,-1736,527,4258,-139,348,713
64.84875,162,1269,-1735,527,4249,-138,348,713
64.84925,162,1270,-1734,526,4250,-139,348,714
64.84975,162,1269,-1734,526,4258,-139,348,713
64.85025,162,1270,-1734,527,4269,-139,348,713
64.85075,162,1270,-1735,528,4265,-139,348,713
64.85125,162,1269,-1736,528,4263,-139,348,713
64.85175,162,1269,-1736,528,4267,-139,348,713
64.85225,162,1269,-1735,527,4269,-139,348,713
64.85275,162,1270,-1734,527,4269,-139,348,713
64.85335,163,1269,-1733,527,4271,-139,348,713
64.85385,162,1270,-1733,526,4270,-138,348,713
64.85435,162,1269,-1733,526,4268,-139,348,713
64.85485,162,1269,-1733,526,4271,-139,348,713
64.85535,162,1270,-1734,526,4273,-138,348,713
64.85585,163,1269,-1734,527,4293,-139,348,713
64.85635,162,1270,-1735,527,4330,-138,348,714
64.85685,162,1270,-1735,527,4332,-139,348,713
64.85735,162,1270,-1735,527,4327,-138,348,714
64.85785,162,1270,-1734,527,4295,-138,348,713
64.85835,162,1270,-1734,527,4269,-138,348,713
64.85885,162,1270,-1734,528,4257,-138,348,713
64.85935,163,1270,-1734,528,4254,-138,348,713
64.85985,162,1269,-1734,527,4263,-138,348,714
64.86035,162,1269,-1734,528,4270,-138,348,713
64.86085,162,1270,-1734,528,4277,-138,348,714
64.86135,162,1270,-1734,528,4275,-138,348,713
64.86185,162,1270,-1735,528,4277,-138,348,713
64.86235,162,1270,-1735,528,4272,-138,348,713
64.86285,162,1270,-1735,528,4270,-138,348,713
64.86335,162,1270,-1735,528,4270,-138,348,714
64.86385,162,1270,-1735,527,4270,-138,348,713
64.86435,162,1270,-1735,527,4274,-138,348,714
64.86485,163,1270,-1735,526,4269,-138,348,713
64.86535,163,1270,-1735,527,4269,-138,348,713
64.86585,162,1270,-1735,527,4285,-138,348,714
64.86635,162,1270,-1735,527,4319,-138,347,714
64.86685,162,1270,-1736,527,4324,-138,347,714
64.86735,162,1270,-1735,527,4317,-138,348,713
64.86785,162,1270,-1734,527,4288,-138,348,713
64.86835,162,1270,-1734,527,4260,-138,348,713
64.86885,162,1270,-1733,527,4255,-138,348,713
64.86935,162,1270,-1733,527,4258,-138,348,713
64.86985,162,1270,-1734,528,4265,-138,348,713
64.87035,162,1270,-1734,528,4270,-138,348,713
64.87085,162,1270,-1734,527,4272,-138,347,713
64.87135,162,1270,-1734,527,4275,-138,348,713
64.87185,162,1270,-1734,526,4276,-138,348,713
64.87235,163,1270,-1734,526,4274,-138,347,713
64.87285,162,1270,-1734,526,4276,-138,348,713
64.87335,162,1270,-1734,526,4277,-138,348,713
64.87385,162,1270,-1735,527,4274,-138,348,713
64.87435,162,1270,-1735,527,4271,-138,348,713
64.87485,162,1270,-1735,527,4271,-138,347,713
64.87535,162,1270,-1735,527,4272,-138,348,713
64.87585,162,1270,-1735,527,4294,-138,347,713
64.87635,162,1270,-1734,528,4325,-138,348,713
64.87685,162,1270,-1734,527,4324,-138,348,714
64.87735,162,1270,-1733,527,4315,-138,348,713
64.87785,162,1270,-1733,528,4289,-138,349,713
64.87835,162,1270,-1734,528,4261,-138,348,713
64.87885,162,1270,-1734,528,4256,-138,348,713
64.87935,162,1270,-1734,528,4258,-138,349,714
64.87985,162,1270,-1734,529,4264,-138,348,713
64.88035,162,1270,-1734,529,4271,-138,348,714
64.88085,162,1270,-1735,529,4269,-138,348,713
64.88135,162,1270,-1735,529,4272,-138,348,713
64.88185,162,1270,-1735,529,4270,-138,348,713
64.88235,162,1270,-1735,528,4268,-138,348,714
64.88285,162,1270,-1735,527,4270,-138,348,713
64.88335,162,1270,-1734,526,4276,-138,348,713
64.88385,162,1270,-1734,525,4275,-138,348,713
64.88435,162,1270,-1734,525,4274,-138,348,713
64.88485,162,1270,-1734,525,4276,-138,348,713
64.88535,162,1270,-1734,526,4273,-138,348,713
64.88585,162,1270,-1734,527,4295,-138,348,714
64.88635,162,1270,-1734,527,4326,-138,348,714
64.88685,162,1270,-1734,528,4328,-138,348,713
64.88735,162,1270,-1734,528,4320,-138,348,713
64.88785,162,1270,-1734,528,4286,-138,349,713
64.88835,162,1270,-1734,528,4265,-138,348,713
64.88885,162,1270,-1734,528,4263,-138,348,713
64.88935,162,1270,-1734,528,4267,-138,348,713
64.88985,162,1270,-1734,528,4274,-138,348,713
64.89035,162,1270,-1734,528,4276,-138,348,713
64.89085,161,1270,-1735,528,4275,-138,348,713
64.89135,162,1270,-1734,527,4275,-137,348,713
64.89185,162,1270,-1734,526,4277,-138,348,714
64.89235,162,1270,-1734,525,4276,-137,348,713
64.89285,162,1270,-1734,525,4279,-137,348,713
64.89335,162,1270,-1734,526,4276,-137,348,714
64.89385,162,1270,-1734,526,4271,-137,348,713
64.89435,162,1270,-1734,527,4274,-137,348,714
64.89485,162,1270,-1734,526,4272,-138,348,713
64.89535,162,1270,-1734,526,4277,-138,348,714
64.89585,162,1270,-1734,527,4304,-137,347,714
64.89635,162,1270,-1734,526,4333,-138,348,714
64.89685,162,1270,-1735,526,4328,-138,348,714
64.89735,162,1270,-1735,527,4316,-137,347,714
64.89785,162,1270,-1735,527,4281,-138,348,713
64.89835,162,1270,-1735,527,4259,-137,348,714
64.89885,162,1270,-1734,527,4250,-137,348,713
64.89935,162,1270,-1734,527,4256,-138,348,714
64.89985,162,1270,-1734,527,4266,-138,348,714
64.90035,162,1270,-1734,527,4275,-138,348,714
64.90085,162,1270,-1734,527,4280,-138,348,713
64.90135,162,1270,-1733,527,4280,-137,348,713
64.90185,162,1270,-1734,527,4277,-138,348,714
64.90235,162,1270,-1734,527,4276,-138,348,713
64.90285,162,1270,-1734,527,4282,-138,348,714
64.90335,162,1270,-1734,527,4282,-137,348,714
64.90385,162,1270,-1734,527,4287,-138,348,714
64.90435,162,1270,-1735,527,4289,-138,349,713
64.90485,162,1270,-1735,527,4288,-138,348,714
64.90535,162,1270,-1735,526,4281,-138,349,713
64.90585,162,1270,-1735,527,4317,-137,348,714
64.90635,161,1270,-1734,527,4337,-138,348,714
64.90685,161,1270,-1734,528,4335,-138,349,714
64.90735,162,1270,-1734,529,4328,-138,349,714
64.90785,162,1270,-1734,529,4296,-138,349,713
64.90835,162,1270,-1735,530,4276,-138,348,714
64.90885,162,1270,-1735,530,4269,-137,348,713
64.90935,162,1270,-1735,530,4274,-138,348,714
64.90985,162,1270,-1735,530,4278,-138,347,714
64.91035,162,1270,-1735,530,4283,-138,347,714
64.91085,162,1270,-1734,530,4287,-138,347,714
64.91135,162,1270,-1734,529,4287,-138,347,713
64.91185,162,1270,-1734,527,4285,-138,347,713
64.91235,162,1270,-1733,525,4278,-138,347,713
64.91285,162,1271,-1733,523,4276,-138,347,714
64.91335,162,1270,-1734,523,4279,-138,347,714
64.91385,162,1270,-1734,524,4280,-138,347,713
64.91435,162,1270,-1734,526,4279,-138,347,714
64.91485,162,1270,-1734,526,4275,-138,348,714
64.91535,161,1270,-1734,526,4280,-137,348,714
64.91585,162,1270,-1734,527,4317,-138,347,714
64.91645,161,1270,-1734,527,4339,-137,347,713
64.91695,161,1271,-1734,526,4334,-137,347,713
64.91745,161,1270,-1734,527,4317,-137,348,713
64.91795,162,1271,-1735,527,4282,-138,348,713
64.91845,161,1271,-1734,527,4268,-138,348,713
64.91895,161,1270,-1734,527,4267,-137,348,714
64.91945,162,1271,-1733,527,4274,-137,348,714
64.91995,162,1270,-1734,527,4285,-137,348,714
64.92045,161,1270,-1734,527,4290,-137,348,714
64.92095,162,1270,-1734,526,4290,-137,348,714
64.92145,162,1270,-1734,527,4293,-137,348,714
64.92195,161,1270,-1734,526,4294,-137,349,714
64.92245,161,1270,-1734,526,4295,-137,349,713
64.92295,162,1270,-1734,526,4294,-137,348,714
64.92345,161,1271,-1735,527,4291,-137,349,713
64.92395,162,1270,-1736,527,4295,-137,349,714
64.92445,161,1270,-1736,528,4292,-137,349,713
64.92495,162,1270,-1735,528,4294,-138,349,714
64.92545,161,1270,-1735,529,4291,-137,349,713
64.92595,162,1270,-1734,529,4326,-137,348,714
64.92645,161,1270,-1733,529,4338,-137,348,714
64.92695,162,1270,-1734,528,4335,-137,348,714
64.92745,161,1270,-1734,528,4321,-137,348,713
64.92795,161,1270,-1735,527,4288,-137,348,713
64.92845,161,1270,-1734,528,4270,-137,348,714
64.92895,161,1270,-1735,528,4268,-137,348,714
64.92945,161,1270,-1735,528,4277,-138,348,714
64.92995,161,1270,-1735,528,4282,-137,348,714
64.93045,161,1270,-1735,527,4281,-138,348,714
64.93095,161,1270,-1734,526,4277,-138,348,714
64.93145,161,1271,-1734,526,4277,-137,347,714
64.93195,161,1270,-1734,526,4279,-137,348,714
64.93245,162,1270,-1733,526,4278,-137,347,713
64.93295,161,1271,-1733,526,4277,-137,348,713
64.93345,162,1270,-1733,526,4275,-138,348,713
64.93395,161,1270,-1733,526,4271,-138,348,713
64.93445,162,1270,-1734,526,4271,-137,348,713
64.93495,162,1270,-1734,526,4272,-137,348,713
64.93545,162,1270,-1734,528,4279,-138,349,714
64.93595,162,1270,-1734,528,4322,-137,348,714
64.93645,162,1270,-1734,527,4339,-137,349,714
64.93695,161,1270,-1734,527,4336,-137,349,714
64.93745,161,1270,-1734,527,4317,-137,349,713
64.93795,161,1270,-1734,527,4282,-137,349,713
64.93845,162,1270,-1735,527,4266,-137,349,713
64.93895,162,1270,-1735,527,4264,-137,349,713
64.93945,161,1270,-1735,527,4270,-137,349,713
64.93995,162,1270,-1735,527,4279,-137,349,713
64.94045,162,1270,-1734,527,4283,-137,349,713
64.94095,162,1270,-1734,527,4284,-137,349,713
64.94145,162,1270,-1733,527,4285,-138,348,713
64.94195,162,1270,-1733,527,4285,-137,349,713
64.94245,162,1270,-1733,527,4282,-138,349,713
64.94295,162,1270,-1734,527,4281,-138,349,713
64.94345,162,1270,-1734,528,4281,-138,349,713
64.94395,161,1270,-1735,528,4281,-138,349,713
64.94445,162,1270,-1735,528,4281,-138,349,713
64.94495,162,1270,-1734,528,4280,-138,349,713
64.94545,161,1270,-1734,528,4282,-138,349,713
64.94595,162,1270,-1734,528,4322,-138,348,713
64.94645,161,1270,-1734,528,4327,-137,348,713
64.94695,161,1270,-1734,528,4320,-138,349,713
64.94745,161,1271,-1734,528,4301,-137,349,713
64.94795,161,1271,-1734,527,4271,-138,349,713
64.94845,161,1270,-1734,527,4261,-137,348,713
64.94895,161,1270,-1735,526,4262,-137,348,714
64.94945,161,1270,-1734,526,4270,-137,348,713
64.94995,161,1270,-1734,526,4279,-136,348,714
64.95045,161,1270,-1734,526,4279,-136,348,714
64.95095,161,1270,-1734,526,4284,-137,348,714
64.95145,161,1270,-1734,526,4287,-137,348,714
64.95195,161,1270,-1734,526,4286,-137,349,714
64.95245,161,1270,-1734,525,4283,-137,348,714
64.95295,161,1271,-1734,525,4283,-137,348,714
64.95345,161,1270,-1734,525,4284,-137,348,714
64.95395,161,1270,-1734,526,4281,-137,348,714
64.95445,161,1270,-1734,526,4280,-137,349,714
64.95495,161,1270,-1734,526,4281,-137,349,714
64.95545,161,1270,-1734,527,4292,-136,348,714
64.95595,161,1270,-1734,528,4329,-137,348,715
64.95645,161,1270,-1733,527,4334,-137,348,714
64.95695,161,1270,-1733,527,4325,-137,348,714
64.95745,161,1270,-1733,526,4308,-136,349,713
64.95795,161,1270,-1734,526,4277,-137,349,713
64.95845,161,1270,-1734,527,4262,-137,349,713
64.95895,161,1271,-1734,528,4260,-137,348,714
64.95945,161,1271,-1734,529,4267,-137,349,713
64.95995,161,1270,-1735,529,4276,-137,349,713
64.96045,161,1271,-1735,529,4274,-137,349,714
64.96095,161,1271,-1735,529,4275,-137,348,713
64.96145,161,1270,-1736,529,4281,-137,348,714
64.96195,161,1271,-1736,529,4279,-137,348,713
64.96245,161,1271,-1736,529,4281,-137,348,713
64.96295,161,1270,-1736,530,4276,-137,348,714
64.96345,161,1271,-1736,529,4275,-137,348,714
64.96395,161,1270,-1736,528,4280,-137,349,713
64.96445,161,1270,-1735,527,4282,-136,349,714
64.96495,161,1270,-1734,527,4276,-137,348,714
64.96545,161,1271,-1733,527,4288,-137,348,714
64.96595,161,1270,-1733,528,4325,-137,348,714
64.96645,161,1271,-1734,526,4330,-137,349,713
64.96695,161,1270,-1733,524,4323,-137,349,714
64.96745,161,1270,-1733,523,4296,-137,348,714
64.96795,161,1270,-1732,524,4272,-137,349,713
64.96845,161,1271,-1732,525,4266,-137,349,713
64.96895,161,1270,-1733,526,4263,-137,349,713
64.96945,161,1270,-1733,526,4269,-137,348,714
64.96995,161,1270,-1733,526,4276,-137,348,713
64.97045,161,1270,-1733,527,4281,-137,348,713
64.97095,161,1271,-1733,526,4278,-137,348,714
64.97145,161,1270,-1733,526,4282,-136,348,714
64.97195,161,1270,-1734,526,4291,-137,347,714
64.97245,161,1270,-1733,526,4291,-137,348,714
64.972946,161,1270,-1734,526,4290,-136,348,714
64.97345,161,1270,-1734,527,4290,-137,348,714
64.97395,161,1271,-1734,527,4286,-136,348,713
64.97445,161,1270,-1734,528,4282,-136,348,714
64.97495,161,1270,-1734,528,4277,-136,348,714
64.97545,161,1270,-1734,528,4294,-136,348,714
64.97595,161,1270,-1734,528,4335,-136,348,714
64.97645,161,1270,-1734,527,4337,-136,348,714
64.97695,161,1270,-1734,527,4330,-136,348,714
64.97745,161,1270,-1734,528,4305,-136,348,713
64.97795,161,1270,-1734,528,4274,-136,349,713
64.97845,161,1270,-1734,527,4261,-136,348,713
64.97905,161,1270,-1734,528,4259,-136,348,713
64.97955,161,1270,-1734,527,4268,-137,348,713
64.98005,161,1271,-1734,527,4275,-136,348,713
64.98055,161,1270,-1733,526,4277,-136,348,714
64.98105,161,1271,-1733,526,4279,-136,348,713
64.98155,161,1270,-1734,526,4283,-136,348,713
64.98205,161,1271,-1734,527,4280,-136,348,714
64.98255,161,1270,-1734,526,4278,-136,348,713
64.98305,161,1270,-1734,526,4283,-136,348,714
64.98355,161,1270,-1734,526,4282,-136,348,714
64.98405,161,1270,-1734,527,4287,-136,348,714
64.98455,161,1271,-1734,526,4290,-136,348,714
64.98505,161,1271,-1734,526,4289,-137,348,713
64.98555,162,1270,-1734,527,4298,-136,348,714
64.98605,161,1270,-1734,527,4328,-136,348,714
64.98655,161,1270,-1734,527,4334,-136,348,714
64.98705,160,1271,-1733,527,4328,-136,348,714
64.98755,161,1270,-1733,526,4305,-136,348,714
64.98805,161,1271,-1734,527,4278,-137,348,714
64.98855,161,1270,-1735,527,4274,-136,348,714
64.98905,161,1270,-1735,527,4275,-136,348,713
64.98955,161,1270,-1735,528,4280,-136,349,714
64.99005,161,1270,-1735,527,4280,-136,348,713
64.99055,161,1270,-1735,527,4285,-136,348,713
64.99105,161,1271,-1734,527,4282,-136,349,713
64.99155,161,1270,-1735,526,4281,-136,349,713
64.99205,161,1270,-1734,527,4279,-136,349,714
64.99255,161,1271,-1735,527,4276,-136,349,713
64.99305,161,1270,-1735,527,4279,-136,349,713
64.99355,161,1270,-1735,527,4277,-136,350,714
64.99405,161,1271,-1734,527,4273,-136,350,713
64.99455,161,1270,-1733,527,4276,-136,349,713
64.99505,161,1270,-1733,528,4274,-136,350,713
64.99555,162,1271,-1733,528,4292,-136,349,714
64.99605,161,1270,-1734,528,4328,-136,349,713
64.99655,161,1270,-1734,528,4333,-136,350,713
64.99705,161,1270,-1735,528,4323,-136,350,714
64.99755,161,1271,-1735,528,4295,-136,350,713
64.99805,161,1271,-1734,529,4272,-136,349,713
64.99855,161,1270,-1735,529,4265,-136,349,713
64.99905,161,1270,-1734,529,4265,-136,348,714
64.99955,161,1271,-1734,528,4272,-136,348,713
65.00005,161,1271,-1734,527,4283,-136,347,714
65.00055,160,1271,-1733,526,4283,-136,347,714
65.00105,161,1271,-1732,525,4288,-136,347,714
65.00155,160,1271,-1732,524,4291,-136,347,714
65.00205,161,1271,-1732,524,4291,-136,347,714
65.00255,161,1270,-1733,524,4291,-136,347,713
65.00305,161,1271,-1733,525,4289,-136,347,714
65.00355,160,1270,-1733,525,4286,-136,347,713
65.00405,161,1270,-1733,526,4290,-136,347,714
65.00455,161,1271,-1733,526,4289,-136,348,713
65.00505,161,1270,-1733,526,4291,-136,348,714
65.00555,161,1271,-1733,527,4304,-136,348,714
65.00605,161,1270,-1734,527,4340,-136,348,714
65.00655,161,1271,-1734,526,4341,-136,348,714
65.00705,161,1270,-1734,527,4332,-136,348,714
65.00755,161,1271,-1734,526,4306,-136,348,714
65.00805,161,1271,-1735,527,4281,-136,348,714
65.00855,161,1271,-1735,528,4276,-136,348,714
65.00905,161,1271,-1735,528,4279,-136,348,714
65.00955,161,1270,-1735,528,4284,-136,348,713
65.01005,161,1271,-1734,527,4286,-136,348,713
65.01055,161,1271,-1734,527,4280,-136,348,714
65.01105,160,1271,-1734,526,4280,-136,348,714
65.01155,161,1271,-1734,527,4290,-136,348,714
65.01205,161,1271,-1734,527,4293,-136,348,714
65.01255,160,1271,-1735,527,4290,-136,348,713
65.01305,161,1271,-1734,527,4288,-136,348,714
65.01355,161,1271,-1734,527,4284,-136,348,714
65.01405,161,1271,-1734,526,4284,-136,348,714
65.01455,161,1271,-1733,527,4283,-136,348,714
65.01505,161,1271,-1733,527,4282,-136,348,714
65.01555,161,1271,-1734,528,4306,-136,347,714
65.01605,161,1270,-1734,528,4337,-136,348,714
65.01655,161,1271,-1734,528,4337,-136,348,713
65.01705,160,1271,-1734,527,4330,-136,348,714
65.01755,161,1271,-1734,527,4296,-136,348,714
65.01805,161,1271,-1734,527,4276,-136,348,713
65.01855,160,1271,-1734,528,4272,-137,348,714
65.01905,161,1271,-1734,528,4269,-137,348,713
65.01955,160,1271,-1735,529,4284,-136,348,714
65.02005,161,1271,-1735,529,4288,-136,348,713
65.02055,161,1271,-1734,529,4294,-136,348,713
65.02105,161,1271,-1735,528,4293,-136,349,714
65.02155,161,1271,-1736,529,4296,-136,348,714
65.02205,160,1271,-1735,529,4303,-136,348,714
65.02255,161,1271,-1735,529,4304,-136,348,714
65.02305,160,1271,-1734,527,4303,-136,348,714
65.02355,161,1271,-1734,525,4304,-136,348,713
65.02405,161,1271,-1733,524,4303,-136,348,714
65.02455,161,1271,-1733,524,4299,-136,348,714
65.02505,160,1271,-1732,525,4300,-136,348,714
65.02555,161,1271,-1732,527,4322,-135,347,714
65.02605,160,1271,-1733,527,4347,-135,347,714
65.02655,161,1271,-1734,527,4344,-136,348,714
65.02705,161,1271,-1734,527,4334,-136,348,714
65.02755,161,1271,-1734,528,4305,-136,348,713
65.02805,160,1271,-1734,528,4283,-136,348,714
65.02855,161,1271,-1734,528,4276,-135,348,714
65.02905,160,1271,-1734,529,4281,-136,349,714
65.02955,161,1271,-1734,530,4288,-136,348,714
65.03005,160,1271,-1735,530,4287,-136,349,713
65.03055,161,1271,-1735,530,4287,-136,348,713
65.03105,161,1271,-1736,529,4283,-136,348,713
65.03155,161,1271,-1735,527,4283,-136,348,714
65.03205,161,1271,-1735,526,4284,-136,348,714
65.03255,160,1271,-1734,526,4288,-136,348,713
65.03305,161,1271,-1734,526,4289,-136,348,714
65.03355,160,1271,-1734,526,4286,-136,348,714
65.03405,160,1271,-1734,527,4287,-136,348,714
65.03455,160,1271,-1735,528,4287,-136,348,714
65.03505,160,1271,-1735,529,4287,-136,348,714
65.03555,161,1271,-1735,529,4318,-136,347,714
65.03605,161,1271,-1736,529,4340,-136,348,714
65.03655,161,1271,-1736,529,4338,-136,348,714
65.03705,160,1271,-1735,529,4328,-135,347,714
65.03755,161,1271,-1735,529,4298,-135,348,713
65.03805,161,1271,-1736,529,4279,-136,348,713
65.03855,161,1271,-1736,529,4273,-136,348,713
65.03905,161,1271,-1735,527,4277,-136,348,713
65.03955,161,1271,-1734,525,4285,-136,348,713
65.04005,161,1271,-1732,524,4289,-136,348,713
65.04055,160,1271,-1732,523,4292,-136,348,713
65.04105,161,1271,-1731,523,4293,-136,348,713
65.04165,160,1271,-1731,523,4293,-136,348,714
65.04215,161,1271,-1731,524,4293,-136,348,714
65.04265,160,1271,-1732,525,4297,-136,348,713
65.04315,160,1271,-1733,526,4295,-136,348,713
65.04365,161,1271,-1734,527,4290,-136,348,713
65.04415,161,1271,-1734,528,4289,-136,348,713
65.04465,161,1271,-1734,528,4291,-136,348,713
65.04515,161,1271,-1734,529,4290,-136,349,713
65.04565,161,1271,-1734,529,4319,-136,348,714
65.04615,161,1271,-1734,528,4338,-136,348,714
65.04665,160,1271,-1733,526,4338,-136,348,714
65.04715,161,1271,-1733,525,4325,-136,348,713
65.04765,160,1271,-1732,525,4292,-136,348,713
65.04815,160,1271,-1732,526,4271,-136,348,713
65.04865,160,1271,-1732,526,4268,-136,348,714
65.04915,161,1271,-1733,527,4273,-136,348,713
65.04965,160,1271,-1733,527,4285,-136,348,713
65.05015,160,1271,-1733,526,4283,-136,348,714
65.05065,160,1272,-1734,526,4281,-136,349,713
65.05115,160,1272,-1734,527,4287,-135,349,713
65.05165,160,1271,-1734,527,4288,-136,348,713
65.05215,160,1271,-1734,527,4287,-136,348,713
65.05265,160,1272,-1734,528,4286,-136,348,713
65.05315,161,1272,-1734,528,4287,-136,348,713
65.05365,161,1271,-1734,528,4289,-136,348,713
65.05415,160,1271,-1735,528,4288,-136,349,713
65.05465,161,1272,-1735,528,4287,-136,348,713
65.05515,161,1271,-1735,528,4289,-136,348,713
65.05565,160,1271,-1736,528,4326,-136,347,713
65.05615,161,1271,-1735,528,4345,-136,348,713
65.05665,160,1271,-1734,527,4342,-136,348,713
65.05715,160,1271,-1734,526,4331,-136,348,713
65.05765,161,1272,-1734,526,4298,-136,348,713
65.05815,160,1271,-1734,526,4282,-136,348,713
65.05865,160,1272,-1734,526,4277,-136,348,713
65.05915,160,1271,-1734,526,4279,-136,348,713
65.05965,160,1271,-1735,526,4289,-136,347,714
65.06015,161,1271,-1735,527,4293,-136,348,713
65.06065,161,1272,-1735,526,4298,-136,347,713
65.06115,161,1271,-1735,527,4295,-136,347,714
65.06165,160,1271,-1734,526,4295,-136,347,713
65.06215,161,1271,-1733,526,4299,-136,347,713
65.06265,160,1271,-1733,526,4294,-136,347,714
65.06315,160,1271,-1733,526,4291,-136,347,713
65.06365,161,1271,-1733,527,4294,-136,347,713
65.06415,160,1271,-1733,527,4290,-136,347,714
65.06465,161,1271,-1733,527,4289,-136,347,714
65.06515,161,1271,-1734,527,4295,-136,347,714
65.06565,161,1271,-1733,527,4330,-136,347,714
65.06615,161,1271,-1733,527,4340,-136,347,714
65.06665,161,1271,-1733,527,4337,-136,348,714
65.06715,160,1271,-1733,527,4321,-136,348,714
65.06765,160,1271,-1733,527,4291,-136,348,714
65.06815,161,1271,-1733,527,4281,-136,348,714
65.06865,161,1271,-1734,527,4281,-136,348,713
65.06915,160,1271,-1734,526,4285,-136,348,714
65.06965,160,1271,-1735,527,4287,-136,348,714
65.07015,160,1271,-1734,528,4293,-136,349,714
65.07065,161,1271,-1734,528,4297,-136,349,714
65.07115,160,1271,-1734,528,4299,-135,349,714
65.07165,160,1271,-1734,528,4301,-136,349,714
65.07215,160,1271,-1735,529,4303,-136,349,714
65.07265,161,1271,-1734,528,4301,-135,349,714
65.07315,161,1271,-1734,528,4301,-136,349,713
65.07365,160,1271,-1734,528,4302,-135,349,714
65.07415,160,1271,-1734,527,4295,-136,349,713
65.07465,160,1271,-1734,526,4295,-136,349,714
65.07515,160,1271,-1733,526,4298,-135,348,714
65.07565,161,1271,-1733,526,4341,-135,348,714
65.07615,160,1271,-1734,526,4348,-135,349,714
65.07665,160,1271,-1734,526,4344,-135,349,714
65.07715,160,1271,-1735,526,4325,-135,349,713
65.07765,161,1271,-1736,526,4294,-136,349,714
65.07815,160,1271,-1737,527,4280,-135,349,713
65.07865,160,1271,-1737,527,4284,-136,348,714
65.07915,160,1271,-1736,528,4287,-135,348,714
65.07965,161,1271,-1735,528,4294,-136,348,713
65.08015,160,1271,-1734,528,4296,-136,348,714
65.08065,160,1271,-1731,528,4292,-136,347,714
65.08115,160,1271,-1731,528,4296,-136,347,714
65.08165,160,1271,-1734,530,4298,-135,347,713
65.08215,160,1271,-1735,531,4298,-136,348,714
65.08265,160,1271,-1735,531,4293,-135,348,713
65.08315,160,1271,-1734,530,4296,-136,348,713
65.08365,160,1271,-1733,528,4295,-136,348,714
65.08415,160,1271,-1733,525,4296,-135,348,713
65.08465,160,1271,-1732,524,4301,-136,348,714
65.08515,160,1271,-1732,525,4305,-135,348,713
65.08565,160,1271,-1733,526,4344,-135,348,714
65.08615,161,1271,-1734,527,4345,-135,349,713
65.08665,161,1271,-1734,527,4344,-136,349,714
65.08715,160,1271,-1734,526,4320,-135,351,713
65.08765,160,1271,-1735,525,4294,-135,351,714
65.08815,160,1271,-1734,525,4287,-135,350,713
65.08865,160,1271,-1734,526,4291,-135,350,714
65.08915,160,1271,-1734,526,4294,-135,350,713
65.08965,160,1271,-1734,528,4302,-135,350,714
65.09015,160,1271,-1734,529,4299,-135,351,713
65.09065,160,1271,-1734,530,4300,-135,350,713
65.09115,160,1271,-1734,530,4299,-135,350,713
65.09165,160,1271,-1735,530,4302,-135,350,713
65.09215,160,1271,-1735,529,4301,-135,350,713
65.09265,160,1271,-1735,529,4299,-135,349,713
65.09315,160,1271,-1735,529,4298,-135,349,713
65.09365,160,1271,-1734,528,4299,-135,348,713
65.09415,160,1271,-1733,526,4298,-136,348,713
65.09465,160,1271,-1733,525,4295,-135,347,713
65.095146,161,1271,-1732,524,4304,-135,347,713
65.09565,160,1271,-1733,525,4343,-135,347,713
65.09615,160,1271,-1733,525,4347,-135,347,713
65.09665,160,1271,-1733,526,4341,-136,348,713
65.09715,160,1271,-1734,526,4319,-136,348,713
65.09765,160,1271,-1735,526,4289,-135,348,713
65.09815,160,1271,-1735,527,4279,-135,348,713
65.09865,160,1271,-1734,527,4278,-135,348,713
65.09915,160,1271,-1734,527,4285,-135,348,714
65.09965,160,1271,-1734,526,4296,-135,348,714
65.10015,160,1271,-1734,527,4304,-135,348,714
65.10065,160,1271,-1734,528,4306,-135,348,714
65.10115,160,1271,-1734,528,4306,-135,348,714
65.10165,160,1271,-1734,528,4306,-135,348,714
65.10215,160,1271,-1734,528,4307,-135,348,714
65.10265,160,1271,-1734,527,4305,-136,348,714
65.10315,160,1271,-1735,528,4305,-136,348,714
65.10365,161,1271,-1734,527,4307,-135,348,714
65.10425,161,1271,-1734,527,4308,-135,348,713
65.10475,161,1271,-1734,527,4308,-136,348,714
65.10525,161,1271,-1733,527,4315,-135,348,713
65.10575,161,1271,-1733,526,4353,-136,348,714
65.10625,160,1271,-1733,526,4352,-135,348,714
65.10675,161,1271,-1733,527,4351,-135,348,713
65.10725,161,1271,-1734,526,4327,-135,348,713
65.10775,160,1271,-1734,527,4296,-136,348,713
65.10825,160,1271,-1734,527,4290,-135,348,713
65.10875,160,1271,-1734,527,4292,-136,348,714
65.10925,160,1271,-1734,527,4299,-136,348,714
65.10975,160,1271,-1734,527,4307,-136,348,713
65.11025,160,1271,-1734,527,4309,-135,348,714
65.11075,160,1271,-1734,527,4305,-135,348,714
65.11125,159,1271,-1734,527,4309,-135,348,714
65.11175,160,1271,-1734,527,4311,-136,349,714
65.11225,159,1271,-1734,527,4310,-136,348,714
65.11275,160,1271,-1734,526,4307,-135,348,714
65.11325,160,1271,-1734,526,4305,-135,348,714
65.11375,160,1271,-1733,527,4305,-135,348,714
65.11425,160,1271,-1734,526,4303,-135,348,714
65.11475,160,1271,-1734,526,4298,-135,348,714
65.11525,160,1271,-1733,527,4312,-135,348,714
65.11575,160,1271,-1734,527,4349,-135,348,714
65.11625,160,1271,-1733,526,4350,-136,348,714
65.11675,160,1271,-1733,526,4346,-136,348,714
65.11725,160,1271,-1734,526,4322,-136,349,714
65.11775,160,1271,-1734,527,4297,-136,349,714
65.11825,160,1271,-1734,527,4291,-136,348,714
65.11875,160,1271,-1734,528,4292,-136,348,714
65.11925,160,1271,-1733,527,4297,-136,348,714
65.11975,160,1271,-1733,527,4303,-136,348,714
65.12025,160,1271,-1733,527,4305,-136,348,714
65.12075,160,1271,-1734,527,4307,-136,349,713
65.12125,160,1271,-1734,527,4309,-136,348,713
65.12175,159,1271,-1734,527,4306,-136,349,713
65.12225,160,1271,-1734,527,4306,-136,348,713
65.12275,160,1272,-1734,527,4308,-136,349,713
65.12325,160,1271,-1734,527,4309,-136,348,713
65.12375,160,1271,-1734,527,4311,-135,349,713
65.12425,160,1272,-1733,527,4312,-136,348,713
65.12475,160,1271,-1733,527,4311,-136,349,713
65.12525,160,1271,-1733,527,4324,-136,348,714
65.12575,160,1271,-1734,527,4356,-135,347,714
65.12625,160,1271,-1734,528,4361,-136,348,713
65.12675,160,1271,-1735,527,4355,-135,348,713
65.12725,160,1272,-1735,527,4323,-135,348,713
65.12775,159,1271,-1735,528,4299,-135,348,713
65.12825,160,1272,-1735,528,4296,-136,348,714
65.12875,160,1271,-1734,527,4299,-135,348,713
65.12925,160,1272,-1734,526,4310,-135,348,714
65.12975,160,1271,-1734,527,4310,-136,348,713
65.13025,160,1271,-1734,526,4310,-135,347,714
65.13075,160,1271,-1734,527,4306,-135,348,714
65.13125,160,1271,-1734,527,4313,-136,347,714
65.13175,160,1271,-1734,528,4317,-136,348,713
65.13225,160,1271,-1734,528,4316,-135,348,714
65.13275,160,1271,-1734,528,4309,-135,348,713
65.13325,160,1271,-1734,528,4312,-135,348,714
65.13375,160,1272,-1734,528,4311,-136,348,713
65.13425,160,1272,-1735,529,4314,-135,348,714
65.13475,160,1271,-1734,529,4306,-136,348,713
65.13525,161,1272,-1734,530,4327,-136,347,714
65.13575,160,1272,-1733,528,4360,-136,348,714
65.13625,160,1272,-1733,526,4364,-135,348,714
65.13675,160,1271,-1733,526,4360,-136,348,714
65.13725,160,1272,-1733,525,4334,-136,348,714
65.13775,160,1271,-1733,526,4310,-136,349,714
65.13825,160,1272,-1734,527,4304,-136,349,714
65.13875,160,1272,-1734,527,4306,-136,349,714
65.13925,160,1272,-1735,527,4315,-135,349,714
65.13975,159,1271,-1735,527,4320,-135,349,714
65.14025,160,1271,-1735,527,4322,-135,349,714
65.14075,160,1271,-1734,527,4324,-135,348,714
65.14125,160,1271,-1735,527,4325,-135,349,714
65.14175,160,1271,-1734,527,4325,-135,349,713
65.14225,160,1271,-1734,527,4324,-135,349,714
65.14275,160,1272,-1733,526,4319,-136,349,714
65.14325,160,1271,-1732,526,4322,-136,349,714
65.14375,160,1271,-1732,526,4326,-136,349,714
65.14425,160,1271,-1733,526,4326,-136,349,714
65.14475,160,1271,-1733,526,4325,-135,349,714
65.14525,160,1271,-1733,527,4345,-135,348,714
65.14575,160,1271,-1733,527,4372,-136,349,714
65.14625,160,1271,-1733,528,4368,-136,348,714
65.14675,160,1271,-1733,528,4360,-136,349,714
65.14725,160,1272,-1733,528,4328,-136,349,713
65.14775,160,1271,-1733,528,4305,-136,348,713
65.14825,160,1272,-1733,528,4300,-136,348,713
65.14875,160,1271,-1734,528,4303,-136,348,713
65.14925,160,1271,-1734,528,4310,-136,348,714
65.14975,160,1271,-1734,529,4316,-136,348,713
65.15025,160,1271,-1734,529,4323,-136,348,713
65.15075,160,1271,-1734,529,4322,-136,348,713
65.15125,160,1271,-1734,528,4322,-136,348,713
65.15175,160,1271,-1734,527,4324,-136,348,713
65.15225,160,1271,-1734,527,4325,-136,348,713
65.15275,160,1271,-1734,527,4324,-136,348,713
65.15325,160,1272,-1734,526,4325,-135,348,713
65.15375,160,1272,-1734,526,4327,-135,349,714
65.15425,160,1272,-1734,527,4328,-135,349,713
65.15475,160,1272,-1734,526,4329,-136,349,713
65.15525,160,1272,-1734,527,4352,-135,349,714
65.15575,160,1271,-1734,526,4379,-135,349,714
65.15625,161,1271,-1734,526,4383,-136,349,714
65.15675,160,1271,-1733,526,4376,-135,349,714
65.15725,160,1271,-1733,526,4346,-136,349,713
65.15775,160,1272,-1732,526,4323,-135,350,714
65.15825,160,1271,-1733,527,4315,-135,349,714
65.15875,160,1272,-1734,527,4320,-136,349,714
65.15925,160,1271,-1734,527,4327,-135,349,714
65.15975,160,1272,-1734,527,4329,-135,349,714
65.16025,160,1272,-1734,528,4329,-136,349,714
65.16075,160,1271,-1734,528,4329,-136,348,713
65.16125,160,1272,-1734,528,4329,-136,348,714
65.16175,160,1272,-1734,527,4326,-136,348,714
65.16225,160,1272,-1733,527,4329,-136,348,713
65.16275,160,1272,-1733,526,4331,-136,347,713
65.16325,160,1272,-1733,525,4326,-136,347,713
65.16375,160,1272,-1734,525,4324,-136,347,714
65.16425,160,1272,-1734,525,4324,-136,347,713
65.16475,160,1272,-1734,526,4326,-136,347,714
65.16525,160,1272,-1734,528,4346,-136,347,714
65.16575,160,1272,-1734,529,4374,-136,347,714
65.16625,160,1272,-1733,529,4373,-136,348,714
65.16685,159,1272,-1733,529,4362,-136,348,714
65.16735,159,1272,-1733,528,4333,-136,348,714
65.16785,159,1272,-1733,528,4315,-136,348,714
65.16835,159,1272,-1733,527,4313,-136,348,714
65.16885,159,1272,-1733,527,4317,-136,348,714
65.16935,159,1272,-1734,526,4324,-136,348,714
65.16985,159,1272,-1734,526,4325,-136,348,714
65.17035,159,1271,-1734,527,4324,-136,348,714
65.17085,160,1272,-1734,526,4326,-136,348,714
65.17135,159,1272,-1734,526,4332,-135,348,714
65.17185,160,1272,-1734,526,4336,-136,348,714
65.17235,160,1272,-1733,526,4337,-135,348,714
65.17285,159,1272,-1732,526,4335,-136,348,714
65.17335,160,1272,-1732,527,4333,-136,348,714
65.17385,160,1272,-1733,528,4334,-135,348,714
65.17435,160,1272,-1733,528,4332,-135,348,714
65.17485,160,1272,-1733,527,4326,-136,348,714
65.17535,160,1272,-1732,527,4355,-136,347,715
65.17585,160,1272,-1732,527,4374,-136,348,714
65.17635,160,1272,-1733,527,4368,-136,348,714
65.17685,160,1272,-1733,527,4361,-136,348,714
65.17735,160,1272,-1733,527,4331,-136,349,713
65.17785,159,1272,-1733,527,4311,-136,349,714
65.17835,160,1272,-1734,527,4303,-136,349,714
65.17885,159,1272,-1734,528,4310,-136,349,714
65.17935,160,1272,-1734,528,4321,-136,349,714
65.17985,160,1272,-1734,528,4323,-136,349,714
65.18035,159,1272,-1734,528,4323,-136,348,714
65.18085,159,1272,-1734,528,4323,-136,349,713
65.18135,160,1272,-1734,528,4322,-136,349,713
65.18185,159,1272,-1735,528,4317,-136,349,714
65.18235,160,1272,-1735,528,4317,-136,349,713
65.18285,160,1272,-1735,528,4321,-135,349,713
65.18335,160,1272,-1735,527,4317,-136,349,714
65.18385,160,1272,-1735,526,4317,-136,349,714
65.18435,160,1272,-1735,526,4323,-136,349,713
65.18485,160,1272,-1734,526,4323,-135,349,714
65.18535,160,1272,-1734,528,4350,-136,348,714
65.18585,160,1272,-1733,529,4368,-136,348,714
65.18635,160,1272,-1733,531,4365,-135,349,714
65.18685,160,1272,-1733,532,4353,-136,349,714
65.18735,160,1272,-1733,532,4318,-136,349,714
65.18785,160,1272,-1735,533,4305,-136,349,714
65.18835,160,1272,-1735,533,4308,-136,349,714
65.18885,160,1271,-1735,533,4314,-136,349,713
65.18935,160,1272,-1735,530,4319,-136,349,714
65.18985,160,1272,-1734,528,4316,-135,349,714
65.19035,160,1272,-1733,525,4320,-136,348,714
65.19085,160,1272,-1733,523,4323,-136,348,714
65.19135,160,1272,-1732,523,4323,-136,348,714
65.19185,160,1272,-1732,523,4322,-136,348,714
65.19235,159,1272,-1733,524,4320,-136,348,713
65.19285,160,1272,-1734,526,4316,-136,348,714
65.19335,159,1272,-1735,527,4310,-136,348,713
65.19385,160,1272,-1735,526,4313,-136,348,713
65.19435,160,1272,-1735,526,4310,-136,348,714
65.19485,160,1272,-1736,526,4307,-136,348,714
65.19535,160,1272,-1735,526,4350,-136,347,714
65.19585,160,1272,-1734,525,4364,-136,348,714
65.19635,160,1272,-1735,526,4359,-136,347,714
65.19685,159,1272,-1734,525,4343,-136,348,714
65.19735,160,1272,-1734,526,4310,-136,348,714
65.19785,160,1272,-1734,526,4299,-136,349,713
65.19835,160,1272,-1733,526,4297,-136,348,714
65.19885,160,1272,-1732,526,4298,-136,348,713
65.19935,159,1272,-1731,526,4307,-136,348,713
65.19985,160,1272,-1731,525,4306,-136,348,714
65.20035,159,1272,-1732,525,4307,-136,348,714
65.20085,160,1272,-1733,526,4314,-136,348,714
65.20135,160,1272,-1733,528,4317,-135,349,714
65.20185,160,1272,-1733,528,4316,-136,349,714
65.20235,160,1272,-1732,528,4313,-136,349,713
65.20285,160,1272,-1732,528,4314,-136,349,714
65.20335,160,1272,-1733,527,4312,-136,348,714
65.20385,160,1272,-1733,527,4317,-136,348,714
65.20435,160,1272,-1734,527,4319,-136,348,714
65.20485,160,1272,-1734,527,4324,-136,348,713
65.20535,159,1272,-1734,527,4358,-136,348,714
65.20585,160,1272,-1734,527,4363,-136,347,714
65.20635,160,1272,-1734,526,4361,-136,348,714
65.20685,160,1272,-1734,527,4345,-136,348,714
65.20735,159,1272,-1734,528,4313,-136,348,713
65.20785,160,1272,-1734,528,4302,-136,348,714
65.20835,160,1272,-1733,527,4297,-136,348,713
65.20885,160,1272,-1732,527,4304,-136,348,713
65.20935,160,1272,-1732,527,4306,-136,348,714
65.20985,160,1272,-1732,527,4304,-136,348,714
65.21035,160,1272,-1733,527,4306,-136,348,714
65.21085,160,1272,-1733,528,4309,-136,348,714
65.21135,160,1272,-1733,528,4311,-136,348,714
65.21185,160,1272,-1734,528,4311,-136,348,714
65.21235,160,1272,-1734,527,4309,-136,349,714
65.21285,160,1272,-1733,526,4304,-136,349,714
65.21335,159,1272,-1733,526,4300,-136,349,713
65.21385,160,1272,-1734,526,4298,-136,348,714
65.21435,160,1272,-1734,526,4290,-136,348,713
65.21485,160,1272,-1734,527,4295,-137,348,713
65.21535,160,1272,-1733,527,4330,-136,347,714
65.21585,160,1272,-1732,526,4336,-136,348,714
65.21635,160,1272,-1732,526,4339,-136,348,714
65.21685,160,1272,-1732,526,4323,-136,348,713
65.21735,159,1272,-1733,526,4291,-136,348,713
65.21785,160,1272,-1734,526,4276,-136,348,713
65.21835,159,1272,-1735,526,4273,-136,347,713
65.21885,160,1272,-1734,527,4281,-136,348,713
65.21935,159,1272,-1733,527,4291,-136,348,714
65.21985,160,1272,-1732,526,4295,-136,347,714
65.22035,160,1272,-1732,526,4302,-136,348,713
65.22085,160,1272,-1733,527,4304,-136,348,713
65.22135,159,1273,-1733,528,4301,-136,348,714
65.22185,160,1272,-1734,528,4303,-136,348,713
65.22235,160,1272,-1734,528,4309,-136,348,714
65.22285,159,1272,-1735,529,4306,-136,348,713
65.22335,160,1272,-1736,530,4307,-137,348,713
65.22385,160,1272,-1736,530,4304,-136,348,714
65.22435,160,1272,-1735,530,4302,-137,348,713
65.22485,160,1272,-1734,529,4314,-136,349,714
65.22535,160,1272,-1733,528,4346,-136,349,713
65.22585,160,1272,-1731,527,4347,-137,349,713
65.22635,160,1272,-1733,527,4334,-137,349,714
65.22685,160,1272,-1734,527,4312,-137,350,713
65.22735,160,1272,-1734,526,4286,-137,350,713
65.22785,160,1273,-1734,526,4276,-136,350,714
65.22835,160,1272,-1733,526,4280,-136,349,714
65.22895,160,1272,-1733,526,4291,-136,349,713
65.22945,160,1272,-1732,526,4296,-136,349,714
65.22995,160,1272,-1732,527,4291,-136,349,714
65.23045,160,1273,-1732,527,4294,-136,349,714
65.23095,160,1273,-1733,528,4294,-136,349,714
65.23145,160,1273,-1733,528,4294,-136,349,714
65.23195,160,1272,-1733,528,4294,-136,349,714
65.23245,160,1273,-1733,529,4293,-136,349,714
65.23295,160,1272,-1733,528,4290,-136,349,715
65.23345,160,1272,-1733,527,4288,-136,349,714
65.23395,160,1272,-1732,526,4285,-136,349,714
65.23445,160,1273,-1733,525,4289,-137,349,714
65.23495,160,1272,-1733,526,4299,-136,349,714
65.23545,160,1272,-1733,527,4335,-137,349,714
65.23595,159,1273,-1734,527,4336,-136,349,713
65.23645,160,1273,-1734,528,4328,-136,349,714
65.23695,159,1273,-1734,528,4301,-136,349,713
65.23745,160,1273,-1733,528,4278,-137,349,713
65.23795,160,1273,-1733,528,4274,-136,349,713
65.23845,160,1273,-1732,528,4277,-136,350,713
65.23895,160,1273,-1733,529,4284,-136,350,714
65.23945,160,1273,-1734,530,4290,-136,350,714
65.23995,160,1273,-1735,531,4296,-136,350,713
65.24045,159,1273,-1735,531,4298,-136,350,714
65.24095,160,1273,-1735,529,4294,-137,350,714
65.24145,160,1273,-1735,528,4296,-136,350,713
65.24195,160,1273,-1734,527,4295,-136,350,714
65.24245,160,1272,-1734,528,4287,-137,350,714
65.24295,160,1273,-1734,529,4291,-137,350,713
65.24345,160,1272,-1734,529,4293,-137,350,714
65.24395,160,1272,-1734,529,4289,-136,350,714
65.24445,161,1273,-1733,526,4292,-137,350,714
65.24495,160,1273,-1732,525,4305,-136,349,714
65.24545,160,1273,-1732,524,4339,-137,349,714
65.24595,160,1273,-1732,523,4335,-136,349,714
65.24645,160,1273,-1732,524,4328,-137,348,713
65.24695,160,1273,-1733,523,4300,-137,348,713
65.24745,160,1273,-1733,525,4268,-137,347,713
65.24795,160,1273,-1733,526,4263,-136,347,713
65.24845,160,1273,-1733,526,4266,-136,348,713
65.24895,161,1273,-1733,526,4273,-136,348,713
65.24945,160,1273,-1733,527,4277,-137,348,714
65.24995,161,1273,-1733,527,4278,-136,348,713
65.25045,160,1273,-1733,527,4282,-136,348,714
65.25095,159,1274,-1733,527,4283,-136,347,713
65.25145,159,1273,-1733,528,4288,-137,348,713
65.25195,159,1273,-1733,527,4284,-136,348,713
65.25245,159,1273,-1733,527,4283,-136,348,714
65.25295,159,1273,-1733,527,4281,-137,348,714
65.25345,160,1273,-1734,527,4285,-137,348,714
65.25395,160,1273,-1734,527,4287,-136,349,714
65.25445,160,1273,-1734,526,4285,-137,348,714
65.25495,160,1273,-1734,527,4297,-136,348,714
65.25545,159,1273,-1734,528,4332,-136,348,714
65.25595,160,1273,-1734,527,4331,-136,348,713
65.25645,160,1273,-1734,528,4327,-136,348,714
65.25695,159,1273,-1734,528,4298,-137,348,714
65.25745,160,1273,-1734,528,4277,-136,348,713
65.25795,160,1273,-1733,528,4271,-136,348,713
65.25845,160,1273,-1733,528,4265,-137,348,713
65.25895,160,1273,-1732,528,4271,-137,348,713
65.25945,160,1273,-1732,528,4276,-136,348,713
65.25995,160,1273,-1733,528,4278,-136,349,713
65.26045,160,1273,-1734,528,4279,-137,349,713
65.26095,160,1273,-1735,529,4280,-137,348,713
65.26145,160,1273,-1735,528,4281,-137,349,713
65.26195,160,1273,-1736,528,4281,-136,348,713
65.26245,160,1273,-1736,526,4282,-136,348,713
65.26295,160,1273,-1736,526,4282,-137,349,713
65.26345,160,1274,-1735,525,4280,-137,348,713
65.26395,161,1273,-1734,526,4281,-137,349,713
65.26445,160,1273,-1730,526,4281,-137,348,713
65.26495,160,1273,-1728,527,4297,-137,348,713
65.26545,160,1273,-1729,527,4332,-136,348,713
65.26595,160,1273,-1731,527,4328,-137,349,713
65.26645,160,1274,-1732,528,4322,-137,349,713
65.26695,159,1274,-1733,527,4297,-137,348,713
65.26745,160,1274,-1733,527,4272,-137,348,713
65.26795,160,1274,-1733,526,4270,-137,348,713
65.26845,159,1274,-1733,527,4277,-137,348,714
65.26895,159,1273,-1734,526,4285,-137,348,714
65.26945,160,1274,-1734,526,4293,-137,348,713
65.26995,160,1274,-1734,527,4296,-137,348,713
65.27045,160,1274,-1734,527,4292,-137,348,714
65.27095,160,1274,-1734,527,4293,-137,348,714
65.27145,160,1274,-1734,527,4301,-136,348,714
65.27195,160,1274,-1734,528,4304,-137,348,713
65.27245,160,1274,-1734,528,4303,-136,348,714
65.27295,160,1274,-1734,528,4296,-136,349,714
65.27345,160,1274,-1735,528,4297,-137,348,714
65.27395,160,1274,-1735,528,4299,-136,349,714
65.27445,160,1274,-1735,529,4296,-137,349,714
65.27495,160,1274,-1735,530,4310,-136,348,714
65.27545,160,1274,-1734,528,4339,-136,348,714
65.27595,160,1274,-1734,526,4335,-136,348,714
65.27645,160,1274,-1732,525,4329,-136,348,714
65.27695,160,1274,-1731,525,4302,-136,348,713
65.27745,160,1274,-1730,526,4278,-137,348,714
65.27795,160,1274,-1731,527,4270,-136,348,714
65.27845,160,1274,-1732,528,4277,-137,348,714
65.27895,160,1274,-1733,529,4285,-136,347,714
65.27945,160,1274,-1733,529,4288,-136,348,713
65.27995,160,1274,-1733,530,4286,-136,348,713
65.28045,160,1273,-1733,530,4282,-136,348,714
65.28095,160,1273,-1733,529,4283,-136,348,714
65.28145,160,1274,-1734,528,4289,-136,348,714
65.28195,160,1274,-1734,527,4291,-136,347,714
65.28245,160,1274,-1733,525,4292,-136,347,714
65.28295,160,1273,-1733,525,4297,-136,347,714
65.28345,160,1274,-1733,525,4298,-137,348,714
65.28395,160,1274,-1732,526,4298,-137,348,714
65.28445,160,1274,-1733,526,4299,-137,348,713
65.28495,160,1274,-1733,527,4322,-136,348,714
65.285446,160,1274,-1734,527,4345,-137,348,714
65.28595,160,1274,-1733,527,4344,-137,348,714
65.28645,160,1274,-1732,527,4335,-137,348,713
65.28695,159,1274,-1732,527,4306,-136,348,713
65.28745,160,1274,-1732,527,4280,-137,348,713
65.28795,160,1274,-1732,527,4282,-137,348,713
65.28845,160,1274,-1733,527,4289,-137,348,713
65.28895,160,1274,-1733,527,4297,-136,348,713
65.28945,160,1274,-1734,527,4302,-137,348,713
65.28995,160,1274,-1734,527,4301,-137,348,713
65.29045,160,1274,-1733,527,4302,-137,348,714
65.29105,160,1274,-1733,527,4306,-136,348,713
65.29155,160,1274,-1733,527,4312,-137,348,713
65.29205,160,1274,-1733,527,4308,-137,348,714
65.29255,160,1274,-1733,527,4305,-137,348,713
65.29305,160,1274,-1733,527,4307,-137,348,714
65.29355,161,1274,-1733,527,4301,-137,348,714
65.29405,160,1274,-1733,528,4305,-137,348,714
65.29455,160,1274,-1733,528,4304,-137,349,714
65.29505,160,1274,-1733,529,4326,-136,348,714
65.29555,160,1274,-1732,528,4350,-136,348,714
65.29605,160,1274,-1732,528,4344,-136,348,713
65.29655,160,1274,-1733,527,4335,-136,348,714
65.29705,160,1274,-1733,526,4299,-136,348,713
65.29755,160,1275,-1733,527,4283,-136,348,714
65.29805,160,1275,-1734,527,4275,-136,348,713
65.29855,160,1275,-1734,528,4280,-136,348,714
65.29905,159,1275,-1734,528,4287,-136,348,714
65.29955,159,1275,-1734,528,4295,-136,348,713
65.30005,159,1275,-1733,528,4299,-136,348,713
65.30055,159,1275,-1733,527,4296,-136,348,713
65.30105,160,1275,-1732,526,4296,-137,348,713
65.30155,160,1274,-1733,526,4297,-136,348,713
65.30205,160,1275,-1733,527,4298,-137,348,713
65.30255,160,1275,-1733,528,4299,-136,348,713
65.30305,160,1275,-1734,528,4299,-137,348,713
65.30355,160,1275,-1734,528,4299,-137,348,713
65.30405,160,1275,-1734,528,4300,-137,348,713
65.30455,160,1275,-1734,528,4300,-136,348,713
65.30505,160,1275,-1734,527,4332,-136,348,714
65.30555,160,1275,-1733,527,4355,-137,348,713
65.30605,160,1275,-1733,527,4352,-137,348,713
65.30655,160,1275,-1733,527,4337,-136,348,713
65.30705,160,1275,-1733,526,4305,-137,349,713
65.30755,160,1275,-1733,526,4287,-136,348,713
65.30805,160,1275,-1732,525,4288,-136,348,713
65.30855,160,1275,-1733,526,4294,-136,348,713
65.30905,160,1275,-1733,527,4300,-137,348,713
65.30955,160,1275,-1733,527,4302,-136,348,714
65.31005,159,1275,-1733,528,4303,-137,347,713
65.31055,159,1275,-1733,528,4308,-136,348,714
65.31105,160,1275,-1733,528,4305,-136,348,713
65.31155,160,1275,-1733,528,4308,-136,348,713
65.31205,160,1275,-1733,529,4305,-136,348,713
65.31255,160,1275,-1733,529,4303,-137,348,713
65.31305,160,1275,-1733,529,4299,-136,349,713
65.31355,160,1275,-1733,528,4297,-136,349,713
65.31405,160,1275,-1733,527,4297,-136,349,713
65.31455,160,1275,-1733,527,4296,-136,348,713
65.31505,160,1275,-1734,527,4325,-136,348,714
65.31555,160,1275,-1734,527,4343,-136,348,713
65.31605,160,1275,-1735,528,4342,-136,348,713
65.31655,160,1275,-1734,528,4330,-136,348,713
65.31705,160,1275,-1735,528,4297,-136,349,713
65.31755,160,1275,-1735,528,4286,-136,349,713
65.31805,160,1275,-1735,527,4288,-136,348,713
65.31855,160,1275,-1734,526,4293,-136,348,713
65.31905,160,1275,-1732,526,4300,-136,348,713
65.31955,160,1275,-1731,525,4303,-136,348,714
65.32005,160,1275,-1730,525,4305,-136,348,713
65.32055,160,1275,-1731,526,4311,-136,348,713
65.32105,160,1275,-1731,527,4309,-136,348,713
65.32155,160,1275,-1732,527,4310,-136,348,713
65.32205,160,1275,-1732,527,4310,-136,348,713
65.32255,160,1275,-1733,527,4314,-136,348,713
65.32305,160,1275,-1733,527,4319,-136,348,713
65.32355,160,1275,-1733,527,4320,-136,348,713
65.32405,160,1275,-1733,527,4320,-136,349,713
65.32455,160,1275,-1733,527,4321,-136,349,713
65.32505,161,1275,-1733,528,4356,-136,349,713
65.32555,160,1275,-1733,528,4366,-136,349,713
65.32605,160,1275,-1733,528,4356,-136,349,713
65.32655,160,1275,-1733,527,4340,-136,350,713
65.32705,160,1276,-1733,526,4308,-136,350,713
65.32755,159,1276,-1733,527,4296,-136,350,712
65.32805,160,1276,-1733,527,4300,-136,350,713
65.32855,159,1276,-1733,527,4311,-136,349,713
65.32905,159,1275,-1733,527,4313,-136,349,713
65.32955,160,1275,-1733,527,4310,-136,349,713
65.33005,159,1275,-1733,527,4307,-136,349,712
65.33055,160,1275,-1732,528,4309,-136,348,713
65.33105,160,1275,-1733,529,4317,-136,348,713
65.33155,160,1275,-1733,530,4315,-136,348,713
65.33205,160,1275,-1733,529,4313,-136,348,713
65.33255,160,1275,-1733,529,4314,-136,348,713
65.33305,160,1275,-1733,529,4312,-136,348,713
65.33355,160,1276,-1733,529,4312,-136,348,714
65.33405,160,1275,-1733,529,4315,-136,347,713
65.33455,160,1276,-1733,528,4323,-136,347,713
65.33505,160,1275,-1732,528,4354,-136,346,713
65.33555,160,1276,-1733,527,4360,-136,347,713
65.33605,160,1275,-1732,527,4355,-136,347,713
65.33655,160,1275,-1733,528,4341,-136,347,713
65.33705,160,1275,-1733,528,4313,-136,347,713
65.33755,160,1275,-1734,529,4304,-136,348,713
65.33805,160,1276,-1734,529,4305,-136,348,713
65.33855,160,1276,-1734,529,4313,-136,348,713
65.33905,160,1275,-1735,528,4324,-136,348,713
65.33955,160,1276,-1734,527,4328,-136,348,713
65.34005,160,1275,-1733,526,4331,-136,348,713
65.34055,160,1276,-1733,525,4332,-136,348,713
65.34105,160,1275,-1732,525,4333,-136,348,713
65.34155,160,1276,-1732,525,4332,-136,348,713
65.34205,160,1276,-1732,527,4331,-136,347,713
65.34255,160,1276,-1733,527,4331,-136,348,713
65.34305,159,1276,-1733,527,4330,-136,348,713
65.34355,159,1276,-1733,528,4328,-136,348,713
65.34405,159,1276,-1733,528,4328,-135,348,713
65.34455,159,1276,-1733,528,4334,-135,348,713
65.34505,159,1276,-1733,528,4372,-136,347,713
65.34555,159,1276,-1733,528,4376,-136,348,713
65.34605,160,1276,-1733,527,4367,-136,348,713
65.34655,159,1276,-1733,527,4344,-136,348,713
65.34705,159,1276,-1733,527,4314,-136,348,713
65.34755,160,1276,-1734,527,4306,-136,348,713
65.34805,159,1276,-1734,526,4308,-136,348,713
65.34855,160,1276,-1733,526,4316,-135,348,713
65.34905,160,1276,-1733,525,4324,-135,348,713
65.34955,159,1276,-1733,525,4327,-135,348,713
65.35005,159,1276,-1733,525,4329,-136,348,713
65.35055,159,1276,-1734,526,4331,-135,349,712
65.35105,159,1276,-1734,527,4334,-136,348,713
65.35155,159,1276,-1733,528,4339,-135,348,713
65.35205,159,1276,-1733,527,4337,-135,349,713
65.35265,159,1276,-1732,527,4336,-135,348,713
65.35315,159,1276,-1733,528,4335,-135,348,713
65.35365,159,1276,-1733,528,4334,-135,348,713
65.35415,159,1276,-1733,529,4335,-135,348,713
65.35465,159,1276,-1733,529,4346,-135,348,713
65.35515,159,1276,-1732,529,4382,-135,348,713
65.35565,159,1276,-1732,527,4386,-135,348,713
65.35615,159,1276,-1732,525,4380,-135,347,713
65.35665,159,1276,-1732,524,4360,-135,347,712
65.35715,159,1276,-1732,525,4334,-136,348,713
65.35765,159,1276,-1733,526,4335,-135,348,712
65.35815,159,1276,-1734,527,4336,-136,348,713
65.35865,159,1276,-1734,527,4345,-136,348,712
65.35915,159,1276,-1734,528,4347,-136,348,712
65.35965,159,1276,-1734,527,4352,-136,347,712
65.36015,159,1276,-1733,527,4355,-136,347,712
65.36065,160,1276,-1733,527,4356,-135,347,712
65.36115,159,1276,-1732,527,4358,-135,347,712
65.36165,160,1276,-1733,527,4358,-136,347,712
65.36215,160,1276,-1734,527,4356,-136,347,713
65.36265,160,1276,-1734,528,4359,-135,348,712
65.36315,159,1276,-1734,528,4357,-135,348,713
65.36365,160,1276,-1733,528,4360,-135,348,713
65.36415,160,1276,-1733,528,4356,-135,348,713
65.36465,159,1276,-1732,528,4365,-135,348,713
65.36515,160,1276,-1733,528,4401,-135,348,714
65.36565,160,1276,-1732,527,4403,-135,348,713
65.36615,160,1276,-1732,527,4399,-135,348,713
65.36665,159,1276,-1733,526,4370,-135,348,713
65.36715,160,1276,-1732,526,4344,-135,348,712
65.36765,159,1276,-1732,526,4341,-135,348,712
65.36815,159,1276,-1732,526,4352,-135,349,712
65.36865,160,1276,-1732,527,4362,-135,349,712
65.36915,160,1276,-1733,526,4366,-135,348,713
65.36965,160,1276,-1733,526,4364,-134,349,712
65.37015,160,1276,-1734,527,4358,-135,349,712
65.37065,160,1276,-1735,527,4366,-135,349,712
65.37115,160,1276,-1734,527,4372,-135,349,712
65.37165,160,1276,-1734,527,4375,-135,349,712
65.37215,159,1276,-1732,526,4375,-135,349,712
65.37265,159,1276,-1731,526,4375,-135,349,712
65.37315,159,1276,-1731,526,4372,-135,349,712
65.37365,159,1276,-1731,527,4370,-134,349,712
65.37415,159,1276,-1732,527,4369,-134,349,712
65.37465,159,1276,-1732,527,4379,-134,348,712
65.37515,159,1276,-1733,527,4410,-135,349,712
65.37565,159,1276,-1733,527,4408,-135,349,712
65.37615,159,1276,-1732,526,4400,-135,348,712
65.37665,160,1276,-1732,526,4376,-135,349,712
65.37715,160,1275,-1732,527,4351,-135,349,712
65.37765,160,1276,-1733,527,4346,-135,349,712
65.37815,160,1276,-1733,528,4347,-135,349,712
65.37865,160,1276,-1733,528,4355,-135,348,713
65.37915,160,1276,-1733,528,4361,-135,348,712
65.37965,161,1276,-1733,528,4358,-135,348,713
65.38015,161,1276,-1733,528,4361,-135,349,713
65.38065,161,1275,-1733,528,4358,-135,349,712
65.38115,161,1276,-1733,529,4358,-134,349,712
65.38165,161,1276,-1733,530,4363,-135,349,712
65.38215,161,1276,-1733,529,4365,-135,349,712
65.38265,161,1276,-1733,530,4365,-135,349,713
65.38315,161,1276,-1733,528,4365,-134,348,712
65.38365,160,1276,-1734,527,4359,-134,348,713
65.38415,160,1276,-1735,526,4361,-134,348,713
65.38465,160,1277,-1734,526,4373,-135,347,713
65.38515,159,1276,-1734,527,4407,-134,347,713
65.38565,160,1276,-1733,527,4407,-134,348,712
65.38615,159,1276,-1732,527,4401,-134,348,713
65.38665,159,1276,-1732,525,4376,-135,348,712
65.38715,159,1277,-1732,525,4348,-134,348,712
65.38765,160,1276,-1733,525,4348,-134,347,712
65.38815,160,1276,-1733,526,4354,-134,348,712
65.38865,160,1276,-1733,527,4362,-134,348,712
65.38915,160,1276,-1733,528,4369,-134,348,712
65.38965,159,1276,-1732,529,4370,-134,348,712
65.39015,159,1276,-1732,529,4370,-134,348,712
65.39065,158,1277,-1733,529,4370,-134,348,713
65.39115,157,1277,-1733,529,4369,-134,348,712
65.39165,157,1277,-1733,529,4363,-134,348,712
65.39215,157,1277,-1733,528,4366,-134,348,712
65.39265,157,1277,-1733,527,4366,-134,348,712
65.39315,158,1277,-1732,525,4363,-134,348,712
65.39365,158,1276,-1732,525,4359,-134,348,712
65.39415,159,1276,-1732,526,4358,-134,348,712
65.39465,159,1276,-1731,527,4373,-134,348,712
65.39515,159,1276,-1732,527,4403,-134,348,712
65.39565,159,1276,-1732,526,4399,-135,349,712
65.39615,159,1276,-1732,526,4391,-134,349,712
65.39665,159,1276,-1733,527,4362,-134,350,712
65.39715,159,1276,-1733,527,4338,-134,350,712
65.39765,159,1276,-1733,528,4334,-134,350,712
65.39815,159,1276,-1734,528,4339,-134,349,712
65.39865,159,1276,-1734,528,4346,-134,349,712
65.39915,159,1276,-1734,528,4351,-134,350,712
65.39965,159,1276,-1733,528,4354,-135,349,711
65.40015,159,1276,-1733,529,4355,-135,349,712
65.40065,159,1276,-1733,529,4353,-134,349,712
65.40115,158,1276,-1733,529,4359,-134,350,712
65.40165,158,1276,-1732,529,4360,-134,349,712
65.40215,158,1276,-1733,530,4360,-134,349,712
65.40265,158,1276,-1734,529,4363,-134,349,712
65.40315,158,1276,-1733,528,4365,-134,349,712
65.40365,159,1276,-1733,526,4364,-134,349,713
65.40415,158,1276,-1733,525,4363,-133,349,712
65.40465,159,1276,-1732,525,4379,-133,348,713
65.40515,159,1276,-1732,524,4415,-134,348,712
65.40565,158,1276,-1733,524,4410,-134,348,712
65.40615,159,1276,-1732,525,4403,-134,348,712
65.40665,158,1276,-1733,525,4377,-134,348,712
65.40715,159,1276,-1733,526,4354,-134,348,712
65.407646,159,1276,-1734,527,4350,-134,348,713
65.40815,159,1276,-1733,528,4353,-134,348,712
65.40865,159,1276,-1733,528,4356,-134,348,712
65.40915,158,1276,-1732,528,4362,-134,348,712
65.40965,159,1277,-1731,528,4361,-134,348,712
65.41015,158,1276,-1732,528,4358,-134,348,712
65.41065,158,1276,-1732,528,4361,-134,348,712
65.41115,158,1276,-1732,528,4363,-134,349,713
65.41165,159,1276,-1732,527,4362,-134,349,712
65.41215,159,1276,-1732,526,4358,-134,349,712
65.41265,159,1276,-1732,525,4361,-134,349,712
65.41315,159,1276,-1732,525,4359,-134,350,712
65.41375,158,1276,-1733,525,4355,-134,350,712
65.41425,159,1276,-1733,526,4353,-134,351,712
65.41475,159,1276,-1733,526,4375,-134,351,712
65.41525,159,1276,-1733,527,4398,-134,351,712
65.41575,159,1276,-1733,526,4393,-134,351,712
65.41625,159,1276,-1733,526,4383,-134,351,712
65.41675,159,1276,-1733,526,4357,-134,351,712
65.41725,159,1276,-1733,526,4338,-134,350,712
65.41775,159,1276,-1733,526,4337,-134,350,712
65.41825,159,1276,-1733,527,4341,-134,349,712
65.41875,159,1276,-1733,527,4352,-134,349,712
65.41925,159,1276,-1732,526,4358,-134,348,713
65.41975,160,1276,-1732,527,4360,-134,348,712
65.42025,159,1276,-1732,527,4358,-134,348,712
65.42075,160,1276,-1732,527,4363,-134,348,712
65.42125,159,1276,-1732,527,4366,-134,348,712
65.42175,159,1276,-1732,527,4368,-134,348,712
65.42225,159,1276,-1732,527,4369,-134,348,712
65.42275,159,1276,-1732,527,4370,-134,348,712
65.42325,159,1276,-1733,527,4369,-134,348,712
65.42375,159,1276,-1733,527,4366,-134,349,712
65.42425,159,1277,-1733,527,4363,-134,349,712
65.42475,159,1276,-1734,528,4387,-133,348,712
65.42525,159,1276,-1734,527,4410,-133,348,713
65.42575,159,1276,-1734,527,4402,-133,349,713
65.42625,158,1276,-1733,526,4386,-133,348,712
65.42675,158,1276,-1733,526,4350,-134,349,712
65.42725,158,1277,-1733,527,4339,-134,349,712
65.42775,158,1276,-1733,527,4340,-133,349,712
65.42825,157,1277,-1733,528,4344,-134,349,712
65.42875,157,1277,-1733,529,4354,-133,349,712
65.42925,157,1276,-1733,529,4358,-134,348,712
65.42975,157,1276,-1733,530,4358,-133,349,712
65.43025,157,1276,-1733,529,4357,-134,348,712
65.43075,158,1276,-1733,530,4356,-133,349,712
65.43125,158,1276,-1733,531,4355,-134,349,712
65.43175,158,1276,-1733,531,4354,-134,348,712
65.43225,158,1276,-1733,530,4354,-134,348,712
65.43275,158,1276,-1732,527,4353,-133,349,712
65.43325,158,1276,-1732,525,4351,-134,349,712
65.43375,158,1276,-1732,525,4348,-133,349,712
65.43425,158,1276,-1733,526,4347,-133,349,712
65.43475,158,1276,-1733,527,4377,-133,348,713
65.43525,158,1276,-1733,527,4395,-133,348,712
65.43575,158,1277,-1733,527,4383,-133,348,712
65.43625,158,1276,-1732,525,4375,-133,349,713
65.43675,158,1277,-1731,525,4347,-133,349,712
65.43725,158,1276,-1731,526,4330,-133,349,713
65.43775,158,1276,-1732,526,4335,-133,349,713
65.43825,158,1276,-1733,527,4340,-133,349,713
65.43875,158,1276,-1733,527,4346,-133,349,712
65.43925,158,1276,-1734,528,4350,-133,349,713
65.43975,158,1276,-1733,528,4356,-134,349,712
65.44025,158,1276,-1734,528,4354,-133,349,712
65.44075,158,1276,-1734,528,4356,-133,348,712
65.44125,158,1276,-1735,527,4356,-134,349,712
65.44175,158,1276,-1736,527,4350,-133,349,712
65.44225,159,1276,-1736,527,4349,-133,349,713
65.44275,158,1276,-1734,526,4350,-133,349,712
65.44325,158,1276,-1732,526,4345,-134,349,713
65.44375,158,1276,-1730,525,4346,-133,349,712
65.44425,158,1276,-1730,526,4343,-133,349,712
65.44475,158,1276,-1731,527,4378,-133,348,713
65.44525,159,1276,-1732,528,4397,-133,349,712
65.44575,159,1276,-1733,528,4385,-133,349,713
65.44625,159,1276,-1734,529,4372,-133,349,713
65.44675,159,1275,-1734,529,4333,-133,349,713
65.44725,159,1276,-1734,530,4315,-134,349,713
65.44775,159,1275,-1734,529,4314,-134,348,713
65.44825,160,1275,-1734,528,4320,-134,348,713
65.44875,159,1275,-1734,527,4329,-134,349,712
65.44925,159,1275,-1733,526,4331,-134,348,712
65.44975,159,1276,-1732,526,4335,-134,349,712
65.45025,159,1275,-1732,526,4337,-134,348,712
65.45075,159,1276,-1731,525,4341,-134,348,712
65.45125,159,1276,-1731,525,4342,-133,348,712
65.45175,160,1276,-1730,524,4341,-133,349,712
65.45225,159,1276,-1731,525,4341,-134,348,712
65.45275,159,1276,-1731,525,4340,-133,349,712
65.45325,159,1276,-1732,525,4337,-134,349,712
65.45375,159,1275,-1732,526,4333,-133,349,713
65.45425,159,1276,-1732,527,4333,-133,349,713
65.45475,158,1276,-1733,528,4365,-133,348,713
65.45525,158,1276,-1733,527,4373,-134,349,713
65.45575,158,1276,-1733,527,4367,-133,349,713
65.45625,158,1276,-1734,527,4352,-133,349,713
65.45675,158,1276,-1734,527,4322,-133,349,713
65.45725,158,1276,-1735,528,4312,-134,349,713
65.45775,159,1276,-1735,528,4313,-134,349,713
65.45825,158,1275,-1734,528,4315,-133,349,713
65.45875,158,1276,-1734,529,4323,-133,349,713
65.45925,158,1276,-1733,528,4327,-133,349,713
65.45975,158,1276,-1732,528,4328,-134,349,713
65.46025,158,1276,-1732,527,4328,-133,349,713
65.46075,158,1276,-1731,526,4328,-134,348,713
65.46125,158,1276,-1731,526,4328,-133,349,713
65.46175,158,1276,-1731,526,4328,-134,348,712
65.46225,158,1276,-1731,526,4328,-133,348,713
65.46275,158,1276,-1732,527,4332,-134,349,712
65.46325,158,1275,-1732,528,4327,-134,349,713
65.46375,159,1276,-1732,528,4326,-133,349,712
65.46425,159,1276,-1732,528,4325,-133,349,713
65.46475,159,1276,-1732,528,4364,-133,348,713
65.46525,159,1276,-1732,528,4368,-133,349,713
65.46575,159,1276,-1733,528,4361,-134,348,713
65.46625,159,1276,-1734,527,4344,-134,349,712
65.46675,159,1275,-1733,526,4310,-134,349,712
65.46725,159,1276,-1733,525,4306,-133,348,712
65.46775,159,1275,-1734,526,4311,-134,349,712
65.46825,159,1276,-1734,527,4316,-134,349,712
65.46875,159,1275,-1734,527,4323,-134,349,713
65.46925,159,1275,-1734,528,4325,-133,349,712
65.46975,159,1276,-1735,528,4322,-134,349,713
65.47025,158,1276,-1734,528,4326,-134,349,713
65.47075,158,1275,-1734,528,4324,-133,349,713
65.47125,157,1276,-1732,527,4324,-134,348,712
65.47175,158,1276,-1731,528,4328,-134,349,712
65.47225,158,1276,-1731,529,4335,-134,349,712
65.47275,158,1275,-1732,530,4336,-134,349,712
65.47325,158,1275,-1732,532,4334,-134,349,712
65.47375,158,1275,-1734,532,4330,-134,349,712
65.47425,158,1275,-1734,533,4334,-134,349,712
65.47485,158,1275,-1734,532,4371,-134,348,712
65.47535,158,1275,-1734,530,4371,-134,348,712
65.47585,158,1276,-1733,528,4361,-134,348,712
65.47635,157,1276,-1733,526,4338,-134,349,712
65.47685,157,1276,-1732,526,4307,-134,349,712
65.47735,157,1276,-1733,526,4302,-134,349,712
65.47785,157,1276,-1732,525,4306,-134,349,712
65.47835,157,1276,-1732,524,4313,-133,349,712
65.47885,157,1276,-1731,523,4317,-133,348,712
65.47935,157,1276,-1731,523,4318,-134,348,712
65.47985,157,1276,-1731,524,4318,-134,348,712
65.48035,157,1276,-1731,524,4318,-134,348,713
65.48085,158,1276,-1731,525,4317,-133,348,713
65.48135,157,1275,-1731,526,4311,-133,349,713
65.48185,158,1275,-1732,527,4308,-134,349,713
65.48235,157,1275,-1732,528,4312,-134,348,713
65.48285,158,1275,-1733,528,4318,-134,348,713
65.48335,158,1275,-1733,529,4320,-134,349,713
65.48385,158,1275,-1734,529,4319,-134,349,713
65.48435,158,1275,-1734,529,4328,-133,349,713
65.48485,159,1275,-1733,529,4366,-133,349,713
65.48535,158,1274,-1733,528,4370,-134,349,713
65.48585,158,1275,-1733,528,4364,-133,349,713
65.48635,158,1275,-1732,526,4341,-134,349,713
65.48685,158,1275,-1732,526,4310,-134,349,713
65.48735,158,1275,-1732,526,4306,-133,349,713
65.48785,158,1275,-1732,526,4310,-134,349,713
65.48835,158,1275,-1732,526,4321,-134,349,713
65.48885,158,1275,-1732,526,4329,-134,348,713
65.48935,158,1275,-1732,526,4330,-134,348,713
65.48985,158,1275,-1733,527,4328,-133,349,713
65.49035,158,1275,-1733,527,4331,-133,348,713
65.49085,158,1275,-1733,527,4334,-134,349,713
65.49135,158,1275,-1732,528,4334,-134,349,713
65.49185,158,1275,-1732,529,4332,-134,349,713
65.49235,158,1275,-1732,528,4332,-133,348,713
65.49285,158,1275,-1733,527,4331,-133,349,713
65.49335,158,1275,-1733,526,4329,-133,349,713
65.49385,158,1275,-1733,526,4325,-133,349,713
65.49435,158,1275,-1733,526,4333,-133,348,713
65.49485,158,1275,-1733,528,4371,-133,348,713
65.49535,158,1275,-1732,528,4367,-134,349,713
65.49585,158,1275,-1733,529,4358,-134,349,713
65.49635,158,1275,-1733,529,4330,-134,349,713
65.49685,158,1275,-1733,530,4304,-134,349,713
65.49735,158,1275,-1734,530,4300,-134,349,713
65.49785,158,1275,-1733,530,4302,-134,349,713
65.49835,158,1275,-1733,529,4310,-134,349,712
65.49885,158,1275,-1732,527,4316,-134,349,712
65.49935,159,1275,-1732,526,4322,-134,349,713
65.49985,158,1275,-1732,525,4324,-134,349,713
65.50035,158,1275,-1732,525,4318,-134,349,713
65.50085,158,1275,-1732,525,4318,-134,349,713
65.50135,158,1275,-1732,525,4319,-134,350,713
65.50185,158,1274,-1732,525,4320,-134,350,713
65.50235,158,1275,-1732,526,4321,-134,350,713
65.50285,158,1275,-1733,526,4322,-134,350,713
65.50335,158,1274,-1733,526,4323,-134,350,713
65.50385,158,1274,-1733,526,4320,-134,350,713
65.50435,158,1275,-1732,528,4333,-134,350,713
65.50485,158,1274,-1733,527,4371,-134,349,713
65.50535,158,1275,-1733,528,4372,-134,349,713
65.50585,158,1274,-1734,528,4365,-134,349,713
65.50635,158,1275,-1734,527,4341,-134,349,713
65.50685,158,1274,-1734,528,4309,-134,348,713
65.50735,158,1274,-1733,528,4304,-134,348,713
65.50785,158,1274,-1734,528,4308,-134,348,713
65.50835,158,1274,-1733,527,4314,-134,348,713
65.50885,158,1274,-1733,527,4323,-133,348,713
65.50935,158,1274,-1732,526,4326,-133,348,713
65.50985,158,1274,-1731,526,4326,-133,348,714
65.51035,158,1274,-1731,526,4327,-133,348,713
65.51085,158,1274,-1732,527,4331,-133,348,713
65.51135,158,1274,-1732,527,4328,-134,348,713
65.51185,158,1274,-1732,527,4326,-134,348,713
65.51235,158,1274,-1732,527,4326,-134,348,713
65.51285,158,1274,-1732,526,4326,-134,348,713
65.51335,158,1274,-1732,526,4323,-134,348,713
65.51385,158,1274,-1733,526,4318,-134,349,712
65.51435,158,1274,-1733,527,4332,-134,348,713
65.51485,158,1274,-1734,528,4372,-134,348,713
65.51535,158,1274,-1734,528,4365,-134,349,713
65.51585,158,1274,-1735,527,4353,-134,349,713
65.51635,158,1274,-1735,528,4328,-134,349,713
65.51685,158,1274,-1735,528,4304,-134,349,713
65.51735,158,1274,-1735,528,4303,-134,348,713
65.51785,158,1274,-1733,528,4309,-134,348,713
65.51835,158,1274,-1730,528,4315,-134,348,713
65.51885,158,1274,-1730,528,4322,-134,348,713
65.51935,158,1274,-1731,528,4326,-134,348,712
65.51985,158,1274,-1733,528,4330,-134,348,713
65.52035,158,1274,-1733,528,4336,-134,349,713
65.52085,158,1274,-1733,528,4333,-134,349,713
65.52135,158,1274,-1732,527,4330,-134,348,713
65.52185,158,1274,-1732,527,4330,-134,349,713
65.52235,158,1274,-1732,527,4334,-134,348,713
65.52285,158,1274,-1731,527,4337,-134,348,713
65.52335,158,1274,-1732,527,4337,-134,348,712
65.52385,158,1274,-1732,528,4334,-134,348,713
65.52435,158,1274,-1733,529,4352,-134,348,713
65.52485,158,1274,-1734,529,4381,-134,348,713
65.52535,159,1274,-1734,527,4375,-134,348,713
65.52585,158,1274,-1733,526,4366,-134,348,713
65.52635,159,1273,-1733,526,4335,-134,349,713
65.52685,158,1274,-1732,526,4307,-134,349,713
65.52735,159,1274,-1732,527,4306,-134,348,713
65.52785,158,1274,-1732,527,4309,-134,348,713
65.52835,158,1273,-1732,527,4319,-134,349,713
65.52885,158,1274,-1732,527,4325,-134,348,713
65.52935,158,1274,-1732,527,4324,-134,348,713
65.52985,158,1273,-1732,526,4322,-134,348,713
65.53035,158,1274,-1732,525,4325,-134,348,713
65.53085,158,1274,-1731,525,4327,-134,348,713
65.53135,158,1274,-1732,526,4327,-134,349,713
65.53185,158,1274,-1732,526,4327,-134,348,713
65.53235,157,1274,-1732,526,4328,-134,349,713
65.53285,157,1274,-1732,526,4328,-134,348,713
65.53335,157,1274,-1733,526,4327,-134,348,713
65.53385,158,1275,-1733,526,4323,-135,348,713
65.53435,158,1274,-1734,527,4341,-134,347,713
65.53485,158,1274,-1734,527,4374,-134,348,713
65.53535,158,1274,-1735,528,4367,-134,348,713
65.53585,158,1274,-1735,528,4356,-134,349,712
65.53645,158,1274,-1734,527,4327,-134,349,713
65.53695,158,1274,-1733,527,4311,-135,349,712
65.53745,158,1274,-1732,527,4308,-135,348,712
65.53795,158,1274,-1732,528,4317,-134,348,712
65.53845,158,1274,-1732,527,4329,-135,348,713
65.53895,158,1274,-1731,527,4332,-134,348,712
65.53945,158,1274,-1730,527,4329,-135,348,713
65.53995,158,1274,-1731,527,4333,-135,348,713
65.54045,158,1274,-1731,528,4331,-135,348,713
65.54095,158,1274,-1732,528,4329,-134,348,713
65.54145,158,1274,-1732,528,4329,-134,348,713
65.54195,158,1274,-1732,528,4328,-134,348,713
65.54245,157,1274,-1733,528,4327,-134,349,713
65.54295,157,1273,-1733,528,4326,-134,349,713
65.54345,157,1274,-1734,528,4326,-134,348,713
65.54395,157,1274,-1734,528,4323,-134,349,713
65.54445,157,1274,-1734,529,4344,-134,348,713
65.54495,158,1273,-1733,529,4372,-134,349,713
65.54545,158,1273,-1733,529,4367,-134,349,713
65.54595,158,1274,-1733,529,4357,-134,349,713
65.54645,158,1274,-1733,529,4325,-134,349,713
65.54695,157,1274,-1733,529,4298,-134,349,713
65.54745,158,1274,-1732,528,4296,-134,349,713
65.54795,158,1273,-1732,527,4301,-134,349,713
65.54845,158,1274,-1731,526,4310,-135,349,713
65.54895,158,1274,-1732,525,4316,-134,348,713
65.54945,158,1273,-1732,525,4320,-135,348,713
65.54995,158,1274,-1732,525,4321,-135,348,713
65.55045,158,1274,-1733,525,4322,-135,348,713
65.55095,158,1274,-1732,526,4323,-134,349,713
65.55145,158,1274,-1732,527,4323,-135,348,713
65.55195,157,1274,-1733,527,4324,-135,349,713
65.55245,157,1274,-1733,527,4324,-134,349,713
65.55295,157,1274,-1733,527,4324,-135,349,713
65.55345,157,1273,-1733,527,4321,-135,349,713
65.55395,157,1274,-1733,528,4318,-135,349,713
65.55445,158,1273,-1734,528,4344,-135,349,713
65.55495,158,1274,-1733,529,4371,-135,349,713
65.55545,158,1274,-1733,528,4362,-135,349,713
65.55595,158,1273,-1732,528,4351,-135,349,713
65.55645,158,1273,-1732,527,4318,-135,349,713
65.55695,158,1273,-1732,527,4304,-135,349,713
65.55745,158,1274,-1732,527,4305,-135,349,713
65.55795,158,1273,-1732,527,4311,-135,349,713
65.55845,158,1274,-1732,526,4317,-135,349,713
65.55895,158,1274,-1732,526,4319,-135,349,713
65.55945,158,1274,-1732,526,4319,-135,348,713
65.55995,158,1274,-1732,527,4319,-135,349,713
65.56045,158,1273,-1732,527,4319,-135,349,713
65.56095,158,1273,-1732,527,4318,-135,348,713
65.56145,158,1273,-1732,527,4315,-135,348,713
65.56195,158,1274,-1732,527,4315,-135,348,713
65.56245,158,1274,-1732,527,4318,-135,348,713
65.56295,158,1274,-1732,527,4319,-135,348,713
65.56345,158,1273,-1732,527,4317,-135,348,713
65.56395,158,1274,-1732,527,4313,-135,348,713
65.56445,158,1273,-1732,528,4339,-135,348,713
65.56495,158,1274,-1732,527,4362,-135,348,713
65.56545,158,1274,-1732,527,4356,-135,348,713
65.56595,158,1274,-1732,527,4346,-135,349,713
65.56645,158,1274,-1732,527,4312,-135,349,713
65.56695,158,1274,-1732,528,4293,-135,349,713
65.56745,158,1274,-1733,528,4295,-135,348,713
65.56795,158,1274,-1733,528,4300,-135,348,713
65.56845,158,1274,-1733,528,4309,-135,348,713
65.56895,158,1274,-1732,527,4314,-135,348,713
65.56945,158,1274,-1732,527,4313,-135,348,713
65.56995,158,1274,-1732,527,4315,-135,348,713
65.57045,158,1274,-1732,527,4320,-135,348,713
65.57095,158,1274,-1732,527,4323,-135,348,713
65.57145,158,1273,-1733,527,4325,-135,348,713
65.57195,158,1274,-1733,527,4326,-135,348,713
65.57245,158,1273,-1733,527,4327,-135,348,713
65.57295,157,1274,-1733,528,4327,-135,348,713
65.57345,158,1274,-1732,528,4325,-135,348,713
65.57395,158,1274,-1732,527,4319,-135,348,713
65.57445,158,1274,-1732,528,4348,-135,347,714
65.57495,158,1274,-1732,528,4366,-135,347,713
65.57545,158,1274,-1732,527,4358,-135,347,713
65.57595,158,1274,-1732,527,4338,-135,348,713
65.57645,158,1274,-1732,527,4301,-136,348,713
65.57695,158,1274,-1732,527,4287,-135,348,713
65.57745,158,1274,-1732,527,4289,-135,348,713
65.57795,158,1274,-1732,527,4294,-135,348,713
65.57845,158,1274,-1733,527,4303,-135,348,713
65.57895,158,1273,-1733,528,4307,-136,348,713
65.57945,158,1274,-1734,528,4307,-136,348,713
65.57995,158,1274,-1734,528,4307,-136,348,713
65.58045,158,1274,-1733,528,4307,-136,348,713
65.58095,158,1274,-1733,528,4307,-136,348,713
65.58145,158,1273,-1733,527,4309,-136,348,713
65.58195,158,1273,-1732,528,4310,-135,349,713
65.58245,158,1274,-1732,528,4311,-136,349,713
65.58295,158,1273,-1732,528,4312,-136,349,713
65.58345,158,1273,-1732,528,4313,-136,349,713
65.58395,159,1274,-1732,528,4313,-135,349,713
65.58445,158,1273,-1732,528,4347,-135,348,714
65.58495,158,1274,-1732,527,4362,-136,348,713
65.58545,158,1274,-1732,527,4359,-136,348,713
65.58595,158,1274,-1732,527,4340,-136,349,713
65.58645,158,1274,-1732,528,4304,-136,349,713
65.58695,159,1274,-1732,528,4287,-136,349,713
65.58745,158,1274,-1733,528,4291,-135,349,713
65.58795,158,1273,-1732,528,4299,-136,349,713
65.58845,158,1274,-1733,528,4308,-135,349,713
65.58895,158,1274,-1732,527,4314,-136,348,713
65.58945,158,1274,-1733,527,4318,-136,349,713
65.58995,158,1274,-1732,527,4318,-136,349,713
65.59045,159,1273,-1732,527,4317,-136,348,713
65.59095,158,1274,-1732,527,4317,-136,349,713
65.59145,158,1274,-1732,527,4316,-136,348,713
65.59195,158,1274,-1733,527,4315,-136,349,713
65.59245,158,1274,-1732,527,4315,-136,349,713
65.59295,158,1274,-1732,527,4313,-136,349,713
65.59345,158,1273,-1733,527,4309,-136,348,713
65.59395,158,1274,-1732,527,4311,-136,348,713
65.59445,158,1274,-1732,528,4349,-135,348,713
65.59495,158,1273,-1732,527,4356,-136,348,713
65.59545,159,1274,-1732,527,4345,-136,349,713
65.59595,158,1274,-1732,527,4325,-135,349,713
65.59645,158,1274,-1732,527,4291,-136,349,713
65.59695,158,1274,-1732,528,4283,-136,349,713
65.59755,158,1274,-1732,528,4287,-136,349,713
65.59805,158,1274,-1732,527,4294,-136,348,713
65.59855,158,1274,-1732,528,4300,-136,348,713
65.59905,158,1274,-1732,528,4301,-136,348,713
65.59955,158,1274,-1732,527,4303,-136,348,713
65.60005,159,1274,-1732,527,4306,-136,348,713
65.60055,158,1273,-1733,527,4307,-136,348,713
65.60105,158,1274,-1733,526,4306,-136,347,713
65.60155,158,1273,-1733,527,4305,-136,348,713
65.60205,159,1273,-1733,527,4307,-136,347,713
65.60255,158,1274,-1733,527,4311,-136,347,713
65.60305,159,1273,-1733,527,4313,-136,348,713
65.60355,158,1274,-1733,528,4314,-136,348,713
65.60405,159,1274,-1733,528,4316,-136,348,713
65.60455,159,1273,-1733,528,4355,-136,348,713
65.60505,159,1274,-1732,528,4363,-136,349,713
65.60555,158,1274,-1732,527,4357,-136,349,713
65.60605,158,1273,-1732,527,4338,-136,349,713
65.60655,159,1274,-1732,527,4303,-136,350,713
65.60705,158,1273,-1732,528,4293,-136,349,714
65.60755,159,1273,-1732,527,4299,-136,349,713
65.60805,159,1273,-1732,527,4308,-136,349,714
65.60855,158,1274,-1732,527,4310,-136,349,713
65.60905,159,1274,-1732,527,4313,-136,350,714
65.60955,159,1273,-1732,527,4308,-136,349,714
65.61005,159,1274,-1732,528,4313,-136,349,713
65.61055,159,1273,-1732,527,4317,-136,349,714
65.61105,159,1274,-1732,528,4313,-136,349,713
65.61155,159,1274,-1732,527,4316,-136,348,714
65.61205,159,1273,-1732,528,4313,-136,348,713
65.61255,159,1273,-1732,528,4316,-136,348,713
65.61305,159,1274,-1732,528,4311,-136,348,713
65.61355,158,1274,-1733,528,4306,-136,348,713
65.61405,158,1274,-1733,528,4309,-136,348,714
65.61455,158,1274,-1733,528,4347,-136,348,713
65.61505,159,1274,-1732,528,4355,-136,348,714
65.61555,158,1274,-1732,528,4342,-136,348,713
65.61605,158,1274,-1732,528,4320,-137,349,713
65.61655,158,1274,-1732,528,4286,-136,348,713
65.61705,158,1273,-1733,528,4279,-136,348,713
65.61755,159,1274,-1733,528,4286,-136,349,713
65.61805,159,1274,-1733,528,4294,-136,348,713
65.61855,159,1273,-1733,527,4303,-136,348,714
65.61905,159,1274,-1733,527,4307,-137,348,713
65.61955,159,1274,-1733,528,4312,-136,349,713
65.62005,158,1274,-1732,528,4310,-137,349,713
65.62055,159,1274,-1732,528,4308,-137,348,713
65.62105,159,1274,-1732,528,4310,-136,349,713
65.62155,159,1274,-1732,528,4312,-137,349,713
65.62205,159,1274,-1732,527,4314,-136,349,713
65.62255,159,1274,-1732,528,4315,-137,349,713
65.62305,159,1274,-1732,527,4316,-136,348,713
65.62355,159,1273,-1732,527,4315,-136,348,713
65.62405,159,1274,-1733,528,4323,-136,349,713
65.62455,159,1273,-1733,528,4358,-136,348,714
65.62505,159,1273,-1733,528,4360,-136,349,713
65.62555,160,1273,-1733,528,4355,-136,348,714
65.62605,160,1273,-1733,527,4327,-137,349,713
65.62655,160,1273,-1732,527,4299,-136,349,713
65.62705,160,1273,-1732,527,4286,-137,349,713
65.62755,160,1274,-1732,528,4288,-137,349,714
65.62805,159,1274,-1732,527,4296,-137,348,713
65.62855,159,1273,-1733,527,4307,-137,348,713
65.62905,159,1274,-1732,527,4309,-137,349,713
65.62955,159,1274,-1732,528,4309,-137,348,713
65.63005,159,1273,-1733,528,4308,-136,349,713
65.63055,159,1273,-1733,528,4308,-137,349,713
65.63105,159,1274,-1733,528,4307,-137,349,713
65.63155,159,1273,-1732,528,4307,-136,348,714
65.63205,159,1273,-1732,528,4309,-137,349,713
65.63255,159,1274,-1733,528,4313,-136,348,713
65.63305,159,1273,-1732,527,4308,-136,349,713
65.63355,159,1274,-1733,528,4302,-136,349,713
65.63405,159,1274,-1733,528,4314,-136,348,714
65.63455,159,1274,-1733,528,4352,-136,348,714
65.63505,158,1274,-1733,527,4354,-136,349,714
65.63555,158,1274,-1733,528,4344,-136,348,713
65.63605,157,1274,-1732,528,4316,-137,349,714
65.63655,158,1274,-1733,527,4284,-136,348,713
65.63705,158,1274,-1732,528,4287,-136,349,713
65.63755,158,1274,-1732,528,4289,-136,349,713
65.63805,158,1274,-1733,528,4297,-136,349,713
65.63855,159,1274,-1733,528,4304,-137,349,713
65.63905,158,1274,-1733,528,4307,-137,348,713
65.63955,159,1274,-1732,528,4309,-136,348,713
65.64005,158,1274,-1733,528,4310,-136,348,713
65.64055,159,1274,-1733,528,4310,-136,348,713
65.64105,158,1274,-1732,528,4308,-137,349,713
65.64155,159,1274,-1733,528,4306,-137,348,713
65.64205,158,1274,-1733,528,4307,-136,348,714
65.64255,158,1274,-1733,527,4310,-137,348,713
65.64305,159,1274,-1733,528,4314,-136,348,714
65.64355,159,1274,-1732,527,4308,-136,349,714
65.64405,159,1274,-1732,528,4320,-137,348,713
65.64455,159,1274,-1732,528,4356,-136,348,714
65.64505,158,1274,-1732,528,4349,-137,348,714
65.64555,159,1274,-1732,528,4345,-136,349,714
65.64605,158,1274,-1732,528,4318,-136,349,713
65.64655,159,1274,-1732,528,4285,-137,348,713
65.64705,159,1274,-1733,528,4275,-137,349,713
65.64755,159,1274,-1733,528,4278,-137,349,714
65.64805,159,1274,-1733,528,4287,-137,348,713
65.64855,159,1274,-1732,528,4298,-136,349,713
65.64905,159,1274,-1732,528,4296,-136,349,714
65.64955,159,1274,-1732,528,4294,-137,349,714
65.65005,159,1274,-1732,528,4305,-137,349,714
65.65055,159,1274,-1732,528,4311,-137,349,713
65.65105,159,1274,-1733,527,4310,-136,349,714
65.65155,159,1274,-1733,527,4306,-137,349,713
65.65205,159,1274,-1733,528,4309,-136,348,714
65.65255,159,1274,-1732,528,4307,-136,349,713
65.65305,159,1274,-1733,528,4310,-136,349,714
65.65355,159,1274,-1733,528,4306,-137,349,713
65.65405,159,1274,-1733,529,4319,-136,348,714
65.65455,159,1274,-1734,529,4352,-136,348,713
65.65505,159,1274,-1733,529,4354,-136,348,713
65.65555,159,1274,-1734,529,4341,-136,348,713
65.65605,159,1274,-1733,529,4310,-136,349,713
65.65655,159,1274,-1733,529,4285,-136,349,713
65.65705,159,1274,-1733,530,4283,-136,348,714
65.65755,159,1274,-1733,529,4291,-136,348,714
65.65815,159,1274,-1732,528,4304,-136,348,714
65.65865,159,1274,-1732,526,4311,-136,348,714
65.65915,159,1274,-1732,525,4312,-136,348,714
65.65965,159,1274,-1732,525,4310,-136,348,714
65.66015,159,1274,-1732,526,4310,-136,348,714
65.66065,159,1274,-1732,527,4310,-136,348,714
65.66115,160,1274,-1732,527,4309,-136,348,714
65.66165,159,1274,-1732,528,4308,-136,348,714
65.66215,159,1274,-1733,528,4307,-136,349,713
65.66265,160,1274,-1732,528,4306,-136,348,714
65.66315,159,1274,-1733,528,4301,-136,348,714
65.66365,160,1274,-1733,528,4302,-136,348,713
65.66415,159,1274,-1732,528,4318,-136,348,714
65.66465,159,1274,-1733,528,4344,-136,348,714
65.66515,159,1274,-1733,528,4345,-136,348,713
65.66565,160,1274,-1733,528,4337,-137,349,713
65.66615,159,1274,-1733,528,4304,-136,349,713
65.66665,160,1274,-1734,528,4278,-136,349,713
65.66715,159,1274,-1734,528,4274,-137,348,713
65.66765,159,1274,-1734,528,4279,-137,349,713
65.66815,159,1274,-1733,528,4290,-137,348,714
65.66865,159,1274,-1733,528,4296,-136,349,713
65.66915,159,1274,-1732,527,4305,-137,348,714
65.66965,159,1274,-1732,527,4307,-137,348,713
65.67015,159,1275,-1732,527,4311,-137,348,713
65.67065,159,1275,-1732,528,4308,-136,349,713
65.67115,158,1275,-1732,528,4308,-136,349,714
65.67165,159,1275,-1732,528,4311,-136,349,713
65.67215,159,1274,-1732,528,4317,-136,348,713
65.67265,159,1274,-1732,527,4314,-136,348,713
65.67315,159,1274,-1732,527,4309,-136,349,714
65.67365,159,1275,-1732,527,4307,-136,349,714
65.67415,158,1275,-1732,528,4332,-135,349,714
65.67465,159,1274,-1733,528,4362,-136,349,714
65.67515,159,1275,-1733,527,4353,-136,349,714
65.67565,159,1274,-1733,527,4338,-136,349,714
65.67615,158,1275,-1733,527,4304,-136,350,714
65.67665,159,1275,-1733,527,4281,-136,350,714
65.67715,159,1274,-1733,527,4283,-136,350,715
65.67765,159,1274,-1732,527,4289,-136,350,714
65.67815,159,1275,-1732,527,4293,-136,350,714
65.67865,159,1274,-1732,527,4300,-136,350,714
65.67915,159,1274,-1732,527,4303,-136,350,714
65.67965,159,1274,-1732,527,4302,-136,350,714
65.68015,159,1274,-1733,527,4301,-136,349,714
65.68065,159,1274,-1733,528,4300,-136,349,714
65.68115,159,1274,-1733,528,4296,-136,348,714
65.68165,159,1274,-1732,527,4296,-136,348,714
65.68215,159,1274,-1733,527,4299,-136,348,714
65.68265,158,1274,-1733,527,4302,-136,348,714
65.68315,158,1275,-1733,527,4302,-136,348,714
65.68365,158,1275,-1733,527,4301,-136,348,714
65.68415,158,1274,-1733,528,4323,-136,348,714
65.68465,158,1274,-1733,528,4349,-136,347,714
65.68515,159,1274,-1733,529,4344,-136,348,714
65.68565,159,1274,-1733,529,4335,-136,348,714
65.68615,159,1274,-1733,528,4302,-136,348,714
65.68665,159,1274,-1733,528,4280,-136,348,714
65.68715,159,1274,-1733,529,4280,-136,348,714
65.68765,159,1274,-1733,528,4285,-136,348,714
65.68815,159,1274,-1733,529,4294,-136,348,714
65.68865,158,1275,-1733,529,4303,-136,348,714
65.68915,158,1274,-1733,528,4304,-136,348,714
65.68965,158,1275,-1733,528,4305,-136,348,714
65.69015,159,1274,-1732,527,4310,-136,348,714
65.69065,158,1274,-1733,527,4312,-136,348,714
65.69115,159,1274,-1733,527,4311,-136,348,714
65.69165,159,1274,-1733,528,4311,-136,348,714
65.69215,159,1274,-1733,528,4309,-136,348,714
65.69265,159,1275,-1733,527,4308,-136,348,714
65.69315,159,1274,-1732,527,4307,-137,348,714
65.69365,159,1274,-1732,527,4304,-136,348,714
65.69415,159,1274,-1732,528,4328,-136,347,714
65.69465,159,1274,-1732,527,4351,-136,348,714
65.69515,159,1274,-1733,527,4345,-136,347,714
65.69565,159,1274,-1733,527,4331,-136,348,714
65.69615,159,1274,-1732,527,4297,-136,348,714
65.69665,159,1274,-1733,528,4275,-136,348,714
65.69715,159,1274,-1732,528,4274,-136,348,714
65.69765,159,1274,-1732,528,4282,-136,347,714
65.69815,159,1275,-1732,528,4289,-136,347,714
65.69865,159,1274,-1732,528,4298,-137,348,714
65.69915,159,1274,-1733,528,4302,-136,348,714
65.69965,159,1274,-1733,528,4304,-137,348,714
65.70015,159,1274,-1733,528,4305,-136,348,714
65.70065,158,1275,-1733,528,4306,-137,348,714
65.70115,158,1274,-1732,528,4307,-136,348,714
65.70165,158,1275,-1732,528,4308,-136,348,714
65.70215,158,1275,-1733,528,4308,-136,348,714
65.70265,159,1274,-1733,527,4308,-136,348,714
65.70315,158,1274,-1732,528,4308,-136,349,714
65.70365,159,1274,-1733,528,4307,-136,349,714
65.70415,159,1274,-1733,528,4336,-136,349,714
65.70465,159,1274,-1733,528,4355,-136,349,714
65.70515,159,1275,-1733,527,4350,-136,349,714
65.70565,159,1274,-1733,527,4338,-136,349,714
65.70615,159,1274,-1733,527,4305,-136,349,714
65.70665,159,1275,-1733,528,4289,-136,349,714
65.70715,159,1275,-1733,528,4287,-136,349,714
65.70765,159,1274,-1733,528,4288,-136,349,714
65.70815,159,1274,-1733,528,4298,-136,348,714
65.70865,159,1275,-1733,528,4300,-136,349,714
65.70915,158,1274,-1733,529,4302,-136,349,714
65.70965,158,1274,-1734,529,4305,-136,349,714
65.71015,159,1274,-1733,528,4306,-136,349,714
65.71065,158,1274,-1733,528,4305,-137,348,714
65.71115,159,1274,-1733,526,4305,-136,349,714
65.71165,159,1274,-1732,526,4305,-137,348,714
65.71215,158,1274,-1732,527,4304,-136,349,714
65.71265,159,1274,-1733,527,4303,-136,348,714
65.71315,158,1274,-1733,527,4298,-137,349,714
65.71365,159,1274,-1733,527,4296,-136,349,714
65.71415,159,1274,-1732,528,4329,-136,348,714
65.71465,159,1274,-1732,528,4344,-136,348,714
65.71515,159,1274,-1732,528,4337,-136,348,714
65.71565,159,1274,-1732,528,4322,-137,349,714
65.71615,159,1274,-1733,527,4283,-136,349,714
65.71675,159,1274,-1733,528,4268,-137,348,714
65.71715,159,1274,-1733,528,4270,-137,349,715
65.71765,159,1274,-1733,528,4277,-136,348,714
65.71815,159,1274,-1733,528,4283,-136,348,714
65.71865,159,1274,-1732,528,4293,-136,348,715
65.71925,159,1274,-1732,528,4297,-136,348,714
65.71975,159,1274,-1732,527,4294,-136,348,714
65.72025,159,1274,-1732,527,4298,-136,348,714
65.72075,159,1274,-1733,528,4299,-136,348,714
65.72125,159,1274,-1733,528,4297,-136,348,714
65.72175,159,1274,-1733,528,4300,-136,347,714
65.72225,159,1274,-1734,528,4305,-136,347,714
65.72275,159,1274,-1734,528,4306,-136,347,714
65.72325,159,1274,-1734,528,4306,-136,347,715
65.72375,159,1274,-1734,528,4306,-136,347,714
65.72425,159,1274,-1733,528,4336,-136,347,715
65.72475,159,1274,-1733,528,4347,-136,347,714
65.72525,159,1275,-1733,528,4337,-136,348,714
65.72575,158,1274,-1733,528,4322,-136,347,714
65.72625,158,1274,-1733,529,4290,-136,348,714
65.72675,158,1274,-1734,529,4276,-137,349,714
65.72725,158,1274,-1733,530,4274,-136,348,714
65.72775,159,1274,-1733,529,4283,-137,348,714
65.72825,159,1274,-1732,528,4288,-137,348,714
65.72875,159,1274,-1732,528,4291,-136,348,714
65.72925,159,1274,-1732,528,4293,-136,349,714
65.72975,159,1274,-1732,528,4294,-136,349,714
65.73025,159,1274,-1732,528,4297,-137,349,714
65.73075,159,1274,-1732,527,4298,-136,349,714
65.73125,159,1274,-1732,526,4297,-137,349,714
65.73175,159,1274,-1732,525,4297,-136,349,714
65.73225,159,1274,-1732,526,4297,-136,349,714
65.73275,159,1274,-1732,526,4298,-136,349,714
65.73325,159,1274,-1732,526,4297,-136,349,714
65.73375,160,1274,-1733,527,4300,-136,349,714
65.73425,159,1274,-1733,528,4335,-136,349,715
65.73475,160,1274,-1734,528,4340,-137,349,714
65.73525,159,1274,-1735,528,4330,-136,349,714
65.73575,159,1274,-1735,528,4310,-137,350,714
65.73625,159,1274,-1733,528,4277,-137,349,714
65.73675,159,1274,-1733,528,4268,-136,349,714
65.73725,159,1274,-1732,529,4272,-136,349,715
65.73775,159,1274,-1732,530,4283,-136,349,715
65.73825,159,1274,-1732,529,4287,-136,349,714
65.73875,159,1274,-1732,528,4294,-136,349,714
65.73925,159,1274,-1731,527,4303,-136,349,714
65.73975,159,1274,-1732,527,4307,-137,349,714
65.74025,159,1274,-1732,527,4307,-137,349,714
65.74075,159,1274,-1732,526,4307,-136,349,714
65.74125,159,1274,-1733,526,4306,-137,349,714
65.74175,159,1274,-1733,526,4306,-136,349,714
65.74225,159,1274,-1733,527,4305,-137,349,714
65.74275,159,1274,-1733,527,4304,-136,349,714
65.74325,158,1275,-1732,527,4303,-136,349,714
65.74375,159,1275,-1732,527,4308,-136,349,715
65.74425,159,1274,-1732,528,4344,-137,348,714
65.74475,159,1274,-1732,528,4342,-137,349,714
65.74525,159,1275,-1733,528,4339,-137,349,714
65.74575,159,1275,-1733,527,4319,-137,349,714
65.74625,158,1274,-1732,527,4286,-136,349,714
65.74675,158,1274,-1732,527,4275,-136,349,714
65.74725,158,1274,-1732,527,4274,-137,349,714
65.74775,159,1274,-1732,527,4275,-137,349,714
65.74825,159,1274,-1732,527,4285,-137,349,714
65.74875,159,1274,-1732,528,4288,-137,349,714
65.74925,160,1274,-1732,529,4292,-137,349,714
65.74975,159,1274,-1732,529,4297,-137,349,714
65.75025,160,1274,-1733,530,4298,-136,349,714
65.75075,159,1274,-1733,530,4298,-137,349,714
65.75125,160,1274,-1734,530,4300,-136,349,713
65.75175,160,1274,-1735,530,4299,-136,349,714
65.75225,159,1274,-1735,530,4294,-136,349,714
65.75275,159,1274,-1735,529,4296,-136,348,714
65.75325,159,1274,-1735,529,4295,-137,349,714
65.75375,159,1274,-1734,528,4305,-136,348,714
65.75425,159,1274,-1732,527,4343,-137,348,714
65.75475,160,1274,-1732,526,4344,-136,348,714
65.75525,160,1274,-1732,526,4338,-137,348,714
65.75575,160,1274,-1733,526,4313,-137,349,714
65.75625,160,1274,-1733,525,4278,-137,348,714
65.75675,160,1274,-1732,526,4272,-137,348,714
65.75725,160,1274,-1731,526,4275,-137,348,714
65.75775,160,1274,-1731,526,4283,-137,349,714
65.75825,159,1274,-1732,527,4291,-137,349,714
65.75875,158,1275,-1732,528,4295,-137,349,715
65.75925,157,1275,-1732,528,4296,-136,349,715
65.75975,157,1275,-1732,529,4292,-136,349,715
65.76025,156,1275,-1731,528,4292,-136,349,715
65.76075,157,1275,-1731,529,4291,-136,349,714
65.76125,157,1274,-1732,529,4291,-136,350,715
65.76175,157,1274,-1733,528,4299,-136,349,715
65.76225,158,1274,-1733,529,4298,-136,349,715
65.76275,158,1274,-1733,527,4296,-137,349,715
65.76325,158,1274,-1733,526,4294,-137,349,715
65.76375,159,1274,-1733,525,4304,-137,349,715
65.76425,158,1274,-1733,524,4337,-137,348,715
65.76475,158,1274,-1733,524,4337,-137,348,714
65.76525,158,1274,-1733,525,4328,-137,348,714
65.76575,159,1274,-1733,525,4306,-137,348,714
65.76625,158,1274,-1732,527,4279,-137,348,714
65.76675,158,1274,-1732,527,4272,-137,348,715
65.76725,158,1274,-1733,528,4270,-137,348,715
65.76775,158,1274,-1734,529,4273,-136,348,714
65.76825,158,1274,-1734,530,4280,-136,348,715
65.76875,158,1274,-1734,529,4287,-137,348,714
65.76925,158,1274,-1734,530,4288,-137,348,714
65.76975,158,1274,-1734,529,4296,-137,348,715
65.77025,158,1274,-1734,529,4300,-137,348,714
65.77075,158,1274,-1734,529,4296,-137,348,714
65.77125,159,1274,-1736,528,4301,-137,348,714
65.77175,158,1274,-1735,529,4304,-137,348,714
65.77225,158,1274,-1735,528,4305,-137,348,714
65.77275,159,1274,-1735,527,4305,-137,348,715
65.77325,159,1274,-1735,525,4303,-137,349,714
65.77375,159,1274,-1734,526,4309,-136,348,715
65.77425,159,1274,-1734,527,4343,-137,348,715
65.77475,159,1274,-1732,527,4336,-137,349,715
65.77525,159,1274,-1730,528,4326,-137,349,714
65.77575,159,1274,-1729,528,4297,-137,349,714
65.77625,159,1273,-1729,528,4270,-137,349,714
65.77675,159,1274,-1730,526,4267,-137,348,714
65.77725,159,1274,-1730,525,4270,-137,348,714
65.77775,159,1274,-1730,525,4278,-137,348,714
65.77825,160,1273,-1731,525,4286,-137,348,714
65.77875,159,1273,-1732,527,4290,-137,349,714
65.77925,159,1273,-1734,529,4293,-136,349,714
65.77975,160,1274,-1734,529,4291,-137,349,714
65.78025,160,1274,-1735,529,4290,-137,348,714
65.78085,159,1274,-1736,530,4289,-137,348,714
65.78135,159,1273,-1737,531,4288,-136,348,715
65.78185,159,1273,-1736,531,4287,-137,349,714
65.78235,159,1274,-1734,532,4283,-137,349,714
65.78285,159,1273,-1731,531,4286,-137,349,714
65.78335,159,1274,-1730,528,4288,-136,349,715
65.78385,159,1274,-1731,526,4300,-137,349,714
65.78435,159,1274,-1731,523,4329,-137,348,715
65.78485,159,1274,-1732,522,4329,-137,348,715
65.78535,158,1274,-1732,523,4318,-137,348,714
65.78585,158,1274,-1732,524,4291,-137,348,714
65.78635,158,1274,-1732,526,4271,-137,348,714
65.78685,158,1274,-1731,527,4269,-137,348,714
65.78735,158,1274,-1730,527,4269,-137,348,714
65.78785,159,1274,-1730,528,4276,-137,348,714
65.78835,158,1274,-1731,528,4284,-137,349,714
65.78885,158,1273,-1733,529,4287,-137,349,714
65.78935,158,1274,-1734,530,4292,-137,348,714
65.78985,158,1274,-1735,530,4294,-137,348,714
65.79035,159,1274,-1735,530,4294,-137,349,714
65.79085,158,1274,-1734,529,4293,-137,348,714
65.79135,158,1274,-1733,528,4292,-137,349,714
65.79185,158,1274,-1733,526,4291,-137,349,714
65.79235,158,1274,-1733,527,4289,-137,348,714
65.79285,158,1274,-1733,529,4285,-137,349,714
65.79335,158,1274,-1732,531,4280,-136,349,714
65.79385,159,1273,-1733,532,4298,-136,349,714
65.79435,159,1273,-1733,531,4330,-137,349,714
65.79485,159,1273,-1733,530,4325,-137,349,714
65.79535,159,1273,-1733,530,4316,-137,349,714
65.79585,159,1273,-1733,531,4285,-137,349,714
65.79635,159,1274,-1733,531,4256,-137,349,714
65.79685,159,1274,-1732,530,4250,-137,349,714
65.79735,159,1273,-1732,528,4254,-136,349,714
65.79785,159,1274,-1732,526,4265,-137,348,714
65.79835,159,1273,-1733,524,4270,-137,348,714
65.79885,159,1273,-1733,523,4273,-137,348,714
65.79935,159,1273,-1732,524,4275,-137,348,714
65.79985,160,1274,-1731,525,4276,-137,348,714
65.80035,159,1273,-1731,526,4276,-137,348,714
65.80085,159,1274,-1730,525,4274,-137,347,714
65.80135,159,1273,-1731,524,4274,-137,348,714
65.80185,159,1273,-1731,525,4277,-137,348,714
65.80235,159,1273,-1732,525,4279,-137,348,714
65.80285,159,1273,-1732,525,4279,-137,348,714
65.80335,159,1274,-1733,526,4278,-137,348,714
65.80385,159,1274,-1733,527,4298,-137,348,714
65.80435,159,1274,-1733,527,4326,-137,348,714
65.80485,159,1273,-1733,527,4322,-137,348,714
65.80535,158,1274,-1734,527,4314,-137,348,714
65.80585,158,1273,-1734,527,4284,-137,348,714
65.80635,158,1274,-1734,527,4261,-137,348,714
65.80685,158,1274,-1734,527,4257,-137,348,714
65.80735,158,1273,-1734,527,4256,-137,349,714
65.80785,158,1274,-1733,527,4265,-137,348,714
65.80835,158,1274,-1732,526,4270,-137,348,714
65.80885,159,1274,-1731,527,4270,-137,348,714
65.80935,158,1274,-1731,526,4273,-137,348,714
65.80985,158,1273,-1731,527,4276,-137,348,714
65.81035,159,1274,-1731,527,4276,-137,348,714
65.81085,158,1273,-1732,528,4276,-137,348,714
65.81135,159,1274,-1732,528,4275,-137,348,714
65.81185,159,1274,-1732,528,4275,-137,348,714
65.81235,159,1273,-1733,527,4274,-137,348,714
65.81285,159,1274,-1733,528,4273,-137,349,714
65.81335,159,1274,-1734,528,4270,-137,348,714
65.81385,159,1274,-1734,528,4291,-137,348,714
65.81435,159,1274,-1734,528,4314,-137,349,714
65.81485,159,1273,-1733,527,4307,-137,348,714
65.81535,159,1273,-1731,526,4296,-137,348,714
65.81585,159,1274,-1729,525,4261,-137,348,714
65.81635,160,1274,-1730,525,4237,-137,348,714
65.81685,159,1274,-1730,526,4236,-137,348,714
65.81735,160,1273,-1732,526,4241,-137,349,714
65.81785,160,1273,-1733,526,4253,-137,349,714
65.81835,159,1273,-1733,526,4259,-137,349,714
65.81885,159,1273,-1734,527,4264,-137,349,714
65.81935,159,1273,-1734,528,4268,-137,349,714
65.81985,159,1273,-1733,529,4269,-137,348,714
65.82035,159,1273,-1733,530,4270,-137,349,714
65.82085,159,1273,-1733,529,4271,-137,348,714
65.82135,159,1273,-1733,530,4272,-137,348,714
65.82185,159,1273,-1733,530,4274,-138,348,714
65.82235,159,1273,-1733,530,4276,-137,348,714
65.82285,158,1273,-1733,529,4277,-137,348,714
65.82335,158,1273,-1733,529,4275,-137,348,714
65.82385,158,1274,-1733,530,4301,-137,348,714
65.82435,158,1273,-1733,530,4323,-137,348,714
65.82485,158,1273,-1733,530,4315,-137,349,714
65.82535,158,1273,-1733,529,4303,-137,348,714
65.82585,159,1273,-1733,527,4270,-137,349,714
65.82635,159,1273,-1732,526,4249,-137,349,714
65.82685,159,1273,-1732,526,4248,-137,348,714
65.82735,159,1273,-1732,527,4249,-137,349,714
65.82785,159,1273,-1732,527,4255,-137,349,714
65.82835,159,1273,-1732,526,4262,-138,349,714
65.82885,160,1273,-1732,526,4265,-137,349,714
65.82935,159,1273,-1733,526,4270,-137,349,714
65.82985,159,1273,-1733,526,4271,-137,350,714
65.83035,159,1273,-1733,527,4270,-137,350,714
65.83085,159,1273,-1733,527,4269,-137,349,714
65.83135,159,1273,-1732,526,4268,-137,349,714
65.83185,159,1273,-1731,526,4268,-137,349,714
65.83235,159,1273,-1732,526,4267,-137,349,714
65.83285,159,1273,-1732,527,4264,-137,349,713
65.83335,159,1273,-1733,527,4263,-137,349,713
65.83385,159,1273,-1733,528,4292,-137,349,714
65.83435,159,1273,-1732,527,4311,-138,348,713
65.83485,159,1274,-1732,528,4309,-137,348,714
65.83535,159,1273,-1731,528,4295,-137,348,714
65.83585,159,1274,-1732,527,4263,-137,348,714
65.83635,159,1274,-1731,527,4246,-138,348,714
65.83685,159,1273,-1732,527,4245,-137,348,714
65.83735,159,1274,-1732,527,4252,-137,347,714
65.83785,158,1274,-1733,528,4265,-137,347,714
65.83835,158,1274,-1733,528,4273,-137,348,714
65.83885,158,1274,-1734,528,4278,-137,348,714
65.83935,159,1274,-1733,528,4281,-137,348,714
65.83985,159,1273,-1733,528,4281,-137,348,714
65.84035,159,1273,-1733,528,4281,-137,347,714
65.84085,159,1273,-1733,528,4278,-137,348,714
65.84135,159,1273,-1733,528,4278,-137,347,714
65.84195,159,1273,-1733,527,4280,-137,347,714
65.84245,159,1273,-1733,528,4281,-137,348,714
65.84295,159,1273,-1733,528,4280,-137,347,714
65.84345,159,1273,-1732,528,4280,-137,348,714
65.84395,159,1273,-1733,529,4314,-137,347,714
65.84445,159,1273,-1733,528,4327,-137,347,714
65.84495,159,1273,-1733,528,4319,-137,347,714
65.84545,159,1274,-1733,528,4304,-137,348,714
65.84595,159,1274,-1733,527,4270,-137,347,714
65.84645,158,1274,-1732,528,4256,-137,348,714
65.84695,159,1274,-1732,528,4254,-137,348,714
65.84745,159,1273,-1732,528,4256,-137,348,714
65.847946,159,1274,-1733,528,4264,-137,348,714
65.84845,159,1274,-1733,528,4267,-137,349,714
65.84895,158,1274,-1733,527,4269,-137,349,714
65.84945,158,1274,-1734,527,4274,-137,349,714
65.84995,158,1275,-1734,527,4279,-137,349,714
65.85045,158,1274,-1734,527,4281,-137,349,714
65.85095,159,1274,-1733,527,4281,-137,349,714
65.85145,159,1274,-1733,527,4282,-137,349,714
65.85195,159,1273,-1733,527,4282,-137,348,714
65.85245,160,1273,-1733,528,4282,-138,348,714
65.85295,160,1273,-1733,529,4283,-137,348,714
65.85345,160,1273,-1733,531,4285,-137,348,714
65.85395,160,1273,-1733,531,4320,-138,348,714
65.85445,160,1273,-1733,530,4329,-138,349,714
65.85495,160,1273,-1733,529,4323,-137,348,714
65.85545,160,1274,-1733,528,4308,-138,349,714
65.85595,160,1273,-1733,527,4273,-138,349,714
65.85645,160,1273,-1734,527,4259,-137,349,713
65.85695,160,1273,-1734,527,4260,-138,348,714
65.85745,160,1273,-1733,526,4261,-137,348,714
65.85795,160,1274,-1732,526,4274,-137,348,714
65.85845,159,1274,-1732,527,4281,-137,348,714
65.85895,159,1273,-1731,527,4284,-137,348,714
65.85945,159,1274,-1732,528,4287,-137,348,714
65.85995,159,1274,-1732,528,4286,-137,348,714
65.86045,159,1274,-1732,528,4286,-137,348,714
65.86095,158,1274,-1733,528,4286,-137,348,714
65.86145,158,1274,-1733,529,4286,-137,348,714
65.86195,157,1274,-1733,529,4286,-137,348,714
65.86245,157,1275,-1733,529,4286,-137,348,715
65.86295,157,1274,-1733,529,4284,-137,348,714
65.86345,157,1274,-1733,529,4284,-137,348,714
65.86395,158,1273,-1733,529,4323,-137,348,715
65.86445,158,1274,-1733,529,4329,-138,348,714
65.86495,159,1274,-1733,529,4316,-137,348,714
65.86545,158,1274,-1733,529,4301,-137,348,714
65.86595,159,1274,-1733,528,4270,-137,349,714
65.86645,159,1274,-1732,527,4261,-137,348,714
65.86695,158,1274,-1732,527,4262,-138,348,714
65.86745,159,1274,-1732,529,4265,-137,349,714
65.86795,159,1274,-1732,529,4274,-137,348,714
65.86845,159,1274,-1732,529,4280,-137,349,714
65.86895,159,1274,-1732,529,4282,-137,348,714
65.86945,158,1274,-1733,528,4288,-137,349,714
65.86995,159,1274,-1734,528,4290,-138,348,714
65.87045,159,1274,-1734,529,4291,-138,348,714
65.87095,159,1274,-1733,529,4292,-137,348,714
65.87145,159,1274,-1733,529,4294,-137,348,714
65.87195,159,1274,-1733,529,4296,-138,347,714
65.87245,159,1274,-1733,527,4295,-138,347,714
65.87295,160,1274,-1733,526,4292,-138,347,714
65.87345,159,1274,-1732,526,4300,-137,347,714
65.87395,159,1274,-1732,526,4338,-138,347,714
65.87445,159,1274,-1732,526,4340,-137,347,714
65.87495,159,1274,-1732,527,4330,-137,347,714
65.87545,159,1274,-1732,527,4309,-138,347,714
65.87595,159,1274,-1733,527,4273,-138,348,714
65.87645,159,1274,-1733,528,4260,-138,348,714
65.87695,159,1274,-1733,528,4262,-137,347,714
65.87745,160,1274,-1733,527,4267,-138,347,714
65.87795,159,1274,-1732,527,4280,-138,347,714
65.87845,160,1274,-1732,527,4287,-138,347,714
65.87895,159,1274,-1732,527,4291,-138,347,714
65.87945,159,1274,-1732,527,4291,-138,347,714
65.87995,160,1274,-1732,528,4290,-138,348,714
65.88045,159,1274,-1732,528,4288,-138,348,714
65.88095,159,1274,-1733,528,4284,-138,348,714
65.88145,159,1274,-1733,529,4286,-138,348,714
65.88195,159,1274,-1733,528,4289,-138,349,714
65.88245,159,1274,-1732,529,4290,-138,349,714
65.88295,159,1274,-1732,528,4290,-138,349,714
65.88345,159,1274,-1733,529,4299,-138,349,714
65.88395,159,1274,-1733,528,4336,-138,349,714
65.88445,159,1274,-1732,527,4337,-138,349,714
65.88495,159,1274,-1733,528,4328,-138,349,714
65.88545,159,1274,-1734,528,4305,-138,349,714
65.88595,159,1274,-1733,528,4276,-138,349,714
65.88645,159,1275,-1733,528,4270,-138,349,714
65.88695,159,1274,-1733,528,4272,-137,349,714
65.88745,159,1275,-1733,528,4277,-138,348,714
65.88795,159,1274,-1733,528,4285,-138,348,715
65.88845,160,1274,-1732,527,4290,-138,348,715
65.88895,159,1274,-1733,528,4288,-138,349,715
65.88945,159,1274,-1732,528,4293,-138,348,715
65.88995,159,1274,-1733,528,4296,-138,349,715
65.89045,159,1274,-1732,528,4296,-138,349,714
65.89095,159,1274,-1732,528,4297,-138,349,715
65.89145,159,1275,-1733,529,4301,-138,349,715
65.89195,159,1274,-1732,529,4296,-138,349,715
65.89245,159,1274,-1732,529,4293,-138,349,715
65.89295,160,1274,-1732,529,4291,-138,349,714
65.89345,160,1274,-1733,530,4302,-138,349,715
65.89395,159,1274,-1733,530,4340,-138,349,714
65.89445,159,1274,-1733,529,4335,-138,350,714
65.89495,160,1274,-1733,530,4327,-138,350,715
65.89545,159,1274,-1733,529,4303,-138,350,714
65.89595,159,1274,-1733,528,4267,-138,350,715
65.89645,159,1274,-1733,526,4259,-138,350,714
65.89695,159,1274,-1733,526,4259,-138,349,714
65.89745,159,1274,-1732,525,4270,-138,349,714
65.89795,159,1274,-1733,526,4276,-138,349,714
65.89845,160,1274,-1733,527,4281,-138,349,714
65.89895,159,1274,-1733,527,4284,-138,349,714
65.89945,159,1274,-1732,527,4289,-138,349,714
65.89995,160,1274,-1733,528,4291,-138,348,714
65.90045,159,1274,-1732,528,4291,-138,348,714
65.90095,160,1274,-1733,528,4292,-138,348,714
65.90145,159,1274,-1733,529,4292,-138,348,714
65.90195,159,1274,-1733,530,4292,-138,348,714
65.90245,158,1275,-1733,529,4292,-138,347,714
65.90295,159,1274,-1733,530,4290,-138,347,715
65.90355,159,1274,-1734,530,4302,-138,347,715
65.90405,159,1274,-1734,530,4332,-138,347,715
65.90455,159,1274,-1734,530,4330,-138,347,714
65.90505,159,1274,-1733,530,4323,-139,348,714
65.90555,159,1274,-1733,529,4304,-139,348,714
65.90605,160,1274,-1732,528,4277,-139,348,714
65.90655,160,1274,-1732,528,4271,-138,348,714
65.90705,160,1274,-1732,528,4273,-139,348,714
65.90755,160,1274,-1732,528,4275,-138,348,714
65.90805,160,1273,-1732,529,4282,-138,348,714
65.90855,160,1274,-1732,529,4286,-138,348,714
65.90905,160,1274,-1732,529,4287,-138,348,715
65.90955,160,1274,-1732,528,4289,-138,348,714
65.91005,160,1274,-1732,526,4286,-138,348,714
65.91055,160,1274,-1733,525,4289,-138,348,714
65.91105,160,1274,-1734,525,4291,-138,348,714
65.91155,160,1274,-1734,526,4290,-138,348,714
65.91205,160,1274,-1733,527,4289,-138,348,715
65.91255,160,1274,-1733,528,4285,-138,349,714
65.91305,160,1274,-1733,528,4276,-138,348,715
65.91355,160,1274,-1733,529,4294,-138,348,714
65.91405,160,1274,-1733,528,4326,-138,348,715
65.91455,160,1274,-1733,528,4324,-138,348,714
65.91505,159,1275,-1733,528,4310,-139,348,714
65.91555,159,1275,-1733,526,4287,-138,348,714
65.91605,158,1275,-1733,527,4260,-138,348,714
65.91655,159,1274,-1733,527,4252,-138,348,714
65.91705,159,1274,-1733,527,4254,-139,348,714
65.91755,159,1274,-1733,527,4260,-139,348,714
65.91805,159,1274,-1732,528,4273,-139,348,714
65.91855,159,1274,-1732,527,4278,-138,348,715
65.91905,159,1274,-1732,527,4281,-138,348,714
65.91955,159,1274,-1732,528,4279,-138,348,715
65.92005,159,1274,-1732,527,4282,-138,348,714
65.92055,159,1274,-1732,528,4279,-138,348,714
65.92105,159,1274,-1733,528,4281,-138,348,714
65.92155,159,1274,-1733,528,4287,-139,348,714
65.92205,159,1274,-1733,527,4291,-138,348,715
65.92255,159,1274,-1732,527,4292,-138,348,714
65.92305,159,1275,-1732,527,4286,-138,349,714
65.92355,159,1274,-1732,527,4304,-139,348,715
65.92405,159,1274,-1732,527,4338,-138,348,714
65.92455,159,1274,-1732,527,4328,-139,348,714
65.92505,159,1273,-1733,527,4321,-139,348,714
65.92555,159,1274,-1733,528,4293,-139,348,714
65.92605,160,1274,-1734,528,4266,-139,348,714
65.92655,159,1274,-1734,529,4260,-139,348,715
65.92705,160,1274,-1735,528,4262,-138,348,715
65.92755,160,1274,-1735,529,4260,-138,348,715
65.92805,160,1274,-1735,528,4266,-139,348,714
65.92855,160,1274,-1734,528,4270,-139,348,714
65.92905,160,1274,-1734,528,4278,-138,348,714
65.92955,160,1274,-1733,528,4283,-139,348,714
65.93005,160,1274,-1733,528,4282,-139,349,714
65.93055,160,1274,-1732,528,4281,-139,348,714
65.93105,160,1274,-1732,528,4279,-139,348,714
65.93155,160,1274,-1731,528,4277,-139,348,714
65.93205,160,1274,-1730,528,4277,-139,348,714
65.93255,160,1274,-1730,528,4277,-139,348,714
65.93305,160,1274,-1731,529,4276,-139,349,714
65.93355,159,1274,-1732,529,4295,-139,348,715
65.93405,159,1275,-1733,530,4323,-139,348,715
65.93455,158,1275,-1734,530,4313,-139,348,714
65.93505,158,1274,-1734,530,4302,-139,348,714
65.93555,159,1275,-1733,530,4279,-139,349,714
65.93605,159,1275,-1733,529,4256,-139,348,714
65.93655,159,1274,-1732,528,4249,-139,349,714
65.93705,159,1274,-1733,529,4252,-139,348,715
65.93755,159,1274,-1732,528,4260,-139,348,714
65.93805,159,1274,-1732,528,4264,-139,348,714
65.93855,159,1274,-1732,528,4274,-139,348,715
65.93905,159,1274,-1733,528,4281,-139,348,714
65.93955,159,1274,-1734,528,4281,-139,348,714
65.94005,159,1274,-1733,528,4285,-139,348,714
65.94055,159,1274,-1733,529,4286,-139,348,714
65.94105,159,1274,-1733,528,4285,-139,347,714
65.94155,159,1274,-1734,527,4283,-139,348,714
65.94205,160,1274,-1734,526,4281,-139,348,714
65.94255,159,1274,-1734,526,4280,-139,348,714
65.94305,159,1274,-1735,525,4277,-139,348,715
65.94355,160,1274,-1735,527,4298,-139,348,714
65.94405,159,1274,-1735,527,4320,-139,348,714
65.94455,160,1274,-1734,527,4318,-139,348,714
65.94505,160,1273,-1731,528,4308,-139,348,714
65.94555,160,1274,-1729,527,4277,-139,348,714
65.94605,160,1274,-1730,528,4253,-139,348,714
65.94655,160,1274,-1732,528,4249,-139,348,714
65.94705,159,1274,-1734,529,4250,-139,348,714
65.94755,160,1274,-1735,528,4251,-139,347,714
65.94805,159,1274,-1734,528,4259,-139,347,714
65.94855,160,1274,-1734,528,4263,-139,347,714
65.94905,160,1274,-1733,528,4266,-139,347,714
65.94955,160,1274,-1733,528,4271,-139,347,714
65.95005,160,1274,-1733,527,4274,-139,347,714
65.95055,160,1274,-1733,527,4274,-139,347,714
65.95105,159,1274,-1732,527,4274,-139,347,714
65.95155,160,1274,-1732,528,4274,-139,347,714
65.95205,160,1274,-1732,528,4274,-139,347,714
65.95255,160,1274,-1732,529,4271,-139,348,714
65.95305,159,1274,-1732,529,4268,-139,348,715
65.95355,159,1274,-1732,530,4298,-139,348,715
65.95405,159,1274,-1733,529,4317,-139,348,715
65.95455,159,1274,-1734,529,4309,-139,348,714
65.95505,159,1274,-1734,530,4299,-139,349,714
65.95555,160,1274,-1735,530,4274,-139,349,714
65.95605,159,1274,-1734,530,4254,-139,350,714
65.95655,160,1274,-1734,529,4247,-139,349,714
65.95705,160,1274,-1732,528,4250,-139,349,714
65.95755,159,1274,-1732,527,4256,-139,348,714
65.95805,160,1274,-1732,527,4263,-139,349,714
65.95855,160,1274,-1733,528,4267,-139,349,714
65.95905,160,1274,-1733,530,4271,-139,350,714
65.95955,159,1274,-1734,531,4271,-139,350,714
65.96005,159,1274,-1733,530,4269,-139,349,714
65.96055,160,1274,-1733,528,4267,-139,350,714
65.96105,160,1274,-1733,526,4266,-139,349,714
65.96155,160,1274,-1733,525,4270,-139,349,714
65.96205,160,1274,-1733,526,4269,-139,350,714
65.96255,159,1274,-1733,527,4269,-139,350,714
65.96305,160,1274,-1732,527,4266,-139,350,714
65.96355,159,1274,-1732,528,4296,-139,349,715
65.96405,159,1274,-1732,527,4314,-139,349,714
65.96455,159,1274,-1731,526,4302,-139,349,714
65.96505,159,1274,-1732,526,4292,-139,348,715
65.96565,159,1274,-1732,526,4260,-139,348,714
65.96615,159,1274,-1733,526,4239,-140,348,714
65.96665,159,1274,-1733,526,4243,-140,348,714
65.96715,160,1274,-1733,527,4248,-139,347,714
65.96765,160,1274,-1732,528,4252,-140,347,713
65.96815,160,1274,-1732,528,4257,-139,347,714
65.96865,160,1274,-1732,528,4257,-140,347,714
65.96915,160,1274,-1733,528,4263,-140,347,714
65.96965,160,1274,-1733,528,4270,-139,347,714
65.970146,159,1274,-1734,528,4272,-140,347,714
65.97065,159,1274,-1734,528,4272,-140,348,714
65.97115,159,1274,-1736,528,4272,-139,348,714
65.97165,159,1274,-1736,529,4273,-140,348,714
65.97215,159,1275,-1735,529,4274,-140,347,714
65.97265,159,1274,-1734,528,4274,-140,348,714
65.97315,158,1274,-1733,529,4273,-140,348,714
65.97365,159,1274,-1733,529,4305,-139,347,714
65.97415,158,1274,-1733,530,4319,-140,348,714
65.97465,158,1274,-1732,531,4310,-139,348,714
65.97515,159,1274,-1732,530,4293,-140,348,714
65.97565,159,1274,-1731,529,4258,-140,348,713
65.97615,159,1273,-1732,528,4238,-140,348,714
65.97665,159,1274,-1733,527,4228,-140,348,714
65.97715,159,1274,-1734,527,4237,-140,348,714
65.97765,160,1273,-1735,527,4246,-140,348,714
65.97815,160,1274,-1735,528,4252,-140,348,714
65.97865,160,1274,-1736,528,4257,-140,348,714
65.97915,160,1274,-1735,529,4260,-140,348,714
65.97965,160,1274,-1734,529,4263,-140,349,714
65.98015,160,1274,-1733,529,4262,-140,348,714
65.98065,160,1274,-1733,528,4261,-139,348,714
65.98115,160,1273,-1732,527,4262,-140,348,714
65.98165,160,1273,-1731,527,4260,-140,348,714
65.98215,160,1274,-1730,526,4260,-140,347,714
65.98265,160,1273,-1730,526,4259,-140,347,714
65.98315,160,1274,-1731,526,4260,-140,347,714
65.98365,160,1274,-1732,528,4296,-140,347,714
65.98415,160,1273,-1733,528,4307,-140,347,714
65.98465,160,1274,-1733,528,4300,-140,347,714
65.98515,160,1273,-1733,528,4283,-140,347,713
65.98565,160,1274,-1733,529,4250,-140,347,713
65.98615,160,1274,-1733,530,4231,-140,347,714
65.98665,159,1274,-1732,531,4232,-140,347,714
65.98715,159,1274,-1733,531,4242,-140,347,714
65.98765,159,1274,-1733,531,4247,-140,347,714
65.98815,158,1274,-1733,529,4256,-140,347,714
65.98865,159,1274,-1733,528,4261,-140,348,714
65.98915,159,1274,-1733,528,4264,-140,347,714
65.98965,159,1274,-1733,530,4268,-140,347,714
65.99015,159,1273,-1734,531,4269,-140,347,714
65.99065,159,1274,-1734,531,4268,-140,347,714
65.99115,159,1274,-1733,529,4267,-140,347,714
65.99165,159,1274,-1733,528,4265,-141,348,714
65.99215,159,1274,-1731,526,4262,-140,348,714
65.99265,159,1274,-1731,526,4257,-140,348,714
65.99315,159,1274,-1732,527,4261,-140,348,714
65.99365,159,1274,-1733,527,4299,-140,348,714
65.99415,158,1274,-1733,528,4305,-140,348,714
65.99465,158,1274,-1732,528,4295,-140,348,713
65.99515,159,1274,-1732,528,4273,-140,349,714
65.99565,159,1274,-1732,527,4236,-140,348,713
65.99615,159,1274,-1732,527,4227,-140,349,714
65.99665,159,1274,-1733,528,4221,-140,348,713
65.99715,159,1274,-1733,530,4228,-140,348,713
65.99765,159,1274,-1734,531,4231,-141,348,714
65.99815,159,1274,-1734,531,4237,-141,348,714
65.99865,159,1274,-1733,531,4247,-141,348,714
65.99915,159,1274,-1733,530,4252,-141,348,713
65.99965,159,1273,-1733,528,4253,-141,348,713
66.00015,159,1274,-1733,526,4247,-141,348,714
66.00065,160,1274,-1733,525,4244,-141,348,713
66.00115,159,1274,-1733,525,4251,-141,348,714
66.00165,159,1274,-1733,526,4252,-141,348,714
66.00215,160,1274,-1734,528,4256,-141,349,713
66.00265,160,1274,-1733,528,4256,-141,349,714
66.00315,160,1273,-1733,528,4257,-141,348,714
66.00365,160,1273,-1734,529,4297,-141,348,714
66.00415,160,1274,-1734,530,4303,-141,349,714
66.00465,160,1274,-1734,530,4295,-141,349,714
66.00515,160,1274,-1734,530,4274,-141,349,714
66.00565,160,1274,-1734,530,4242,-141,349,714
66.00615,160,1274,-1734,531,4233,-140,349,714
66.00665,160,1274,-1733,531,4234,-141,348,714
66.00715,160,1274,-1732,530,4237,-141,348,714
66.00765,160,1274,-1732,529,4241,-140,348,714
66.00815,160,1274,-1732,528,4242,-140,347,714
66.00865,160,1274,-1732,527,4246,-141,347,714
66.00915,160,1273,-1732,527,4246,-140,348,714
66.00965,160,1274,-1733,527,4249,-140,348,714
66.01015,160,1274,-1733,528,4251,-141,348,714
66.01065,160,1273,-1733,528,4250,-140,348,714
66.01115,160,1273,-1733,529,4250,-141,347,714
66.01165,160,1274,-1733,530,4249,-140,348,714
66.01215,160,1274,-1734,530,4249,-141,348,714
66.01265,160,1274,-1733,530,4248,-140,348,714
66.01315,160,1274,-1733,531,4253,-141,347,714
66.01365,160,1274,-1733,532,4288,-141,347,714
66.01415,160,1273,-1733,530,4288,-141,348,714
66.01465,159,1274,-1733,528,4278,-141,348,714
66.01515,160,1274,-1733,524,4253,-141,348,714
66.01565,159,1274,-1732,523,4223,-141,348,714
66.01615,160,1274,-1732,523,4214,-141,348,714
66.01665,160,1274,-1732,525,4213,-141,348,714
66.01715,160,1274,-1732,527,4218,-141,348,714
66.01765,160,1274,-1733,528,4228,-141,348,714
66.01815,159,1274,-1734,527,4232,-141,348,714
66.01865,159,1274,-1734,528,4238,-141,349,714
66.01915,160,1273,-1734,529,4242,-141,349,714
66.01965,160,1274,-1734,528,4246,-141,348,714
66.02015,159,1274,-1733,528,4247,-141,348,714
66.02065,159,1274,-1731,528,4248,-141,348,714
66.02115,159,1274,-1730,528,4250,-141,348,714
66.02165,159,1274,-1731,528,4251,-141,348,714
66.02215,159,1274,-1732,528,4252,-141,348,714
66.02265,159,1274,-1732,529,4252,-141,348,714
66.02315,159,1274,-1732,530,4262,-141,348,714
66.02365,160,1274,-1733,530,4298,-141,348,714
66.02415,159,1274,-1732,530,4296,-141,349,714
66.02465,159,1274,-1732,529,4285,-141,348,713
66.02515,159,1274,-1732,527,4259,-141,349,713
66.02565,160,1274,-1732,527,4225,-141,349,713
66.02615,160,1274,-1732,526,4217,-141,349,713
66.02665,160,1274,-1732,526,4220,-141,349,713
66.02725,160,1274,-1732,527,4225,-142,349,713
66.02775,160,1274,-1731,527,4229,-141,349,713
66.02825,159,1274,-1732,527,4235,-141,349,713
66.02875,160,1274,-1732,528,4239,-141,349,713
66.02925,159,1274,-1733,528,4241,-141,349,714
66.02975,159,1274,-1733,528,4245,-141,349,714
66.03025,159,1274,-1733,528,4250,-141,349,714
66.03075,159,1274,-1733,528,4250,-141,349,714
66.03125,159,1274,-1733,528,4247,-141,349,714
66.03175,160,1274,-1733,529,4246,-141,349,714
66.03225,160,1273,-1734,530,4243,-141,348,714
66.03275,160,1273,-1734,531,4240,-141,348,714
66.03325,160,1273,-1733,531,4254,-141,348,714
66.03375,160,1273,-1733,533,4292,-141,348,714
66.03425,160,1274,-1733,533,4292,-141,347,714
66.03475,160,1274,-1733,533,4282,-141,347,714
66.03525,159,1274,-1733,531,4255,-141,348,713
66.03575,159,1274,-1733,529,4227,-141,347,713
66.03625,160,1274,-1732,527,4216,-141,347,714
66.03675,160,1274,-1732,526,4214,-142,347,714
66.03725,160,1274,-1732,526,4226,-141,347,714
66.03775,160,1274,-1732,528,4236,-142,347,714
66.03825,160,1274,-1733,528,4245,-141,347,714
66.03875,160,1274,-1733,528,4251,-141,348,714
66.03925,160,1274,-1734,527,4256,-141,348,714
66.03975,160,1274,-1734,526,4257,-141,348,714
66.04025,160,1274,-1733,526,4255,-141,348,714
66.04075,159,1274,-1732,526,4253,-141,348,714
66.04125,160,1274,-1733,526,4254,-141,348,714
66.04175,160,1274,-1733,526,4256,-141,347,714
66.04225,160,1274,-1733,527,4255,-141,348,714
66.04275,160,1274,-1734,528,4254,-141,348,714
66.04325,160,1274,-1734,529,4265,-141,347,714
66.04375,160,1274,-1734,530,4300,-141,347,714
66.04425,160,1274,-1734,530,4299,-141,347,714
66.04475,160,1274,-1733,529,4290,-142,347,714
66.04525,160,1274,-1733,529,4263,-141,348,713
66.04575,160,1274,-1732,528,4234,-141,348,714
66.04625,160,1274,-1732,528,4224,-141,348,714
66.04675,160,1274,-1732,528,4229,-141,347,714
66.04725,160,1274,-1731,528,4235,-141,347,714
66.04775,160,1274,-1731,528,4237,-141,347,714
66.04825,160,1274,-1731,528,4239,-141,348,714
66.04875,160,1274,-1731,528,4244,-141,348,714
66.04925,160,1274,-1733,529,4246,-141,348,714
66.04975,160,1274,-1734,529,4252,-141,348,714
66.05025,160,1274,-1734,528,4255,-142,348,714
66.05075,160,1274,-1734,527,4256,-141,347,714
66.05125,160,1274,-1735,526,4257,-141,347,713
66.05175,160,1274,-1735,526,4257,-141,347,714
66.05225,160,1274,-1735,527,4253,-142,348,714
66.05275,160,1274,-1735,528,4256,-142,348,714
66.05325,160,1273,-1735,529,4273,-142,348,714
66.05375,160,1273,-1734,529,4306,-141,348,714
66.05425,160,1274,-1732,530,4305,-142,348,714
66.05475,160,1274,-1731,531,4295,-142,348,714
66.05525,159,1274,-1731,532,4268,-142,348,714
66.05575,159,1274,-1732,532,4243,-141,348,714
66.05625,159,1274,-1733,532,4238,-141,348,714
66.05675,159,1274,-1733,531,4237,-141,348,714
66.05725,160,1274,-1733,529,4244,-141,348,714
66.05775,160,1274,-1734,529,4250,-142,347,714
66.05825,160,1273,-1734,529,4256,-141,347,714
66.05875,160,1274,-1735,529,4260,-141,347,714
66.05925,160,1274,-1735,530,4263,-141,347,714
66.05975,160,1274,-1735,530,4265,-141,347,714
66.06025,160,1274,-1735,529,4265,-141,347,714
66.06075,160,1274,-1734,528,4264,-141,347,714
66.06125,160,1274,-1733,527,4264,-141,347,714
66.06175,160,1274,-1732,527,4265,-141,347,714
66.06225,160,1274,-1730,526,4265,-141,347,714
66.06275,160,1274,-1731,526,4263,-141,347,714
66.06325,160,1274,-1731,527,4281,-141,347,714
66.06375,160,1274,-1731,527,4309,-141,347,714
66.06425,160,1274,-1731,527,4303,-141,347,713
66.06475,160,1274,-1732,528,4292,-142,347,714
66.06525,160,1273,-1732,528,4260,-142,348,713
66.06575,160,1274,-1733,529,4238,-141,348,713
66.06625,160,1274,-1733,530,4232,-142,349,713
66.06675,160,1274,-1734,530,4235,-141,349,714
66.06725,160,1274,-1734,530,4240,-141,349,714
66.06775,160,1273,-1735,530,4252,-141,349,714
66.06825,160,1273,-1734,529,4261,-141,349,714
66.06875,160,1274,-1735,528,4263,-141,349,714
66.06925,160,1274,-1734,528,4266,-141,349,714
66.06975,160,1274,-1733,527,4269,-141,349,714
66.07025,160,1274,-1733,528,4270,-141,348,714
66.07075,161,1273,-1733,529,4270,-142,348,714
66.07125,161,1273,-1734,529,4271,-141,348,714
66.07175,160,1274,-1734,529,4272,-141,348,714
66.07225,160,1273,-1734,529,4271,-141,348,714
66.07275,160,1274,-1734,528,4270,-141,348,714
66.07325,160,1274,-1735,528,4296,-141,348,714
66.07375,159,1274,-1735,528,4324,-141,348,714
66.07425,159,1274,-1734,528,4318,-141,348,714
66.07475,159,1274,-1733,528,4304,-141,348,714
66.07525,159,1274,-1730,527,4270,-141,348,714
66.07575,159,1274,-1728,527,4246,-141,348,714
66.07625,160,1274,-1728,528,4242,-141,348,714
66.07675,160,1274,-1731,528,4240,-141,348,714
66.07725,160,1274,-1732,528,4247,-141,348,714
66.07775,160,1274,-1732,528,4252,-141,348,714
66.07825,160,1274,-1732,527,4257,-141,348,714
66.07875,160,1274,-1733,527,4263,-141,348,714
66.07925,160,1274,-1734,527,4267,-142,348,714
66.07975,160,1274,-1735,528,4268,-141,348,714
66.08025,160,1274,-1734,528,4263,-142,348,714
66.08075,160,1274,-1735,528,4262,-141,348,714
66.08125,160,1273,-1735,528,4265,-142,348,714
66.08175,160,1274,-1734,529,4267,-141,348,714
66.08225,160,1274,-1734,529,4267,-141,348,714
66.08275,161,1274,-1733,529,4266,-141,348,714
66.08325,161,1273,-1732,529,4293,-141,347,714
66.08375,161,1274,-1732,528,4318,-141,348,713
66.08425,161,1273,-1732,528,4311,-141,348,713
66.08475,161,1273,-1733,528,4295,-141,348,713
66.08525,161,1274,-1733,528,4262,-142,349,713
66.08575,161,1274,-1733,528,4242,-141,348,714
66.08625,161,1274,-1733,529,4243,-141,348,714
66.08675,160,1274,-1733,528,4253,-141,348,714
66.08725,160,1274,-1733,529,4262,-141,349,714
66.08775,160,1273,-1733,529,4263,-141,349,714
66.08825,160,1274,-1733,530,4268,-140,348,714
66.08885,160,1274,-1733,530,4272,-141,349,714
66.08935,159,1274,-1733,529,4273,-141,348,714
66.08985,160,1274,-1732,528,4275,-141,348,713
66.09035,159,1274,-1732,528,4277,-141,348,714
66.09085,160,1274,-1732,528,4273,-141,348,714
66.09135,159,1274,-1733,530,4276,-141,348,714
66.09185,160,1274,-1733,531,4275,-141,348,714
66.09235,160,1274,-1734,531,4273,-141,349,714
66.09285,160,1274,-1734,532,4270,-141,348,714
66.09335,160,1274,-1735,533,4298,-141,348,714
66.09385,160,1274,-1735,534,4318,-141,348,714
66.09435,159,1274,-1735,534,4312,-141,349,714
66.09485,159,1274,-1735,535,4297,-141,349,714
66.09535,158,1275,-1735,534,4262,-141,349,714
66.09585,159,1275,-1734,534,4242,-142,349,714
66.09635,159,1274,-1734,533,4239,-141,349,714
66.09685,159,1275,-1733,531,4238,-142,349,714
66.09735,159,1274,-1733,529,4243,-141,349,714
66.09785,160,1274,-1734,527,4248,-142,349,713
66.09835,160,1274,-1733,526,4253,-141,348,714
66.09885,160,1274,-1732,524,4254,-141,348,714
66.09935,160,1274,-1732,523,4261,-141,348,714
66.09985,160,1274,-1732,523,4267,-141,349,714
66.10035,160,1274,-1731,525,4269,-141,349,714
66.10085,159,1274,-1731,526,4270,-141,349,714
66.10135,159,1274,-1731,527,4270,-141,349,714
66.10185,159,1274,-1732,527,4271,-141,349,714
66.10235,159,1274,-1733,528,4271,-141,349,714
66.10285,159,1274,-1733,528,4269,-140,349,714
66.10335,159,1274,-1733,529,4301,-140,348,714
66.10385,159,1274,-1733,528,4319,-141,348,714
66.10435,159,1274,-1733,528,4311,-140,348,714
66.10485,159,1274,-1733,528,4300,-141,348,714
66.10535,159,1274,-1734,528,4269,-141,348,714
66.10585,159,1274,-1735,528,4253,-141,348,714
66.10635,159,1274,-1735,528,4253,-141,348,714
66.10685,159,1274,-1735,528,4256,-141,347,714
66.10735,160,1274,-1735,528,4260,-141,347,714
66.10785,160,1274,-1735,528,4262,-141,347,714
66.10835,159,1274,-1734,529,4266,-141,347,714
66.10885,160,1274,-1734,529,4267,-141,347,714
66.10935,160,1274,-1733,529,4269,-141,347,713
66.10985,160,1274,-1733,529,4270,-141,347,714
66.11035,160,1274,-1732,528,4266,-141,347,713
66.11085,160,1274,-1732,528,4269,-141,347,714
66.11135,160,1274,-1731,528,4267,-141,346,714
66.11185,160,1274,-1731,527,4268,-141,347,714
66.11235,160,1274,-1732,528,4266,-141,347,713
66.11285,160,1274,-1732,528,4266,-140,347,714
66.11335,160,1274,-1732,529,4298,-141,346,714
66.11385,160,1274,-1733,528,4313,-141,347,714
66.11435,160,1274,-1733,528,4306,-141,347,714
66.11485,159,1274,-1733,528,4288,-140,347,714
66.11535,159,1274,-1733,527,4251,-141,347,714
66.11585,160,1274,-1733,527,4239,-141,347,714
66.11635,160,1274,-1734,528,4238,-141,347,714
66.11685,159,1274,-1734,528,4239,-141,346,713
66.11735,160,1274,-1734,528,4245,-141,346,714
66.11785,160,1274,-1733,529,4244,-141,347,714
66.11835,160,1274,-1733,529,4256,-141,347,714
66.11885,160,1274,-1733,529,4263,-141,348,714
66.11935,160,1274,-1732,529,4266,-141,348,714
66.11985,160,1274,-1732,528,4266,-141,348,714
66.12035,160,1274,-1731,528,4264,-141,348,714
66.12085,160,1274,-1732,528,4266,-141,348,714
66.12135,160,1274,-1733,529,4270,-141,347,714
66.12185,160,1274,-1734,531,4272,-141,347,715
66.12235,160,1274,-1734,531,4272,-141,347,714
66.12285,160,1274,-1734,531,4271,-141,348,715
66.12335,160,1274,-1733,531,4310,-141,347,715
66.12385,160,1274,-1733,530,4314,-140,348,715
66.12435,160,1274,-1732,528,4305,-140,348,715
66.12485,160,1274,-1732,528,4287,-141,348,714
66.12535,160,1274,-1732,527,4251,-141,349,715
66.12585,160,1274,-1732,528,4242,-140,348,714
66.12635,160,1274,-1733,528,4240,-141,349,714
66.12685,160,1274,-1733,528,4247,-141,349,714
66.12735,159,1274,-1733,529,4255,-141,348,714
66.12785,160,1274,-1733,529,4255,-141,349,714
66.12835,160,1274,-1733,529,4257,-141,349,715
66.12885,160,1274,-1733,529,4260,-141,349,714
66.12935,160,1274,-1732,529,4257,-141,349,714
66.12985,160,1273,-1732,529,4261,-141,349,714
66.13035,160,1274,-1733,529,4265,-141,349,714
66.13085,160,1273,-1733,529,4265,-141,350,714
66.13135,160,1274,-1732,529,4263,-141,349,713
66.13185,160,1274,-1732,528,4261,-141,349,714
66.13235,160,1274,-1732,528,4256,-140,348,714
66.13285,160,1274,-1733,528,4265,-140,348,714
66.13335,160,1274,-1734,529,4304,-140,347,715
66.13385,160,1274,-1734,529,4309,-140,348,714
66.13435,160,1273,-1733,530,4298,-141,348,714
66.13485,160,1274,-1733,530,4280,-141,349,714
66.13535,161,1274,-1733,529,4248,-141,348,714
66.13585,160,1274,-1733,529,4238,-141,349,714
66.13635,160,1274,-1733,529,4240,-141,349,714
66.13685,160,1274,-1733,529,4241,-141,348,714
66.13735,160,1273,-1733,529,4249,-141,348,714
66.13785,160,1274,-1733,529,4254,-141,348,715
66.13835,160,1274,-1734,529,4260,-140,348,714
66.13885,159,1274,-1734,530,4261,-140,349,715
66.13935,159,1273,-1733,530,4269,-141,348,714
66.13985,159,1274,-1733,530,4270,-141,349,715
66.14035,159,1273,-1733,531,4273,-141,349,714
66.14085,160,1274,-1733,531,4270,-141,349,714
66.14135,159,1274,-1733,532,4273,-140,349,714
66.14185,159,1273,-1733,532,4272,-140,349,714
66.14235,160,1274,-1733,532,4270,-140,349,714
66.14285,160,1274,-1733,532,4276,-140,348,714
66.14335,160,1274,-1733,531,4311,-140,348,715
66.14385,160,1274,-1732,529,4311,-140,348,714
66.14435,160,1274,-1732,527,4296,-140,348,714
66.14485,160,1273,-1732,526,4278,-140,348,714
66.14535,160,1274,-1732,525,4250,-140,348,714
66.14585,160,1273,-1732,526,4242,-140,348,714
66.14635,160,1273,-1733,527,4242,-140,348,715
66.14685,160,1273,-1732,527,4246,-140,348,714
66.14735,159,1273,-1732,528,4244,-141,348,714
66.14785,160,1273,-1733,529,4248,-140,348,715
66.14835,160,1273,-1734,530,4255,-141,348,714
66.14885,160,1273,-1735,530,4253,-141,348,714
66.14935,160,1274,-1735,530,4261,-141,349,714
66.14985,160,1273,-1735,531,4267,-140,348,714
66.15045,160,1273,-1735,531,4268,-141,349,714
66.15095,160,1273,-1734,531,4268,-141,348,714
66.15145,160,1273,-1734,530,4268,-141,349,714
66.15195,160,1273,-1733,530,4266,-140,348,714
66.15245,160,1273,-1732,529,4262,-141,349,714
66.15295,160,1273,-1731,529,4274,-141,348,715
66.15345,160,1273,-1731,528,4312,-141,348,715
66.15395,160,1273,-1731,528,4309,-141,348,714
66.15445,160,1273,-1732,529,4301,-141,348,714
66.15495,160,1273,-1733,530,4282,-141,349,714
66.15545,159,1273,-1734,531,4252,-141,349,714
66.15595,160,1273,-1734,531,4245,-141,349,714
66.15645,160,1273,-1733,530,4247,-141,349,714
66.15695,160,1273,-1733,529,4245,-141,348,714
66.15745,160,1273,-1733,529,4249,-141,348,714
66.15795,160,1273,-1732,529,4252,-141,348,714
66.15845,160,1273,-1733,529,4257,-140,348,714
66.15895,160,1273,-1732,529,4261,-141,348,714
66.15945,160,1273,-1733,529,4264,-140,348,714
66.15995,160,1273,-1733,528,4262,-141,349,714
66.160446,160,1273,-1733,527,4259,-141,349,714
66.16095,160,1273,-1733,527,4261,-141,349,714
66.16145,160,1273,-1733,528,4262,-140,349,714
66.16195,160,1273,-1733,528,4261,-141,350,714
66.16245,159,1273,-1733,529,4260,-140,350,715
66.16295,160,1273,-1733,530,4269,-141,350,714
66.16345,160,1273,-1733,530,4298,-141,349,715
66.16395,160,1273,-1733,529,4300,-141,350,714
66.16445,160,1273,-1733,530,4289,-140,349,715
66.16495,160,1273,-1733,529,4267,-141,349,714
66.16545,160,1273,-1733,529,4232,-141,349,714
66.16595,160,1273,-1733,529,4229,-141,348,714
66.16645,159,1273,-1733,528,4234,-141,347,714
66.16695,160,1273,-1734,529,4239,-141,347,714
66.16745,160,1273,-1734,529,4246,-140,347,714
66.16795,160,1273,-1734,529,4247,-140,347,714
66.16845,160,1273,-1734,529,4248,-141,347,714
66.16895,160,1273,-1733,529,4253,-140,347,714
66.16945,160,1273,-1732,528,4255,-141,347,715
66.16995,160,1273,-1732,528,4256,-140,347,714
66.17045,160,1272,-1732,528,4256,-141,347,714
66.17095,160,1272,-1732,528,4261,-140,347,715
66.17145,160,1272,-1732,529,4263,-141,347,714
66.17195,160,1272,-1732,529,4259,-140,347,715
66.17245,160,1272,-1733,529,4261,-141,347,714
66.17295,160,1272,-1733,529,4272,-140,347,715
66.17345,160,1272,-1733,529,4308,-141,348,715
66.17395,160,1272,-1733,529,4303,-141,348,714
66.17445,160,1272,-1734,529,4292,-141,348,715
66.17495,160,1272,-1734,529,4268,-141,348,714
66.17545,160,1272,-1733,529,4234,-141,348,714
66.17595,160,1272,-1733,529,4232,-141,349,714
66.17645,160,1272,-1733,530,4235,-141,349,715
66.17695,160,1272,-1733,530,4236,-141,349,714
66.17745,160,1272,-1734,530,4234,-141,348,714
66.17795,160,1272,-1734,530,4240,-141,349,714
66.17845,160,1272,-1734,530,4248,-141,348,714
66.17895,160,1272,-1733,530,4252,-141,348,714
66.17945,160,1272,-1734,530,4255,-141,348,715
66.17995,160,1272,-1734,531,4255,-141,348,714
66.18045,160,1272,-1734,532,4250,-141,348,714
66.18095,159,1272,-1734,532,4252,-141,348,714
66.18145,160,1272,-1733,531,4254,-141,348,714
66.18195,160,1272,-1733,530,4253,-141,348,715
66.18245,160,1272,-1734,530,4250,-141,348,714
66.18295,161,1272,-1734,531,4261,-141,348,715
66.18345,161,1272,-1734,530,4298,-141,348,715
66.18395,161,1272,-1734,530,4291,-141,348,715
66.18445,161,1272,-1734,528,4281,-141,348,715
66.18495,161,1272,-1734,527,4259,-141,348,714
66.18545,161,1272,-1733,528,4233,-141,348,715
66.18595,161,1272,-1733,528,4232,-141,348,714
66.18645,161,1271,-1732,529,4233,-140,349,715
66.18695,161,1272,-1733,529,4241,-141,348,715
66.18745,161,1272,-1733,530,4245,-141,348,715
66.18795,161,1272,-1733,530,4246,-141,349,714
66.18845,161,1272,-1733,530,4248,-141,348,714
66.18895,161,1272,-1733,530,4259,-141,348,714
66.18945,161,1271,-1733,530,4261,-141,348,715
66.18995,161,1272,-1733,529,4262,-141,348,714
66.19045,160,1272,-1733,529,4259,-141,348,715
66.19095,160,1272,-1733,528,4262,-141,349,715
66.19145,160,1272,-1733,527,4256,-141,348,715
66.19195,160,1272,-1733,527,4250,-141,349,714
66.19245,160,1272,-1734,528,4247,-141,348,715
66.19295,159,1272,-1734,530,4271,-141,348,715
66.19345,159,1272,-1734,531,4299,-141,348,715
66.19395,159,1272,-1734,531,4293,-141,348,715
66.19445,159,1272,-1734,532,4283,-141,348,715
66.19495,159,1272,-1734,532,4253,-141,349,714
66.19545,159,1272,-1734,533,4225,-141,349,714
66.19595,160,1272,-1734,533,4226,-141,349,714
66.19645,160,1272,-1734,532,4228,-141,349,715
66.19695,159,1272,-1733,531,4226,-142,349,714
66.19745,160,1272,-1734,531,4223,-141,349,714
66.19795,160,1272,-1735,529,4228,-142,348,715
66.19845,160,1272,-1735,528,4236,-141,348,715
66.19895,160,1272,-1734,525,4236,-142,348,714
66.19945,160,1272,-1733,525,4240,-142,348,715
66.19995,160,1272,-1731,525,4244,-141,348,714
66.20045,160,1272,-1731,526,4241,-142,348,715
66.20095,159,1272,-1731,527,4247,-141,348,714
66.20145,160,1272,-1733,528,4247,-142,348,714
66.20195,160,1272,-1733,529,4250,-142,348,715
66.20245,160,1272,-1733,529,4249,-142,348,715
66.20295,160,1271,-1733,530,4265,-141,347,715
66.20345,160,1272,-1734,530,4292,-142,348,715
66.20395,160,1272,-1734,529,4288,-142,348,715
66.20445,160,1272,-1734,529,4280,-141,348,715
66.20495,160,1271,-1734,529,4250,-142,349,714
66.20545,160,1272,-1733,529,4228,-141,349,715
66.20595,160,1272,-1732,529,4229,-142,348,715
66.20645,160,1272,-1732,529,4229,-141,348,715
66.20695,160,1272,-1733,529,4233,-141,348,715
66.20745,160,1272,-1734,529,4238,-142,348,715
66.20795,160,1271,-1734,528,4237,-141,349,714
66.20845,159,1272,-1734,529,4236,-141,348,715
66.20895,160,1271,-1735,529,4244,-141,349,715
66.20945,160,1271,-1735,529,4241,-141,348,715
66.20995,160,1271,-1735,529,4241,-141,348,715
66.21045,160,1271,-1734,530,4244,-141,348,715
66.21095,160,1271,-1734,529,4245,-142,348,715
66.21145,161,1271,-1733,530,4245,-142,348,714
66.21195,160,1271,-1733,530,4246,-141,348,715
66.21255,161,1271,-1733,530,4248,-142,348,715
66.21305,161,1272,-1733,531,4268,-142,348,715
66.21355,161,1271,-1732,530,4290,-142,347,715
66.21405,161,1272,-1731,530,4283,-142,348,715
66.21455,161,1271,-1731,529,4272,-142,348,714
66.21505,161,1272,-1731,528,4239,-142,348,714
66.21555,161,1272,-1732,528,4221,-142,348,714
66.21605,161,1272,-1734,528,4221,-142,348,715
66.21655,161,1272,-1734,528,4224,-142,348,714
66.21705,161,1271,-1734,528,4222,-142,348,714
66.21755,161,1271,-1734,528,4230,-142,348,715
66.21805,161,1271,-1734,528,4235,-142,348,714
66.21855,161,1271,-1734,529,4235,-142,348,714
66.21905,161,1271,-1733,529,4244,-142,348,715
66.21955,161,1271,-1732,529,4249,-142,347,715
66.22005,161,1272,-1731,529,4248,-142,347,715
66.22055,160,1271,-1732,529,4251,-142,347,715
66.22105,160,1272,-1732,529,4252,-142,348,715
66.22155,160,1271,-1733,529,4254,-142,348,715
66.22205,160,1272,-1733,530,4255,-141,348,715
66.22255,160,1272,-1734,530,4255,-142,348,715
66.22305,160,1271,-1734,531,4283,-142,348,715
66.22355,160,1271,-1734,530,4304,-141,348,715
66.22405,160,1271,-1734,530,4295,-142,348,715
66.22455,160,1272,-1734,529,4283,-142,348,715
66.22505,160,1272,-1734,529,4252,-142,348,715
66.22555,161,1272,-1733,529,4230,-142,348,715
66.22605,161,1271,-1733,530,4227,-142,348,715
66.22655,161,1271,-1733,530,4230,-142,348,715
66.22705,161,1271,-1734,531,4236,-142,348,715
66.22755,161,1272,-1735,531,4240,-142,348,715
66.22805,161,1271,-1736,531,4241,-142,349,715
66.22855,161,1271,-1736,530,4240,-142,349,715
66.22905,161,1271,-1737,530,4245,-142,348,715
66.22955,160,1271,-1737,529,4246,-142,349,715
66.23005,160,1271,-1737,529,4247,-142,349,715
66.23055,160,1271,-1735,529,4249,-142,348,715
66.23105,160,1271,-1732,528,4247,-142,348,715
66.23155,159,1271,-1729,529,4245,-142,348,715
66.23205,159,1271,-1730,529,4241,-142,349,715
66.23255,159,1271,-1732,529,4241,-142,349,715
66.23305,159,1271,-1733,529,4275,-142,348,715
66.23355,160,1271,-1733,527,4295,-142,349,715
66.23405,160,1271,-1733,528,4288,-142,349,714
66.23455,160,1271,-1733,528,4275,-142,349,714
66.23505,160,1271,-1734,528,4245,-143,350,714
66.23555,160,1271,-1734,529,4225,-143,349,714
66.23605,160,1271,-1733,530,4223,-143,350,714
66.23655,160,1271,-1732,529,4226,-143,350,714
66.23705,160,1271,-1732,529,4229,-142,350,714
66.23755,160,1271,-1732,528,4232,-142,350,714
66.23805,160,1271,-1733,529,4237,-142,349,714
66.23855,160,1271,-1732,528,4241,-142,349,714
66.23905,160,1271,-1733,528,4248,-143,348,715
66.23955,160,1271,-1733,528,4251,-143,347,714
66.24005,160,1271,-1733,528,4246,-143,347,714
66.24055,160,1271,-1733,528,4250,-143,347,715
66.24105,160,1271,-1733,529,4254,-143,347,715
66.24155,160,1271,-1733,529,4248,-143,347,714
66.24205,160,1271,-1734,529,4245,-143,347,714
66.24255,161,1271,-1734,529,4250,-143,347,714
66.24305,161,1271,-1733,530,4284,-143,347,714
66.24355,161,1271,-1734,529,4295,-143,347,714
66.24405,160,1271,-1734,529,4286,-143,347,714
66.24455,161,1271,-1734,529,4271,-143,347,714
66.24505,160,1271,-1734,528,4237,-143,348,714
66.24555,160,1271,-1734,529,4221,-143,348,714
66.24605,160,1271,-1734,529,4220,-143,347,714
66.24655,161,1271,-1734,530,4222,-143,348,715
66.24705,161,1271,-1733,529,4225,-143,348,715
66.24755,160,1271,-1733,530,4224,-142,348,715
66.24805,160,1271,-1733,530,4223,-142,348,715
66.24855,160,1271,-1733,529,4224,-143,348,715
66.24905,160,1271,-1733,529,4227,-143,347,715
66.24955,161,1271,-1733,529,4232,-143,348,715
66.25005,161,1271,-1734,529,4233,-143,347,714
66.25055,160,1271,-1735,529,4238,-143,347,714
66.25105,160,1271,-1735,529,4246,-143,347,714
66.25155,160,1271,-1735,530,4247,-143,347,715
66.25205,161,1271,-1735,530,4244,-143,347,714
66.25255,161,1271,-1735,530,4242,-143,347,715
66.25305,160,1271,-1735,531,4281,-142,347,715
66.25355,161,1271,-1735,530,4286,-143,347,715
66.25405,160,1271,-1735,530,4278,-143,347,715
66.25455,160,1271,-1734,529,4262,-143,347,714
66.25505,160,1271,-1733,529,4229,-143,348,714
66.25555,161,1271,-1732,528,4221,-143,347,714
66.25605,161,1271,-1732,527,4225,-143,347,714
66.25655,161,1271,-1732,527,4230,-143,347,714
66.25705,161,1270,-1733,528,4233,-143,347,714
66.25755,161,1271,-1733,530,4233,-143,347,714
66.25805,161,1271,-1734,531,4235,-143,347,714
66.25855,162,1271,-1733,531,4236,-143,347,714
66.25905,161,1271,-1734,530,4240,-143,347,714
66.25955,161,1270,-1733,530,4243,-143,347,714
66.26005,161,1271,-1734,530,4247,-143,347,714
66.26055,161,1270,-1734,530,4248,-143,348,714
66.26105,161,1271,-1734,531,4248,-143,348,714
66.26155,161,1271,-1734,531,4248,-143,348,714
66.26205,161,1271,-1734,531,4247,-144,348,714
66.26255,161,1270,-1735,532,4250,-143,348,714
66.26305,161,1270,-1735,531,4285,-143,348,715
66.26355,161,1271,-1734,530,4287,-143,348,714
66.26405,161,1270,-1734,529,4272,-143,348,714
66.26455,161,1271,-1734,529,4256,-143,348,714
66.26505,161,1271,-1735,529,4227,-143,348,714
66.26555,161,1271,-1734,531,4216,-143,348,714
66.26605,161,1271,-1734,531,4217,-143,349,714
66.26655,161,1270,-1734,531,4223,-144,348,714
66.26705,161,1270,-1734,531,4230,-143,349,714
66.26755,161,1270,-1733,529,4234,-143,348,714
66.26805,161,1270,-1733,527,4234,-144,348,714
66.26855,161,1270,-1733,526,4236,-143,348,714
66.26905,161,1270,-1732,526,4241,-143,348,714
66.26955,161,1270,-1733,527,4242,-143,348,714
66.27005,161,1271,-1733,528,4246,-143,349,714
66.27055,161,1271,-1733,529,4249,-143,349,714
66.27105,161,1271,-1733,529,4249,-143,349,714
66.27155,161,1271,-1733,529,4248,-143,349,714
66.27205,162,1271,-1733,529,4245,-143,349,714
66.27255,161,1271,-1733,530,4255,-143,348,714
66.27305,161,1271,-1733,530,4294,-143,348,714
66.27355,161,1271,-1733,529,4297,-143,348,714
66.27415,160,1271,-1734,529,4290,-144,348,714
66.27465,160,1271,-1734,529,4266,-143,348,714
66.27515,160,1271,-1734,529,4233,-144,348,714
66.27565,160,1271,-1734,529,4220,-143,348,714
66.27615,160,1271,-1733,529,4221,-143,348,714
66.27665,161,1271,-1734,529,4225,-143,349,714
66.27715,161,1271,-1733,529,4227,-143,349,714
66.27765,161,1271,-1734,530,4230,-143,348,714
66.27815,161,1271,-1734,530,4234,-143,349,714
66.27865,161,1271,-1734,530,4238,-143,349,714
66.27915,161,1271,-1734,531,4244,-143,349,714
66.27965,161,1271,-1734,531,4247,-144,349,714
66.28015,161,1270,-1735,531,4246,-143,349,714
66.28065,161,1270,-1735,531,4246,-143,349,714
66.28115,161,1271,-1735,531,4249,-143,348,714
66.28165,162,1271,-1735,530,4249,-144,349,714
66.28215,161,1271,-1735,530,4248,-144,348,714
66.282646,162,1270,-1734,529,4257,-144,348,714
66.28315,161,1271,-1734,528,4293,-144,348,714
66.28365,161,1271,-1734,527,4294,-144,347,714
66.28415,161,1271,-1734,528,4286,-144,348,714
66.28465,161,1271,-1734,528,4262,-144,348,714
66.28515,161,1271,-1734,528,4232,-144,348,714
66.28565,161,1271,-1734,529,4223,-143,348,714
66.28615,161,1271,-1734,530,4225,-143,348,714
66.28665,161,1271,-1734,531,4232,-143,348,714
66.28715,160,1271,-1733,531,4239,-143,349,714
66.28765,160,1271,-1733,530,4242,-144,348,714
66.28815,160,1271,-1733,529,4245,-144,348,714
66.28865,160,1271,-1733,529,4246,-143,348,714
66.28915,160,1271,-1733,528,4248,-143,348,714
66.28965,160,1271,-1733,529,4253,-143,348,714
66.29015,161,1271,-1733,529,4254,-143,348,714
66.29065,161,1271,-1734,529,4256,-143,348,714
66.29115,161,1271,-1734,529,4258,-143,348,714
66.29165,161,1271,-1733,530,4257,-144,348,714
66.29215,162,1270,-1734,530,4253,-144,349,714
66.29265,162,1270,-1734,530,4262,-144,348,714
66.29315,162,1271,-1734,529,4296,-144,348,714
66.29365,162,1271,-1734,529,4294,-144,349,714
66.29415,161,1270,-1734,529,4286,-144,348,714
66.29465,161,1271,-1734,529,4261,-144,349,714
66.29515,161,1271,-1734,529,4230,-144,349,714
66.29565,161,1271,-1734,529,4221,-144,348,714
66.29615,161,1271,-1734,529,4223,-144,348,714
66.29665,160,1271,-1734,529,4229,-144,348,714
66.29715,160,1271,-1734,529,4230,-144,348,714
66.29765,160,1271,-1734,529,4230,-144,348,714
66.29815,160,1271,-1734,530,4233,-144,348,714
66.29865,160,1271,-1734,530,4236,-143,348,714
66.29915,161,1271,-1734,530,4242,-143,348,714
66.29965,161,1270,-1734,530,4247,-143,348,714
66.30015,161,1271,-1734,531,4251,-143,348,714
66.30065,160,1271,-1734,530,4253,-143,348,714
66.30115,161,1271,-1734,530,4254,-143,348,714
66.30165,161,1270,-1734,530,4254,-143,348,714
66.30215,161,1271,-1735,530,4253,-143,348,714
66.30265,161,1271,-1735,531,4266,-143,348,715
66.30315,161,1271,-1735,531,4299,-143,347,714
66.30365,161,1271,-1735,531,4293,-143,348,715
66.30415,161,1271,-1736,531,4287,-144,348,714
66.30465,161,1271,-1735,530,4263,-143,349,714
66.30515,161,1271,-1734,528,4241,-144,348,714
66.30565,161,1271,-1734,527,4237,-143,347,714
66.30615,161,1271,-1735,527,4239,-144,348,714
66.30665,161,1271,-1734,527,4243,-143,348,715
66.30715,161,1271,-1733,528,4249,-143,348,714
66.30765,161,1271,-1732,528,4247,-143,348,714
66.30815,161,1271,-1733,530,4251,-144,348,715
66.30865,161,1271,-1734,531,4248,-143,348,714
66.30915,161,1271,-1734,531,4246,-144,348,714
66.30965,161,1271,-1734,531,4251,-144,348,714
66.31015,161,1271,-1733,531,4254,-144,348,714
66.31065,161,1271,-1733,531,4256,-143,348,714
66.31115,161,1271,-1733,531,4255,-144,348,714
66.31165,161,1270,-1733,531,4251,-144,348,714
66.31215,161,1270,-1733,529,4247,-144,348,714
66.31265,161,1271,-1732,527,4264,-144,348,715
66.31315,161,1270,-1732,527,4297,-144,348,714
66.31365,161,1271,-1733,527,4289,-144,348,714
66.31415,161,1270,-1734,529,4284,-144,348,714
66.31465,161,1271,-1735,529,4259,-144,348,714
66.31515,161,1271,-1735,530,4229,-144,348,714
66.31565,161,1271,-1735,531,4221,-144,349,714
66.31615,161,1271,-1734,530,4225,-144,348,714
66.31665,161,1271,-1735,530,4231,-143,348,714
66.31715,161,1271,-1735,530,4233,-143,348,714
66.31765,161,1271,-1735,530,4235,-143,348,714
66.31815,161,1271,-1735,530,4238,-143,348,714
66.31865,161,1271,-1734,530,4241,-143,348,714
66.31915,161,1270,-1734,531,4246,-143,348,714
66.31965,161,1271,-1733,531,4249,-143,349,715
66.32015,161,1270,-1733,531,4248,-143,348,714
66.32065,161,1270,-1733,530,4246,-143,348,714
66.32115,161,1270,-1733,528,4254,-143,348,714
66.32165,161,1270,-1733,528,4259,-143,348,714
66.32215,161,1271,-1733,528,4258,-144,348,714
66.32265,161,1270,-1733,529,4276,-143,347,715
66.32315,161,1271,-1734,528,4306,-143,347,714
66.32365,161,1271,-1733,528,4298,-143,347,715
66.32415,161,1270,-1733,528,4291,-143,347,714
66.32465,161,1271,-1734,528,4260,-143,348,714
66.32515,161,1271,-1735,529,4238,-143,348,714
66.32565,161,1271,-1735,529,4234,-143,349,714
66.32615,161,1271,-1734,529,4236,-143,348,715
66.32665,161,1271,-1734,530,4241,-143,348,714
66.32715,161,1270,-1733,529,4240,-143,348,714
66.32765,161,1270,-1733,529,4246,-143,348,714
66.32815,161,1270,-1734,528,4249,-143,348,714
66.32865,161,1270,-1734,528,4248,-144,348,714
66.32915,161,1270,-1733,527,4248,-144,348,714
66.32965,161,1270,-1733,527,4251,-143,347,714
66.33015,161,1270,-1733,528,4250,-144,348,714
66.33065,161,1270,-1733,528,4252,-144,348,714
66.33115,161,1270,-1733,528,4255,-143,348,714
66.33165,161,1270,-1734,528,4256,-144,348,714
66.33215,161,1270,-1734,528,4253,-144,348,714
66.33265,162,1270,-1733,529,4274,-143,347,714
66.33315,161,1271,-1734,529,4301,-144,347,714
66.33365,161,1270,-1734,529,4296,-143,348,714
66.33415,161,1270,-1735,530,4286,-144,348,714
66.33465,161,1270,-1736,529,4257,-144,349,714
66.33525,162,1271,-1736,530,4231,-143,349,714
66.33575,162,1270,-1736,529,4226,-143,348,714
66.33625,162,1270,-1736,530,4228,-143,348,714
66.33675,162,1270,-1736,531,4236,-143,348,714
66.33725,162,1270,-1736,530,4238,-144,348,714
66.33775,162,1270,-1735,530,4238,-144,348,714
66.33825,161,1270,-1734,528,4242,-144,348,714
66.33875,161,1270,-1733,528,4245,-143,348,715
66.33925,161,1270,-1733,528,4249,-143,348,715
66.33975,161,1270,-1734,529,4248,-144,348,715
66.34025,161,1270,-1733,529,4251,-143,348,714
66.34075,161,1270,-1733,529,4253,-143,348,714
66.34125,161,1270,-1733,529,4258,-143,348,714
66.34175,161,1270,-1733,529,4259,-143,348,714
66.34225,161,1270,-1734,529,4255,-144,348,714
66.34275,161,1270,-1734,529,4278,-143,347,714
66.34325,162,1270,-1734,529,4302,-143,348,715
66.34375,161,1270,-1734,529,4293,-143,348,714
66.34425,161,1270,-1734,529,4277,-143,348,714
66.34475,161,1270,-1734,529,4252,-144,349,714
66.34525,161,1271,-1734,530,4233,-144,348,714
66.34575,160,1270,-1734,530,4228,-144,348,714
66.34625,160,1270,-1734,530,4229,-144,349,714
66.34675,160,1270,-1734,531,4233,-143,348,714
66.34725,160,1270,-1734,531,4236,-144,349,714
66.34775,160,1270,-1734,531,4237,-143,349,715
66.34825,161,1270,-1735,531,4236,-144,349,714
66.34875,161,1270,-1735,530,4229,-144,349,715
66.34925,160,1270,-1734,529,4236,-143,349,714
66.34975,161,1270,-1733,529,4236,-144,350,715
66.35025,161,1270,-1734,529,4242,-144,350,715
66.35075,161,1270,-1734,530,4243,-144,350,715
66.35125,161,1270,-1735,531,4242,-144,350,714
66.35175,161,1270,-1735,530,4240,-144,350,714
66.35225,161,1270,-1735,530,4243,-144,350,715
66.35275,161,1270,-1734,528,4274,-143,349,715
66.35325,161,1270,-1734,527,4292,-144,349,714
66.35375,161,1270,-1733,527,4285,-144,349,714
66.35425,161,1270,-1734,527,4280,-144,348,714
66.35475,161,1270,-1734,527,4251,-143,348,714
66.35525,161,1270,-1734,527,4232,-143,348,714
66.35575,161,1270,-1734,528,4228,-144,347,714
66.35625,161,1270,-1734,528,4232,-144,347,714
66.35675,161,1270,-1734,529,4240,-144,347,714
66.35725,161,1270,-1734,529,4238,-144,347,714
66.35775,161,1270,-1734,529,4238,-144,348,714
66.35825,161,1270,-1734,529,4240,-144,347,715
66.35875,161,1270,-1733,528,4241,-144,347,714
66.35925,161,1270,-1733,528,4242,-144,347,714
66.35975,161,1270,-1734,528,4248,-144,347,714
66.36025,161,1270,-1733,528,4252,-144,347,714
66.36075,161,1270,-1734,528,4254,-144,347,714
66.36125,161,1270,-1734,528,4254,-144,347,714
66.36175,161,1270,-1734,529,4254,-144,348,715
66.36225,161,1270,-1734,529,4251,-144,348,715
66.36275,161,1270,-1734,530,4276,-143,347,715
66.36325,161,1270,-1734,529,4292,-144,348,715
66.36375,161,1270,-1734,529,4286,-144,348,714
66.36425,161,1270,-1734,529,4273,-144,348,715
66.36475,161,1270,-1734,529,4244,-144,348,714
66.36525,161,1270,-1734,529,4223,-144,348,714
66.36575,161,1270,-1734,529,4223,-144,348,714
66.36625,161,1270,-1735,529,4227,-144,348,714
66.36675,161,1270,-1735,529,4233,-144,348,714
66.36725,161,1270,-1735,529,4238,-144,348,714
66.36775,161,1270,-1735,530,4240,-145,348,714
66.36825,161,1270,-1734,530,4240,-144,348,714
66.36875,161,1270,-1734,530,4239,-144,348,714
66.36925,161,1270,-1733,530,4236,-144,348,714
66.36975,161,1269,-1733,530,4240,-144,348,714
66.37025,161,1270,-1734,530,4242,-144,348,714
66.37075,161,1269,-1734,529,4244,-144,348,715
66.37125,161,1270,-1733,529,4248,-144,348,714
66.37175,161,1270,-1734,528,4246,-144,348,715
66.37225,161,1270,-1733,528,4249,-144,348,714
66.37275,162,1270,-1733,529,4280,-144,347,715
66.37325,161,1270,-1734,528,4296,-144,348,715
66.37375,161,1270,-1734,528,4285,-144,348,715
66.37425,161,1270,-1735,528,4268,-144,348,715
66.37475,161,1270,-1735,528,4235,-144,348,714
66.37525,161,1270,-1734,529,4218,-144,348,714
66.37575,162,1270,-1734,529,4220,-144,348,714
66.37625,161,1270,-1734,529,4223,-144,348,715
66.37675,161,1270,-1734,529,4230,-144,348,714
66.37725,161,1270,-1735,529,4227,-144,348,715
66.37775,161,1270,-1734,529,4228,-144,348,714
66.37825,161,1270,-1735,529,4228,-144,348,715
66.37875,160,1270,-1734,529,4234,-144,348,715
66.37925,161,1270,-1734,529,4236,-144,348,714
66.37975,160,1270,-1734,529,4239,-144,348,714
66.38025,161,1270,-1733,529,4246,-144,348,714
66.38075,160,1270,-1734,529,4247,-144,348,714
66.38125,161,1270,-1734,529,4244,-144,348,715
66.38175,160,1270,-1734,529,4244,-144,348,714
66.38225,160,1270,-1734,529,4242,-144,348,715
66.38275,161,1270,-1734,529,4282,-144,347,715
66.38325,160,1270,-1734,529,4287,-144,348,715
66.38375,160,1270,-1735,529,4278,-144,348,715
66.38425,161,1270,-1734,529,4263,-144,348,715
66.38475,160,1270,-1734,530,4234,-144,348,715
66.38525,161,1270,-1734,530,4223,-144,348,715
66.38575,161,1270,-1734,530,4224,-144,348,715
66.38625,161,1270,-1734,530,4227,-144,348,715
66.38675,161,1270,-1735,530,4234,-144,348,715
66.38725,161,1270,-1735,530,4239,-145,347,714
66.38775,161,1270,-1735,530,4241,-144,347,714
66.38825,161,1270,-1734,530,4247,-145,347,714
66.38875,161,1270,-1735,529,4245,-144,348,714
66.38925,162,1270,-1734,528,4247,-145,348,714
66.38975,161,1270,-1734,527,4248,-145,348,714
66.39025,162,1270,-1734,527,4249,-144,348,714
66.39075,161,1270,-1733,528,4251,-144,348,714
66.39125,161,1270,-1734,528,4248,-144,348,714
66.39175,162,1270,-1734,529,4242,-144,348,714
66.39225,162,1270,-1734,530,4245,-145,348,714
66.39275,161,1270,-1734,530,4283,-145,348,715
66.39325,161,1270,-1734,530,4287,-145,348,714
66.39375,161,1270,-1734,530,4275,-144,348,714
66.39425,161,1270,-1734,530,4259,-145,349,714
66.39475,161,1271,-1735,530,4228,-145,348,714
66.39525,161,1270,-1735,531,4216,-145,349,714
66.39575,162,1270,-1734,531,4214,-145,348,714
66.39635,161,1271,-1734,530,4217,-145,348,714
66.39685,161,1271,-1734,529,4224,-144,348,714
66.39735,161,1271,-1734,528,4223,-145,348,714
66.39785,160,1271,-1734,527,4222,-145,348,714
66.39835,160,1271,-1734,527,4225,-145,348,714
66.39885,160,1271,-1734,527,4228,-145,348,714
66.39935,160,1271,-1734,528,4234,-145,348,714
66.39985,161,1270,-1734,528,4236,-145,348,714
66.40035,161,1270,-1734,528,4241,-145,348,714
66.40085,161,1270,-1734,528,4244,-145,348,714
66.40135,161,1270,-1734,528,4243,-145,348,715
66.40185,161,1270,-1734,528,4240,-145,348,715
66.40235,162,1270,-1735,529,4241,-145,348,715
66.40285,162,1270,-1736,529,4276,-145,347,715
66.40335,161,1270,-1737,529,4279,-145,348,715
66.40385,162,1270,-1738,529,4273,-145,348,715
66.40435,161,1270,-1738,529,4253,-145,348,715
66.40485,161,1270,-1736,529,4223,-145,348,715
66.40535,161,1271,-1735,530,4214,-145,348,714
66.40585,161,1270,-1734,530,4217,-145,348,715
66.40635,161,1270,-1733,530,4226,-145,348,714
66.40685,161,1270,-1733,530,4230,-145,348,715
66.40735,161,1270,-1733,529,4234,-145,348,715
66.40785,161,1271,-1733,529,4232,-145,348,714
66.40835,161,1271,-1733,528,4230,-145,348,715
66.40885,160,1270,-1733,529,4232,-145,348,715
66.40935,160,1271,-1733,529,4228,-145,348,714
66.40985,161,1270,-1734,529,4231,-145,348,715
66.41035,161,1270,-1734,529,4236,-145,348,715
66.41085,161,1270,-1734,529,4236,-145,347,714
66.41135,161,1271,-1734,529,4238,-145,348,715
66.41185,161,1270,-1734,529,4241,-145,347,715
66.41235,161,1271,-1734,530,4245,-145,347,715
66.41285,161,1270,-1734,530,4279,-145,347,715
66.41335,161,1270,-1734,530,4279,-145,348,715
66.41385,161,1270,-1734,530,4270,-145,348,715
66.41435,161,1270,-1734,529,4247,-145,348,715
66.41485,162,1271,-1734,529,4218,-145,348,714
66.41535,161,1270,-1733,528,4210,-145,348,715
66.41585,162,1270,-1733,528,4214,-145,348,715
66.41635,162,1271,-1733,528,4215,-146,348,714
66.41685,161,1271,-1734,528,4223,-146,348,714
66.41735,162,1271,-1735,528,4228,-146,348,714
66.41785,162,1271,-1735,528,4228,-145,348,714
66.41835,161,1271,-1735,529,4230,-146,348,715
66.41885,161,1271,-1735,529,4232,-146,348,715
66.41935,161,1271,-1735,530,4232,-145,348,714
66.41985,161,1271,-1735,529,4239,-145,348,714
66.42035,162,1271,-1735,529,4248,-146,348,714
66.42085,161,1271,-1734,529,4251,-146,348,715
66.42135,162,1271,-1734,528,4249,-146,348,714
66.42185,161,1271,-1733,528,4245,-146,348,714
66.42235,161,1270,-1734,528,4259,-146,348,715
66.42285,161,1271,-1734,529,4295,-145,347,715
66.42335,161,1270,-1734,528,4288,-146,348,714
66.42385,161,1271,-1735,529,4277,-146,348,714
66.42435,161,1271,-1735,529,4258,-146,348,714
66.42485,161,1271,-1734,530,4231,-145,348,714
66.42535,162,1271,-1734,530,4221,-145,348,715
66.42585,162,1271,-1735,530,4219,-145,348,715
66.42635,162,1271,-1734,530,4216,-145,348,714
66.42685,162,1271,-1734,530,4222,-145,348,715
66.42735,162,1271,-1734,530,4229,-146,348,715
66.42785,162,1271,-1734,529,4228,-146,348,715
66.42835,162,1271,-1734,529,4228,-146,348,715
66.42885,162,1271,-1734,528,4226,-146,348,715
66.42935,162,1271,-1734,528,4230,-146,348,714
66.42985,162,1271,-1734,529,4233,-146,347,714
66.43035,162,1271,-1734,528,4239,-146,348,714
66.43085,162,1271,-1734,528,4243,-146,348,714
66.43135,162,1271,-1734,529,4240,-146,348,714
66.43185,162,1271,-1734,528,4236,-146,348,715
66.43235,162,1271,-1734,529,4249,-146,348,715
66.43285,162,1271,-1734,529,4280,-146,347,714
66.43335,162,1271,-1735,529,4280,-146,348,715
66.43385,162,1271,-1735,529,4278,-146,347,715
66.43435,162,1271,-1735,529,4250,-146,348,714
66.43485,161,1271,-1736,529,4221,-146,348,714
66.43535,160,1271,-1736,530,4219,-146,348,714
66.43585,160,1271,-1735,530,4220,-146,348,714
66.43635,160,1271,-1735,530,4223,-146,348,715
66.43685,160,1271,-1734,531,4229,-146,348,714
66.43735,161,1271,-1734,531,4223,-146,348,714
66.43785,161,1271,-1733,530,4228,-146,348,714
66.43835,161,1271,-1734,530,4234,-146,349,714
66.43885,161,1271,-1734,531,4237,-146,348,714
66.43935,161,1271,-1735,531,4243,-146,348,714
66.43985,162,1271,-1735,531,4245,-146,348,714
66.44035,161,1271,-1734,530,4247,-146,348,714
66.44085,162,1271,-1733,527,4250,-146,348,714
66.44135,161,1271,-1733,526,4250,-146,347,714
66.44185,161,1271,-1734,527,4247,-146,347,714
66.44235,161,1271,-1735,528,4260,-146,347,715
66.44285,161,1271,-1735,528,4293,-146,347,715
66.44335,161,1271,-1735,528,4285,-146,348,714
66.44385,161,1271,-1735,528,4278,-146,348,715
66.44435,161,1271,-1735,528,4257,-146,348,714
66.44485,161,1270,-1734,528,4229,-146,348,714
66.44535,161,1271,-1734,528,4228,-146,348,714
66.44585,162,1270,-1734,528,4229,-146,348,714
66.44635,162,1271,-1734,528,4230,-147,348,714
66.44685,161,1270,-1734,529,4235,-147,348,714
66.44735,162,1271,-1735,529,4236,-146,348,714
66.44785,162,1271,-1735,529,4236,-147,348,714
66.44835,161,1271,-1736,529,4238,-146,348,714
66.44885,161,1271,-1735,529,4238,-147,348,714
66.44935,161,1271,-1736,529,4236,-147,348,714
66.44985,162,1271,-1735,529,4241,-146,348,714
66.45035,162,1271,-1735,528,4244,-147,348,714
66.45085,161,1271,-1734,528,4245,-147,348,714
66.45135,162,1271,-1734,528,4249,-146,348,714
66.45185,162,1271,-1735,529,4247,-147,348,715
66.45235,162,1271,-1736,530,4262,-146,348,714
66.45285,162,1271,-1737,530,4289,-146,348,714
66.45335,162,1270,-1737,530,4289,-146,348,714
66.45385,162,1271,-1736,529,4282,-146,348,714
66.45435,162,1270,-1736,529,4254,-146,348,714
66.45485,162,1271,-1736,529,4229,-146,348,714
66.45535,162,1271,-1734,529,4222,-146,348,714
66.45585,162,1271,-1731,529,4222,-146,348,715
66.45635,161,1270,-1730,530,4228,-146,348,714
66.45695,162,1271,-1731,530,4228,-146,348,714
66.45745,161,1270,-1733,531,4228,-146,348,714
66.45795,161,1271,-1734,531,4229,-146,348,715
66.45845,162,1271,-1734,531,4229,-146,348,715
66.45895,162,1271,-1735,530,4225,-146,347,715
66.45945,162,1271,-1735,530,4228,-146,348,714
66.45995,162,1271,-1735,529,4232,-146,348,715
66.46045,162,1271,-1735,527,4239,-146,347,714
66.46095,162,1270,-1736,527,4237,-146,347,714
66.46145,162,1271,-1735,527,4240,-145,347,714
66.46195,162,1271,-1735,527,4239,-146,347,715
66.46245,163,1270,-1734,529,4257,-146,346,715
66.46295,162,1271,-1735,529,4279,-146,347,714
66.46345,162,1271,-1736,528,4271,-146,347,714
66.46395,162,1271,-1736,528,4265,-146,347,714
66.46445,162,1271,-1736,528,4238,-146,347,714
66.46495,162,1271,-1737,528,4215,-146,348,714
66.46545,162,1271,-1737,528,4211,-146,348,714
66.46595,162,1271,-1736,528,4211,-146,348,714
66.46645,162,1270,-1734,528,4216,-146,348,714
66.46695,162,1270,-1732,529,4222,-146,348,714
66.46745,162,1270,-1732,529,4224,-146,348,714
66.46795,162,1270,-1733,529,4226,-146,348,714
66.46845,162,1271,-1733,530,4228,-146,348,714
66.46895,163,1271,-1734,530,4226,-146,348,714
66.46945,162,1271,-1734,531,4231,-146,348,714
66.46995,162,1271,-1734,531,4235,-146,348,714
66.47045,162,1271,-1734,532,4238,-147,348,714
66.47095,162,1271,-1735,532,4242,-146,348,714
66.47145,162,1271,-1735,532,4242,-146,349,714
66.47195,162,1271,-1735,530,4241,-146,348,714
66.47245,162,1271,-1735,530,4269,-146,348,714
66.472946,162,1270,-1735,528,4295,-146,348,714
66.47345,162,1271,-1734,527,4290,-146,348,714
66.47395,162,1271,-1734,526,4280,-147,348,714
66.47445,162,1271,-1734,526,4248,-146,348,714
66.47495,162,1270,-1734,527,4225,-146,349,714
66.47545,162,1271,-1734,527,4220,-146,348,714
66.47595,161,1270,-1733,527,4218,-147,348,714
66.47645,162,1271,-1734,528,4223,-147,348,714
66.47695,161,1271,-1733,528,4227,-146,348,713
66.47745,161,1271,-1734,528,4224,-146,348,714
66.47795,161,1271,-1734,529,4219,-147,348,714
66.47845,161,1271,-1734,529,4225,-146,348,714
66.47895,161,1271,-1734,529,4229,-146,348,714
66.47945,161,1271,-1734,529,4233,-146,348,714
66.47995,161,1271,-1735,530,4235,-147,348,714
66.48045,162,1270,-1735,531,4237,-146,348,714
66.48095,161,1271,-1735,530,4239,-147,348,714
66.48145,162,1270,-1736,530,4238,-146,348,714
66.48195,162,1271,-1736,530,4236,-147,348,714
66.48245,162,1270,-1736,531,4262,-147,348,714
66.48295,162,1270,-1736,531,4285,-147,348,714
66.48345,162,1271,-1735,531,4281,-147,348,714
66.48395,162,1271,-1735,530,4272,-147,348,714
66.48445,162,1270,-1734,529,4242,-146,349,714
66.48495,162,1271,-1734,528,4223,-147,348,714
66.48545,162,1271,-1734,528,4223,-146,348,714
66.48595,162,1271,-1734,527,4226,-146,348,714
66.48645,162,1271,-1735,528,4232,-146,348,714
66.48695,162,1271,-1735,528,4240,-147,348,714
66.48745,162,1270,-1735,528,4244,-146,348,714
66.48795,162,1270,-1735,528,4247,-146,348,714
66.48845,162,1270,-1735,528,4250,-146,348,714
66.48895,162,1270,-1734,529,4251,-146,348,714
66.48945,162,1270,-1735,529,4250,-146,348,714
66.48995,162,1270,-1735,529,4254,-146,348,714
66.49045,162,1270,-1735,530,4255,-146,348,714
66.49095,163,1270,-1735,530,4257,-146,348,714
66.49145,162,1270,-1734,529,4258,-146,348,714
66.49195,162,1271,-1734,528,4255,-146,348,714
66.49245,163,1271,-1733,529,4281,-146,348,714
66.49295,162,1271,-1734,528,4299,-146,348,714
66.49345,162,1271,-1734,529,4291,-145,348,714
66.49395,162,1271,-1735,529,4278,-146,348,714
66.49445,162,1270,-1735,529,4246,-146,349,714
66.49495,162,1271,-1736,529,4227,-146,348,714
66.49545,162,1271,-1736,529,4223,-146,348,714
66.49595,162,1271,-1736,529,4225,-146,348,714
66.49645,162,1270,-1735,528,4232,-146,348,714
66.49695,162,1271,-1735,529,4235,-146,348,714
66.49745,162,1271,-1735,529,4232,-146,348,714
66.49795,162,1270,-1735,531,4233,-146,348,713
66.49845,162,1270,-1735,531,4236,-146,348,714
66.49895,162,1271,-1735,532,4235,-146,348,714
66.49945,162,1271,-1734,532,4244,-146,348,714
66.49995,161,1271,-1734,532,4250,-146,348,714
66.50045,161,1271,-1734,532,4253,-146,348,713
66.50095,161,1271,-1735,533,4254,-146,349,714
66.50145,161,1271,-1736,534,4250,-146,348,714
66.50195,162,1271,-1736,533,4254,-146,349,714
66.50245,162,1271,-1736,532,4289,-146,348,714
66.50295,163,1271,-1736,530,4301,-147,348,714
66.50345,162,1271,-1735,531,4292,-146,348,714
66.50395,162,1271,-1734,531,4277,-146,348,714
66.50445,162,1271,-1734,531,4246,-146,349,714
66.50495,162,1271,-1734,530,4234,-146,349,714
66.50545,162,1271,-1734,529,4233,-146,348,714
66.50595,163,1271,-1734,529,4235,-146,349,714
66.50645,163,1271,-1734,530,4240,-146,348,714
66.50695,163,1270,-1735,529,4245,-146,348,714
66.50745,163,1270,-1735,528,4246,-146,348,714
66.50795,163,1271,-1735,527,4246,-146,347,714
66.50845,163,1271,-1736,528,4244,-146,347,714
66.50895,163,1271,-1736,530,4242,-146,347,715
66.50945,163,1271,-1736,530,4245,-146,348,714
66.50995,163,1271,-1735,529,4242,-146,348,714
66.51045,164,1271,-1734,528,4248,-146,349,714
66.51095,163,1270,-1733,527,4251,-145,349,714
66.51145,163,1271,-1735,528,4248,-146,349,714
66.51195,163,1271,-1734,530,4249,-146,349,714
66.51245,163,1271,-1734,530,4287,-146,349,714
66.51295,163,1271,-1734,527,4297,-146,349,714
66.51345,163,1271,-1733,525,4288,-146,349,714
66.51395,163,1270,-1733,524,4271,-146,349,714
66.51445,163,1270,-1733,524,4237,-146,349,714
66.51495,163,1270,-1733,524,4224,-146,349,714
66.51545,163,1271,-1734,525,4224,-146,349,714
66.51595,163,1271,-1734,526,4225,-146,349,714
66.51645,162,1271,-1734,526,4232,-146,349,714
66.51695,162,1271,-1734,527,4238,-146,348,714
66.51755,161,1271,-1734,527,4237,-146,348,714
66.51805,162,1271,-1734,527,4236,-146,348,714
66.51855,161,1271,-1734,528,4239,-146,347,714
66.51905,162,1271,-1734,527,4241,-146,347,714
66.51955,162,1271,-1735,527,4247,-146,347,714
66.52005,161,1271,-1735,528,4249,-146,347,714
66.52055,161,1271,-1735,528,4252,-146,348,714
66.52105,161,1271,-1735,528,4255,-146,347,714
66.52155,161,1271,-1735,528,4256,-146,348,714
66.52205,161,1271,-1735,530,4262,-146,347,714
66.52255,162,1271,-1735,531,4299,-146,347,714
66.52305,162,1271,-1735,530,4305,-146,348,714
66.52355,162,1271,-1736,530,4298,-146,347,714
66.52405,162,1271,-1735,530,4279,-146,348,713
66.52455,162,1271,-1735,529,4246,-146,348,713
66.52505,162,1271,-1735,529,4230,-145,348,714
66.52555,162,1271,-1735,529,4231,-146,347,714
66.52605,162,1271,-1736,529,4238,-146,347,714
66.52655,162,1271,-1736,529,4245,-145,347,714
66.52705,162,1271,-1736,529,4248,-146,347,714
66.52755,162,1271,-1735,529,4249,-145,348,714
66.52805,162,1271,-1735,528,4250,-146,348,714
66.52855,162,1271,-1735,527,4250,-146,348,714
66.52905,162,1271,-1734,527,4248,-146,348,714
66.52955,162,1271,-1733,527,4249,-146,348,714
66.53005,162,1271,-1732,527,4250,-146,348,714
66.53055,162,1271,-1733,528,4250,-146,348,714
66.53105,162,1271,-1734,528,4252,-146,348,714
66.53155,162,1271,-1734,528,4253,-146,348,714
66.53205,162,1271,-1735,528,4258,-146,348,714
66.53255,162,1271,-1734,529,4294,-146,347,714
66.53305,162,1271,-1734,529,4297,-146,347,714
66.53355,162,1271,-1734,529,4291,-146,348,714
66.53405,162,1271,-1734,529,4271,-146,348,714
66.53455,162,1271,-1735,529,4239,-146,348,714
66.53505,162,1271,-1735,529,4229,-146,348,714
66.53555,162,1271,-1735,529,4226,-146,348,714
66.53605,162,1271,-1734,529,4232,-146,348,714
66.53655,163,1271,-1735,529,4240,-146,347,714
66.53705,163,1271,-1734,528,4243,-146,348,714
66.53755,163,1271,-1734,528,4242,-146,348,714
66.53805,163,1271,-1735,529,4245,-146,348,714
66.53855,163,1271,-1736,529,4249,-145,348,715
66.53905,163,1271,-1735,529,4257,-146,348,714
66.53955,163,1271,-1735,530,4257,-146,348,714
66.54005,163,1271,-1734,530,4264,-146,348,714
66.54055,163,1271,-1734,531,4265,-146,348,714
66.54105,163,1271,-1735,531,4265,-146,348,714
66.54155,163,1271,-1736,533,4263,-146,348,714
66.54205,163,1271,-1736,534,4270,-146,348,714
66.54255,162,1271,-1737,534,4305,-146,348,714
66.54305,162,1271,-1736,532,4303,-146,348,715
66.54355,162,1272,-1735,529,4292,-146,348,715
66.54405,162,1271,-1734,528,4266,-146,348,715
66.54455,161,1272,-1734,529,4237,-145,348,715
66.54505,162,1272,-1735,528,4229,-145,348,715
66.54555,161,1272,-1735,529,4230,-145,348,715
66.54605,161,1272,-1735,527,4230,-146,348,715
66.54655,161,1272,-1735,526,4235,-145,348,714
66.54705,161,1272,-1734,525,4237,-146,348,715
66.54755,162,1271,-1733,524,4243,-146,347,715
66.54805,162,1271,-1733,524,4241,-146,347,715
66.54855,162,1271,-1733,526,4239,-146,347,715
66.54905,162,1271,-1733,527,4240,-146,348,714
66.54955,162,1271,-1734,528,4246,-146,348,714
66.55005,162,1272,-1734,529,4254,-145,348,714
66.55055,162,1271,-1734,529,4259,-146,348,715
66.55105,162,1271,-1735,529,4258,-145,348,715
66.55155,162,1271,-1736,529,4249,-146,348,714
66.55205,162,1271,-1736,530,4261,-145,348,715
66.55255,162,1271,-1736,530,4304,-145,347,715
66.55305,162,1271,-1736,529,4300,-146,348,715
66.55355,162,1271,-1735,530,4292,-146,348,714
66.55405,163,1271,-1735,529,4269,-146,348,714
66.55455,162,1271,-1735,529,4246,-146,348,714
66.55505,162,1271,-1735,528,4243,-146,348,715
66.55555,162,1271,-1734,528,4243,-145,348,715
66.55605,162,1272,-1734,528,4240,-146,348,714
66.55655,162,1271,-1734,528,4244,-146,348,714
66.55705,162,1272,-1734,529,4253,-146,348,714
66.55755,162,1271,-1733,528,4253,-146,348,714
66.55805,162,1271,-1734,528,4250,-146,348,714
66.55855,162,1271,-1734,528,4248,-146,348,715
66.55905,162,1271,-1735,529,4252,-146,348,715
66.55955,162,1271,-1735,529,4251,-145,348,715
66.56005,163,1272,-1736,529,4253,-146,348,715
66.56055,162,1271,-1736,529,4258,-145,348,715
66.56105,163,1271,-1736,529,4259,-146,348,715
66.56155,163,1271,-1737,529,4259,-145,348,715
66.56205,163,1271,-1736,529,4271,-146,348,715
66.56255,163,1271,-1734,528,4306,-146,347,715
66.56305,162,1271,-1732,528,4304,-146,348,715
66.56355,163,1271,-1732,528,4294,-146,347,715
66.56405,162,1271,-1732,528,4267,-146,348,714
66.56455,163,1272,-1733,528,4238,-145,348,714
66.56505,162,1271,-1734,528,4237,-145,348,715
66.56555,163,1272,-1734,529,4239,-146,348,715
66.56605,163,1271,-1734,528,4237,-146,348,715
66.56655,162,1271,-1734,529,4241,-146,348,714
66.56705,162,1271,-1735,529,4246,-146,348,715
66.56755,162,1271,-1735,529,4252,-146,348,714
66.56805,162,1272,-1734,529,4251,-146,348,714
66.56855,162,1271,-1735,529,4256,-146,348,714
66.56905,162,1271,-1735,528,4256,-146,348,715
66.56955,163,1271,-1736,528,4260,-146,348,714
66.57005,163,1271,-1736,528,4259,-146,348,714
66.57055,163,1271,-1736,529,4264,-146,348,715
66.57105,163,1271,-1735,530,4269,-146,348,715
66.57155,163,1271,-1735,529,4266,-146,349,715
66.57205,163,1271,-1735,530,4279,-145,348,715
66.57255,163,1271,-1736,530,4313,-146,348,715
66.57305,162,1272,-1735,530,4312,-146,348,715
66.57355,162,1271,-1735,530,4304,-146,347,715
66.57405,162,1272,-1735,530,4278,-145,348,714
66.57455,163,1272,-1734,530,4250,-146,348,714
66.57505,162,1271,-1733,529,4247,-146,348,714
66.57555,162,1272,-1733,528,4247,-146,348,715
66.57605,162,1272,-1733,528,4250,-146,348,715
66.57655,163,1272,-1734,527,4251,-146,348,715
66.57705,163,1271,-1734,527,4250,-146,348,714
66.57755,162,1272,-1734,527,4249,-146,348,714
66.57805,162,1271,-1735,529,4255,-146,348,715
66.57855,163,1272,-1735,529,4260,-146,348,715
66.57915,163,1271,-1736,529,4262,-146,348,715
66.57965,162,1271,-1736,529,4265,-145,348,715
66.58015,163,1272,-1735,529,4268,-146,348,715
66.58065,162,1271,-1735,529,4268,-146,348,715
66.58115,163,1271,-1735,528,4269,-146,348,715
66.58165,162,1272,-1735,528,4269,-146,348,715
66.58215,163,1271,-1735,529,4286,-146,348,715
66.58265,163,1271,-1735,529,4317,-146,348,715
66.58315,163,1271,-1735,529,4313,-146,348,715
66.58365,163,1272,-1735,529,4303,-145,348,715
66.58415,163,1271,-1735,529,4279,-146,348,715
66.58465,162,1272,-1735,529,4254,-146,348,715
66.58515,163,1271,-1734,529,4249,-146,348,715
66.58565,163,1271,-1734,529,4250,-146,348,715
66.58615,163,1271,-1735,529,4251,-146,348,714
66.58665,163,1271,-1735,529,4257,-145,348,715
66.58715,163,1272,-1735,529,4263,-146,348,715
66.58765,163,1271,-1735,529,4262,-146,348,714
66.58815,163,1272,-1735,529,4263,-145,348,715
66.58865,162,1272,-1735,529,4269,-146,348,714
66.58915,163,1272,-1734,528,4266,-146,348,715
66.58965,163,1272,-1734,528,4273,-145,348,715
66.59015,162,1271,-1734,528,4270,-146,348,715
66.59065,162,1272,-1735,528,4270,-146,348,715
66.59115,163,1271,-1735,528,4269,-146,348,715
66.59165,162,1272,-1734,528,4265,-145,348,715
66.59215,163,1271,-1735,529,4285,-145,348,715
66.59265,162,1272,-1735,529,4315,-145,348,715
66.59315,162,1272,-1735,529,4311,-146,348,715
66.59365,162,1271,-1736,530,4300,-146,348,715
66.59415,162,1271,-1736,529,4271,-146,349,715
66.59465,162,1271,-1735,529,4246,-146,348,715
66.595146,162,1271,-1735,529,4242,-146,349,714
66.59565,163,1271,-1735,529,4244,-146,349,715
66.59615,162,1271,-1735,529,4250,-146,349,715
66.59665,163,1271,-1735,529,4249,-146,349,715
66.59715,162,1272,-1735,529,4250,-146,350,715
66.59765,163,1272,-1735,528,4249,-146,349,715
66.59815,162,1272,-1735,528,4247,-146,350,715
66.59865,162,1272,-1735,528,4250,-146,349,715
66.59915,163,1272,-1735,528,4253,-146,350,715
66.59965,162,1272,-1735,529,4259,-145,350,715
66.60015,163,1272,-1735,529,4264,-146,349,715
66.60065,162,1272,-1735,529,4267,-146,349,715
66.60115,163,1272,-1735,528,4269,-145,349,715
66.60165,163,1271,-1735,528,4268,-146,349,715
66.60215,163,1271,-1734,529,4291,-146,348,715
66.60265,163,1271,-1735,529,4318,-146,348,715
66.60315,163,1271,-1735,528,4313,-146,347,715
66.60365,162,1271,-1735,528,4303,-146,347,714
66.60415,163,1272,-1735,528,4275,-146,347,715
66.60465,162,1272,-1735,529,4258,-146,347,714
66.60515,163,1271,-1735,529,4253,-146,347,714
66.60565,163,1272,-1736,529,4260,-146,347,715
66.60615,163,1271,-1735,529,4265,-146,347,715
66.60665,163,1271,-1735,529,4265,-146,347,714
66.60715,163,1272,-1735,529,4267,-146,347,715
66.60765,163,1271,-1735,529,4273,-146,348,715
66.60815,163,1272,-1735,529,4269,-146,348,715
66.60865,162,1272,-1736,529,4266,-146,348,715
66.60915,162,1271,-1736,530,4263,-146,348,715
66.60965,162,1272,-1736,531,4265,-146,348,715
66.61015,163,1272,-1736,530,4266,-146,348,715
66.61065,163,1272,-1736,531,4267,-146,348,715
66.61115,163,1271,-1736,530,4269,-146,348,715
66.61165,163,1272,-1735,530,4268,-146,348,715
66.61215,163,1272,-1735,529,4293,-146,348,715
66.61265,162,1271,-1734,529,4315,-146,348,715
66.61315,163,1272,-1735,528,4307,-146,348,715
66.61365,163,1272,-1735,528,4293,-146,348,715
66.61415,163,1272,-1735,528,4261,-146,348,715
66.61465,163,1272,-1735,528,4239,-146,348,714
66.61515,163,1272,-1735,529,4234,-146,348,715
66.61565,163,1272,-1735,529,4241,-146,348,714
66.61615,163,1271,-1735,529,4245,-146,348,715
66.61665,163,1272,-1735,529,4252,-146,348,715
66.61715,163,1272,-1735,529,4251,-146,348,715
66.61765,163,1272,-1734,529,4252,-146,347,715
66.61815,163,1272,-1734,529,4250,-146,348,715
66.61865,163,1272,-1734,529,4251,-146,347,715
66.61915,163,1272,-1735,529,4254,-146,348,715
66.61965,163,1271,-1735,529,4259,-146,347,715
66.62015,163,1272,-1735,529,4265,-146,347,715
66.62065,162,1272,-1736,529,4270,-146,347,715
66.62115,163,1272,-1736,530,4273,-147,347,715
66.62165,163,1272,-1735,529,4274,-146,347,715
66.62215,163,1272,-1735,530,4306,-146,346,715
66.62265,163,1272,-1735,529,4325,-146,346,715
66.62315,162,1272,-1735,528,4316,-147,347,714
66.62365,162,1272,-1735,528,4303,-147,347,715
66.62415,163,1272,-1735,528,4276,-147,347,714
66.62465,162,1272,-1735,528,4254,-146,347,714
66.62515,163,1272,-1735,529,4254,-146,347,715
66.62565,163,1272,-1735,529,4255,-146,347,715
66.62615,163,1272,-1735,530,4253,-146,347,715
66.62665,163,1272,-1735,530,4255,-146,347,715
66.62715,163,1272,-1735,529,4257,-146,347,715
66.62765,162,1272,-1735,529,4260,-146,348,715
66.62815,162,1272,-1735,529,4262,-146,348,715
66.62865,163,1272,-1735,529,4264,-146,348,715
66.62915,163,1272,-1735,529,4261,-146,349,715
66.62965,163,1272,-1735,529,4265,-146,349,714
66.63015,163,1272,-1735,528,4267,-146,349,715
66.63065,163,1272,-1735,528,4272,-146,349,714
66.63115,163,1272,-1735,529,4269,-146,349,715
66.63165,163,1272,-1735,528,4270,-146,349,715
66.63215,163,1272,-1734,529,4303,-146,348,715
66.63265,163,1272,-1734,529,4316,-146,349,715
66.63315,163,1272,-1735,529,4310,-146,348,715
66.63365,163,1272,-1735,529,4296,-146,349,715
66.63415,163,1272,-1735,528,4264,-146,349,715
66.63465,163,1272,-1735,529,4248,-146,349,715
66.63515,163,1272,-1735,529,4247,-146,348,715
66.63565,163,1272,-1735,529,4249,-146,348,715
66.63615,163,1272,-1736,529,4253,-146,348,715
66.63665,163,1272,-1735,529,4255,-146,348,714
66.63715,163,1272,-1735,529,4259,-146,349,714
66.63765,163,1272,-1735,529,4264,-146,348,714
66.63815,163,1272,-1735,529,4264,-146,348,715
66.63865,163,1272,-1735,529,4265,-147,349,715
66.63915,163,1272,-1735,529,4262,-146,348,714
66.63965,163,1272,-1735,529,4268,-146,348,714
66.64025,163,1272,-1734,529,4275,-146,348,715
66.64075,163,1272,-1735,529,4278,-146,348,715
66.64125,163,1272,-1735,529,4273,-147,348,715
66.64175,163,1272,-1735,529,4272,-146,348,714
66.64225,163,1272,-1736,530,4307,-146,348,715
66.64275,163,1272,-1736,529,4320,-147,348,715
66.64325,162,1273,-1736,529,4309,-147,348,714
66.64375,162,1272,-1735,529,4292,-147,349,714
66.64425,162,1273,-1735,529,4263,-147,348,715
66.64475,163,1273,-1735,529,4252,-146,349,714
66.64525,163,1272,-1735,529,4248,-146,349,714
66.64575,163,1272,-1735,529,4256,-147,349,714
66.64625,163,1272,-1735,529,4263,-147,349,715
66.64675,163,1272,-1735,529,4262,-146,349,714
66.64725,163,1272,-1735,529,4257,-147,349,714
66.64775,163,1272,-1735,529,4262,-147,349,714
66.64825,163,1272,-1735,530,4264,-146,349,714
66.64875,163,1273,-1736,530,4265,-146,348,715
66.64925,163,1272,-1735,530,4265,-146,349,715
66.64975,163,1272,-1735,530,4259,-146,349,715
66.65025,163,1272,-1735,529,4263,-146,349,715
66.65075,163,1272,-1735,529,4265,-146,349,715
66.65125,163,1272,-1735,530,4269,-146,349,714
66.65175,163,1272,-1735,530,4276,-145,349,714
66.65225,163,1272,-1735,531,4316,-146,348,715
66.65275,163,1272,-1735,531,4322,-145,349,715
66.65325,163,1273,-1736,530,4309,-146,348,715
66.65375,163,1272,-1735,529,4289,-146,348,715
66.65425,163,1272,-1735,528,4257,-146,348,714
66.65475,163,1272,-1734,527,4247,-146,348,715
66.65525,163,1272,-1735,527,4251,-146,348,714
66.65575,163,1272,-1735,528,4255,-146,348,715
66.65625,163,1272,-1735,528,4265,-146,348,714
66.65675,163,1272,-1736,528,4265,-146,348,715
66.65725,163,1272,-1736,529,4270,-146,348,714
66.65775,163,1272,-1737,529,4267,-146,349,714
66.65825,163,1272,-1736,529,4267,-146,348,714
66.65875,163,1272,-1736,529,4268,-147,348,714
66.65925,163,1272,-1735,529,4268,-146,348,714
66.65975,163,1272,-1734,529,4273,-146,348,714
66.66025,163,1273,-1734,529,4276,-146,348,714
66.66075,163,1272,-1734,530,4279,-147,348,714
66.66125,163,1272,-1734,530,4278,-147,348,715
66.66175,163,1272,-1735,530,4283,-146,348,715
66.66225,163,1272,-1735,530,4315,-146,348,714
66.66275,163,1272,-1735,529,4316,-146,348,714
66.66325,163,1272,-1735,529,4310,-146,348,715
66.66375,163,1272,-1735,528,4290,-146,348,715
66.66425,163,1272,-1735,527,4256,-146,348,715
66.66475,163,1272,-1735,527,4244,-146,348,715
66.66525,163,1272,-1735,527,4244,-146,348,715
66.66575,163,1272,-1735,528,4248,-146,348,715
66.66625,163,1272,-1735,529,4253,-146,348,715
66.66675,163,1272,-1735,529,4256,-146,348,715
66.66725,164,1272,-1735,529,4259,-146,348,715
66.66775,163,1272,-1735,530,4262,-146,348,715
66.66825,163,1272,-1735,530,4264,-146,348,715
66.66875,164,1272,-1735,530,4265,-146,348,715
66.66925,164,1272,-1735,530,4262,-146,348,715
66.66975,164,1272,-1735,530,4267,-146,348,714
66.67025,163,1272,-1735,530,4271,-146,348,715
66.67075,164,1272,-1735,529,4276,-146,348,715
66.67125,163,1272,-1735,529,4274,-146,348,715
66.67175,163,1272,-1735,530,4285,-146,348,715
66.67225,164,1272,-1735,530,4323,-146,348,715
66.67275,163,1272,-1735,530,4324,-146,349,715
66.67325,163,1273,-1735,529,4317,-146,349,715
66.67375,162,1273,-1735,529,4293,-146,350,715
66.67425,162,1272,-1735,529,4264,-146,350,715
66.67475,163,1272,-1735,529,4256,-146,350,715
66.67525,163,1272,-1735,528,4256,-146,350,715
66.67575,163,1272,-1735,528,4258,-146,350,715
66.67625,163,1272,-1735,528,4260,-146,350,715
66.67675,163,1273,-1735,528,4262,-146,350,715
66.67725,163,1272,-1735,528,4264,-146,350,715
66.67775,163,1272,-1735,528,4264,-146,350,715
66.67825,163,1272,-1735,528,4261,-145,349,715
66.67875,163,1273,-1735,528,4264,-146,349,715
66.67925,163,1272,-1735,528,4266,-146,348,715
66.67975,163,1272,-1736,529,4271,-146,348,715
66.68025,163,1272,-1735,529,4272,-146,348,714
66.68075,164,1272,-1736,529,4276,-146,348,715
66.68125,163,1272,-1735,529,4281,-146,348,714
66.68175,164,1272,-1735,529,4288,-146,347,715
66.68225,164,1272,-1735,529,4325,-146,347,715
66.68275,163,1272,-1735,529,4322,-146,348,715
66.68325,163,1272,-1735,529,4313,-146,347,715
66.68375,163,1273,-1735,528,4290,-146,348,715
66.68425,163,1272,-1735,528,4261,-146,348,714
66.68475,163,1273,-1735,528,4255,-146,348,715
66.68525,163,1272,-1735,529,4261,-146,348,715
66.68575,163,1272,-1735,528,4263,-146,348,715
66.68625,163,1273,-1735,528,4266,-146,348,715
66.68675,163,1272,-1735,528,4267,-146,348,714
66.68725,163,1272,-1735,529,4271,-146,348,715
66.68775,163,1272,-1735,530,4277,-146,348,715
66.68825,163,1272,-1735,530,4276,-146,348,715
66.68875,163,1273,-1736,530,4276,-146,348,715
66.68925,163,1273,-1736,530,4277,-146,348,715
66.68975,163,1272,-1736,530,4277,-146,348,715
66.69025,163,1272,-1737,530,4281,-146,348,715
66.69075,163,1272,-1736,530,4281,-146,348,715
66.69125,163,1272,-1736,530,4282,-146,348,715
66.69175,163,1272,-1735,530,4294,-146,348,715
66.69225,163,1272,-1734,530,4326,-146,348,715
66.69275,163,1273,-1735,528,4324,-146,348,715
66.69325,163,1272,-1735,528,4315,-146,348,715
66.69375,163,1273,-1735,527,4289,-146,348,714
66.69425,163,1273,-1735,527,4260,-146,348,715
66.69475,163,1273,-1735,528,4256,-146,348,715
66.69525,163,1272,-1736,529,4252,-146,348,715
66.69575,163,1272,-1736,529,4256,-146,349,715
66.69625,163,1273,-1736,529,4262,-146,348,715
66.69675,163,1272,-1736,530,4261,-146,348,715
66.69725,163,1272,-1736,530,4262,-146,349,715
66.69775,163,1272,-1735,529,4261,-146,348,715
66.69825,163,1273,-1735,530,4258,-146,348,715
66.69875,164,1272,-1735,529,4259,-146,348,715
66.69925,164,1272,-1735,529,4262,-146,348,715
66.69975,163,1272,-1735,529,4268,-146,348,715
66.70025,163,1272,-1736,530,4273,-146,348,715
66.70075,163,1272,-1736,530,4277,-145,348,715
66.70135,163,1273,-1736,529,4277,-145,348,715
66.70185,163,1272,-1736,530,4290,-146,347,715
66.70235,163,1273,-1735,529,4322,-146,347,715
66.70285,163,1273,-1735,529,4319,-146,348,715
66.70335,163,1273,-1735,529,4309,-145,348,715
66.70385,163,1272,-1735,528,4286,-146,349,714
66.70435,164,1273,-1735,528,4261,-145,348,714
66.70485,163,1272,-1735,527,4261,-146,348,714
66.70535,164,1272,-1735,528,4265,-145,348,715
66.70585,164,1272,-1735,528,4268,-146,348,715
66.70635,164,1273,-1736,529,4268,-145,348,715
66.70685,164,1273,-1735,528,4268,-146,348,714
66.70735,164,1272,-1736,529,4269,-146,348,715
66.70785,163,1272,-1736,529,4274,-146,348,715
66.70835,164,1273,-1736,529,4269,-145,348,715
66.70885,164,1272,-1736,529,4267,-146,349,715
66.70935,164,1273,-1736,529,4263,-146,348,715
66.70985,164,1273,-1735,528,4265,-146,348,715
66.71035,163,1273,-1734,529,4267,-146,348,715
66.71085,163,1273,-1735,528,4267,-146,348,715
66.71135,163,1273,-1734,529,4266,-146,348,715
66.71185,163,1273,-1735,529,4283,-145,348,715
66.71235,163,1272,-1735,529,4315,-146,348,715
66.71285,163,1273,-1735,528,4311,-145,348,715
66.71335,162,1273,-1735,528,4300,-145,348,715
66.71385,162,1273,-1736,528,4271,-146,348,715
66.71435,162,1273,-1736,528,4243,-146,349,715
66.71485,162,1273,-1735,529,4238,-145,348,715
66.71535,163,1273,-1736,529,4240,-145,348,715
66.71585,163,1273,-1735,529,4247,-146,348,715
66.71635,163,1273,-1736,528,4250,-145,348,715
66.71685,163,1272,-1735,529,4251,-146,348,715
66.71735,163,1273,-1736,529,4254,-145,348,715
66.71785,163,1273,-1736,529,4255,-146,348,715
66.71835,163,1273,-1736,530,4252,-146,348,715
66.71885,163,1273,-1735,530,4255,-145,348,715
66.71935,163,1273,-1735,530,4258,-146,348,715
66.71985,163,1273,-1736,529,4263,-146,348,715
66.72035,163,1273,-1736,529,4270,-146,348,715
66.72085,163,1273,-1736,529,4273,-145,348,715
66.72135,163,1273,-1736,529,4275,-145,348,715
66.72185,163,1272,-1736,529,4296,-145,348,715
66.72235,163,1272,-1737,529,4325,-145,348,715
66.72285,163,1273,-1736,529,4321,-145,348,715
66.72335,163,1273,-1736,529,4311,-145,348,715
66.72385,163,1273,-1736,529,4283,-145,349,715
66.72435,163,1273,-1735,530,4257,-146,348,715
66.72485,163,1273,-1735,530,4252,-145,349,715
66.72535,163,1273,-1734,530,4254,-145,348,715
66.72585,163,1272,-1735,530,4258,-145,348,715
66.72635,163,1273,-1735,530,4263,-145,348,715
66.72685,163,1273,-1735,531,4264,-145,348,715
66.72735,163,1272,-1735,531,4266,-145,349,715
66.72785,163,1273,-1735,530,4268,-145,348,715
66.72835,163,1273,-1735,529,4269,-145,348,715
66.72885,163,1273,-1735,527,4270,-145,348,715
66.72935,164,1273,-1735,527,4270,-146,348,715
66.72985,164,1273,-1735,527,4267,-145,348,715
66.73035,164,1273,-1735,528,4269,-145,348,715
66.73085,164,1273,-1735,528,4270,-145,348,715
66.73135,164,1273,-1735,528,4270,-145,348,715
66.73185,164,1272,-1735,529,4294,-145,348,715
66.73235,165,1272,-1736,529,4319,-145,348,715
66.73285,164,1272,-1736,529,4313,-145,348,715
66.73335,165,1272,-1737,529,4303,-145,348,715
66.73385,164,1273,-1737,529,4273,-145,348,715
66.73435,164,1273,-1737,529,4250,-145,349,715
66.73485,164,1273,-1736,529,4245,-145,349,715
66.73535,165,1273,-1736,529,4247,-145,348,715
66.73585,165,1273,-1735,529,4256,-145,348,715
66.73635,164,1273,-1735,529,4261,-145,349,715
66.73685,165,1272,-1735,529,4262,-145,348,715
66.73735,164,1273,-1735,529,4265,-145,349,715
66.73785,164,1273,-1735,530,4267,-145,349,715
66.73835,164,1273,-1735,529,4265,-145,348,715
66.73885,163,1273,-1735,530,4268,-145,348,715
66.73935,163,1273,-1735,530,4271,-145,348,715
66.73985,163,1273,-1736,530,4277,-145,348,715
66.74035,162,1274,-1736,530,4282,-145,348,715
66.74085,162,1274,-1735,528,4284,-145,348,715
66.74135,161,1273,-1735,528,4282,-145,348,715
66.74185,162,1274,-1735,528,4306,-145,348,716
66.74235,162,1273,-1735,528,4328,-145,348,715
66.74285,162,1273,-1735,528,4322,-145,348,715
66.74335,162,1273,-1735,529,4306,-145,348,715
66.74385,163,1273,-1735,529,4275,-145,349,715
66.74435,162,1273,-1735,530,4255,-146,349,715
66.74485,163,1273,-1735,530,4253,-145,348,715
66.74535,163,1273,-1735,530,4255,-145,348,715
66.74585,163,1273,-1735,530,4262,-145,348,715
66.74635,163,1273,-1735,530,4265,-145,348,715
66.74685,163,1273,-1736,530,4263,-145,348,715
66.74735,163,1273,-1736,530,4264,-145,348,715
66.74785,163,1273,-1736,529,4265,-145,348,715
66.74835,163,1273,-1736,529,4266,-145,349,714
66.74885,163,1273,-1737,529,4267,-145,348,715
66.74935,163,1274,-1736,529,4270,-145,349,715
66.74985,163,1273,-1737,530,4271,-145,348,715
66.75035,163,1273,-1736,530,4271,-145,348,715
66.75085,163,1274,-1736,531,4272,-145,349,715
66.75135,163,1273,-1736,533,4274,-145,349,715
66.75185,163,1273,-1736,533,4305,-145,348,715
66.75235,163,1274,-1736,532,4325,-145,349,715
66.75285,163,1273,-1736,530,4319,-145,349,715
66.75335,163,1273,-1736,529,4307,-144,349,715
66.75385,162,1274,-1736,529,4276,-145,349,715
66.75435,163,1273,-1737,530,4259,-145,349,715
66.75485,162,1273,-1736,531,4259,-145,350,715
66.75535,163,1273,-1736,531,4262,-145,349,715
66.75585,163,1273,-1734,530,4268,-145,350,715
66.75635,163,1273,-1734,528,4270,-145,349,715
66.75685,163,1273,-1734,526,4269,-145,349,715
66.75735,163,1274,-1735,526,4271,-145,349,715
66.75785,163,1273,-1735,527,4271,-145,349,715
66.75835,163,1273,-1735,527,4266,-145,349,715
66.75885,163,1273,-1736,528,4267,-145,349,715
66.75935,163,1273,-1737,529,4268,-145,349,715
66.75985,163,1273,-1737,530,4273,-145,348,715
66.76035,163,1273,-1737,530,4276,-145,348,715
66.76085,163,1273,-1738,530,4279,-145,347,715
66.76135,163,1273,-1738,531,4279,-145,347,715
66.76185,163,1273,-1739,531,4311,-145,347,715
66.76235,163,1273,-1740,530,4327,-145,347,715
66.76285,163,1273,-1741,530,4320,-145,347,715
66.76345,163,1274,-1740,529,4305,-144,347,715
66.76395,163,1273,-1738,529,4271,-145,348,715
66.76445,163,1274,-1735,529,4252,-144,347,715
66.76495,163,1274,-1733,530,4251,-145,347,715
66.76545,163,1274,-1733,530,4255,-144,347,715
66.76595,163,1273,-1733,530,4261,-144,347,716
66.76645,163,1274,-1732,529,4267,-144,348,715
66.76695,163,1274,-1732,526,4272,-144,347,715
66.76745,163,1273,-1732,525,4271,-144,348,715
66.76795,163,1274,-1732,526,4271,-144,348,715
66.76845,163,1273,-1733,527,4273,-144,348,715
66.76895,163,1274,-1735,528,4275,-144,348,715
66.76945,163,1273,-1735,528,4273,-144,348,715
66.76995,163,1274,-1737,528,4278,-144,347,715
66.77045,163,1274,-1737,527,4280,-144,347,715
66.77095,163,1273,-1737,526,4283,-144,347,715
66.77145,163,1274,-1736,526,4288,-144,348,715
66.77195,163,1274,-1736,527,4323,-144,348,716
66.77245,163,1273,-1735,527,4335,-144,348,715
66.77295,163,1274,-1735,529,4332,-144,348,715
66.77345,162,1274,-1734,530,4312,-144,348,715
66.77395,163,1274,-1734,530,4278,-144,348,715
66.77445,163,1274,-1735,530,4263,-144,348,715
66.77495,163,1273,-1736,531,4259,-144,348,716
66.77545,163,1274,-1736,531,4264,-144,348,715
66.77595,163,1274,-1736,531,4278,-144,348,715
66.77645,163,1273,-1736,530,4274,-144,348,715
66.77695,163,1273,-1735,529,4271,-144,348,715
66.77745,163,1273,-1736,529,4273,-144,348,715
66.77795,163,1274,-1736,528,4273,-144,347,715
66.77845,163,1274,-1736,527,4269,-144,348,715
66.77895,163,1274,-1735,528,4268,-144,347,715
66.77945,163,1273,-1736,528,4270,-144,347,715
66.77995,163,1274,-1736,528,4276,-144,347,715
66.78045,163,1274,-1736,528,4277,-144,347,715
66.78095,163,1274,-1735,528,4278,-144,347,715
66.78145,163,1273,-1735,528,4281,-144,346,715
66.78195,163,1274,-1736,528,4316,-144,346,715
66.78245,163,1274,-1736,528,4322,-144,347,715
66.78295,163,1273,-1735,529,4312,-144,347,715
66.78345,163,1274,-1735,530,4295,-144,347,715
66.78395,163,1274,-1735,530,4266,-144,348,714
66.78445,163,1274,-1735,531,4256,-144,347,715
66.78495,163,1274,-1735,531,4261,-144,348,715
66.785446,163,1274,-1736,531,4262,-144,347,715
66.78595,163,1274,-1736,531,4266,-145,348,715
66.78645,163,1273,-1736,531,4270,-144,348,714
66.78695,163,1274,-1735,529,4271,-145,348,714
66.78745,163,1273,-1734,528,4279,-144,348,715
66.78795,163,1274,-1734,526,4282,-144,348,715
66.78845,163,1274,-1735,526,4279,-144,349,715
66.78895,163,1274,-1734,527,4278,-144,348,715
66.78945,163,1273,-1735,528,4278,-144,348,715
66.78995,163,1274,-1735,528,4283,-144,348,715
66.79045,163,1273,-1736,528,4283,-144,348,715
66.79095,163,1274,-1736,528,4284,-144,348,716
66.79145,163,1274,-1736,529,4290,-144,348,716
66.79195,163,1273,-1736,529,4332,-144,348,716
66.79245,163,1273,-1736,529,4336,-144,348,715
66.79295,163,1273,-1735,529,4325,-144,349,715
66.79345,163,1274,-1735,529,4299,-144,349,715
66.79395,163,1274,-1735,529,4266,-144,349,715
66.79445,163,1273,-1736,529,4256,-143,349,715
66.79495,163,1274,-1736,529,4257,-143,349,715
66.79545,163,1273,-1736,528,4261,-143,349,716
66.79595,163,1274,-1736,528,4268,-143,349,716
66.79645,163,1274,-1736,527,4273,-143,349,716
66.79695,163,1273,-1735,527,4271,-144,349,716
66.79745,163,1274,-1735,528,4271,-144,348,716
66.79795,163,1273,-1735,528,4271,-144,349,716
66.79845,163,1274,-1735,528,4267,-143,349,716
66.79895,162,1274,-1736,529,4268,-144,349,716
66.79945,163,1273,-1736,530,4270,-144,349,716
66.79995,162,1274,-1736,530,4276,-143,348,716
66.80045,163,1273,-1736,530,4280,-143,349,716
66.80095,163,1273,-1736,530,4282,-143,349,716
66.80145,163,1273,-1736,530,4292,-143,349,716
66.80195,163,1273,-1736,531,4328,-143,349,716
66.80245,163,1274,-1736,530,4330,-143,348,715
66.80295,163,1273,-1736,529,4322,-143,348,716
66.80345,162,1274,-1736,529,4295,-144,348,715
66.80395,163,1274,-1735,529,4268,-144,348,716
66.80445,163,1274,-1736,530,4260,-144,348,715
66.80495,162,1274,-1736,530,4266,-144,348,716
66.80545,163,1274,-1736,530,4270,-144,349,716
66.80595,163,1274,-1735,530,4281,-143,348,716
66.80645,163,1274,-1735,530,4285,-144,348,716
66.80695,163,1274,-1735,529,4285,-143,348,715
66.80745,163,1273,-1735,529,4285,-144,348,716
66.80795,162,1274,-1734,528,4282,-143,348,716
66.80845,163,1274,-1734,528,4286,-144,348,715
66.80895,163,1273,-1735,528,4287,-143,348,716
66.80945,163,1274,-1735,529,4280,-144,348,715
66.80995,163,1274,-1736,530,4286,-144,348,715
66.81045,163,1274,-1736,531,4285,-143,349,716
66.81095,163,1273,-1736,531,4284,-143,349,715
66.81145,162,1274,-1737,533,4301,-143,348,716
66.81195,163,1273,-1736,532,4333,-143,348,716
66.81245,163,1273,-1736,532,4336,-143,348,715
66.81295,163,1273,-1736,531,4328,-143,348,715
66.81345,163,1273,-1736,531,4297,-143,348,715
66.81395,163,1273,-1736,531,4266,-143,349,715
66.81445,163,1273,-1736,530,4257,-143,348,715
66.81495,163,1273,-1736,530,4256,-143,349,716
66.81545,163,1274,-1736,529,4265,-143,348,715
66.81595,162,1274,-1736,527,4279,-143,348,715
66.81645,163,1273,-1735,525,4276,-143,348,715
66.81695,163,1274,-1734,523,4275,-143,348,715
66.81745,162,1273,-1734,523,4277,-143,348,715
66.81795,163,1273,-1734,524,4278,-143,348,715
66.81845,163,1274,-1735,526,4275,-143,348,715
66.81895,163,1273,-1735,527,4276,-143,348,716
66.81945,163,1274,-1736,530,4279,-143,348,715
66.81995,163,1273,-1736,531,4290,-143,348,715
66.82045,163,1273,-1736,530,4290,-143,349,715
66.82095,163,1274,-1736,530,4290,-143,349,716
66.82145,163,1273,-1735,530,4304,-143,348,715
66.82195,163,1274,-1736,529,4344,-143,348,716
66.82245,162,1274,-1735,529,4339,-143,349,715
66.82295,163,1273,-1736,528,4331,-143,349,716
66.82345,162,1274,-1736,528,4305,-144,349,715
66.82395,163,1273,-1736,528,4280,-143,349,715
66.82445,163,1273,-1736,529,4270,-143,348,715
66.82495,163,1273,-1737,528,4270,-143,348,715
66.82555,163,1273,-1737,528,4273,-143,349,716
66.82605,163,1273,-1737,528,4280,-143,348,715
66.82655,163,1273,-1736,528,4286,-143,348,715
66.82705,163,1273,-1735,528,4282,-144,348,716
66.82755,163,1273,-1735,528,4281,-143,348,715
66.82805,163,1273,-1735,528,4287,-143,348,715
66.82855,163,1273,-1735,528,4285,-143,348,715
66.82905,163,1273,-1735,529,4283,-143,349,715
66.82955,163,1273,-1736,529,4281,-143,349,715
66.83005,163,1273,-1736,529,4284,-143,348,716
66.83055,163,1273,-1736,529,4285,-143,348,715
66.83105,163,1273,-1736,529,4288,-143,348,715
66.83155,163,1273,-1736,530,4299,-143,348,716
66.83205,162,1273,-1736,530,4333,-143,348,715
66.83255,162,1274,-1736,529,4335,-143,348,715
66.83305,162,1273,-1735,529,4323,-143,348,715
66.83355,162,1273,-1736,530,4296,-143,349,715
66.83405,162,1273,-1735,530,4270,-143,348,715
66.83455,163,1274,-1735,530,4265,-142,348,716
66.83505,163,1273,-1736,530,4268,-143,349,715
66.83555,163,1273,-1736,531,4278,-142,348,716
66.83605,163,1273,-1736,531,4280,-143,349,715
66.83655,163,1273,-1736,531,4282,-143,348,715
66.83705,163,1273,-1736,530,4278,-143,348,715
66.83755,163,1273,-1735,528,4279,-143,348,715
66.83805,163,1273,-1736,526,4282,-143,348,715
66.83855,163,1274,-1736,526,4280,-143,348,715
66.83905,163,1273,-1736,526,4282,-143,349,715
66.83955,163,1273,-1737,527,4284,-143,349,715
66.84005,163,1273,-1737,527,4289,-143,349,715
66.84055,163,1273,-1737,528,4292,-143,349,715
66.84105,163,1273,-1736,528,4293,-143,349,715
66.84155,163,1273,-1736,529,4308,-143,349,716
66.84205,163,1273,-1734,528,4340,-143,349,715
66.84255,163,1273,-1734,528,4340,-143,350,715
66.84305,163,1273,-1735,529,4326,-142,350,715
66.84355,163,1273,-1736,530,4297,-143,350,715
66.84405,162,1274,-1736,530,4269,-143,350,715
66.84455,162,1273,-1736,531,4264,-143,350,715
66.84505,162,1273,-1736,531,4266,-143,350,715
66.84555,163,1273,-1736,530,4272,-142,349,715
66.84605,163,1273,-1736,529,4278,-143,348,715
66.84655,162,1273,-1735,527,4278,-142,348,715
66.84705,163,1273,-1735,527,4277,-143,348,715
66.84755,163,1273,-1735,527,4277,-142,348,715
66.84805,163,1273,-1735,528,4278,-143,347,715
66.84855,163,1273,-1735,529,4279,-143,347,715
66.84905,162,1273,-1735,531,4280,-143,347,715
66.84955,163,1274,-1736,532,4278,-142,347,715
66.85005,163,1273,-1736,533,4282,-143,348,715
66.85055,162,1273,-1737,533,4285,-143,348,715
66.85105,163,1273,-1736,532,4285,-143,348,715
66.85155,162,1274,-1736,531,4307,-143,347,715
66.85205,163,1273,-1735,528,4337,-143,347,715
66.85255,163,1273,-1735,526,4333,-143,347,715
66.85305,162,1273,-1735,526,4324,-143,347,715
66.85355,162,1273,-1735,526,4296,-143,348,715
66.85405,163,1274,-1736,527,4272,-143,348,715
66.85455,162,1274,-1736,528,4266,-143,348,715
66.85505,162,1273,-1736,528,4268,-143,348,715
66.85555,163,1273,-1735,528,4279,-143,348,715
66.85605,163,1273,-1735,529,4286,-143,348,715
66.85655,163,1273,-1736,529,4286,-143,348,715
66.85705,163,1273,-1736,529,4285,-143,348,715
66.85755,163,1273,-1736,529,4285,-143,348,715
66.85805,163,1273,-1736,529,4285,-142,348,715
66.85855,162,1273,-1736,529,4280,-142,348,715
66.85905,163,1273,-1736,528,4278,-143,348,715
66.85955,163,1273,-1736,528,4279,-143,348,715
66.86005,163,1274,-1737,528,4286,-143,348,715
66.86055,163,1273,-1737,528,4289,-143,348,715
66.86105,163,1273,-1737,528,4290,-142,348,715
66.86155,163,1273,-1735,529,4311,-143,348,715
66.86205,163,1273,-1735,529,4337,-142,348,716
66.86255,163,1273,-1735,529,4329,-143,349,715
66.86305,162,1273,-1735,529,4321,-143,349,715
66.86355,163,1273,-1736,529,4288,-142,349,715
66.86405,162,1273,-1736,531,4262,-142,349,715
66.86455,163,1273,-1736,530,4259,-143,349,715
66.86505,163,1273,-1736,530,4262,-143,348,715
66.86555,163,1273,-1736,529,4268,-143,348,715
66.86605,163,1273,-1736,529,4274,-143,348,715
66.86655,163,1273,-1736,529,4276,-142,348,715
66.86705,163,1273,-1736,529,4277,-142,348,715
66.86755,163,1273,-1737,529,4279,-143,348,715
66.86805,163,1273,-1737,529,4281,-142,348,715
66.86855,163,1273,-1737,528,4283,-143,348,715
66.86905,163,1273,-1737,528,4284,-142,348,715
66.86955,163,1274,-1736,528,4283,-142,349,715
66.87005,163,1273,-1735,528,4284,-142,348,715
66.87055,163,1273,-1735,529,4288,-142,348,715
66.87105,162,1273,-1736,529,4288,-142,348,715
66.87155,163,1273,-1736,530,4317,-142,347,716
66.87205,163,1273,-1736,529,4344,-142,348,715
66.87255,163,1273,-1735,530,4341,-142,348,715
66.87305,163,1273,-1736,530,4326,-143,348,715
66.87355,163,1273,-1736,530,4292,-143,348,715
66.87405,162,1273,-1736,530,4271,-142,348,715
66.87455,163,1273,-1737,530,4269,-143,348,715
66.87505,162,1273,-1737,530,4270,-142,348,715
66.87555,162,1273,-1736,528,4275,-142,348,715
66.87605,162,1273,-1736,527,4279,-143,348,715
66.87655,163,1273,-1736,527,4278,-142,347,715
66.87705,163,1273,-1737,527,4276,-142,348,715
66.87755,162,1273,-1738,528,4278,-142,347,715
66.87805,163,1273,-1738,528,4279,-142,348,715
66.87855,162,1273,-1737,529,4275,-142,347,715
66.87905,163,1273,-1736,529,4275,-142,348,715
66.87955,162,1273,-1734,529,4277,-142,347,715
66.88005,163,1273,-1734,529,4277,-142,347,715
66.88055,163,1273,-1735,529,4280,-143,348,715
66.88105,163,1273,-1736,529,4281,-142,348,715
66.88155,163,1273,-1736,529,4311,-142,348,715
66.88205,163,1273,-1736,529,4332,-143,348,715
66.88255,163,1273,-1736,529,4325,-142,348,715
66.88305,163,1273,-1736,529,4313,-143,348,715
66.88355,162,1273,-1736,529,4281,-143,349,715
66.88405,162,1273,-1736,530,4263,-143,349,715
66.88455,163,1273,-1737,531,4262,-142,349,715
66.88505,162,1273,-1737,531,4265,-143,349,715
66.88555,163,1273,-1737,531,4272,-142,349,715
66.88605,162,1273,-1737,531,4276,-143,349,715
66.88655,162,1273,-1736,532,4277,-143,349,715
66.88705,163,1273,-1736,532,4278,-142,349,715
66.88755,163,1273,-1736,532,4281,-142,349,715
66.88815,163,1273,-1736,532,4283,-142,349,715
66.88865,163,1273,-1737,532,4285,-142,348,715
66.88915,163,1273,-1737,530,4287,-142,349,715
66.88965,164,1272,-1736,528,4285,-143,348,715
66.89015,163,1273,-1736,526,4287,-143,348,715
66.89065,163,1273,-1736,525,4289,-143,348,715
66.89115,164,1273,-1736,525,4288,-142,348,715
66.89165,164,1273,-1736,527,4321,-142,348,715
66.89215,163,1273,-1734,527,4337,-142,348,715
66.89265,163,1273,-1733,528,4329,-142,348,715
66.89315,164,1273,-1733,528,4315,-142,349,715
66.89365,163,1273,-1734,529,4281,-142,348,715
66.89415,163,1273,-1735,529,4262,-142,349,715
66.89465,163,1273,-1736,529,4257,-143,349,715
66.89515,163,1273,-1736,529,4261,-143,349,715
66.89565,163,1273,-1736,529,4269,-143,349,715
66.89615,163,1273,-1736,529,4273,-143,349,715
66.89665,163,1273,-1737,529,4270,-143,349,715
66.89715,163,1273,-1737,530,4267,-143,349,715
66.89765,162,1273,-1737,530,4268,-142,349,715
66.89815,161,1273,-1737,531,4268,-143,348,715
66.89865,161,1273,-1737,531,4264,-142,349,715
66.89915,161,1273,-1738,532,4265,-142,349,715
66.89965,162,1273,-1739,532,4266,-143,348,715
66.90015,162,1273,-1738,533,4273,-143,348,715
66.90065,161,1273,-1738,532,4278,-143,348,715
66.90115,162,1273,-1737,532,4282,-143,348,715
66.90165,162,1273,-1736,531,4318,-143,348,715
66.90215,162,1273,-1736,528,4328,-143,348,715
66.90265,162,1273,-1735,527,4319,-143,348,715
66.90315,163,1273,-1734,526,4304,-142,348,715
66.90365,162,1273,-1734,527,4276,-143,349,715
66.90415,163,1273,-1735,527,4262,-142,348,715
66.90465,162,1273,-1736,529,4263,-142,348,715
66.90515,162,1273,-1737,530,4266,-142,349,715
66.90565,162,1273,-1737,530,4272,-142,348,715
66.90615,163,1273,-1737,530,4278,-141,349,715
66.90665,162,1273,-1736,530,4279,-141,349,715
66.90715,163,1273,-1736,529,4279,-142,348,716
66.907646,163,1273,-1736,529,4280,-141,349,715
66.90815,163,1273,-1736,529,4285,-142,348,715
66.90865,163,1273,-1736,528,4280,-142,348,715
66.90915,163,1273,-1736,528,4279,-142,348,715
66.90965,163,1273,-1736,527,4275,-142,348,715
66.91015,162,1273,-1736,528,4275,-142,349,715
66.91065,163,1273,-1736,529,4278,-142,348,715
66.91115,163,1273,-1735,529,4282,-142,348,716
66.91165,163,1273,-1735,529,4322,-142,348,716
66.91215,163,1272,-1735,528,4336,-142,348,716
66.91265,162,1273,-1735,528,4329,-142,348,716
66.91315,163,1273,-1735,527,4309,-142,349,716
66.91365,162,1273,-1735,528,4275,-142,349,716
66.91415,162,1273,-1735,528,4261,-142,349,716
66.91465,162,1273,-1735,528,4260,-142,349,716
66.91515,163,1273,-1736,530,4262,-142,348,716
66.91565,162,1273,-1736,530,4268,-142,348,716
66.91615,163,1273,-1736,530,4270,-142,348,716
66.91665,163,1273,-1736,530,4270,-142,348,716
66.91715,163,1273,-1737,529,4270,-142,349,716
66.91765,163,1273,-1736,529,4272,-142,348,716
66.91815,163,1273,-1736,529,4274,-142,348,716
66.91865,163,1273,-1737,529,4271,-142,348,716
66.91915,163,1273,-1738,529,4273,-142,348,716
66.91965,163,1272,-1738,529,4274,-142,348,716
66.92015,163,1273,-1737,529,4278,-142,348,716
66.92065,163,1273,-1737,529,4282,-142,348,716
66.92115,163,1273,-1737,529,4290,-142,348,716
66.92165,164,1272,-1737,530,4330,-142,347,716
66.92215,164,1273,-1735,529,4336,-142,348,716
66.92265,163,1273,-1733,528,4330,-142,348,716
66.92315,163,1273,-1732,528,4310,-142,348,715
66.92365,163,1273,-1734,529,4277,-142,349,716
66.92415,163,1273,-1736,529,4262,-142,349,716
66.92465,163,1273,-1736,529,4266,-141,349,716
66.92515,162,1273,-1736,529,4271,-142,349,716
66.92565,162,1273,-1734,529,4276,-142,349,716
66.92615,161,1273,-1734,529,4276,-142,349,716
66.92665,162,1273,-1735,529,4276,-142,350,716
66.92715,161,1273,-1736,530,4276,-142,349,716
66.92765,161,1273,-1737,531,4278,-141,349,716
66.92815,162,1274,-1736,530,4279,-142,350,716
66.92865,161,1273,-1736,531,4279,-141,350,716
66.92915,161,1273,-1736,531,4280,-142,350,716
66.92965,162,1273,-1737,531,4276,-142,350,716
66.93015,162,1273,-1737,531,4278,-142,350,716
66.93065,162,1273,-1737,531,4278,-142,350,716
66.93115,162,1273,-1737,531,4286,-142,349,716
66.93165,162,1273,-1736,531,4324,-141,348,716
66.93215,162,1273,-1736,530,4327,-141,349,716
66.93265,163,1273,-1737,530,4319,-142,348,716
66.93315,162,1272,-1737,531,4297,-142,348,716
66.93365,163,1273,-1735,529,4268,-142,348,716
66.93415,162,1272,-1735,528,4257,-141,347,716
66.93465,163,1273,-1736,526,4255,-142,347,716
66.93515,163,1273,-1737,526,4262,-142,347,716
66.93565,162,1273,-1738,527,4272,-142,347,716
66.93615,163,1273,-1738,529,4276,-142,347,716
66.93665,163,1273,-1737,529,4275,-142,348,716
66.93715,162,1273,-1738,529,4274,-142,348,715
66.93765,163,1273,-1737,529,4276,-142,348,715
66.93815,163,1272,-1737,529,4273,-142,348,716
66.93865,163,1273,-1735,529,4271,-142,348,716
66.93915,163,1273,-1734,529,4278,-142,348,716
66.93965,163,1273,-1733,529,4281,-142,348,716
66.94015,162,1273,-1734,530,4286,-141,348,716
66.94065,162,1273,-1736,531,4288,-142,348,716
66.94115,162,1273,-1737,532,4299,-142,347,716
66.94165,162,1273,-1736,531,4333,-141,348,716
66.94215,162,1272,-1736,530,4330,-141,348,716
66.94265,162,1273,-1736,530,4319,-142,348,716
66.94315,162,1273,-1736,531,4296,-141,349,716
66.94365,162,1273,-1736,532,4268,-142,349,716
66.94415,162,1273,-1736,533,4260,-142,348,716
66.94465,162,1273,-1735,533,4261,-142,348,716
66.94515,163,1273,-1735,530,4265,-142,348,716
66.94565,162,1273,-1735,527,4271,-142,348,716
66.94615,162,1273,-1736,526,4273,-142,348,716
66.94665,162,1273,-1737,526,4273,-141,348,716
66.94715,163,1273,-1737,527,4271,-142,348,716
66.94765,162,1273,-1737,529,4271,-142,348,716
66.94815,163,1273,-1737,529,4272,-141,348,716
66.94865,162,1273,-1737,529,4274,-142,349,715
66.94915,163,1273,-1737,530,4274,-142,348,716
66.94965,162,1272,-1737,530,4269,-142,349,716
66.95015,163,1272,-1737,530,4275,-142,349,716
66.95065,162,1273,-1737,530,4280,-141,349,716
66.95125,162,1273,-1737,530,4291,-141,348,716
66.95175,163,1272,-1737,529,4329,-141,348,716
66.95225,162,1273,-1737,528,4330,-141,348,716
66.95275,162,1273,-1738,527,4322,-141,348,716
66.95325,163,1273,-1738,528,4297,-141,348,716
66.95375,163,1273,-1737,528,4269,-142,348,716
66.95425,163,1273,-1736,528,4261,-142,347,716
66.95475,163,1273,-1735,528,4264,-142,348,716
66.95525,163,1273,-1734,528,4270,-141,348,716
66.95575,162,1273,-1734,527,4277,-141,348,716
66.95625,162,1273,-1734,528,4280,-142,349,716
66.95675,163,1273,-1734,529,4279,-142,349,716
66.95725,163,1273,-1735,530,4277,-142,349,716
66.95775,163,1273,-1736,531,4277,-142,349,716
66.95825,162,1273,-1737,531,4277,-141,349,716
66.95875,163,1273,-1738,532,4272,-142,349,716
66.95925,162,1274,-1738,532,4271,-142,348,716
66.95975,162,1273,-1738,533,4271,-141,349,716
66.96025,162,1273,-1737,533,4273,-141,348,716
66.96075,162,1273,-1736,533,4276,-141,348,716
66.96125,162,1273,-1736,533,4291,-141,348,716
66.96175,162,1273,-1736,532,4328,-141,348,716
66.96225,162,1273,-1736,530,4326,-141,348,716
66.96275,162,1273,-1736,527,4318,-141,347,716
66.96325,163,1273,-1735,523,4290,-141,347,716
66.96375,163,1273,-1735,522,4261,-141,347,716
66.96425,162,1273,-1734,523,4252,-141,347,716
66.96475,163,1273,-1735,525,4253,-141,347,716
66.96525,163,1273,-1735,528,4256,-141,347,716
66.96575,163,1273,-1735,530,4262,-141,347,716
66.96625,163,1273,-1736,531,4263,-141,347,716
66.96675,163,1273,-1737,531,4265,-141,348,716
66.96725,163,1272,-1737,531,4268,-141,347,716
66.96775,163,1272,-1737,530,4270,-141,347,716
66.96825,163,1273,-1737,529,4272,-141,347,716
66.96875,163,1272,-1737,528,4273,-141,347,716
66.96925,163,1272,-1737,528,4272,-142,347,715
66.96975,163,1273,-1737,528,4270,-142,347,716
66.97025,163,1273,-1736,527,4272,-142,347,716
66.97075,163,1272,-1735,527,4275,-141,347,716
66.97125,163,1273,-1735,528,4293,-141,347,716
66.97175,163,1273,-1734,529,4329,-141,347,716
66.97225,162,1273,-1734,529,4327,-141,348,716
66.97275,162,1273,-1735,529,4319,-141,348,716
66.97325,162,1273,-1735,529,4292,-141,349,716
66.97375,162,1273,-1735,529,4264,-141,349,716
66.97425,162,1273,-1736,530,4254,-141,349,716
66.97475,162,1272,-1736,530,4254,-141,349,716
66.97525,163,1273,-1737,531,4261,-141,349,716
66.97575,163,1273,-1736,531,4268,-142,349,716
66.97625,163,1273,-1737,531,4269,-141,349,716
66.97675,163,1272,-1736,530,4266,-141,349,716
66.97725,162,1273,-1736,529,4264,-141,349,716
66.97775,162,1273,-1736,529,4265,-141,349,716
66.97825,162,1273,-1736,529,4265,-141,349,716
66.97875,162,1273,-1736,529,4261,-141,348,716
66.97925,162,1273,-1735,528,4260,-142,348,716
66.97975,162,1273,-1736,528,4259,-141,348,716
66.98025,162,1273,-1736,527,4263,-141,348,716
66.98075,162,1273,-1736,528,4265,-141,348,716
66.98125,163,1273,-1736,529,4283,-141,348,716
66.98175,163,1273,-1736,529,4315,-141,348,716
66.98225,162,1273,-1736,529,4309,-141,348,716
66.98275,162,1273,-1736,529,4299,-141,348,716
66.98325,162,1273,-1736,529,4274,-141,349,715
66.98375,162,1273,-1737,529,4250,-142,349,715
66.98425,162,1273,-1737,529,4241,-141,349,716
66.98475,162,1273,-1737,529,4244,-142,349,716
66.98525,162,1273,-1738,530,4256,-141,348,716
66.98575,162,1273,-1737,529,4263,-141,348,716
66.98625,162,1273,-1737,529,4266,-141,348,716
66.98675,162,1273,-1736,529,4267,-141,348,716
66.98725,162,1273,-1735,529,4266,-141,348,716
66.98775,162,1273,-1735,529,4268,-142,348,715
66.98825,163,1273,-1736,529,4270,-141,348,715
66.98875,162,1273,-1735,530,4268,-141,348,716
66.98925,162,1273,-1735,529,4270,-141,349,716
66.98975,162,1273,-1736,530,4274,-141,349,715
66.99025,162,1273,-1736,530,4276,-141,349,716
66.99075,162,1273,-1736,529,4273,-141,349,716
66.99125,163,1273,-1736,530,4297,-141,348,716
66.99175,162,1273,-1737,530,4326,-141,348,716
66.99225,162,1273,-1737,529,4322,-141,348,716
66.99275,162,1273,-1738,529,4312,-141,348,716
66.99325,163,1273,-1738,529,4280,-141,349,715
66.99375,162,1273,-1737,529,4256,-141,349,716
66.99425,162,1273,-1737,529,4247,-141,349,715
66.99475,162,1273,-1737,530,4253,-141,349,715
66.99525,162,1273,-1736,530,4255,-141,348,715
66.99575,162,1272,-1735,531,4259,-141,349,716
66.99625,163,1273,-1734,531,4262,-141,349,716
66.99675,162,1273,-1734,530,4264,-141,349,716
66.99725,162,1273,-1734,529,4263,-141,349,716
66.99775,163,1273,-1735,528,4262,-141,348,716
66.99825,163,1273,-1736,527,4263,-141,349,716
66.99875,162,1273,-1737,527,4259,-141,348,716
66.99925,163,1273,-1737,527,4259,-141,348,716
66.99975,162,1273,-1736,528,4261,-141,348,716
67.00025,162,1273,-1736,528,4265,-141,348,716
67.00075,163,1273,-1736,529,4268,-141,348,716
67.00125,162,1273,-1735,529,4296,-140,348,716
67.00175,162,1273,-1736,529,4322,-140,348,716
67.00225,163,1273,-1736,529,4318,-141,348,716
67.00275,162,1273,-1736,529,4307,-141,348,716
67.00325,162,1273,-1736,529,4276,-141,348,715
67.00375,162,1273,-1736,529,4254,-141,349,715
67.00425,162,1273,-1736,528,4248,-141,349,716
67.00475,162,1273,-1736,529,4252,-141,349,716
67.00525,163,1273,-1737,529,4266,-141,349,716
67.00575,162,1273,-1738,530,4272,-141,349,715
67.00625,162,1273,-1738,530,4270,-141,349,716
67.00675,162,1272,-1737,530,4268,-141,349,716
67.00725,163,1273,-1737,530,4274,-141,349,716
67.00775,162,1273,-1736,530,4277,-141,348,715
67.00825,163,1273,-1736,530,4276,-141,349,716
67.00875,162,1273,-1735,530,4271,-141,348,716
67.00925,162,1273,-1736,530,4273,-141,348,716
67.00975,162,1273,-1736,530,4273,-141,348,716
67.01025,162,1272,-1737,530,4276,-141,348,716
67.01075,162,1273,-1737,530,4276,-141,349,716
67.01125,162,1272,-1736,530,4304,-141,348,716
67.01175,163,1273,-1736,530,4328,-141,349,716
67.01225,162,1273,-1736,529,4321,-141,349,715
67.01275,162,1273,-1736,529,4308,-141,349,715
67.01325,163,1273,-1736,529,4270,-141,350,715
67.01385,162,1273,-1737,528,4247,-141,350,715
67.01435,162,1273,-1737,528,4242,-141,350,715
67.01485,162,1273,-1737,529,4246,-141,350,715
67.01535,163,1273,-1737,529,4255,-141,349,716
67.01585,162,1273,-1736,529,4261,-141,349,716
67.01635,162,1273,-1736,529,4269,-141,350,716
67.01685,163,1273,-1736,529,4271,-141,349,716
67.01735,163,1273,-1736,529,4269,-141,349,715
67.01785,162,1273,-1736,529,4269,-141,348,715
67.01835,162,1273,-1736,529,4265,-141,348,716
67.01885,162,1273,-1736,529,4261,-141,348,715
67.01935,162,1273,-1736,529,4267,-141,348,716
67.01985,162,1273,-1736,530,4265,-141,347,716
67.02035,163,1273,-1736,530,4275,-141,347,716
67.02085,162,1273,-1736,530,4281,-141,347,716
67.02135,162,1273,-1736,531,4315,-140,347,716
67.02185,163,1273,-1736,530,4335,-141,348,716
67.02235,162,1273,-1736,530,4326,-141,347,716
67.02285,162,1273,-1736,530,4313,-141,347,715
67.02335,162,1273,-1737,530,4284,-141,348,716
67.02385,162,1273,-1736,531,4261,-141,348,716
67.02435,162,1273,-1737,531,4262,-141,348,716
67.02485,163,1273,-1737,531,4266,-141,348,716
67.02535,162,1273,-1737,531,4268,-141,348,716
67.02585,162,1273,-1737,530,4272,-141,348,716
67.02635,162,1273,-1736,529,4275,-141,348,715
67.02685,162,1273,-1737,528,4274,-141,348,715
67.02735,163,1273,-1737,528,4268,-141,348,715
67.02785,162,1273,-1737,528,4267,-141,348,715
67.02835,162,1273,-1737,529,4270,-141,349,715
67.02885,163,1273,-1737,528,4272,-141,348,715
67.02935,162,1273,-1737,528,4272,-140,348,716
67.02985,162,1273,-1737,529,4271,-141,348,715
67.03035,162,1273,-1737,529,4273,-140,348,716
67.03085,162,1273,-1737,530,4271,-140,348,716
67.03135,162,1272,-1737,531,4307,-140,348,716
67.03185,163,1273,-1737,530,4325,-140,348,715
67.03235,162,1273,-1736,530,4319,-140,348,716
67.03285,162,1273,-1735,529,4302,-141,348,715
67.03335,162,1273,-1735,530,4273,-140,348,715
67.03385,162,1273,-1735,530,4255,-141,348,715
67.03435,162,1273,-1736,530,4252,-141,348,716
67.03485,162,1273,-1736,529,4257,-140,348,716
67.03535,162,1272,-1736,529,4269,-140,348,715
67.03585,162,1273,-1736,529,4273,-140,348,715
67.03635,162,1273,-1736,530,4269,-141,348,716
67.03685,162,1273,-1736,529,4268,-140,348,716
67.03735,162,1273,-1736,529,4272,-141,348,716
67.03785,162,1272,-1736,529,4275,-141,348,715
67.03835,162,1273,-1737,528,4277,-141,348,715
67.03885,162,1273,-1736,529,4271,-141,348,716
67.03935,162,1273,-1736,529,4270,-141,348,716
67.03985,162,1273,-1736,529,4277,-141,348,715
67.04035,162,1273,-1736,530,4280,-141,348,716
67.04085,163,1273,-1736,530,4281,-141,348,716
67.04135,163,1272,-1736,531,4322,-140,348,717
67.04185,163,1273,-1737,531,4333,-140,348,716
67.04235,162,1273,-1737,531,4320,-140,349,716
67.04285,163,1273,-1737,531,4306,-140,348,716
67.04335,162,1273,-1737,530,4273,-140,349,716
67.04385,162,1272,-1737,529,4259,-140,348,716
67.04435,162,1273,-1738,530,4258,-140,349,716
67.04485,162,1273,-1738,529,4262,-140,348,716
67.04535,162,1273,-1737,529,4268,-140,348,716
67.04585,163,1273,-1736,529,4269,-140,348,716
67.04635,162,1273,-1735,529,4267,-141,348,716
67.04685,162,1273,-1735,529,4269,-140,348,716
67.04735,162,1273,-1736,529,4271,-141,348,716
67.04785,162,1273,-1736,529,4269,-140,348,716
67.04835,162,1273,-1736,529,4269,-141,348,716
67.04885,162,1273,-1736,529,4270,-140,348,716
67.04935,162,1273,-1736,529,4271,-140,348,716
67.04985,162,1273,-1737,529,4273,-140,348,716
67.05035,162,1273,-1736,529,4270,-140,348,716
67.05085,162,1273,-1737,529,4277,-140,348,716
67.05135,163,1273,-1736,530,4317,-140,347,716
67.05185,162,1273,-1736,529,4323,-141,348,716
67.05235,162,1273,-1736,529,4319,-141,348,717
67.05285,162,1272,-1736,529,4300,-141,348,716
67.05335,162,1273,-1736,530,4265,-141,348,716
67.05385,162,1272,-1736,530,4256,-141,348,716
67.05435,162,1273,-1736,530,4257,-141,349,716
67.05485,162,1273,-1736,531,4264,-141,349,716
67.05535,162,1273,-1736,531,4275,-141,348,716
67.05585,162,1273,-1737,531,4279,-141,349,716
67.05635,162,1273,-1736,531,4280,-141,349,716
67.05685,162,1273,-1737,531,4279,-141,349,716
67.05735,162,1273,-1737,531,4276,-141,348,716
67.05785,163,1272,-1737,530,4277,-141,348,716
67.05835,162,1273,-1737,528,4277,-141,348,716
67.05885,162,1273,-1736,527,4273,-141,348,716
67.05935,162,1273,-1736,527,4271,-141,348,716
67.05985,163,1272,-1736,528,4271,-141,348,716
67.06035,162,1273,-1736,528,4275,-140,348,716
67.06085,162,1273,-1736,529,4286,-140,348,716
67.06135,162,1272,-1736,529,4326,-141,348,716
67.06185,162,1273,-1736,529,4328,-140,348,716
67.06235,162,1273,-1736,530,4318,-141,348,716
67.06285,162,1273,-1736,530,4296,-141,348,716
67.06335,162,1273,-1737,530,4267,-140,348,716
67.06385,162,1273,-1736,529,4257,-140,348,716
67.06435,163,1273,-1737,529,4257,-140,348,716
67.06485,162,1273,-1737,529,4262,-140,348,716
67.06535,163,1272,-1737,529,4269,-140,348,716
67.06585,162,1273,-1736,529,4272,-140,348,716
67.06635,162,1273,-1736,529,4274,-140,348,716
67.06685,162,1273,-1736,530,4276,-140,348,716
67.06735,162,1273,-1736,530,4276,-140,348,716
67.06785,162,1273,-1736,530,4277,-140,348,716
67.06835,162,1273,-1736,530,4279,-140,348,716
67.06885,162,1273,-1736,530,4280,-140,348,716
67.06935,162,1273,-1737,529,4280,-140,348,716
67.06985,162,1273,-1736,529,4280,-140,348,716
67.07035,162,1273,-1736,530,4279,-140,348,716
67.07085,163,1272,-1736,530,4292,-140,348,717
67.07135,162,1273,-1737,530,4329,-141,347,716
67.07185,162,1273,-1737,529,4329,-140,348,716
67.07235,162,1273,-1737,529,4328,-141,348,716
67.07285,162,1273,-1736,529,4309,-140,348,716
67.07335,162,1273,-1736,529,4280,-140,348,716
67.07385,162,1273,-1736,529,4271,-140,349,716
67.07435,163,1273,-1737,529,4272,-140,348,716
67.07485,162,1273,-1737,530,4274,-140,348,716
67.07535,162,1273,-1738,530,4280,-140,348,716
67.07595,162,1273,-1738,530,4282,-140,348,716
67.07645,162,1273,-1738,529,4282,-140,349,716
67.07695,162,1273,-1737,529,4281,-140,349,716
67.07745,162,1273,-1736,529,4279,-140,349,716
67.07795,162,1272,-1736,530,4279,-140,349,716
67.07845,162,1273,-1736,530,4281,-140,349,716
67.07895,162,1273,-1737,530,4278,-141,349,716
67.07945,162,1272,-1736,529,4276,-140,349,716
67.07995,163,1273,-1736,529,4276,-141,349,716
67.08045,162,1273,-1736,529,4276,-141,349,716
67.08095,163,1273,-1735,529,4291,-140,348,716
67.08145,162,1273,-1735,529,4327,-140,348,716
67.08195,162,1273,-1735,528,4330,-140,348,716
67.08245,162,1273,-1736,528,4322,-140,348,716
67.08295,162,1273,-1736,528,4297,-141,349,716
67.08345,162,1273,-1736,529,4271,-140,348,716
67.08395,162,1273,-1736,530,4263,-140,348,716
67.08445,162,1273,-1736,530,4265,-140,349,716
67.08495,162,1273,-1737,529,4270,-141,348,716
67.08545,162,1273,-1737,530,4276,-140,348,716
67.08595,162,1273,-1737,529,4277,-140,349,716
67.08645,162,1273,-1737,529,4278,-140,348,716
67.08695,163,1273,-1737,530,4283,-141,348,716
67.08745,162,1273,-1737,530,4286,-141,349,716
67.08795,162,1273,-1737,530,4287,-141,349,716
67.08845,162,1273,-1737,531,4290,-140,349,716
67.08895,163,1273,-1737,532,4292,-141,349,716
67.08945,162,1273,-1737,532,4293,-140,349,716
67.08995,162,1273,-1737,532,4293,-140,349,717
67.09045,162,1273,-1737,532,4289,-140,349,716
67.09095,163,1273,-1737,533,4300,-140,349,717
67.09145,162,1273,-1737,533,4338,-140,348,717
67.09195,162,1273,-1737,532,4334,-140,348,717
67.09245,162,1273,-1736,531,4326,-140,348,717
67.09295,162,1273,-1736,528,4300,-140,348,716
67.09345,163,1273,-1735,527,4275,-140,348,715
67.09395,162,1273,-1735,526,4269,-140,348,716
67.09445,162,1273,-1736,527,4266,-140,348,716
67.09495,162,1273,-1736,528,4277,-140,348,716
67.09545,162,1273,-1737,529,4286,-140,348,716
67.09595,162,1273,-1737,530,4288,-140,348,716
67.09645,162,1273,-1738,530,4287,-140,348,717
67.09695,162,1273,-1738,529,4283,-140,348,716
67.09745,162,1273,-1737,529,4275,-140,348,716
67.097946,162,1273,-1736,528,4278,-140,349,716
67.09845,162,1273,-1736,528,4281,-140,349,716
67.09895,162,1273,-1736,528,4278,-140,349,716
67.09945,162,1273,-1736,528,4277,-140,350,716
67.09995,162,1273,-1736,528,4278,-140,349,716
67.10045,162,1273,-1736,529,4281,-140,350,716
67.10095,162,1273,-1736,529,4301,-140,349,717
67.10145,162,1273,-1736,528,4336,-141,349,716
67.10195,162,1273,-1736,529,4329,-140,349,716
67.10245,162,1273,-1736,528,4323,-140,350,716
67.10295,162,1273,-1737,529,4300,-141,350,716
67.10345,162,1273,-1737,529,4277,-140,349,716
67.10395,162,1273,-1737,529,4271,-140,349,716
67.10445,162,1273,-1737,529,4273,-140,348,716
67.10495,162,1273,-1737,529,4280,-140,348,716
67.10545,162,1272,-1737,529,4287,-140,348,716
67.10595,162,1273,-1737,529,4289,-140,348,716
67.10645,162,1273,-1737,528,4291,-140,347,716
67.10695,162,1273,-1736,528,4291,-140,348,716
67.10745,162,1273,-1736,529,4290,-140,348,716
67.10795,163,1273,-1736,529,4289,-140,348,716
67.10845,163,1273,-1736,529,4289,-140,348,716
67.10895,163,1273,-1736,529,4288,-140,348,717
67.10945,162,1273,-1736,529,4287,-140,348,716
67.10995,162,1273,-1736,529,4283,-140,348,717
67.11045,162,1273,-1736,529,4281,-140,348,716
67.11095,163,1273,-1736,529,4298,-140,347,717
67.11145,163,1273,-1737,529,4335,-140,348,717
67.11195,162,1273,-1737,529,4329,-140,348,717
67.11245,162,1273,-1737,529,4320,-140,348,716
67.11295,162,1273,-1737,529,4294,-140,348,716
67.11345,162,1273,-1736,529,4273,-140,348,716
67.11395,162,1273,-1736,529,4269,-140,348,716
67.11445,163,1273,-1736,529,4268,-140,348,716
67.11495,162,1273,-1736,529,4273,-140,348,716
67.11545,162,1273,-1737,530,4277,-140,348,717
67.11595,162,1273,-1736,529,4278,-140,348,716
67.11645,162,1272,-1736,529,4275,-140,348,717
67.11695,162,1273,-1736,529,4278,-140,348,716
67.11745,162,1273,-1736,529,4274,-141,348,716
67.11795,163,1273,-1736,530,4279,-140,348,716
67.11845,162,1273,-1736,530,4283,-141,348,716
67.11895,163,1273,-1736,530,4280,-140,348,716
67.11945,162,1272,-1737,530,4278,-141,348,716
67.11995,163,1273,-1737,530,4279,-140,348,716
67.12045,162,1273,-1736,531,4281,-140,348,716
67.12095,162,1273,-1736,531,4307,-140,347,717
67.12145,162,1273,-1736,530,4339,-140,347,716
67.12195,162,1273,-1737,530,4334,-140,347,716
67.12245,162,1273,-1737,529,4329,-140,347,716
67.12295,162,1273,-1737,529,4301,-141,347,716
67.12345,162,1273,-1737,529,4277,-140,347,716
67.12395,162,1273,-1737,529,4272,-141,347,716
67.12445,162,1273,-1737,528,4273,-141,347,716
67.12495,163,1272,-1737,528,4278,-141,347,717
67.12545,162,1273,-1736,528,4280,-141,347,716
67.12595,162,1273,-1735,528,4274,-141,347,716
67.12645,162,1273,-1735,528,4278,-140,347,716
67.12695,162,1273,-1736,529,4284,-140,347,716
67.12745,162,1273,-1736,529,4283,-140,347,716
67.12795,162,1273,-1736,529,4284,-140,348,716
67.12845,162,1273,-1736,529,4285,-140,348,716
67.12895,162,1273,-1736,529,4285,-140,348,717
67.12945,162,1273,-1736,529,4285,-140,348,716
67.12995,162,1272,-1737,530,4277,-140,348,717
67.13045,162,1273,-1737,530,4276,-140,349,716
67.13095,163,1273,-1738,531,4301,-140,348,717
67.13145,163,1273,-1738,531,4330,-140,348,717
67.13195,162,1273,-1738,531,4323,-140,349,717
67.13245,162,1273,-1737,531,4313,-140,349,717
67.13295,163,1273,-1736,531,4284,-140,349,717
67.13345,162,1273,-1737,531,4264,-140,349,716
67.13395,162,1273,-1737,531,4259,-140,349,716
67.13445,162,1273,-1737,530,4265,-140,349,716
67.13495,162,1273,-1736,530,4276,-140,348,716
67.13545,162,1273,-1736,527,4280,-140,348,717
67.13595,162,1273,-1735,526,4280,-140,348,716
67.13645,162,1273,-1736,527,4278,-140,349,716
67.13695,162,1273,-1736,528,4281,-140,349,717
67.13755,162,1273,-1737,529,4280,-140,349,716
67.13805,163,1273,-1737,529,4278,-140,349,716
67.13855,162,1273,-1737,529,4285,-140,349,717
67.13905,163,1273,-1736,529,4284,-140,348,716
67.13955,162,1272,-1736,529,4278,-140,349,716
67.14005,162,1273,-1737,529,4282,-140,349,716
67.14055,163,1273,-1736,529,4285,-140,348,716
67.14105,162,1273,-1736,530,4315,-140,348,717
67.14155,162,1273,-1737,530,4339,-140,348,717
67.14205,162,1273,-1737,530,4326,-140,349,717
67.14255,162,1273,-1736,529,4313,-140,348,717
67.14305,162,1273,-1737,530,4283,-140,349,716
67.14355,162,1273,-1737,529,4267,-140,349,717
67.14405,162,1273,-1737,530,4266,-140,349,717
67.14455,162,1273,-1737,530,4265,-140,349,717
67.14505,162,1273,-1737,530,4268,-140,349,717
67.14555,163,1273,-1737,529,4274,-140,348,716
67.14605,162,1273,-1737,530,4277,-140,348,717
67.14655,162,1273,-1737,530,4282,-140,348,717
67.14705,162,1273,-1737,529,4277,-140,348,717
67.14755,163,1273,-1737,530,4273,-140,348,717
67.14805,162,1273,-1737,529,4273,-140,348,717
67.14855,163,1273,-1737,529,4275,-140,348,717
67.14905,162,1273,-1738,529,4275,-140,349,716
67.14955,162,1273,-1738,529,4277,-140,348,717
67.15005,162,1273,-1738,529,4282,-140,349,717
67.15055,163,1273,-1737,529,4277,-140,349,717
67.15105,162,1273,-1737,529,4306,-140,348,717
67.15155,163,1273,-1737,529,4327,-140,348,717
67.15205,162,1273,-1736,528,4322,-140,348,716
67.15255,162,1273,-1735,529,4311,-140,348,716
67.15305,162,1273,-1736,529,4287,-140,349,716
67.15355,162,1273,-1735,529,4272,-140,349,716
67.15405,162,1273,-1736,530,4269,-140,349,716
67.15455,162,1273,-1736,530,4272,-140,349,717
67.15505,162,1273,-1736,530,4278,-139,348,716
67.15555,162,1273,-1736,531,4277,-140,348,717
67.15605,162,1273,-1737,531,4282,-140,349,717
67.15655,162,1273,-1737,531,4280,-140,349,717
67.15705,162,1273,-1737,530,4278,-140,348,717
67.15755,162,1273,-1737,530,4276,-140,349,716
67.15805,162,1273,-1736,529,4276,-140,348,716
67.15855,162,1273,-1736,529,4281,-140,349,716
67.15905,163,1273,-1736,529,4278,-140,349,717
67.15955,163,1273,-1736,530,4273,-140,348,716
67.16005,163,1273,-1737,530,4268,-140,349,716
67.16055,163,1273,-1737,531,4274,-140,348,716
67.16105,163,1273,-1737,532,4314,-140,348,716
67.16155,163,1273,-1737,531,4329,-140,349,717
67.16205,163,1273,-1737,530,4323,-140,349,716
67.16255,163,1273,-1736,529,4304,-140,349,716
67.16305,163,1273,-1736,527,4273,-140,349,716
67.16355,163,1273,-1736,527,4259,-140,348,716
67.16405,163,1273,-1737,528,4255,-140,348,717
67.16455,163,1273,-1737,529,4257,-140,348,717
67.16505,163,1273,-1737,531,4258,-140,348,717
67.16555,162,1273,-1737,531,4260,-140,348,717
67.16605,162,1273,-1736,530,4260,-140,348,717
67.16655,162,1274,-1736,529,4264,-140,348,718
67.16705,161,1273,-1736,529,4270,-140,348,718
67.16755,162,1273,-1736,530,4276,-140,348,717
67.16805,162,1273,-1737,530,4276,-140,348,717
67.16855,162,1273,-1737,529,4272,-140,348,717
67.16905,162,1273,-1737,529,4271,-140,348,717
67.16955,162,1273,-1737,529,4273,-140,348,717
67.17005,162,1273,-1737,529,4273,-140,348,717
67.17055,162,1273,-1736,528,4273,-140,348,717
67.17105,162,1273,-1736,528,4314,-140,347,717
67.17155,163,1273,-1737,527,4326,-140,348,717
67.17205,162,1273,-1737,527,4322,-140,348,717
67.17255,162,1273,-1737,528,4308,-140,348,717
67.17305,162,1273,-1737,528,4275,-140,349,716
67.17355,162,1273,-1736,528,4262,-140,349,716
67.17405,162,1273,-1736,529,4262,-140,349,717
67.17455,162,1273,-1736,529,4266,-140,348,717
67.17505,162,1273,-1736,529,4270,-140,349,716
67.17555,162,1273,-1736,529,4272,-141,349,716
67.17605,162,1273,-1736,528,4277,-140,348,716
67.17655,162,1273,-1737,529,4278,-140,348,717
67.17705,162,1273,-1737,529,4275,-140,349,717
67.17755,162,1273,-1738,529,4267,-140,348,717
67.17805,162,1273,-1738,529,4265,-140,348,717
67.17855,162,1273,-1738,529,4268,-140,348,717
67.17905,162,1273,-1738,529,4266,-140,348,717
67.17955,162,1273,-1737,529,4263,-140,348,717
67.18005,162,1273,-1737,530,4263,-140,348,717
67.18055,162,1273,-1737,529,4269,-140,349,717
67.18105,162,1273,-1737,530,4310,-140,348,717
67.18155,162,1273,-1736,529,4317,-140,349,717
67.18205,162,1272,-1736,529,4309,-140,349,718
67.18255,162,1273,-1736,528,4291,-140,349,717
67.18305,162,1272,-1736,529,4266,-140,349,717
67.18355,163,1273,-1736,529,4253,-140,349,717
67.18405,163,1273,-1736,529,4252,-140,349,717
67.18455,162,1273,-1737,529,4256,-140,349,717
67.18505,163,1273,-1736,530,4263,-140,349,717
67.18555,162,1273,-1737,530,4266,-140,349,717
67.18605,163,1273,-1736,530,4268,-140,349,717
67.18655,163,1273,-1737,530,4269,-140,349,717
67.18705,162,1273,-1737,530,4271,-140,349,716
67.18755,163,1273,-1737,529,4271,-140,350,717
67.18805,162,1273,-1737,530,4275,-140,350,717
67.18855,162,1273,-1738,529,4274,-140,350,717
67.18905,162,1273,-1737,529,4273,-140,350,717
67.18955,162,1273,-1737,529,4275,-140,350,717
67.19005,162,1273,-1737,528,4274,-140,350,717
67.19055,162,1273,-1737,528,4278,-140,349,717
67.19105,162,1273,-1737,529,4313,-140,349,717
67.19155,162,1273,-1736,529,4318,-140,349,717
67.19205,162,1273,-1737,530,4310,-140,349,717
67.19255,162,1273,-1737,529,4289,-140,348,717
67.19305,162,1273,-1737,529,4261,-140,348,717
67.19355,162,1273,-1737,530,4252,-140,348,717
67.19405,162,1273,-1737,530,4252,-140,347,717
67.19455,162,1273,-1736,530,4256,-140,348,717
67.19505,162,1273,-1736,530,4262,-140,347,717
67.19555,162,1273,-1736,530,4264,-140,348,717
67.19605,162,1273,-1737,530,4265,-140,347,717
67.19655,162,1273,-1737,530,4264,-140,347,717
67.19705,162,1273,-1737,530,4262,-140,347,717
67.19755,162,1273,-1737,530,4260,-140,347,717
67.19805,162,1273,-1737,530,4259,-140,347,717
67.19855,162,1273,-1738,530,4261,-140,348,717
67.19915,162,1273,-1737,530,4260,-140,348,717
67.19965,162,1273,-1738,530,4258,-140,348,717
67.20015,162,1273,-1739,531,4259,-140,348,717
67.20065,162,1273,-1739,531,4270,-140,348,717
67.20115,162,1273,-1739,532,4309,-140,348,717
67.20165,162,1273,-1739,532,4313,-140,348,717
67.20215,162,1273,-1740,532,4308,-140,348,717
67.20265,162,1273,-1740,532,4286,-140,348,717
67.20315,162,1273,-1739,531,4259,-140,348,716
67.20365,162,1273,-1736,528,4252,-141,348,716
67.20415,162,1273,-1733,526,4256,-140,348,717
67.20465,162,1273,-1732,526,4260,-140,348,717
67.20515,162,1273,-1734,528,4263,-140,348,717
67.20565,162,1273,-1736,529,4264,-140,348,716
67.20615,162,1273,-1736,528,4265,-140,348,716
67.20665,161,1273,-1736,527,4274,-140,348,717
67.20715,162,1273,-1736,526,4276,-140,348,717
67.20765,162,1274,-1736,526,4270,-140,348,717
67.20815,162,1274,-1736,527,4267,-140,348,716
67.20865,162,1273,-1737,528,4268,-140,348,717
67.20915,162,1273,-1737,528,4271,-139,348,717
67.20965,162,1273,-1737,529,4267,-140,348,717
67.21015,162,1273,-1736,529,4264,-139,348,717
67.21065,162,1273,-1736,529,4273,-139,348,717
67.21115,162,1273,-1736,529,4308,-139,347,717
67.21165,162,1273,-1736,529,4311,-139,348,717
67.21215,162,1273,-1736,528,4303,-140,348,717
67.21265,162,1273,-1737,529,4281,-139,348,717
67.21315,162,1273,-1737,529,4252,-140,349,717
67.21365,162,1273,-1737,529,4243,-140,348,717
67.21415,162,1273,-1737,529,4239,-140,349,717
67.21465,162,1273,-1737,529,4245,-140,348,717
67.21515,162,1273,-1737,529,4253,-140,348,717
67.21565,162,1273,-1737,529,4256,-139,348,717
67.21615,162,1273,-1737,530,4258,-139,348,717
67.21665,162,1273,-1738,530,4259,-139,348,717
67.21715,162,1273,-1738,530,4260,-140,348,717
67.21765,162,1273,-1738,529,4257,-140,348,717
67.21815,162,1273,-1737,530,4258,-140,348,717
67.21865,162,1273,-1737,529,4259,-139,349,717
67.21915,162,1273,-1736,530,4257,-140,348,717
67.21965,162,1273,-1736,530,4254,-139,348,717
67.220146,162,1273,-1736,530,4256,-140,348,717
67.22065,162,1273,-1736,531,4271,-140,348,717
67.22115,162,1273,-1737,531,4309,-139,348,717
67.22165,162,1273,-1737,530,4312,-139,348,717
67.22215,162,1273,-1737,530,4307,-140,349,717
67.22265,162,1273,-1737,530,4284,-139,348,717
67.22315,162,1273,-1738,530,4258,-140,348,716
67.22365,162,1273,-1738,530,4252,-140,349,717
67.22415,162,1273,-1738,529,4256,-140,349,717
67.22465,162,1273,-1738,529,4255,-140,348,717
67.22515,162,1273,-1738,528,4258,-140,348,717
67.22565,162,1273,-1738,528,4258,-140,348,717
67.22615,162,1274,-1739,529,4259,-139,348,717
67.22665,162,1273,-1739,529,4259,-140,348,717
67.22715,162,1273,-1739,530,4260,-139,349,717
67.22765,162,1273,-1737,529,4258,-139,348,717
67.22815,162,1273,-1736,529,4258,-139,348,717
67.22865,162,1273,-1736,529,4259,-139,348,717
67.22915,162,1273,-1736,528,4259,-139,348,717
67.22965,162,1273,-1736,528,4259,-139,349,717
67.23015,162,1273,-1737,528,4257,-140,348,717
67.23065,162,1273,-1738,529,4269,-140,348,717
67.23115,162,1273,-1738,529,4299,-140,348,717
67.23165,162,1273,-1737,530,4299,-140,348,717
67.23215,162,1274,-1737,529,4291,-140,348,717
67.23265,162,1273,-1736,530,4266,-140,348,717
67.23315,162,1273,-1735,530,4244,-139,348,717
67.23365,162,1273,-1735,529,4239,-140,349,717
67.23415,162,1273,-1735,530,4241,-140,348,717
67.23465,162,1273,-1736,530,4245,-140,348,717
67.23515,162,1273,-1736,530,4251,-140,348,717
67.23565,162,1273,-1736,530,4253,-140,348,717
67.23615,162,1274,-1736,530,4255,-140,349,717
67.23665,162,1273,-1737,530,4257,-140,348,717
67.23715,162,1273,-1737,530,4256,-140,349,717
67.23765,162,1273,-1737,529,4255,-139,348,717
67.23815,161,1273,-1737,529,4256,-140,348,717
67.23865,161,1273,-1737,528,4259,-139,348,717
67.23915,162,1273,-1736,528,4258,-139,348,717
67.23965,162,1273,-1737,528,4254,-139,348,717
67.24015,162,1273,-1736,528,4254,-139,348,717
67.24065,162,1273,-1736,529,4271,-139,348,717
67.24115,162,1273,-1736,529,4305,-139,348,718
67.24165,162,1273,-1737,529,4305,-139,348,717
67.24215,162,1273,-1737,529,4301,-139,348,717
67.24265,162,1273,-1739,529,4270,-139,348,717
67.24315,162,1273,-1739,529,4241,-139,348,717
67.24365,162,1273,-1739,529,4236,-140,348,717
67.24415,162,1273,-1739,529,4237,-139,349,717
67.24465,161,1273,-1738,529,4242,-140,348,717
67.24515,162,1274,-1739,529,4245,-139,348,717
67.24565,162,1273,-1739,530,4244,-139,348,717
67.24615,162,1273,-1739,530,4243,-140,348,718
67.24665,162,1273,-1739,530,4248,-139,348,717
67.24715,162,1273,-1737,530,4253,-139,348,717
67.24765,161,1273,-1735,529,4247,-139,348,717
67.24815,162,1273,-1735,529,4244,-139,348,717
67.24865,162,1273,-1735,529,4245,-140,347,717
67.24915,162,1273,-1735,529,4246,-139,348,717
67.24965,162,1273,-1736,529,4247,-139,348,717
67.25015,162,1274,-1736,530,4247,-140,348,717
67.25065,162,1273,-1737,530,4263,-140,348,717
67.25115,162,1273,-1737,530,4295,-139,348,717
67.25165,162,1273,-1737,529,4294,-140,348,717
67.25215,162,1274,-1737,529,4285,-139,348,718
67.25265,162,1273,-1737,529,4259,-139,349,717
67.25315,162,1273,-1737,530,4242,-139,348,717
67.25365,162,1273,-1737,530,4230,-139,348,717
67.25415,162,1273,-1737,530,4230,-139,348,718
67.25465,162,1273,-1736,530,4240,-139,347,718
67.25515,161,1273,-1737,530,4253,-139,347,717
67.25565,162,1273,-1737,530,4256,-139,347,717
67.25615,162,1273,-1736,529,4252,-139,348,717
67.25665,162,1274,-1737,529,4251,-139,347,718
67.25715,161,1273,-1737,528,4251,-139,348,718
67.25765,162,1273,-1738,529,4252,-139,348,717
67.25815,162,1273,-1738,529,4251,-139,348,717
67.25865,162,1274,-1737,529,4245,-139,348,717
67.25915,162,1273,-1737,528,4241,-139,349,717
67.25965,162,1273,-1737,529,4238,-139,349,717
67.26015,162,1273,-1737,529,4238,-139,348,717
67.26065,162,1274,-1736,529,4263,-139,348,718
67.26125,162,1273,-1737,530,4293,-139,348,717
67.26175,162,1274,-1737,529,4295,-139,348,717
67.26225,161,1274,-1737,529,4282,-139,348,717
67.26275,162,1274,-1737,530,4252,-139,348,717
67.26325,162,1273,-1738,530,4230,-139,349,717
67.26375,162,1274,-1738,530,4224,-139,348,718
67.26425,161,1274,-1737,530,4225,-139,349,717
67.26475,162,1274,-1737,529,4233,-139,349,717
67.26525,162,1273,-1736,530,4235,-139,348,717
67.26575,162,1273,-1737,529,4236,-139,349,717
67.26625,161,1273,-1737,530,4238,-139,349,717
67.26675,162,1273,-1737,530,4241,-139,349,717
67.26725,161,1273,-1738,530,4243,-139,350,717
67.26775,162,1274,-1738,530,4243,-139,350,718
67.26825,162,1273,-1739,530,4245,-139,350,717
67.26875,161,1273,-1740,531,4250,-139,350,717
67.26925,162,1274,-1740,530,4247,-139,350,717
67.26975,162,1273,-1739,530,4246,-139,350,717
67.27025,162,1274,-1737,529,4245,-140,349,717
67.27075,162,1273,-1735,529,4271,-139,349,718
67.27125,162,1273,-1735,528,4294,-139,349,717
67.27175,162,1273,-1735,529,4297,-139,349,717
67.27225,162,1273,-1737,529,4285,-139,349,717
67.27275,162,1273,-1737,529,4253,-139,349,717
67.27325,162,1274,-1737,529,4237,-139,349,718
67.27375,162,1274,-1737,528,4235,-139,349,717
67.27425,162,1274,-1736,529,4241,-139,348,718
67.27475,162,1273,-1736,528,4241,-139,348,717
67.27525,161,1274,-1736,528,4248,-139,348,717
67.27575,162,1273,-1737,528,4245,-139,347,718
67.27625,162,1273,-1737,529,4244,-138,348,718
67.27675,161,1273,-1737,529,4249,-138,348,718
67.27725,162,1274,-1737,529,4249,-139,348,717
67.27775,162,1273,-1737,530,4245,-139,347,718
67.27825,161,1274,-1736,530,4239,-139,348,718
67.27875,162,1273,-1736,530,4244,-139,348,718
67.27925,162,1273,-1736,530,4245,-139,348,717
67.27975,162,1274,-1737,530,4239,-139,348,718
67.28025,161,1274,-1736,530,4232,-139,348,718
67.28075,162,1273,-1737,530,4265,-139,348,718
67.28125,162,1274,-1737,529,4292,-139,348,718
67.28175,161,1274,-1737,530,4287,-139,348,718
67.28225,161,1273,-1737,529,4277,-139,348,718
67.28275,161,1274,-1737,529,4245,-139,348,718
67.28325,162,1274,-1737,530,4228,-139,348,717
67.28375,162,1274,-1737,530,4226,-139,347,717
67.28425,161,1274,-1737,530,4225,-139,347,717
67.28475,162,1273,-1737,530,4231,-139,347,717
67.28525,161,1274,-1737,530,4236,-139,347,717
67.28575,161,1274,-1737,530,4237,-139,347,718
67.28625,161,1274,-1738,530,4241,-139,347,717
67.28675,161,1274,-1738,530,4251,-139,348,717
67.28725,161,1273,-1737,530,4250,-139,347,717
67.28775,161,1274,-1738,530,4250,-139,347,718
67.28825,161,1274,-1737,530,4252,-139,347,717
67.28875,162,1274,-1737,530,4259,-139,347,717
67.28925,161,1274,-1737,530,4258,-139,347,717
67.28975,161,1274,-1737,530,4257,-139,347,717
67.29025,162,1274,-1737,530,4256,-139,347,717
67.29075,162,1274,-1737,531,4286,-139,347,718
67.29125,161,1274,-1737,530,4306,-139,347,717
67.29175,161,1274,-1737,530,4304,-139,348,717
67.29225,162,1273,-1737,531,4288,-138,347,717
67.29275,161,1274,-1737,530,4255,-139,348,717
67.29325,161,1274,-1738,530,4237,-138,348,717
67.29375,162,1274,-1737,530,4232,-138,348,718
67.29425,161,1274,-1737,529,4238,-138,348,718
67.29475,161,1273,-1737,529,4252,-138,348,718
67.29525,161,1273,-1737,529,4259,-139,348,718
67.29575,162,1273,-1737,530,4259,-139,348,718
67.29625,162,1273,-1737,530,4259,-139,348,718
67.29675,162,1274,-1737,531,4258,-139,348,718
67.29725,162,1274,-1738,531,4255,-139,349,718
67.29775,162,1274,-1737,531,4252,-139,349,718
67.29825,162,1274,-1737,530,4251,-138,349,718
67.29875,161,1274,-1737,529,4252,-138,348,718
67.29925,161,1274,-1737,528,4251,-139,348,718
67.29975,161,1274,-1737,528,4249,-138,349,718
67.30025,161,1274,-1737,528,4252,-138,348,718
67.30075,162,1274,-1737,529,4290,-138,348,719
67.30125,161,1273,-1737,529,4306,-138,348,718
67.30175,161,1274,-1737,528,4298,-138,348,718
67.30225,161,1274,-1737,529,4287,-139,348,718
67.30275,161,1274,-1737,528,4258,-138,348,718
67.30325,161,1274,-1737,529,4246,-139,349,718
67.30375,162,1274,-1737,529,4245,-138,348,718
67.30425,162,1274,-1737,529,4248,-139,349,718
67.30475,161,1273,-1737,529,4256,-139,349,718
67.30525,161,1274,-1737,529,4262,-138,349,718
67.30575,161,1273,-1737,529,4264,-139,348,718
67.30625,161,1274,-1737,529,4267,-138,348,718
67.30675,161,1274,-1737,529,4268,-139,348,718
67.30725,161,1273,-1737,530,4268,-138,348,718
67.30775,162,1273,-1737,529,4267,-139,348,718
67.30825,161,1273,-1737,530,4266,-139,348,718
67.30875,161,1273,-1737,530,4266,-139,348,718
67.30925,161,1273,-1737,529,4266,-138,348,718
67.30975,161,1274,-1738,530,4266,-139,348,718
67.31025,161,1274,-1738,529,4270,-139,348,717
67.31075,161,1274,-1738,530,4305,-138,348,718
67.31125,161,1274,-1737,529,4306,-138,348,718
67.31175,162,1274,-1737,530,4306,-138,348,718
67.31225,161,1274,-1737,529,4290,-139,349,718
67.31275,161,1274,-1737,530,4258,-139,349,717
67.31325,161,1273,-1737,530,4250,-139,348,717
67.31375,161,1274,-1738,531,4244,-138,349,718
67.31425,161,1274,-1738,531,4246,-139,349,718
67.31475,161,1274,-1738,532,4256,-138,349,718
67.31525,161,1274,-1737,531,4262,-138,349,717
67.31575,161,1274,-1738,532,4262,-138,348,718
67.31625,161,1274,-1738,532,4259,-138,349,718
67.31675,161,1274,-1738,532,4264,-138,348,718
67.31725,162,1274,-1738,532,4265,-138,349,718
67.31775,161,1274,-1737,531,4262,-138,348,718
67.31825,162,1274,-1737,528,4262,-138,348,718
67.31875,161,1274,-1736,526,4264,-138,349,718
67.31925,162,1274,-1736,526,4263,-138,348,718
67.31975,161,1274,-1736,527,4260,-138,349,718
67.32025,161,1274,-1737,528,4267,-138,348,718
67.32075,162,1273,-1737,528,4306,-138,348,718
67.32125,162,1274,-1737,528,4315,-138,348,718
67.32175,161,1273,-1737,529,4313,-138,348,718
67.32225,161,1274,-1737,528,4295,-138,349,718
67.32275,161,1274,-1737,528,4265,-138,348,718
67.32335,161,1274,-1737,529,4256,-138,348,718
67.32385,161,1274,-1737,529,4255,-138,348,718
67.32435,161,1274,-1737,529,4257,-138,348,718
67.32485,161,1274,-1737,530,4263,-138,348,718
67.32535,161,1274,-1737,529,4264,-138,348,718
67.32585,161,1274,-1737,529,4263,-138,348,718
67.32635,161,1274,-1737,529,4266,-138,349,718
67.32685,161,1274,-1737,529,4270,-138,349,718
67.32735,161,1274,-1737,529,4270,-138,348,718
67.32785,161,1274,-1737,529,4269,-138,349,718
67.32835,161,1274,-1737,530,4268,-138,348,718
67.32885,161,1274,-1737,530,4268,-138,349,718
67.32935,161,1274,-1737,529,4268,-138,348,718
67.32985,161,1274,-1738,529,4268,-138,348,718
67.33035,161,1274,-1737,530,4274,-138,348,718
67.33085,161,1274,-1737,530,4306,-138,348,718
67.33135,161,1274,-1737,529,4311,-138,348,718
67.33185,161,1274,-1737,530,4303,-138,348,718
67.33235,161,1273,-1737,529,4283,-138,349,718
67.33285,161,1273,-1737,529,4256,-138,348,718
67.33335,162,1274,-1737,529,4248,-138,348,718
67.33385,162,1273,-1737,529,4246,-138,348,718
67.33435,162,1274,-1737,529,4253,-138,348,718
67.33485,162,1274,-1737,529,4263,-138,349,718
67.33535,161,1274,-1737,529,4267,-138,349,718
67.33585,162,1274,-1737,529,4269,-138,348,718
67.33635,162,1274,-1737,529,4270,-138,349,718
67.33685,162,1274,-1737,529,4272,-138,348,718
67.33735,161,1273,-1737,529,4273,-138,348,718
67.33785,162,1274,-1737,529,4271,-138,348,718
67.33835,162,1274,-1737,530,4271,-138,348,718
67.33885,161,1274,-1737,530,4274,-138,349,718
67.33935,162,1274,-1737,530,4272,-138,349,718
67.33985,161,1274,-1737,530,4268,-138,349,718
67.34035,162,1274,-1737,530,4280,-138,349,718
67.34085,161,1274,-1737,530,4317,-137,349,719
67.34135,161,1274,-1737,530,4320,-138,349,718
67.34185,161,1274,-1736,529,4308,-138,350,718
67.34235,161,1274,-1737,529,4288,-138,350,718
67.34285,161,1275,-1737,529,4264,-138,350,718
67.34335,161,1274,-1737,530,4256,-138,350,718
67.34385,161,1274,-1737,529,4256,-138,349,718
67.34435,161,1274,-1738,529,4261,-137,349,718
67.34485,161,1274,-1738,529,4267,-138,349,718
67.34535,161,1274,-1737,529,4269,-138,349,718
67.34585,161,1274,-1737,529,4270,-137,348,718
67.34635,161,1274,-1736,529,4270,-138,348,718
67.34685,161,1274,-1737,529,4270,-137,348,718
67.34735,161,1274,-1737,529,4269,-137,347,718
67.34785,161,1274,-1737,529,4268,-138,347,718
67.34835,161,1274,-1738,529,4267,-138,347,718
67.34885,161,1274,-1737,529,4269,-137,347,718
67.34935,161,1275,-1737,530,4270,-138,348,718
67.34985,162,1274,-1737,530,4271,-138,348,718
67.35035,161,1274,-1737,530,4283,-138,347,718
67.35085,161,1274,-1737,531,4318,-138,348,718
67.35135,161,1274,-1737,531,4318,-138,348,718
67.35185,161,1274,-1737,531,4314,-138,348,718
67.35235,161,1275,-1738,531,4289,-138,348,718
67.35285,161,1274,-1737,531,4265,-138,348,718
67.35335,161,1274,-1737,530,4263,-138,348,718
67.35385,161,1274,-1737,530,4265,-138,348,718
67.35435,161,1274,-1737,529,4270,-137,348,718
67.35485,161,1274,-1737,529,4278,-138,348,718
67.35535,161,1274,-1737,529,4281,-138,348,717
67.35585,161,1275,-1737,529,4283,-138,348,718
67.35635,161,1274,-1737,529,4280,-138,348,718
67.35685,161,1274,-1737,529,4284,-138,348,718
67.35735,161,1274,-1737,529,4283,-137,348,718
67.35785,161,1275,-1737,529,4280,-137,348,718
67.35835,161,1274,-1736,529,4278,-137,348,718
67.35885,161,1274,-1737,530,4278,-137,348,718
67.35935,161,1275,-1736,529,4274,-137,348,718
67.35985,162,1274,-1737,529,4271,-137,348,718
67.36035,161,1275,-1737,530,4285,-137,348,718
67.36085,161,1274,-1737,529,4322,-137,348,718
67.36135,161,1274,-1737,529,4324,-137,348,718
67.36185,161,1275,-1737,529,4319,-138,348,718
67.36235,161,1274,-1737,529,4294,-138,349,717
67.36285,161,1274,-1737,529,4266,-138,349,718
67.36335,161,1275,-1737,529,4255,-137,348,718
67.36385,161,1275,-1737,529,4260,-138,348,718
67.36435,162,1274,-1737,529,4267,-137,348,718
67.36485,162,1274,-1737,530,4271,-137,348,718
67.36535,162,1274,-1737,529,4270,-137,348,718
67.36585,162,1274,-1737,530,4272,-137,348,718
67.36635,162,1274,-1737,529,4277,-137,348,718
67.36685,162,1274,-1737,530,4282,-137,348,718
67.36735,162,1274,-1737,530,4284,-137,348,718
67.36785,162,1274,-1738,530,4283,-137,348,718
67.36835,162,1274,-1738,530,4283,-137,348,718
67.36885,162,1274,-1738,530,4284,-137,348,718
67.36935,162,1274,-1738,530,4286,-137,349,718
67.36985,162,1274,-1737,530,4285,-137,348,718
67.37035,162,1275,-1737,531,4301,-137,348,718
67.37085,162,1274,-1736,530,4332,-137,348,718
67.37135,162,1274,-1736,530,4334,-137,348,718
67.37185,162,1274,-1737,529,4329,-137,348,718
67.37235,162,1275,-1737,528,4303,-137,348,718
67.37285,162,1275,-1737,529,4282,-137,349,718
67.37335,162,1274,-1737,529,4275,-137,349,718
67.37385,161,1275,-1737,529,4275,-137,349,718
67.37435,161,1275,-1737,529,4280,-137,348,718
67.37485,161,1275,-1737,530,4287,-137,348,718
67.37535,161,1275,-1737,529,4288,-137,348,718
67.37585,161,1275,-1737,529,4289,-137,348,718
67.37635,161,1275,-1737,529,4288,-137,348,718
67.37685,161,1274,-1738,529,4288,-137,348,718
67.37735,162,1274,-1737,529,4287,-137,348,718
67.37785,161,1274,-1737,528,4284,-137,348,718
67.37835,161,1275,-1737,528,4283,-137,348,718
67.37885,162,1275,-1737,528,4285,-137,348,718
67.37935,162,1274,-1737,528,4283,-137,349,718
67.37985,161,1275,-1737,529,4278,-137,348,718
67.38035,162,1275,-1737,530,4295,-137,348,718
67.38085,162,1275,-1737,530,4328,-137,348,718
67.38135,161,1275,-1737,530,4327,-137,348,718
67.38185,160,1275,-1737,530,4318,-137,349,718
67.38235,160,1275,-1737,530,4291,-137,348,718
67.38285,160,1275,-1737,529,4270,-137,349,718
67.38335,160,1275,-1737,529,4265,-137,348,718
67.38385,160,1275,-1737,530,4267,-137,349,718
67.38435,160,1275,-1737,529,4273,-137,348,718
67.38495,161,1275,-1737,529,4279,-137,348,718
67.38545,161,1275,-1737,529,4281,-137,348,718
67.38595,161,1274,-1737,529,4282,-137,348,718
67.38645,161,1275,-1737,529,4283,-137,348,718
67.38695,161,1275,-1737,529,4285,-137,348,718
67.38745,161,1275,-1737,530,4287,-137,349,718
67.38795,161,1274,-1737,529,4289,-137,348,718
67.38845,161,1275,-1737,529,4290,-137,348,718
67.38895,161,1275,-1737,530,4292,-137,348,718
67.38945,161,1275,-1737,530,4294,-137,348,718
67.38995,161,1275,-1737,530,4293,-136,348,718
67.39045,161,1275,-1737,530,4316,-136,348,718
67.39095,161,1275,-1737,530,4342,-137,348,718
67.39145,161,1275,-1736,529,4336,-137,348,718
67.39195,161,1275,-1736,529,4328,-137,348,718
67.39245,161,1275,-1737,529,4297,-137,349,718
67.39295,161,1275,-1737,529,4277,-136,349,718
67.39345,161,1275,-1737,529,4276,-137,348,718
67.39395,161,1275,-1737,529,4278,-137,349,718
67.39445,161,1275,-1737,529,4282,-137,348,718
67.39495,161,1275,-1737,529,4288,-137,349,718
67.39545,161,1275,-1737,529,4291,-137,348,718
67.39595,161,1275,-1737,529,4292,-136,348,718
67.39645,161,1275,-1737,529,4292,-137,348,718
67.39695,161,1275,-1737,529,4291,-136,348,718
67.39745,161,1275,-1736,529,4287,-137,349,718
67.39795,161,1275,-1736,530,4286,-137,349,718
67.39845,161,1275,-1737,530,4287,-137,348,718
67.39895,161,1275,-1737,530,4287,-137,349,718
67.39945,161,1275,-1737,529,4284,-137,349,718
67.39995,161,1275,-1737,529,4283,-136,348,718
67.40045,161,1275,-1737,530,4309,-137,348,718
67.40095,161,1275,-1737,529,4340,-136,348,718
67.40145,161,1275,-1738,529,4338,-136,348,718
67.40195,161,1275,-1737,529,4330,-137,348,718
67.40245,161,1275,-1737,529,4300,-136,349,718
67.40295,161,1275,-1737,530,4279,-137,349,718
67.40345,161,1275,-1737,530,4277,-137,348,718
67.40395,161,1275,-1737,530,4280,-136,348,718
67.40445,161,1275,-1737,530,4287,-137,349,718
67.40495,161,1275,-1737,530,4292,-137,348,718
67.40545,161,1275,-1738,530,4292,-136,349,718
67.40595,161,1275,-1737,530,4295,-137,349,718
67.40645,161,1275,-1737,530,4299,-137,348,718
67.40695,161,1275,-1737,530,4302,-136,348,718
67.40745,160,1275,-1737,530,4304,-137,348,718
67.40795,161,1275,-1737,529,4301,-137,349,718
67.40845,161,1275,-1737,530,4301,-136,349,718
67.40895,161,1275,-1737,529,4300,-137,348,718
67.40945,161,1275,-1737,529,4301,-136,349,718
67.40995,161,1275,-1737,528,4300,-137,348,718
67.410446,161,1275,-1737,528,4327,-136,348,718
67.41095,161,1275,-1736,527,4348,-136,348,718
67.41145,161,1275,-1736,528,4345,-136,349,718
67.41195,161,1275,-1737,528,4333,-136,348,718
67.41245,161,1275,-1737,528,4303,-136,349,718
67.41295,161,1275,-1737,529,4284,-136,349,718
67.41345,161,1275,-1737,529,4276,-136,349,718
67.41395,161,1275,-1737,530,4277,-136,349,718
67.41445,161,1275,-1737,529,4286,-136,348,718
67.41495,161,1275,-1737,530,4290,-136,348,718
67.41545,161,1275,-1737,529,4291,-136,348,718
67.41595,161,1275,-1737,529,4292,-136,348,718
67.41645,161,1275,-1736,528,4292,-137,348,717
67.41695,161,1275,-1736,529,4293,-136,348,717
67.41745,161,1275,-1737,529,4288,-136,348,717
67.41795,161,1275,-1737,529,4285,-136,348,717
67.41845,161,1275,-1737,530,4284,-137,348,718
67.41895,161,1275,-1737,530,4288,-136,348,717
67.41945,161,1275,-1737,530,4291,-136,348,718
67.41995,161,1275,-1737,530,4285,-136,348,717
67.42045,161,1275,-1737,531,4321,-136,348,718
67.42095,161,1275,-1737,530,4338,-136,348,718
67.42145,161,1275,-1737,530,4340,-136,348,718
67.42195,161,1275,-1737,529,4330,-136,348,717
67.42245,161,1275,-1737,528,4297,-136,348,717
67.42295,161,1275,-1737,528,4279,-136,348,717
67.42345,161,1276,-1737,529,4275,-136,348,718
67.42395,161,1275,-1737,529,4279,-136,348,718
67.42445,161,1275,-1737,528,4289,-136,348,718
67.42495,161,1275,-1737,528,4293,-136,348,718
67.42545,161,1275,-1737,528,4292,-136,349,717
67.42595,161,1275,-1737,528,4290,-136,348,717
67.42645,161,1275,-1737,529,4285,-136,349,718
67.42695,161,1275,-1737,528,4285,-136,348,718
67.42745,161,1275,-1737,528,4292,-136,348,718
67.42795,161,1275,-1737,528,4292,-136,348,717
67.42845,161,1275,-1737,529,4290,-136,349,718
67.42895,161,1275,-1737,528,4287,-136,349,718
67.42945,161,1275,-1737,528,4291,-136,349,718
67.42995,160,1275,-1737,528,4292,-136,349,718
67.43045,161,1275,-1737,529,4325,-135,348,719
67.43095,161,1275,-1737,529,4335,-136,349,718
67.43145,161,1276,-1737,530,4323,-135,349,718
67.43195,161,1275,-1737,530,4314,-136,349,718
67.43245,161,1275,-1737,529,4284,-136,349,718
67.43295,161,1275,-1737,530,4273,-136,349,718
67.43345,161,1275,-1738,530,4275,-136,349,718
67.43395,161,1275,-1738,530,4277,-136,349,718
67.43445,161,1275,-1738,529,4282,-136,349,718
67.43495,161,1275,-1737,529,4287,-136,348,718
67.43545,161,1275,-1737,529,4289,-136,349,718
67.43595,160,1275,-1737,529,4289,-136,349,718
67.43645,160,1275,-1736,529,4290,-136,349,718
67.43695,160,1275,-1737,529,4289,-136,349,718
67.43745,161,1275,-1737,529,4287,-136,350,718
67.43795,161,1275,-1737,529,4287,-136,350,717
67.43845,161,1275,-1737,529,4290,-135,350,717
67.43895,161,1275,-1737,529,4286,-136,350,717
67.43945,161,1275,-1737,529,4281,-136,350,717
67.43995,160,1275,-1737,530,4287,-136,349,717
67.44045,161,1275,-1737,530,4325,-136,349,718
67.44095,161,1275,-1737,530,4338,-135,349,718
67.44145,161,1275,-1737,529,4338,-136,349,718
67.44195,161,1275,-1737,529,4322,-136,350,718
67.44245,160,1276,-1737,529,4289,-136,349,717
67.44295,160,1276,-1737,529,4274,-136,349,718
67.44345,160,1276,-1737,529,4269,-135,349,717
67.44395,160,1275,-1737,529,4275,-135,348,718
67.44445,161,1275,-1737,529,4279,-135,348,717
67.44495,160,1276,-1737,529,4284,-136,347,717
67.44545,160,1276,-1737,529,4280,-136,347,717
67.44595,161,1275,-1737,529,4282,-136,347,717
67.44645,161,1275,-1737,529,4286,-135,347,717
67.44695,160,1276,-1737,530,4287,-136,347,718
67.44755,161,1275,-1737,530,4288,-135,347,718
67.44805,160,1275,-1738,531,4291,-136,347,717
67.44855,160,1275,-1738,531,4291,-135,348,717
67.44905,160,1276,-1738,531,4287,-135,348,717
67.44955,161,1275,-1738,531,4287,-135,348,717
67.45005,161,1276,-1738,532,4294,-136,348,718
67.45055,161,1275,-1737,531,4332,-136,348,717
67.45105,161,1276,-1737,530,4340,-136,348,717
67.45155,161,1276,-1737,529,4333,-135,348,718
67.45205,160,1276,-1737,528,4313,-135,349,717
67.45255,160,1276,-1737,527,4289,-136,349,717
67.45305,160,1276,-1737,528,4277,-135,349,717
67.45355,161,1275,-1737,528,4274,-136,349,717
67.45405,160,1275,-1737,528,4282,-135,349,717
67.45455,161,1276,-1737,528,4293,-135,349,717
67.45505,160,1275,-1737,529,4299,-136,349,717
67.45555,160,1275,-1737,528,4302,-136,349,717
67.45605,160,1275,-1737,529,4304,-136,349,717
67.45655,160,1275,-1737,529,4306,-135,348,717
67.45705,160,1275,-1737,529,4308,-136,349,717
67.45755,161,1276,-1737,528,4308,-135,349,717
67.45805,160,1275,-1737,529,4305,-135,348,717
67.45855,160,1276,-1737,529,4302,-136,349,717
67.45905,160,1276,-1737,529,4303,-135,349,717
67.45955,160,1275,-1737,529,4301,-136,349,717
67.46005,161,1275,-1737,529,4304,-135,349,717
67.46055,160,1276,-1738,530,4342,-135,348,717
67.46105,160,1275,-1737,530,4344,-135,348,717
67.46155,160,1275,-1737,529,4341,-135,349,717
67.46205,160,1276,-1736,529,4320,-136,349,717
67.46255,161,1275,-1737,529,4292,-135,349,717
67.46305,160,1275,-1737,529,4285,-136,349,717
67.46355,160,1275,-1737,529,4284,-135,349,717
67.46405,160,1275,-1737,529,4286,-135,349,718
67.46455,160,1276,-1737,529,4292,-135,349,717
67.46505,160,1276,-1738,529,4298,-135,349,717
67.46555,160,1276,-1737,529,4295,-136,349,718
67.46605,160,1275,-1737,529,4294,-135,349,717
67.46655,160,1276,-1737,529,4299,-136,349,717
67.46705,160,1276,-1737,529,4296,-135,349,717
67.46755,160,1275,-1737,529,4294,-135,349,717
67.46805,160,1275,-1737,529,4294,-135,349,718
67.46855,160,1276,-1737,528,4294,-135,349,717
67.46905,160,1275,-1736,529,4299,-135,349,717
67.46955,160,1276,-1736,529,4295,-135,348,717
67.47005,160,1275,-1736,529,4302,-135,349,717
67.47055,160,1276,-1736,529,4340,-135,349,717
67.47105,161,1276,-1737,529,4342,-135,349,717
67.47155,160,1276,-1737,529,4336,-135,349,717
67.47205,160,1276,-1738,529,4317,-135,349,717
67.47255,160,1276,-1737,529,4289,-135,349,717
67.47305,160,1275,-1738,529,4284,-135,349,717
67.47355,160,1276,-1738,529,4289,-135,349,717
67.47405,160,1275,-1738,529,4294,-135,349,717
67.47455,160,1276,-1739,530,4300,-135,348,717
67.47505,160,1275,-1738,529,4301,-135,349,717
67.47555,160,1276,-1738,529,4303,-135,349,717
67.47605,160,1276,-1737,529,4304,-135,349,717
67.47655,160,1276,-1738,529,4305,-135,349,717
67.47705,160,1276,-1737,529,4304,-135,349,717
67.47755,160,1276,-1737,528,4302,-135,349,718
67.47805,160,1276,-1738,529,4303,-135,348,718
67.47855,160,1276,-1738,529,4308,-135,349,717
67.47905,160,1276,-1738,529,4308,-135,349,717
67.47955,160,1275,-1738,529,4298,-135,349,717
67.48005,160,1276,-1738,530,4306,-135,349,717
67.48055,160,1275,-1738,530,4342,-135,349,717
67.48105,160,1276,-1738,529,4347,-135,348,717
67.48155,160,1276,-1737,528,4343,-135,349,717
67.48205,160,1276,-1736,528,4321,-135,349,717
67.48255,160,1276,-1736,529,4295,-135,349,717
67.48305,160,1276,-1736,529,4288,-135,349,717
67.48355,160,1276,-1737,530,4291,-135,349,717
67.48405,160,1276,-1737,529,4296,-135,349,717
67.48455,160,1276,-1738,530,4301,-135,349,717
67.48505,160,1276,-1737,529,4302,-135,349,717
67.48555,160,1276,-1738,529,4303,-135,349,717
67.48605,160,1276,-1738,529,4308,-135,349,717
67.48655,160,1276,-1738,529,4313,-135,348,717
67.48705,160,1276,-1737,529,4316,-135,349,717
67.48755,160,1276,-1737,529,4318,-135,349,717
67.48805,160,1276,-1736,530,4319,-135,349,717
67.48855,160,1276,-1737,529,4320,-135,348,717
67.48905,160,1276,-1737,529,4322,-135,349,717
67.48955,160,1276,-1737,529,4323,-135,348,717
67.49005,160,1276,-1737,529,4337,-135,348,717
67.49055,160,1276,-1737,528,4370,-135,348,717
67.49105,160,1276,-1737,528,4367,-135,349,717
67.49155,160,1276,-1738,528,4360,-135,349,717
67.49205,160,1276,-1738,529,4332,-135,349,717
67.49255,160,1276,-1738,529,4305,-135,349,717
67.49305,160,1276,-1738,529,4298,-135,349,717
67.49355,160,1276,-1738,529,4296,-135,349,717
67.49405,160,1276,-1739,529,4302,-135,348,717
67.49455,160,1276,-1739,529,4310,-135,349,717
67.49505,159,1276,-1739,529,4311,-135,348,717
67.49555,160,1276,-1738,530,4312,-135,348,717
67.49605,160,1276,-1737,529,4313,-135,349,717
67.49655,159,1276,-1736,530,4313,-135,349,717
67.49705,160,1276,-1735,530,4313,-135,348,717
67.49755,160,1276,-1736,530,4312,-135,349,717
67.49805,160,1276,-1736,530,4308,-135,349,717
67.49855,160,1276,-1737,530,4306,-135,349,717
67.49905,160,1276,-1736,530,4308,-135,349,717
67.49955,160,1276,-1737,529,4307,-135,349,717
67.50005,160,1276,-1736,529,4320,-135,348,717
67.50055,160,1276,-1737,529,4356,-135,348,717
67.50105,160,1276,-1737,529,4355,-135,349,717
67.50155,160,1276,-1737,528,4350,-135,348,717
67.50205,160,1276,-1736,528,4324,-135,349,717
67.50255,160,1276,-1736,528,4301,-135,349,717
67.50305,159,1276,-1736,528,4298,-135,348,717
67.50355,159,1276,-1736,528,4301,-135,348,717
67.50405,160,1276,-1737,528,4305,-134,348,717
67.50455,160,1276,-1737,529,4312,-135,348,717
67.50505,159,1276,-1737,529,4315,-135,349,717
67.50555,160,1276,-1737,529,4317,-134,349,717
67.50605,160,1276,-1737,529,4318,-134,348,718
67.50655,159,1276,-1737,530,4320,-135,349,717
67.50705,160,1276,-1737,530,4325,-135,349,718
67.50755,160,1276,-1737,530,4323,-135,349,718
67.50805,160,1276,-1737,530,4325,-135,349,717
67.50855,160,1276,-1736,530,4323,-135,349,718
67.50905,159,1276,-1737,530,4318,-135,349,717
67.50965,160,1276,-1737,530,4318,-135,349,717
67.51015,160,1276,-1737,530,4332,-134,349,717
67.51065,159,1276,-1736,528,4363,-135,349,718
67.51115,159,1276,-1737,528,4359,-135,349,717
67.51165,160,1276,-1737,527,4354,-135,349,717
67.51215,159,1276,-1737,528,4325,-135,349,717
67.51265,159,1276,-1737,528,4299,-135,349,717
67.51315,159,1276,-1737,528,4295,-135,349,717
67.51365,160,1276,-1737,528,4300,-135,349,717
67.51415,160,1276,-1737,528,4305,-135,349,717
67.51465,160,1276,-1738,529,4312,-135,349,717
67.51515,159,1276,-1738,529,4314,-135,349,717
67.51565,160,1276,-1738,529,4316,-135,349,717
67.51615,159,1276,-1737,529,4318,-135,349,717
67.51665,159,1276,-1737,529,4320,-135,349,717
67.51715,160,1276,-1737,530,4319,-135,349,717
67.51765,160,1276,-1737,530,4320,-135,349,717
67.51815,159,1276,-1737,530,4322,-135,349,717
67.51865,159,1276,-1737,530,4321,-135,349,717
67.51915,159,1276,-1737,529,4321,-135,349,718
67.51965,159,1276,-1737,530,4322,-135,349,718
67.52015,160,1276,-1737,530,4345,-135,348,717
67.52065,160,1276,-1737,530,4372,-135,348,718
67.52115,159,1276,-1738,529,4363,-134,348,717
67.52165,159,1276,-1738,529,4358,-135,348,718
67.52215,159,1276,-1737,528,4330,-135,349,717
67.52265,159,1276,-1736,528,4313,-135,349,717
67.52315,159,1276,-1736,528,4308,-134,349,718
67.52365,159,1276,-1735,528,4310,-135,350,717
67.52415,159,1276,-1736,529,4319,-135,349,718
67.52465,160,1276,-1736,529,4319,-134,349,717
67.52515,160,1276,-1736,529,4319,-135,349,717
67.52565,160,1276,-1736,529,4315,-134,350,718
67.52615,160,1276,-1736,528,4318,-135,349,718
67.52665,160,1276,-1737,527,4324,-135,350,717
67.52715,159,1276,-1737,527,4324,-135,349,718
67.52765,159,1276,-1737,528,4320,-135,350,717
67.52815,159,1276,-1737,528,4322,-135,350,717
67.52865,160,1276,-1738,530,4319,-135,350,717
67.52915,160,1276,-1738,530,4319,-135,350,717
67.52965,160,1276,-1738,530,4317,-135,350,717
67.53015,159,1276,-1738,531,4342,-135,349,718
67.53065,160,1276,-1738,530,4367,-135,349,718
67.53115,160,1276,-1737,529,4363,-135,349,718
67.53165,159,1276,-1737,529,4354,-134,349,717
67.53215,160,1276,-1737,528,4322,-135,348,718
67.532646,159,1276,-1737,529,4299,-135,348,717
67.53315,159,1276,-1737,528,4301,-135,349,717
67.53365,159,1276,-1737,529,4299,-135,348,718
67.53415,159,1276,-1738,529,4308,-135,348,717
67.53465,159,1277,-1737,529,4321,-135,348,718
67.53515,159,1276,-1737,529,4320,-135,348,718
67.53565,159,1277,-1737,529,4324,-135,348,718
67.53615,159,1276,-1737,528,4328,-135,348,718
67.53665,159,1276,-1737,529,4328,-135,348,718
67.53715,159,1276,-1737,529,4329,-135,348,717
67.53765,159,1276,-1737,529,4328,-135,349,717
67.53815,159,1276,-1737,529,4323,-135,348,717
67.53865,159,1276,-1737,529,4322,-135,348,718
67.53915,159,1276,-1737,529,4326,-135,348,718
67.53965,159,1276,-1737,530,4330,-135,348,717
67.54015,159,1276,-1737,531,4356,-134,348,718
67.54065,159,1276,-1737,530,4373,-134,348,718
67.54115,159,1276,-1737,530,4370,-135,348,717
67.54165,159,1276,-1737,529,4360,-135,349,718
67.54215,159,1276,-1736,529,4323,-135,349,718
67.54265,159,1276,-1737,529,4308,-135,348,718
67.54315,159,1276,-1736,530,4309,-134,349,718
67.54365,159,1276,-1736,530,4311,-135,349,718
67.54415,159,1276,-1736,530,4315,-135,349,718
67.54465,160,1276,-1737,530,4319,-135,349,717
67.54515,160,1276,-1737,530,4320,-135,349,718
67.54565,160,1276,-1737,529,4318,-135,348,718
67.54615,160,1276,-1737,528,4322,-135,348,718
67.54665,160,1276,-1737,528,4324,-135,349,718
67.54715,160,1276,-1737,528,4323,-135,349,718
67.54765,160,1276,-1736,528,4323,-135,349,718
67.54815,160,1276,-1737,528,4322,-135,348,717
67.54865,160,1276,-1737,528,4321,-135,349,718
67.54915,160,1276,-1736,529,4318,-135,349,718
67.54965,161,1276,-1736,530,4322,-135,348,718
67.55015,160,1276,-1737,531,4356,-135,348,718
67.55065,160,1276,-1737,532,4375,-135,349,717
67.55115,161,1276,-1737,531,4368,-135,348,718
67.55165,160,1276,-1737,531,4348,-135,349,717
67.55215,160,1277,-1737,530,4321,-135,349,717
67.55265,161,1276,-1737,529,4302,-135,349,718
67.55315,160,1276,-1738,528,4301,-135,349,717
67.55365,161,1276,-1738,528,4312,-136,349,717
67.55415,160,1276,-1737,528,4315,-135,349,717
67.55465,160,1277,-1736,529,4318,-135,349,717
67.55515,159,1277,-1736,530,4321,-135,349,718
67.55565,159,1277,-1737,532,4324,-135,349,718
67.55615,158,1277,-1737,532,4331,-135,349,718
67.55665,158,1277,-1738,533,4331,-134,349,718
67.55715,159,1276,-1739,533,4328,-135,349,718
67.55765,159,1276,-1738,533,4329,-134,349,718
67.55815,159,1276,-1738,533,4329,-135,349,717
67.55865,160,1276,-1738,532,4327,-134,349,718
67.55915,159,1276,-1737,531,4322,-134,348,718
67.55965,159,1276,-1737,529,4325,-134,348,718
67.56015,158,1276,-1737,528,4356,-134,348,718
67.56065,158,1277,-1736,526,4368,-135,348,718
67.56115,158,1277,-1736,525,4361,-134,348,718
67.56165,158,1277,-1735,525,4349,-134,348,718
67.56215,158,1276,-1735,525,4318,-135,349,718
67.56265,159,1277,-1735,526,4306,-134,349,718
67.56315,159,1276,-1736,527,4305,-135,348,718
67.56365,159,1277,-1736,528,4307,-134,348,718
67.56415,159,1276,-1736,529,4312,-134,348,718
67.56465,159,1276,-1736,529,4314,-135,348,719
67.56515,159,1276,-1736,529,4312,-134,349,719
67.56565,159,1277,-1737,530,4310,-134,349,719
67.56615,159,1277,-1737,530,4314,-134,348,718
67.56665,159,1277,-1737,529,4318,-135,349,719
67.56715,159,1277,-1738,530,4326,-135,349,718
67.56765,159,1277,-1737,530,4326,-135,349,718
67.56815,159,1277,-1737,529,4330,-135,349,718
67.56865,159,1276,-1737,528,4331,-134,349,718
67.56915,159,1277,-1736,527,4330,-135,348,718
67.56965,159,1276,-1736,527,4332,-134,348,719
67.57015,159,1276,-1736,528,4368,-135,348,719
67.57065,159,1276,-1736,528,4372,-135,348,718
67.57115,159,1276,-1736,529,4363,-134,349,719
67.57165,159,1276,-1736,529,4352,-135,349,718
67.57225,159,1277,-1736,529,4319,-135,349,719
67.57275,159,1277,-1736,529,4311,-134,349,719
67.57325,159,1276,-1736,529,4310,-134,349,718
67.57375,159,1276,-1736,529,4315,-135,349,718
67.57425,159,1276,-1737,529,4327,-134,349,718
67.57475,159,1277,-1737,529,4331,-135,349,718
67.57525,159,1276,-1736,529,4329,-135,349,719
67.57575,159,1276,-1736,529,4327,-135,349,718
67.57625,159,1276,-1736,528,4321,-135,348,718
67.57675,159,1276,-1736,528,4324,-135,348,719
67.57725,159,1277,-1736,529,4325,-135,348,718
67.57775,159,1276,-1736,529,4320,-135,348,718
67.57825,159,1276,-1736,529,4321,-134,349,718
67.57875,159,1276,-1737,530,4320,-135,349,718
67.57925,160,1277,-1736,530,4320,-135,349,718
67.57975,159,1276,-1737,530,4322,-135,349,718
67.58025,159,1276,-1737,530,4354,-135,348,718
67.58075,159,1277,-1737,530,4359,-135,349,718
67.58125,159,1277,-1737,530,4352,-135,349,718
67.58175,159,1276,-1737,529,4332,-135,349,718
67.58225,159,1277,-1737,529,4303,-135,349,719
67.58275,159,1276,-1737,529,4295,-134,349,719
67.58325,159,1277,-1737,529,4293,-135,349,719
67.58375,159,1276,-1737,528,4297,-134,348,719
67.58425,159,1276,-1737,528,4305,-134,349,718
67.58475,160,1277,-1737,528,4309,-134,348,718
67.58525,159,1277,-1736,528,4315,-135,348,718
67.58575,159,1276,-1737,528,4318,-134,348,718
67.58625,158,1277,-1737,529,4319,-134,348,719
67.58675,158,1277,-1736,529,4319,-135,348,718
67.58725,158,1277,-1736,529,4316,-134,349,719
67.58775,158,1277,-1736,529,4322,-135,348,718
67.58825,159,1277,-1736,529,4321,-135,348,718
67.58875,159,1277,-1737,529,4325,-135,348,719
67.58925,159,1277,-1736,530,4327,-134,348,719
67.58975,159,1276,-1737,530,4330,-135,348,719
67.59025,159,1277,-1738,531,4367,-134,347,719
67.59075,159,1277,-1738,530,4372,-135,348,719
67.59125,159,1277,-1738,530,4365,-135,349,719
67.59175,159,1277,-1739,530,4339,-135,349,719
67.59225,159,1277,-1738,529,4311,-135,349,719
67.59275,159,1277,-1737,529,4302,-135,348,718
67.59325,159,1277,-1736,529,4304,-134,349,719
67.59375,159,1276,-1736,528,4314,-135,348,718
67.59425,159,1277,-1735,527,4316,-135,349,719
67.59475,159,1277,-1735,528,4319,-135,349,719
67.59525,159,1276,-1736,528,4314,-134,349,719
67.59575,159,1277,-1736,529,4313,-135,349,719
67.59625,159,1276,-1736,529,4313,-135,349,719
67.59675,159,1276,-1737,528,4309,-135,349,719
67.59725,159,1277,-1737,529,4306,-134,349,719
67.59775,159,1276,-1737,529,4308,-135,349,719
67.59825,159,1277,-1736,529,4308,-135,349,719
67.59875,159,1276,-1736,530,4305,-135,349,719
67.59925,159,1277,-1737,530,4306,-134,349,719
67.59975,159,1276,-1737,530,4316,-135,349,719
67.60025,159,1276,-1737,530,4350,-135,349,719
67.60075,159,1276,-1737,531,4351,-135,349,719
67.60125,159,1276,-1737,531,4345,-135,349,718
67.60175,159,1277,-1737,530,4326,-135,350,719
67.60225,159,1277,-1736,529,4305,-135,349,718
67.60275,158,1277,-1736,528,4299,-135,349,719
67.60325,159,1277,-1736,528,4305,-134,349,719
67.60375,159,1277,-1736,529,4306,-134,349,718
67.60425,159,1277,-1736,529,4310,-135,349,719
67.60475,159,1277,-1736,529,4316,-135,349,719
67.60525,159,1276,-1736,529,4314,-135,349,718
67.60575,159,1277,-1736,529,4318,-135,349,718
67.60625,159,1276,-1736,529,4327,-134,349,719
67.60675,159,1277,-1737,530,4329,-135,349,718
67.60725,159,1276,-1737,529,4324,-135,349,718
67.60775,159,1277,-1737,529,4328,-134,349,719
67.60825,159,1277,-1737,528,4327,-135,349,718
67.60875,159,1277,-1737,528,4320,-135,349,719
67.60925,159,1277,-1737,528,4322,-134,348,719
67.60975,160,1276,-1736,528,4330,-134,348,719
67.61025,160,1277,-1736,529,4364,-135,348,719
67.61075,159,1277,-1736,529,4365,-135,348,719
67.61125,159,1277,-1736,529,4356,-135,348,719
67.61175,159,1277,-1736,529,4332,-134,348,718
67.61225,158,1277,-1736,528,4308,-134,348,718
67.61275,159,1277,-1736,529,4306,-134,348,719
67.61325,158,1277,-1736,529,4308,-134,348,719
67.61375,158,1276,-1736,529,4309,-135,348,719
67.61425,158,1277,-1737,529,4314,-134,347,719
67.61475,159,1277,-1737,528,4316,-134,348,719
67.61525,158,1277,-1737,529,4317,-134,348,719
67.61575,159,1276,-1737,529,4317,-134,348,719
67.61625,158,1277,-1737,529,4319,-134,348,719
67.61675,159,1276,-1738,530,4319,-134,348,719
67.61725,159,1277,-1737,530,4320,-135,348,719
67.61775,159,1276,-1737,530,4320,-135,348,719
67.61825,159,1276,-1737,529,4319,-135,349,719
67.61875,159,1277,-1737,530,4316,-135,349,719
67.61925,159,1277,-1737,530,4316,-135,349,719
67.61975,159,1276,-1737,530,4330,-134,349,719
67.62025,159,1277,-1737,530,4362,-135,350,719
67.62075,159,1277,-1737,529,4362,-135,350,718
67.62125,159,1276,-1737,530,4357,-135,350,718
67.62175,159,1277,-1737,529,4337,-135,351,718
67.62225,158,1277,-1737,529,4316,-135,351,718
67.62275,159,1276,-1736,529,4311,-135,351,718
67.62325,158,1277,-1736,528,4315,-134,350,718
67.62375,159,1276,-1736,528,4319,-135,351,719
67.62425,159,1277,-1736,528,4322,-135,350,719
67.62475,159,1276,-1737,528,4319,-135,350,719
67.62525,159,1276,-1736,528,4317,-135,349,719
67.62575,159,1276,-1736,529,4318,-134,349,718
67.62625,159,1277,-1737,529,4321,-135,349,719
67.62675,159,1277,-1737,529,4326,-135,348,719
67.62725,159,1276,-1737,529,4323,-134,349,718
67.62775,159,1276,-1737,529,4323,-135,348,718
67.62825,159,1277,-1736,529,4328,-134,348,718
67.62875,159,1277,-1737,529,4327,-135,349,719
67.62925,159,1277,-1737,529,4325,-135,348,718
67.62975,159,1277,-1737,530,4334,-134,348,719
67.63025,159,1276,-1737,529,4369,-134,348,719
67.63075,159,1276,-1737,529,4364,-134,349,719
67.63125,158,1277,-1736,529,4353,-135,349,719
67.63175,159,1277,-1737,529,4323,-135,349,718
67.63225,159,1276,-1736,529,4302,-135,349,719
67.63275,159,1276,-1737,529,4302,-135,349,718
67.63325,158,1276,-1736,529,4304,-134,349,719
67.63375,159,1277,-1737,529,4315,-135,349,719
67.63425,159,1277,-1736,529,4320,-134,349,719
67.63475,159,1276,-1737,529,4321,-134,349,718
67.63535,159,1276,-1737,529,4324,-135,349,718
67.63585,159,1276,-1737,529,4331,-135,349,719
67.63635,159,1276,-1737,529,4332,-135,349,719
67.63685,159,1276,-1737,528,4326,-135,349,718
67.63735,159,1276,-1737,528,4325,-135,349,719
67.63785,159,1276,-1737,529,4335,-135,349,719
67.63835,159,1276,-1736,529,4333,-135,349,718
67.63885,159,1276,-1737,529,4331,-135,349,718
67.63935,159,1276,-1737,529,4336,-135,349,718
67.63985,159,1276,-1737,529,4355,-135,349,718
67.64035,159,1276,-1736,529,4383,-135,349,719
67.64085,159,1277,-1736,528,4377,-134,349,719
67.64135,159,1276,-1736,528,4362,-135,349,718
67.64185,159,1276,-1736,528,4335,-134,349,718
67.64235,159,1276,-1736,528,4319,-135,349,718
67.64285,159,1276,-1737,529,4317,-134,349,718
67.64335,159,1276,-1737,529,4318,-135,349,718
67.64385,159,1277,-1737,528,4323,-135,349,718
67.64435,159,1276,-1737,528,4327,-135,349,718
67.64485,159,1276,-1737,529,4326,-135,349,718
67.64535,159,1276,-1737,529,4325,-135,349,718
67.64585,159,1276,-1736,529,4329,-135,349,718
67.64635,158,1277,-1737,529,4330,-135,349,718
67.64685,159,1276,-1737,530,4329,-135,349,718
67.64735,159,1276,-1737,530,4328,-135,349,718
67.64785,159,1277,-1737,530,4328,-135,349,718
67.64835,159,1277,-1737,529,4327,-135,349,718
67.64885,158,1276,-1737,529,4326,-135,349,718
67.64935,158,1277,-1736,529,4325,-135,349,719
67.64985,159,1276,-1737,529,4347,-135,348,719
67.65035,159,1276,-1737,529,4372,-134,349,719
67.65085,159,1277,-1737,529,4368,-135,349,719
67.65135,159,1277,-1738,529,4357,-134,349,718
67.65185,159,1277,-1737,528,4329,-135,349,718
67.65235,158,1277,-1737,529,4314,-135,349,718
67.65285,159,1277,-1736,528,4312,-135,349,718
67.65335,159,1277,-1737,528,4316,-135,349,718
67.65385,159,1277,-1737,529,4326,-135,349,718
67.65435,158,1277,-1737,529,4333,-135,349,718
67.65485,159,1277,-1737,529,4335,-134,349,719
67.65535,159,1277,-1737,529,4336,-135,349,718
67.65585,159,1277,-1737,529,4334,-134,349,718
67.65635,159,1276,-1737,529,4339,-135,349,718
67.65685,159,1277,-1737,529,4342,-135,349,718
67.65735,159,1276,-1737,529,4342,-135,349,718
67.65785,159,1276,-1737,529,4343,-135,348,718
67.65835,158,1277,-1736,530,4340,-135,349,718
67.65885,159,1276,-1737,529,4338,-135,349,718
67.65935,159,1276,-1737,529,4336,-135,349,718
67.65985,159,1276,-1737,530,4360,-135,348,718
67.66035,159,1277,-1737,530,4382,-135,349,718
67.66085,158,1277,-1737,530,4377,-135,349,718
67.66135,158,1277,-1738,529,4368,-135,349,718
67.66185,159,1277,-1738,529,4337,-135,350,718
67.66235,159,1277,-1737,529,4320,-135,349,718
67.66285,159,1277,-1737,529,4319,-135,349,718
67.66335,158,1277,-1736,529,4321,-135,349,718
67.66385,158,1277,-1736,529,4326,-134,349,718
67.66435,159,1277,-1737,529,4331,-135,349,718
67.66485,159,1277,-1737,529,4332,-135,349,718
67.66535,159,1276,-1737,529,4334,-135,348,718
67.66585,159,1277,-1737,528,4335,-135,349,718
67.66635,158,1276,-1737,528,4338,-135,348,718
67.66685,158,1276,-1737,528,4340,-135,349,718
67.66735,158,1277,-1737,529,4341,-135,349,718
67.66785,158,1276,-1737,529,4343,-135,349,718
67.66835,159,1276,-1737,529,4343,-135,349,718
67.66885,158,1277,-1737,529,4341,-135,349,718
67.66935,159,1276,-1736,529,4340,-135,349,718
67.66985,159,1277,-1737,529,4369,-135,349,718
67.67035,159,1276,-1737,529,4393,-135,349,718
67.67085,158,1277,-1737,529,4387,-135,348,718
67.67135,159,1277,-1737,528,4375,-135,349,718
67.67185,158,1277,-1737,529,4341,-135,349,717
67.67235,159,1277,-1737,529,4326,-135,349,718
67.67285,158,1276,-1737,529,4320,-135,348,718
67.67335,159,1277,-1737,529,4328,-135,349,718
67.67385,159,1276,-1737,529,4338,-135,349,718
67.67435,158,1276,-1737,529,4341,-135,349,718
67.67485,159,1276,-1737,529,4341,-135,349,718
67.67535,158,1277,-1737,529,4340,-135,349,718
67.67585,158,1276,-1737,529,4340,-135,349,717
67.67635,158,1277,-1737,529,4338,-135,349,718
67.67685,159,1277,-1737,529,4331,-135,349,717
67.67735,159,1276,-1737,529,4335,-135,349,718
67.67785,159,1277,-1737,529,4336,-135,349,718
67.67835,159,1277,-1737,529,4339,-136,349,718
67.67885,159,1276,-1737,529,4337,-135,349,718
67.67935,159,1276,-1737,529,4336,-135,349,718
67.67985,159,1276,-1737,530,4365,-135,349,718
67.68035,158,1276,-1737,529,4379,-135,349,718
67.68085,158,1277,-1737,529,4371,-135,349,718
67.68135,158,1276,-1737,529,4357,-135,349,717
67.68185,158,1276,-1737,529,4326,-135,349,717
67.68235,158,1277,-1737,530,4309,-136,349,717
67.68285,158,1277,-1737,530,4309,-135,349,717
67.68335,158,1277,-1737,531,4314,-135,349,718
67.68385,159,1276,-1737,531,4322,-135,349,717
67.68435,159,1277,-1737,531,4331,-135,349,718
67.68485,158,1276,-1737,531,4327,-135,349,718
67.68535,159,1277,-1737,531,4333,-135,349,718
67.68585,159,1277,-1737,530,4340,-135,349,718
67.68635,158,1276,-1737,530,4341,-135,349,718
67.68685,158,1276,-1737,530,4341,-135,349,718
67.68735,159,1277,-1737,528,4341,-135,349,718
67.68785,159,1277,-1737,527,4343,-135,349,718
67.68835,159,1277,-1736,527,4343,-135,349,718
67.68885,159,1277,-1737,526,4343,-135,349,718
67.68935,159,1277,-1737,527,4342,-135,348,718
67.68985,159,1276,-1737,528,4375,-135,348,718
67.69035,158,1276,-1737,528,4392,-135,349,718
67.69085,159,1277,-1737,528,4386,-135,348,718
67.69135,159,1277,-1737,528,4369,-135,349,717
67.69185,158,1277,-1736,528,4333,-135,349,718
67.69235,158,1277,-1736,528,4315,-135,349,718
67.69285,158,1277,-1736,529,4316,-135,349,718
67.69335,158,1276,-1736,529,4320,-135,349,718
67.69385,158,1277,-1736,529,4328,-135,350,718
67.69435,158,1277,-1737,528,4333,-135,350,718
67.69485,158,1277,-1737,529,4334,-135,350,718
67.69535,158,1276,-1737,529,4333,-135,350,718
67.69585,159,1276,-1737,529,4334,-135,350,718
67.69635,158,1276,-1737,529,4333,-135,350,718
67.69685,159,1276,-1737,529,4332,-135,350,718
67.69745,158,1276,-1737,529,4331,-135,350,718
67.69795,158,1277,-1737,529,4330,-135,350,718
67.69845,158,1276,-1737,529,4329,-135,350,718
67.69895,159,1277,-1737,529,4326,-135,350,718
67.69945,159,1277,-1737,529,4328,-135,350,718
67.69995,158,1277,-1736,530,4366,-135,349,718
67.70045,159,1277,-1737,529,4374,-135,350,718
67.70095,159,1276,-1736,529,4368,-135,349,718
67.70145,158,1277,-1736,528,4352,-135,349,718
67.70195,158,1277,-1737,529,4319,-135,349,717
67.70245,158,1277,-1736,529,4312,-135,349,717
67.70295,159,1277,-1737,529,4309,-135,348,718
67.70345,159,1277,-1737,529,4317,-135,348,718
67.70395,158,1277,-1737,529,4330,-135,348,718
67.70445,159,1277,-1737,529,4336,-135,348,718
67.70495,158,1277,-1737,529,4338,-135,348,718
67.70545,159,1277,-1737,529,4340,-135,348,718
67.70595,158,1277,-1737,529,4340,-135,348,717
67.70645,159,1277,-1737,529,4339,-135,348,718
67.70695,159,1277,-1737,529,4334,-135,349,718
67.70745,158,1277,-1737,529,4337,-135,348,718
67.70795,158,1277,-1737,529,4338,-136,349,718
67.70845,158,1277,-1737,529,4336,-136,348,718
67.70895,158,1277,-1737,529,4333,-136,349,718
67.70945,158,1277,-1737,529,4336,-135,349,718
67.70995,158,1277,-1737,529,4373,-136,348,717
67.71045,159,1277,-1737,529,4378,-135,349,717
67.71095,158,1277,-1737,529,4367,-135,349,718
67.71145,158,1277,-1737,528,4345,-135,349,718
67.71195,159,1277,-1737,528,4316,-135,349,717
67.71245,158,1277,-1737,529,4312,-135,349,718
67.71295,158,1277,-1737,529,4309,-135,348,718
67.71345,158,1277,-1737,529,4317,-135,349,718
67.71395,158,1277,-1736,529,4325,-135,349,718
67.71445,159,1277,-1737,529,4327,-135,349,718
67.71495,158,1277,-1737,529,4327,-135,348,718
67.71545,159,1277,-1737,529,4328,-135,349,717
67.71595,158,1277,-1737,529,4329,-135,349,718
67.71645,158,1277,-1737,529,4325,-135,349,717
67.71695,158,1277,-1737,529,4326,-135,349,718
67.71745,158,1277,-1737,529,4327,-135,349,718
67.71795,159,1277,-1736,529,4333,-135,349,718
67.71845,159,1277,-1737,529,4333,-135,349,718
67.71895,159,1276,-1737,529,4329,-135,349,718
67.71945,159,1277,-1736,529,4334,-135,349,718
67.71995,158,1277,-1737,529,4372,-135,348,718
67.72045,159,1277,-1737,529,4373,-135,349,718
67.72095,158,1277,-1736,529,4365,-135,349,718
67.72145,159,1277,-1737,529,4342,-136,349,718
67.72195,158,1277,-1737,529,4318,-135,349,718
67.72245,159,1277,-1736,529,4314,-135,348,718
67.722946,158,1277,-1737,529,4318,-136,349,718
67.72345,158,1277,-1737,529,4323,-135,349,718
67.72395,158,1277,-1737,528,4328,-135,349,718
67.72445,158,1277,-1737,528,4328,-135,349,718
67.72495,159,1277,-1736,529,4326,-135,350,718
67.72545,158,1277,-1737,529,4327,-135,350,717
67.72595,158,1277,-1737,529,4329,-136,350,718
67.72645,158,1277,-1736,529,4325,-135,349,718
67.72695,159,1277,-1737,529,4328,-135,350,718
67.72745,158,1277,-1737,529,4330,-135,350,718
67.72795,158,1277,-1737,529,4329,-136,349,718
67.72845,158,1277,-1737,529,4328,-136,349,718
67.72895,158,1277,-1737,529,4325,-135,349,718
67.72945,159,1277,-1737,529,4333,-136,348,718
67.72995,158,1277,-1737,529,4368,-135,348,718
67.73045,158,1277,-1737,529,4368,-135,349,718
67.73095,158,1276,-1737,529,4359,-135,348,718
67.73145,158,1277,-1737,529,4332,-135,349,717
67.73195,158,1277,-1737,529,4300,-136,349,718
67.73245,159,1277,-1737,529,4293,-135,348,718
67.73295,158,1277,-1737,529,4298,-135,348,718
67.73345,158,1277,-1737,529,4308,-135,348,718
67.73395,158,1277,-1737,529,4317,-135,348,718
67.73445,158,1277,-1737,529,4320,-135,349,718
67.73495,158,1277,-1737,529,4321,-135,348,718
67.73545,158,1277,-1737,529,4321,-135,348,718
67.73595,158,1276,-1737,529,4321,-135,348,718
67.73645,158,1277,-1736,529,4322,-135,348,718
67.73695,158,1277,-1737,529,4324,-136,348,718
67.73745,158,1277,-1736,529,4325,-135,348,718
67.73795,158,1277,-1737,529,4326,-135,348,718
67.73845,158,1277,-1737,529,4325,-135,348,718
67.73895,158,1277,-1737,529,4322,-136,349,718
67.73945,158,1277,-1736,529,4333,-135,348,718
67.73995,158,1277,-1737,529,4369,-136,348,718
67.74045,158,1277,-1737,529,4365,-135,349,718
67.74095,158,1277,-1737,529,4355,-135,349,718
67.74145,158,1277,-1737,528,4330,-136,349,718
67.74195,158,1277,-1737,529,4302,-136,348,718
67.74245,159,1277,-1737,529,4300,-135,348,718
67.74295,158,1277,-1737,529,4302,-136,348,718
67.74345,158,1277,-1737,528,4308,-136,348,718
67.74395,158,1277,-1737,529,4316,-136,348,718
67.74445,158,1277,-1737,529,4318,-136,348,718
67.74495,158,1277,-1737,529,4318,-136,348,718
67.74545,158,1277,-1737,529,4317,-136,348,718
67.74595,158,1277,-1737,529,4317,-135,348,718
67.74645,159,1277,-1737,529,4316,-136,348,718
67.74695,159,1277,-1737,529,4315,-136,348,718
67.74745,158,1277,-1737,529,4313,-135,348,718
67.74795,158,1277,-1737,529,4313,-136,348,718
67.74845,159,1277,-1737,529,4311,-135,348,718
67.74895,159,1277,-1737,529,4308,-136,348,718
67.74945,159,1277,-1737,529,4321,-135,348,718
67.74995,158,1277,-1737,530,4357,-136,348,718
67.75045,158,1277,-1737,529,4358,-136,349,718
67.75095,159,1277,-1737,529,4350,-135,349,718
67.75145,159,1277,-1737,529,4323,-136,349,718
67.75195,159,1278,-1737,529,4294,-135,350,718
67.75245,158,1277,-1737,529,4294,-136,349,718
67.75295,158,1278,-1737,529,4295,-136,350,718
67.75345,159,1277,-1737,529,4303,-135,349,718
67.75395,158,1277,-1737,529,4311,-135,350,718
67.75445,158,1277,-1737,529,4315,-135,349,718
67.75495,158,1278,-1737,529,4317,-135,350,718
67.75545,158,1278,-1737,529,4319,-135,349,718
67.75595,158,1278,-1737,529,4320,-136,350,718
67.75645,158,1277,-1737,529,4317,-136,349,718
67.75695,158,1278,-1737,529,4316,-136,350,718
67.75745,158,1277,-1737,529,4318,-136,349,719
67.75795,158,1277,-1737,529,4317,-136,349,718
67.75845,158,1277,-1737,529,4309,-136,349,718
67.75905,159,1277,-1737,529,4308,-136,350,718
67.75955,158,1277,-1737,529,4323,-136,349,718
67.76005,159,1277,-1737,529,4355,-135,349,718
67.76055,158,1278,-1737,529,4348,-136,349,718
67.76105,158,1278,-1737,529,4336,-136,349,718
67.76155,158,1277,-1737,528,4306,-136,350,717
67.76205,159,1278,-1737,529,4282,-136,349,718
67.76255,159,1277,-1737,529,4277,-136,349,718
67.76305,159,1278,-1737,529,4284,-136,349,718
67.76355,159,1278,-1737,529,4291,-136,349,718
67.76405,159,1277,-1737,529,4294,-136,349,718
67.76455,159,1277,-1737,529,4293,-136,349,718
67.76505,159,1277,-1737,529,4292,-136,349,718
67.76555,159,1278,-1737,529,4296,-136,349,718
67.76605,159,1277,-1737,529,4298,-136,349,718
67.76655,159,1278,-1737,529,4300,-136,349,718
67.76705,159,1278,-1737,529,4301,-136,349,718
67.76755,159,1278,-1737,529,4302,-136,350,718
67.76805,159,1278,-1737,529,4303,-136,350,718
67.76855,159,1278,-1737,529,4303,-136,350,718
67.76905,159,1278,-1737,529,4299,-136,350,718
67.76955,159,1277,-1737,530,4315,-136,350,718
67.77005,159,1278,-1737,530,4351,-135,350,718
67.77055,158,1277,-1737,529,4349,-136,350,718
67.77105,158,1278,-1737,529,4341,-136,351,718
67.77155,158,1278,-1737,529,4311,-136,351,718
67.77205,158,1278,-1737,529,4286,-136,350,718
67.77255,158,1278,-1737,529,4286,-136,350,718
67.77305,157,1278,-1737,529,4288,-136,350,718
67.77355,157,1278,-1737,529,4296,-135,350,718
67.77405,157,1278,-1737,529,4303,-136,350,718
67.77455,157,1278,-1737,529,4304,-135,349,718
67.77505,158,1278,-1737,529,4302,-136,349,718
67.77555,158,1278,-1737,529,4302,-135,348,718
67.77605,158,1278,-1737,529,4300,-136,348,718
67.77655,158,1278,-1737,529,4300,-136,348,718
67.77705,158,1278,-1737,529,4300,-135,348,718
67.77755,158,1278,-1737,529,4301,-136,348,718
67.77805,158,1278,-1737,529,4301,-136,348,718
67.77855,158,1278,-1737,529,4299,-136,348,718
67.77905,158,1278,-1737,529,4293,-136,348,718
67.77955,158,1278,-1737,530,4313,-136,348,718
67.78005,158,1278,-1737,530,4342,-136,348,718
67.78055,158,1278,-1737,529,4333,-136,348,718
67.78105,158,1278,-1737,529,4322,-136,348,718
67.78155,158,1278,-1737,528,4291,-136,349,717
67.78205,158,1278,-1737,529,4269,-136,349,717
67.78255,159,1278,-1737,529,4266,-136,349,718
67.78305,158,1278,-1737,529,4270,-136,349,718
67.78355,159,1278,-1737,529,4286,-136,348,718
67.78405,158,1278,-1737,530,4293,-136,349,718
67.78455,158,1278,-1737,530,4295,-136,349,717
67.78505,159,1278,-1737,530,4296,-136,349,718
67.78555,158,1279,-1737,529,4293,-136,349,717
67.78605,158,1278,-1737,529,4297,-136,349,717
67.78655,158,1278,-1737,529,4295,-136,349,718
67.78705,158,1278,-1737,529,4295,-136,349,718
67.78755,159,1278,-1737,529,4302,-135,349,718
67.78805,158,1279,-1737,529,4303,-136,349,718
67.78855,158,1279,-1737,529,4303,-135,349,718
67.78905,158,1278,-1737,529,4301,-135,348,718
67.78955,158,1278,-1737,530,4325,-135,349,718
67.79005,157,1278,-1737,529,4352,-136,349,718
67.79055,158,1278,-1737,529,4347,-135,349,718
67.79105,157,1278,-1737,529,4337,-136,349,718
67.79155,158,1278,-1737,529,4302,-136,349,718
67.79205,159,1278,-1737,529,4278,-136,349,718
67.79255,158,1278,-1737,529,4279,-136,348,718
67.79305,158,1278,-1737,529,4282,-136,348,718
67.79355,158,1278,-1737,530,4291,-136,349,718
67.79405,158,1278,-1737,529,4299,-136,349,718
67.79455,158,1278,-1737,529,4301,-136,349,718
67.79505,158,1279,-1737,529,4303,-136,349,718
67.79555,158,1278,-1737,529,4303,-136,349,718
67.79605,158,1278,-1737,529,4303,-136,349,718
67.79655,158,1278,-1737,529,4299,-136,349,718
67.79705,158,1278,-1737,529,4299,-136,348,718
67.79755,158,1278,-1737,529,4302,-136,349,718
67.79805,158,1278,-1737,529,4303,-135,349,718
67.79855,158,1278,-1737,530,4300,-136,349,718
67.79905,159,1278,-1737,529,4295,-136,349,718
67.79955,159,1278,-1737,530,4321,-136,348,718
67.80005,159,1278,-1737,529,4346,-136,348,718
67.80055,158,1278,-1737,529,4338,-136,348,718
67.80105,158,1278,-1737,529,4327,-136,348,718
67.80155,158,1278,-1737,529,4295,-136,349,718
67.80205,159,1278,-1737,529,4281,-136,348,718
67.80255,159,1279,-1737,529,4283,-135,349,718
67.80305,158,1278,-1737,529,4289,-135,348,718
67.80355,159,1278,-1737,529,4295,-135,349,718
67.80405,159,1278,-1737,529,4301,-135,349,718
67.80455,158,1278,-1737,529,4300,-135,348,717
67.80505,159,1278,-1737,529,4302,-136,349,718
67.80555,159,1278,-1737,529,4303,-135,349,718
67.80605,159,1279,-1737,529,4309,-136,349,718
67.80655,158,1279,-1737,530,4312,-135,349,718
67.80705,158,1279,-1738,530,4311,-136,349,718
67.80755,158,1279,-1738,530,4311,-136,349,718
67.80805,157,1279,-1738,530,4310,-135,349,717
67.80855,158,1279,-1737,529,4306,-136,349,718
67.80905,158,1279,-1737,530,4299,-135,349,717
67.80955,158,1279,-1738,530,4330,-136,348,718
67.81005,158,1278,-1737,530,4349,-135,348,718
67.81055,157,1279,-1737,529,4348,-136,349,718
67.81105,158,1278,-1737,529,4338,-136,349,718
67.81155,158,1279,-1737,529,4303,-136,349,718
67.81205,158,1279,-1737,528,4283,-136,349,717
67.81255,158,1278,-1737,529,4283,-136,349,718
67.81305,158,1279,-1737,529,4282,-136,349,717
67.81355,158,1278,-1737,529,4290,-135,349,718
67.81405,158,1278,-1737,529,4294,-136,349,717
67.81455,158,1279,-1737,529,4301,-136,349,717
67.81505,158,1278,-1737,529,4299,-135,349,717
67.81555,158,1278,-1738,529,4298,-136,349,717
67.81605,158,1279,-1737,529,4300,-135,349,718
67.81655,158,1279,-1737,529,4302,-135,348,717
67.81705,158,1279,-1737,529,4306,-135,349,718
67.81755,158,1278,-1737,529,4304,-135,349,718
67.81805,158,1278,-1737,529,4308,-135,349,717
67.81855,158,1279,-1737,529,4306,-135,349,717
67.81905,158,1279,-1737,530,4298,-136,349,717
67.81955,158,1279,-1737,530,4331,-135,348,718
67.82005,158,1278,-1737,529,4350,-136,349,718
67.82055,158,1279,-1737,529,4348,-136,349,718
67.82115,158,1279,-1737,529,4334,-135,349,718
67.82165,158,1279,-1737,529,4302,-136,349,718
67.82215,158,1279,-1737,529,4289,-135,349,718
67.82265,158,1278,-1737,529,4292,-135,349,718
67.82315,158,1279,-1737,529,4297,-135,349,718
67.82365,158,1279,-1737,529,4306,-135,349,718
67.82415,158,1279,-1737,530,4310,-135,349,718
67.82465,158,1279,-1737,530,4311,-135,349,718
67.82515,158,1279,-1737,530,4310,-135,349,718
67.82565,158,1279,-1737,529,4310,-135,349,718
67.82615,158,1279,-1737,529,4309,-136,349,718
67.82665,158,1279,-1737,529,4309,-135,349,718
67.82715,158,1279,-1737,529,4309,-135,349,718
67.82765,158,1279,-1737,529,4309,-136,349,718
67.82815,158,1279,-1738,529,4308,-135,349,718
67.82865,158,1279,-1737,529,4307,-136,349,718
67.82915,158,1279,-1738,530,4309,-136,349,718
67.82965,158,1278,-1737,530,4346,-135,349,718
67.83015,158,1279,-1737,530,4357,-135,349,718
67.83065,158,1279,-1738,529,4349,-136,349,718
67.83115,158,1279,-1737,529,4332,-135,349,717
67.83165,158,1279,-1738,529,4296,-135,349,718
67.83215,158,1279,-1737,530,4279,-135,349,718
67.83265,158,1279,-1737,529,4287,-135,349,718
67.83315,158,1279,-1737,529,4293,-135,349,718
67.83365,158,1279,-1737,529,4300,-135,349,717
67.83415,158,1278,-1737,529,4305,-135,349,718
67.83465,158,1279,-1737,529,4303,-135,349,718
67.83515,158,1279,-1737,529,4309,-135,349,718
67.83565,158,1279,-1737,529,4311,-135,349,718
67.83615,158,1279,-1737,529,4311,-135,349,718
67.83665,158,1279,-1738,529,4309,-135,349,718
67.83715,158,1279,-1738,530,4312,-135,349,718
67.83765,158,1279,-1738,529,4317,-135,349,718
67.83815,158,1279,-1738,529,4319,-135,350,718
67.83865,158,1279,-1737,529,4318,-135,350,718
67.83915,158,1279,-1737,529,4320,-135,350,718
67.83965,158,1279,-1737,530,4358,-134,350,718
67.84015,158,1279,-1738,530,4366,-135,350,718
67.84065,158,1279,-1737,529,4356,-135,350,718
67.84115,158,1279,-1737,529,4333,-135,350,718
67.84165,158,1279,-1737,530,4299,-135,350,718
67.84215,158,1279,-1737,530,4293,-135,350,718
67.84265,158,1279,-1737,530,4296,-135,350,718
67.84315,158,1279,-1737,530,4302,-135,349,718
67.84365,158,1279,-1737,530,4309,-135,349,718
67.84415,158,1279,-1737,530,4309,-135,349,718
67.84465,158,1279,-1737,529,4307,-135,349,718
67.845146,158,1279,-1737,529,4310,-135,348,718
67.84565,158,1279,-1737,528,4314,-135,348,718
67.84615,158,1279,-1737,528,4314,-135,348,718
67.84665,158,1279,-1737,529,4313,-135,348,718
67.84715,158,1279,-1738,529,4312,-135,348,718
67.84765,158,1279,-1737,529,4312,-134,349,718
67.84815,158,1279,-1738,530,4311,-134,348,717
67.84865,158,1279,-1738,530,4310,-135,348,718
67.84915,158,1279,-1738,529,4310,-135,348,718
67.84965,158,1279,-1738,529,4352,-134,348,718
67.85015,158,1279,-1738,530,4359,-134,348,718
67.85065,158,1279,-1738,529,4353,-134,348,718
67.85115,158,1279,-1737,528,4332,-135,349,718
67.85165,158,1278,-1737,528,4301,-135,349,717
67.85215,158,1278,-1737,529,4291,-134,348,718
67.85265,158,1279,-1737,529,4292,-135,349,717
67.85315,158,1279,-1737,529,4303,-135,349,718
67.85365,158,1279,-1738,529,4310,-135,348,718
67.85415,158,1279,-1737,530,4319,-135,348,718
67.85465,158,1279,-1737,529,4327,-135,349,717
67.85515,158,1278,-1737,529,4328,-134,348,718
67.85565,158,1279,-1738,529,4326,-135,349,718
67.85615,158,1279,-1737,529,4330,-135,349,717
67.85665,158,1279,-1737,529,4332,-134,349,718
67.85715,158,1279,-1738,529,4328,-135,349,718
67.85765,158,1279,-1738,529,4332,-135,349,718
67.85815,158,1279,-1738,529,4333,-135,349,718
67.85865,158,1278,-1737,529,4329,-134,349,718
67.85915,158,1279,-1738,529,4331,-134,348,718
67.85965,158,1279,-1738,530,4367,-134,348,718
67.86015,158,1279,-1738,529,4369,-134,348,718
67.86065,157,1279,-1738,529,4358,-134,349,718
67.86115,157,1279,-1737,529,4332,-134,349,718
67.86165,157,1279,-1737,529,4303,-134,349,718
67.86215,158,1279,-1738,529,4299,-134,349,718
67.86265,158,1279,-1737,530,4304,-134,349,718
67.86315,157,1278,-1738,529,4310,-134,349,718
67.86365,158,1278,-1737,530,4319,-135,349,718
67.86415,158,1279,-1738,529,4323,-134,349,718
67.86465,158,1279,-1737,530,4324,-134,349,718
67.86515,158,1279,-1737,530,4324,-135,349,718
67.86565,158,1279,-1737,530,4325,-134,349,718
67.86615,158,1279,-1738,530,4325,-134,349,718
67.86665,158,1279,-1738,530,4327,-134,349,718
67.86715,158,1279,-1738,530,4327,-134,349,718
67.86765,158,1278,-1738,530,4328,-134,349,718
67.86815,158,1279,-1738,530,4327,-134,348,718
67.86865,158,1279,-1738,529,4324,-134,349,718
67.86915,158,1279,-1738,529,4336,-134,348,718
67.86965,158,1278,-1738,529,4374,-134,348,718
67.87015,158,1278,-1738,529,4376,-134,348,718
67.87065,158,1279,-1738,530,4369,-134,348,718
67.87115,158,1279,-1738,529,4345,-134,348,718
67.87165,157,1279,-1737,528,4316,-134,348,718
67.87215,158,1279,-1738,528,4314,-134,348,718
67.87265,157,1279,-1738,528,4318,-134,348,718
67.87315,158,1279,-1738,529,4324,-134,348,718
67.87365,158,1279,-1739,529,4335,-134,348,718
67.87415,157,1279,-1739,529,4340,-134,348,717
67.87465,157,1279,-1739,529,4339,-134,348,717
67.87515,157,1279,-1738,529,4335,-134,348,718
67.87565,157,1279,-1737,529,4334,-134,347,717
67.87615,157,1279,-1737,529,4336,-134,348,718
67.87665,158,1279,-1737,529,4332,-134,348,718
67.87715,158,1279,-1737,529,4339,-134,348,718
67.87765,158,1278,-1737,529,4344,-134,348,718
67.87815,158,1279,-1737,529,4344,-134,348,718
67.87865,157,1278,-1738,529,4341,-133,348,718
67.87915,157,1279,-1738,529,4348,-133,348,718
67.87965,158,1278,-1738,529,4381,-133,348,718
67.88015,158,1278,-1738,529,4380,-134,349,717
67.88065,158,1279,-1738,529,4366,-134,349,718
67.88115,157,1279,-1737,529,4332,-134,349,717
67.88165,157,1279,-1737,529,4308,-134,349,717
67.88215,158,1279,-1737,530,4301,-134,349,718
67.88265,158,1279,-1737,530,4307,-134,349,718
67.88325,157,1278,-1737,530,4321,-134,349,718
67.88375,158,1279,-1737,530,4333,-134,349,717
67.88425,157,1279,-1737,530,4333,-134,350,717
67.88475,157,1279,-1738,530,4328,-134,349,718
67.88525,158,1278,-1738,530,4332,-134,349,718
67.88575,157,1279,-1738,530,4342,-133,349,718
67.88625,157,1279,-1738,530,4346,-134,350,717
67.88675,157,1278,-1739,530,4346,-133,350,718
67.88725,158,1279,-1739,530,4342,-133,350,718
67.88775,157,1279,-1738,530,4346,-134,350,717
67.88825,157,1278,-1738,530,4348,-133,350,717
67.88875,157,1279,-1738,530,4346,-133,350,717
67.88925,158,1278,-1738,530,4360,-133,349,718
67.88975,157,1278,-1737,529,4395,-133,349,718
67.89025,158,1279,-1737,528,4399,-134,350,717
67.89075,158,1279,-1737,528,4389,-133,349,717
67.89125,157,1278,-1737,528,4355,-134,350,717
67.89175,157,1279,-1737,528,4325,-133,350,717
67.89225,157,1279,-1738,529,4318,-133,350,718
67.89275,158,1279,-1738,529,4322,-134,350,717
67.89325,158,1279,-1738,529,4331,-133,350,718
67.89375,157,1278,-1738,529,4335,-133,350,717
67.89425,158,1279,-1738,529,4342,-133,350,718
67.89475,157,1279,-1738,529,4343,-133,350,718
67.89525,157,1279,-1738,528,4346,-133,350,717
67.89575,157,1279,-1738,529,4347,-133,350,718
67.89625,157,1279,-1738,529,4341,-133,349,717
67.89675,157,1279,-1738,530,4342,-134,349,718
67.89725,157,1279,-1738,530,4337,-133,349,717
67.89775,157,1279,-1738,530,4339,-134,350,718
67.89825,157,1279,-1739,530,4334,-133,349,718
67.89875,158,1279,-1738,530,4333,-133,349,718
67.89925,157,1279,-1738,530,4346,-133,349,718
67.89975,158,1279,-1737,530,4378,-133,349,718
67.90025,157,1279,-1737,529,4378,-133,349,717
67.90075,157,1279,-1738,529,4365,-133,350,718
67.90125,157,1279,-1737,529,4331,-133,351,717
67.90175,157,1279,-1738,529,4310,-133,350,718
67.90225,157,1279,-1737,529,4304,-134,350,718
67.90275,157,1279,-1738,529,4314,-133,350,718
67.90325,157,1279,-1738,529,4324,-134,350,718
67.90375,157,1279,-1738,529,4332,-133,350,718
67.90425,157,1279,-1738,528,4335,-133,350,717
67.90475,157,1279,-1739,529,4338,-133,350,717
67.90525,157,1278,-1738,529,4336,-133,350,717
67.90575,157,1279,-1738,529,4338,-134,350,718
67.90625,157,1279,-1738,529,4343,-133,350,717
67.90675,157,1279,-1738,529,4349,-133,350,718
67.90725,157,1278,-1738,530,4347,-133,350,717
67.90775,157,1279,-1737,530,4350,-133,350,717
67.90825,157,1279,-1738,530,4344,-133,350,718
67.90875,157,1278,-1737,529,4340,-133,349,717
67.90925,157,1278,-1738,530,4363,-133,349,718
67.90975,157,1279,-1738,529,4392,-133,349,718
67.91025,157,1278,-1738,529,4391,-133,349,717
67.91075,157,1278,-1738,529,4383,-133,350,718
67.91125,157,1278,-1738,529,4349,-133,349,717
67.91175,157,1278,-1738,528,4323,-133,350,717
67.91225,157,1278,-1738,529,4317,-132,349,718
67.91275,158,1278,-1738,529,4320,-133,349,718
67.91325,157,1278,-1738,529,4329,-133,349,718
67.91375,157,1278,-1738,529,4338,-133,349,718
67.91425,157,1278,-1738,529,4340,-133,349,718
67.91475,157,1278,-1738,529,4340,-133,349,717
67.91525,157,1278,-1738,529,4339,-133,350,718
67.91575,157,1279,-1738,529,4335,-133,349,717
67.91625,157,1278,-1738,529,4335,-133,349,717
67.91675,157,1278,-1738,529,4333,-133,350,717
67.91725,157,1278,-1738,529,4337,-133,350,718
67.91775,157,1278,-1739,530,4341,-133,350,717
67.91825,157,1278,-1738,529,4346,-133,351,717
67.91875,157,1279,-1737,529,4340,-133,350,717
67.91925,157,1278,-1737,530,4358,-133,350,718
67.91975,157,1278,-1737,529,4387,-133,350,718
67.92025,157,1278,-1737,529,4389,-133,350,717
67.92075,157,1278,-1737,529,4377,-133,351,717
67.92125,157,1278,-1738,529,4338,-133,351,717
67.92175,157,1278,-1738,529,4318,-133,351,717
67.92225,157,1278,-1738,531,4320,-133,351,717
67.92275,158,1278,-1738,531,4328,-133,350,717
67.92325,157,1278,-1738,530,4336,-133,350,718
67.92375,157,1278,-1738,530,4343,-133,349,717
67.92425,157,1278,-1738,529,4345,-133,349,717
67.92475,157,1278,-1737,528,4340,-133,349,717
67.92525,157,1278,-1737,528,4341,-133,349,717
67.92575,157,1278,-1737,528,4342,-133,348,717
67.92625,157,1278,-1737,528,4343,-133,349,717
67.92675,157,1278,-1737,528,4344,-133,348,717
67.92725,158,1278,-1737,529,4346,-133,349,717
67.92775,158,1278,-1737,529,4347,-133,349,717
67.92825,157,1278,-1737,529,4348,-133,348,717
67.92875,158,1278,-1737,530,4347,-133,349,717
67.92925,157,1278,-1738,530,4371,-133,348,717
67.92975,157,1278,-1738,531,4394,-133,348,717
67.93025,157,1278,-1739,530,4387,-133,349,717
67.93075,157,1278,-1739,529,4376,-133,348,717
67.93125,157,1278,-1739,528,4343,-133,349,717
67.93175,157,1278,-1739,528,4322,-133,349,717
67.93225,157,1278,-1738,529,4319,-133,349,717
67.93275,157,1278,-1737,529,4323,-133,349,717
67.93325,157,1278,-1737,530,4330,-133,349,718
67.93375,157,1278,-1736,530,4337,-133,349,717
67.93425,157,1278,-1736,529,4346,-133,349,718
67.93475,157,1278,-1737,529,4346,-133,349,718
67.93525,157,1278,-1737,529,4349,-133,349,717
67.93575,156,1278,-1738,530,4350,-133,349,717
67.93625,156,1278,-1739,531,4344,-133,349,717
67.93675,156,1278,-1740,531,4344,-133,349,717
67.93725,156,1278,-1739,530,4346,-133,349,717
67.93775,157,1278,-1739,529,4346,-133,349,717
67.93825,157,1278,-1739,529,4347,-133,349,717
67.93875,157,1278,-1738,529,4345,-133,349,717
67.93925,157,1277,-1738,529,4370,-132,349,718
67.93975,157,1278,-1737,529,4391,-133,348,717
67.94025,157,1277,-1736,528,4390,-133,349,717
67.94075,157,1278,-1737,528,4370,-133,349,718
67.94125,157,1278,-1736,527,4330,-133,349,717
67.94175,157,1278,-1736,527,4316,-133,349,717
67.94225,157,1278,-1737,528,4311,-133,349,717
67.94275,157,1278,-1738,528,4315,-133,349,717
67.94325,157,1278,-1737,528,4324,-133,349,717
67.94375,157,1278,-1738,529,4333,-133,349,718
67.94425,157,1278,-1737,529,4336,-133,349,717
67.94485,157,1278,-1737,528,4342,-133,349,717
67.94535,157,1278,-1737,528,4339,-133,349,717
67.94585,157,1278,-1737,528,4337,-133,349,718
67.94635,157,1278,-1737,529,4338,-133,349,718
67.94685,158,1278,-1737,529,4342,-133,349,717
67.94735,158,1277,-1737,529,4342,-133,349,718
67.94785,158,1277,-1737,529,4336,-133,349,717
67.94835,158,1278,-1738,529,4335,-133,350,717
67.94885,158,1277,-1738,529,4333,-133,349,717
67.94935,158,1277,-1738,530,4366,-133,349,718
67.94985,158,1277,-1738,529,4385,-133,349,717
67.95035,158,1277,-1738,529,4383,-133,349,717
67.95085,158,1277,-1738,529,4367,-133,349,717
67.95135,158,1277,-1738,529,4332,-133,350,717
67.95185,158,1277,-1738,529,4317,-133,349,717
67.95235,158,1277,-1738,529,4312,-133,350,717
67.95285,158,1278,-1738,529,4315,-133,349,718
67.95335,158,1277,-1737,528,4323,-133,349,717
67.95385,158,1277,-1737,529,4332,-133,349,717
67.95435,157,1277,-1737,529,4332,-133,349,717
67.95485,158,1278,-1738,529,4334,-133,349,717
67.95535,158,1277,-1737,528,4335,-133,349,718
67.95585,157,1278,-1737,528,4334,-133,349,717
67.95635,157,1278,-1737,528,4335,-133,349,717
67.95685,157,1278,-1738,528,4333,-133,349,717
67.95735,156,1278,-1737,529,4334,-133,349,718
67.95785,156,1278,-1738,528,4333,-133,349,717
67.95835,156,1278,-1737,529,4335,-133,349,717
67.95885,156,1278,-1737,529,4328,-133,349,717
67.95935,157,1278,-1738,529,4356,-133,349,718
67.95985,156,1278,-1737,529,4368,-133,349,717
67.96035,157,1277,-1738,528,4365,-133,349,717
67.96085,157,1278,-1738,529,4342,-134,350,717
67.96135,156,1278,-1737,529,4303,-133,350,717
67.96185,157,1278,-1737,529,4292,-133,350,717
67.96235,157,1278,-1738,530,4295,-133,349,717
67.96285,156,1277,-1738,529,4302,-133,350,717
67.96335,157,1278,-1738,530,4311,-133,350,717
67.96385,156,1277,-1738,529,4313,-133,350,717
67.96435,156,1277,-1738,529,4312,-133,350,717
67.96485,156,1277,-1738,529,4314,-133,349,717
67.96535,157,1278,-1738,529,4318,-133,350,717
67.96585,157,1277,-1738,529,4319,-134,349,717
67.96635,157,1277,-1738,528,4321,-134,350,717
67.96685,157,1278,-1738,528,4322,-133,350,717
67.96735,157,1278,-1738,529,4323,-133,349,717
67.96785,157,1278,-1737,529,4323,-133,349,717
67.96835,157,1277,-1738,529,4322,-133,349,717
67.96885,157,1277,-1738,529,4324,-134,349,717
67.96935,157,1278,-1738,530,4359,-133,348,718
67.96985,157,1278,-1738,529,4366,-133,349,717
67.97035,157,1278,-1738,529,4363,-134,349,718
67.97085,157,1278,-1738,529,4341,-133,349,717
67.97135,157,1278,-1737,529,4310,-134,350,717
67.97185,156,1278,-1738,529,4298,-133,349,717
67.97235,157,1277,-1737,529,4294,-134,349,717
67.97285,157,1278,-1738,529,4298,-133,349,717
67.97335,157,1277,-1737,529,4307,-133,349,717
67.97385,157,1277,-1738,529,4309,-134,349,717
67.97435,157,1278,-1737,529,4312,-134,349,717
67.97485,157,1277,-1738,529,4315,-134,349,717
67.97535,157,1277,-1737,529,4314,-134,349,717
67.97585,157,1277,-1738,529,4313,-134,349,718
67.97635,157,1277,-1738,529,4312,-134,349,718
67.97685,157,1278,-1738,529,4317,-134,349,718
67.97735,157,1278,-1738,530,4317,-134,349,718
67.97785,157,1277,-1738,529,4315,-134,349,718
67.97835,157,1277,-1737,529,4312,-134,349,718
67.97885,157,1277,-1738,529,4314,-133,349,718
67.97935,157,1277,-1737,530,4346,-134,349,718
67.97985,157,1277,-1738,530,4349,-133,349,718
67.98035,157,1278,-1737,529,4340,-134,349,718
67.98085,157,1277,-1738,529,4315,-134,349,717
67.98135,157,1278,-1738,529,4277,-134,349,717
67.98185,157,1277,-1737,529,4265,-134,349,718
67.98235,157,1277,-1738,529,4266,-134,349,718
67.98285,157,1278,-1738,529,4280,-134,349,718
67.98335,157,1277,-1737,529,4292,-134,349,718
67.98385,157,1277,-1737,529,4299,-134,349,717
67.98435,157,1278,-1738,529,4302,-134,349,718
67.98485,157,1278,-1738,529,4298,-134,349,718
67.98535,157,1277,-1738,529,4303,-133,349,718
67.98585,157,1277,-1738,529,4306,-134,349,718
67.98635,157,1277,-1738,529,4307,-134,349,718
67.98685,157,1278,-1737,530,4308,-134,349,718
67.98735,157,1278,-1737,529,4308,-135,349,718
67.98785,157,1277,-1738,529,4307,-135,349,718
67.98835,157,1277,-1737,530,4306,-135,349,718
67.98885,157,1277,-1738,530,4317,-134,349,718
67.98935,157,1277,-1737,530,4356,-134,348,718
67.98985,157,1277,-1737,529,4358,-134,349,718
67.99035,157,1277,-1737,529,4350,-134,349,718
67.99085,157,1277,-1737,529,4327,-134,349,718
67.99135,157,1277,-1737,529,4295,-134,349,718
67.99185,157,1278,-1737,529,4287,-134,349,717
67.99235,157,1278,-1737,529,4282,-134,349,718
67.99285,157,1278,-1738,530,4282,-134,349,718
67.99335,157,1277,-1738,530,4294,-134,349,718
67.99385,157,1278,-1738,530,4300,-134,349,718
67.99435,157,1278,-1738,530,4303,-134,349,718
67.99485,157,1278,-1738,530,4304,-134,349,718
67.99535,157,1278,-1737,530,4303,-134,349,718
67.99585,157,1278,-1738,530,4300,-134,349,718
67.99635,157,1278,-1737,529,4296,-134,349,718
67.99685,157,1278,-1737,529,4297,-134,349,718
67.99735,157,1278,-1738,529,4298,-134,349,718
67.99785,157,1278,-1738,530,4298,-134,349,718
67.99835,157,1278,-1737,530,4296,-134,349,718
67.99885,157,1278,-1738,530,4304,-134,349,718
67.99935,157,1277,-1738,530,4338,-134,349,718
67.99985,157,1277,-1738,529,4338,-134,349,718
68.00035,157,1278,-1737,530,4331,-134,350,718
68.00085,157,1278,-1737,529,4303,-134,350,718
68.00135,157,1278,-1738,529,4271,-134,350,718
68.00185,157,1278,-1738,529,4267,-134,350,718
68.00235,158,1278,-1738,529,4270,-134,350,717
68.00285,157,1277,-1737,529,4280,-134,350,718
68.00335,157,1277,-1738,529,4286,-134,350,718
68.00385,157,1278,-1738,529,4293,-134,350,718
68.00435,157,1278,-1737,529,4295,-134,351,718
68.00485,157,1277,-1738,529,4300,-134,350,718
68.00535,157,1278,-1737,530,4304,-134,350,718
68.00585,157,1277,-1737,529,4305,-134,350,718
68.00645,157,1278,-1737,529,4305,-134,349,718
68.00695,158,1277,-1737,529,4305,-134,349,718
68.00745,157,1278,-1737,529,4304,-134,349,718
68.00795,157,1278,-1738,529,4303,-134,348,718
68.00845,158,1278,-1738,529,4300,-134,348,718
68.00895,157,1277,-1738,530,4309,-134,348,718
68.00945,157,1278,-1738,530,4343,-134,348,719
68.00995,157,1278,-1737,530,4341,-135,348,718
68.01045,157,1278,-1737,530,4329,-134,348,718
68.01095,157,1278,-1738,530,4306,-135,349,718
68.01145,157,1278,-1737,529,4280,-135,348,718
68.01195,157,1278,-1738,530,4271,-134,348,719
68.01245,157,1278,-1737,530,4268,-135,349,718
68.01295,158,1278,-1737,530,4269,-134,348,718
68.01345,157,1278,-1738,530,4279,-135,349,718
68.01395,158,1278,-1738,530,4282,-135,349,718
68.01445,158,1278,-1737,530,4286,-135,348,718
68.01495,158,1278,-1738,530,4288,-135,349,718
68.01545,158,1278,-1738,530,4288,-135,349,718
68.01595,158,1278,-1738,530,4288,-135,349,718
68.01645,158,1278,-1738,530,4288,-135,349,718
68.01695,157,1278,-1738,530,4289,-135,348,718
68.01745,158,1278,-1738,530,4289,-135,349,718
68.01795,158,1278,-1738,531,4289,-135,349,718
68.01845,158,1278,-1738,531,4287,-135,348,718
68.01895,158,1278,-1738,531,4297,-135,348,719
68.01945,158,1278,-1737,531,4327,-135,348,718
68.01995,158,1278,-1737,531,4322,-134,348,718
68.02045,158,1278,-1737,531,4318,-135,348,718
68.02095,157,1278,-1737,529,4291,-135,348,718
68.02145,157,1279,-1737,528,4261,-134,348,718
68.02195,157,1278,-1737,528,4258,-135,348,718
68.02245,157,1278,-1738,528,4262,-134,348,719
68.02295,157,1278,-1738,528,4272,-135,348,718
68.02345,157,1278,-1738,529,4276,-135,348,718
68.02395,157,1278,-1738,529,4285,-135,348,719
68.02445,157,1278,-1737,529,4288,-135,348,718
68.02495,157,1278,-1737,529,4284,-135,348,718
68.02545,157,1278,-1737,530,4287,-135,348,719
68.02595,157,1278,-1737,529,4287,-135,348,718
68.02645,157,1278,-1737,529,4283,-135,348,719
68.02695,158,1278,-1737,529,4285,-135,348,718
68.02745,158,1278,-1737,529,4282,-135,348,718
68.02795,158,1278,-1737,530,4282,-135,348,718
68.02845,157,1278,-1737,530,4282,-135,349,718
68.02895,158,1278,-1737,531,4298,-135,348,719
68.02945,157,1278,-1738,531,4331,-135,349,718
68.02995,157,1278,-1738,530,4322,-135,349,718
68.03045,157,1279,-1738,530,4316,-135,349,718
68.03095,157,1278,-1738,530,4289,-135,350,718
68.03145,157,1279,-1738,530,4262,-135,350,718
68.03195,157,1279,-1738,530,4258,-135,350,718
68.03245,157,1279,-1738,530,4256,-135,350,718
68.03295,157,1279,-1738,529,4265,-135,349,718
68.03345,157,1278,-1738,529,4273,-135,350,719
68.03395,157,1278,-1738,529,4276,-135,350,719
68.03445,157,1278,-1737,530,4276,-135,349,719
68.03495,158,1279,-1738,529,4278,-135,349,719
68.035446,157,1278,-1737,529,4278,-135,349,718
68.03595,158,1279,-1738,530,4277,-135,349,719
68.03645,158,1279,-1738,530,4282,-135,349,718
68.03695,157,1279,-1737,530,4285,-135,349,718
68.03745,157,1278,-1738,530,4291,-135,349,718
68.03795,157,1279,-1738,530,4294,-135,349,718
68.03845,158,1278,-1738,529,4293,-135,349,718
68.03895,158,1279,-1738,530,4309,-135,349,719
68.03945,157,1279,-1738,530,4336,-135,349,719
68.03995,158,1279,-1738,530,4326,-135,349,719
68.04045,157,1279,-1738,530,4316,-135,349,718
68.04095,158,1279,-1738,529,4284,-135,349,718
68.04145,158,1279,-1738,530,4262,-135,349,718
68.04195,157,1279,-1738,530,4260,-135,349,718
68.04245,158,1279,-1738,530,4261,-135,348,718
68.04295,158,1279,-1737,530,4270,-135,348,719
68.04345,158,1278,-1738,530,4278,-135,348,719
68.04395,157,1279,-1738,530,4273,-135,348,718
68.04445,158,1279,-1737,530,4274,-135,348,718
68.04495,158,1279,-1738,530,4283,-135,348,718
68.04545,158,1279,-1738,530,4286,-135,349,718
68.04595,158,1279,-1738,530,4286,-135,348,719
68.04645,158,1279,-1738,530,4283,-135,349,719
68.04695,158,1279,-1738,530,4277,-135,348,718
68.04745,158,1279,-1738,530,4275,-135,349,718
68.04795,158,1279,-1738,529,4280,-135,349,718
68.04845,158,1279,-1738,529,4280,-135,349,718
68.04895,158,1279,-1738,529,4302,-135,348,719
68.04945,158,1279,-1738,529,4327,-135,349,719
68.04995,158,1279,-1738,529,4316,-135,349,718
68.05045,158,1279,-1738,529,4306,-135,349,718
68.05095,158,1279,-1738,529,4281,-135,349,718
68.05145,158,1279,-1737,529,4259,-135,349,718
68.05195,157,1279,-1737,530,4256,-135,349,718
68.05245,158,1279,-1738,530,4255,-135,350,718
68.05295,158,1279,-1738,530,4259,-135,349,719
68.05345,158,1279,-1738,530,4267,-135,350,719
68.05395,157,1279,-1738,530,4265,-135,349,718
68.05445,157,1279,-1737,530,4269,-135,349,718
68.05495,158,1279,-1738,530,4279,-135,349,718
68.05545,158,1279,-1738,530,4283,-135,349,718
68.05595,158,1279,-1738,530,4283,-135,349,718
68.05645,158,1279,-1738,530,4283,-135,350,718
68.05695,158,1279,-1738,530,4282,-135,349,718
68.05745,158,1279,-1738,530,4281,-135,349,718
68.05795,158,1279,-1738,530,4280,-135,349,718
68.05845,158,1279,-1738,530,4277,-136,349,718
68.05895,159,1279,-1739,531,4300,-135,349,718
68.05945,158,1279,-1739,530,4321,-135,349,718
68.05995,158,1279,-1739,530,4314,-135,349,719
68.06045,158,1279,-1738,530,4303,-135,349,718
68.06095,158,1279,-1738,529,4265,-136,349,718
68.06145,158,1279,-1737,529,4244,-135,350,718
68.06195,158,1279,-1737,530,4245,-135,349,719
68.06245,158,1279,-1737,530,4247,-136,349,718
68.06295,159,1279,-1738,530,4253,-135,349,718
68.06345,158,1279,-1737,530,4261,-136,349,719
68.06395,158,1279,-1737,530,4266,-135,349,718
68.06445,158,1279,-1738,530,4264,-136,349,718
68.06495,158,1279,-1738,530,4268,-135,349,718
68.06545,158,1279,-1738,530,4269,-136,349,718
68.06595,158,1279,-1738,530,4269,-135,349,718
68.06645,158,1279,-1738,530,4269,-135,349,718
68.06695,158,1279,-1738,530,4270,-136,349,718
68.06745,158,1279,-1738,531,4269,-136,349,718
68.06795,158,1279,-1738,531,4266,-136,349,718
68.06855,158,1279,-1738,531,4266,-136,349,718
68.06905,158,1279,-1739,532,4298,-135,348,718
68.06955,159,1279,-1738,531,4320,-136,349,718
68.07005,158,1279,-1739,531,4313,-135,349,718
68.07055,158,1279,-1739,531,4302,-136,349,718
68.07105,158,1279,-1738,530,4269,-136,349,718
68.07155,158,1280,-1738,530,4252,-135,349,718
68.07205,158,1280,-1738,529,4252,-135,349,718
68.07255,158,1280,-1738,528,4254,-136,349,718
68.07305,158,1280,-1738,529,4262,-135,348,718
68.07355,158,1280,-1738,530,4268,-136,349,718
68.07405,157,1280,-1738,530,4271,-136,349,718
68.07455,157,1280,-1738,530,4274,-135,349,718
68.07505,157,1280,-1738,529,4275,-135,349,718
68.07555,157,1280,-1738,530,4273,-136,349,719
68.07605,158,1280,-1738,529,4268,-136,349,718
68.07655,158,1280,-1738,530,4265,-136,349,718
68.07705,157,1280,-1738,530,4273,-135,349,718
68.07755,157,1280,-1738,530,4275,-136,349,719
68.07805,158,1280,-1738,530,4274,-136,348,718
68.07855,158,1280,-1739,530,4267,-136,348,718
68.07905,158,1279,-1738,530,4300,-135,348,718
68.07955,158,1280,-1739,530,4315,-136,349,718
68.08005,158,1279,-1738,530,4305,-136,349,718
68.08055,158,1280,-1737,530,4291,-136,350,718
68.08105,158,1279,-1737,529,4253,-136,351,718
68.08155,158,1280,-1738,530,4234,-135,350,718
68.08205,158,1280,-1738,530,4233,-136,350,718
68.08255,158,1280,-1738,530,4239,-136,350,718
68.08305,158,1280,-1738,530,4251,-136,350,718
68.08355,158,1279,-1738,531,4258,-136,350,718
68.08405,158,1280,-1738,531,4260,-136,350,718
68.08455,158,1280,-1738,530,4263,-136,350,718
68.08505,158,1279,-1737,531,4268,-136,350,718
68.08555,158,1280,-1738,531,4270,-136,350,718
68.08605,158,1280,-1738,531,4271,-136,350,718
68.08655,158,1280,-1738,531,4273,-136,349,718
68.08705,158,1280,-1738,531,4274,-136,349,718
68.08755,158,1280,-1738,530,4276,-136,348,718
68.08805,158,1280,-1738,531,4277,-136,348,718
68.08855,158,1280,-1738,531,4279,-136,348,718
68.08905,158,1280,-1738,531,4315,-136,347,718
68.08955,158,1280,-1738,530,4328,-136,348,718
68.09005,158,1280,-1739,530,4320,-136,348,718
68.09055,158,1280,-1739,530,4304,-136,348,718
68.09105,158,1280,-1739,529,4270,-136,348,718
68.09155,158,1280,-1739,528,4257,-136,348,718
68.09205,158,1280,-1738,528,4257,-136,348,718
68.09255,158,1279,-1738,528,4256,-136,349,718
68.09305,159,1279,-1738,529,4262,-136,348,718
68.09355,159,1279,-1739,529,4269,-136,348,718
68.09405,159,1280,-1739,530,4270,-136,348,718
68.09455,159,1280,-1739,530,4274,-136,348,718
68.09505,159,1280,-1739,530,4277,-136,348,718
68.09555,159,1279,-1738,530,4278,-136,348,718
68.09605,159,1280,-1738,530,4277,-136,348,718
68.09655,159,1280,-1738,530,4275,-136,349,718
68.09705,159,1280,-1738,530,4274,-136,349,718
68.09755,159,1279,-1738,530,4273,-136,349,718
68.09805,159,1280,-1739,530,4272,-136,349,718
68.09855,159,1280,-1739,530,4276,-136,348,718
68.09905,158,1279,-1739,531,4312,-136,348,718
68.09955,159,1280,-1739,530,4319,-136,349,718
68.10005,158,1280,-1739,530,4311,-136,348,718
68.10055,157,1280,-1739,530,4295,-136,349,718
68.10105,156,1281,-1739,529,4261,-136,349,718
68.10155,156,1280,-1739,529,4249,-136,349,718
68.10205,156,1280,-1738,530,4252,-136,348,718
68.10255,156,1280,-1738,529,4257,-136,348,718
68.10305,156,1280,-1738,529,4271,-136,348,717
68.10355,157,1280,-1738,529,4278,-136,348,718
68.10405,157,1280,-1739,530,4280,-137,348,718
68.10455,157,1280,-1739,530,4287,-136,348,717
68.10505,157,1280,-1738,530,4290,-136,349,717
68.10555,157,1280,-1737,530,4288,-136,349,718
68.10605,157,1280,-1737,530,4288,-136,348,717
68.10655,157,1280,-1737,530,4294,-136,349,717
68.10705,157,1280,-1737,531,4291,-136,349,718
68.10755,157,1280,-1738,531,4289,-136,349,718
68.10805,157,1280,-1738,531,4291,-136,349,717
68.10855,158,1280,-1739,531,4298,-136,348,718
68.10905,158,1280,-1739,532,4333,-136,348,718
68.10955,158,1280,-1739,531,4341,-136,348,718
68.11005,157,1279,-1739,532,4334,-137,349,718
68.11055,157,1280,-1739,531,4313,-136,349,718
68.11105,157,1280,-1739,531,4281,-136,349,718
68.11155,157,1280,-1739,530,4273,-136,348,718
68.11205,158,1280,-1739,529,4275,-136,348,718
68.11255,157,1280,-1738,528,4276,-136,349,718
68.11305,158,1280,-1737,528,4282,-136,348,718
68.11355,157,1279,-1737,528,4287,-136,348,718
68.11405,158,1280,-1736,528,4289,-136,348,718
68.11455,157,1279,-1736,529,4292,-136,348,718
68.11505,158,1280,-1736,529,4293,-136,349,718
68.11555,158,1280,-1737,529,4290,-136,349,718
68.11605,158,1280,-1737,529,4287,-136,348,718
68.11655,158,1280,-1738,529,4290,-136,348,718
68.11705,158,1280,-1738,529,4293,-136,348,719
68.11755,157,1280,-1739,529,4294,-136,348,718
68.11805,158,1280,-1739,530,4289,-136,349,718
68.11855,158,1279,-1738,530,4299,-136,349,719
68.11905,157,1280,-1739,530,4337,-136,348,719
68.11955,157,1280,-1739,530,4333,-136,349,719
68.12005,157,1279,-1738,529,4325,-136,349,718
68.12055,157,1279,-1739,529,4307,-137,349,718
68.12105,158,1280,-1738,529,4280,-137,349,718
68.12155,157,1279,-1739,530,4273,-136,349,717
68.12205,158,1280,-1739,530,4276,-136,349,717
68.12255,157,1280,-1739,530,4276,-136,349,718
68.12305,157,1280,-1739,531,4289,-137,349,718
68.12355,157,1280,-1739,530,4300,-136,349,718
68.12405,158,1280,-1739,530,4302,-137,348,717
68.12455,157,1280,-1739,530,4301,-136,348,718
68.12505,157,1280,-1739,530,4300,-136,348,718
68.12555,157,1280,-1739,530,4303,-136,348,718
68.12605,157,1280,-1739,530,4304,-136,349,718
68.12655,157,1280,-1738,530,4303,-136,348,718
68.12705,157,1280,-1738,530,4302,-136,348,718
68.12755,157,1280,-1738,530,4302,-136,349,718
68.12805,157,1280,-1738,529,4301,-136,348,718
68.12855,157,1280,-1738,530,4309,-136,348,718
68.12905,157,1280,-1739,530,4345,-136,348,718
68.12955,157,1280,-1738,529,4344,-136,348,718
68.13015,157,1280,-1737,529,4334,-136,348,718
68.13065,157,1280,-1737,529,4308,-136,349,718
68.13115,157,1280,-1736,530,4278,-137,348,718
68.13165,157,1280,-1736,530,4272,-136,349,718
68.13215,157,1280,-1737,530,4275,-136,348,718
68.13265,157,1280,-1737,531,4278,-136,349,717
68.13315,157,1280,-1738,531,4282,-136,349,718
68.13365,157,1280,-1738,533,4286,-136,349,718
68.13415,157,1280,-1739,533,4292,-136,349,718
68.13465,157,1280,-1740,534,4298,-136,349,718
68.13515,157,1280,-1740,535,4302,-136,349,718
68.13565,158,1280,-1739,534,4302,-136,349,718
68.13615,157,1280,-1740,533,4301,-136,349,718
68.13665,157,1280,-1739,533,4301,-136,349,718
68.13715,157,1280,-1738,532,4302,-136,349,718
68.13765,157,1280,-1739,531,4302,-136,349,718
68.13815,157,1280,-1738,529,4302,-136,349,718
68.13865,158,1279,-1738,526,4314,-136,348,718
68.13915,157,1279,-1737,525,4349,-136,348,718
68.13965,158,1280,-1738,526,4347,-136,348,718
68.14015,157,1280,-1738,528,4338,-136,348,718
68.14065,157,1279,-1739,529,4313,-136,349,718
68.14115,157,1279,-1738,530,4282,-136,349,718
68.14165,157,1280,-1738,530,4271,-136,349,717
68.14215,157,1279,-1737,530,4270,-136,349,717
68.14265,157,1280,-1738,530,4268,-137,348,718
68.14315,157,1279,-1738,530,4279,-136,348,717
68.14365,157,1279,-1738,530,4291,-136,348,718
68.14415,158,1280,-1738,530,4293,-136,348,717
68.14465,157,1279,-1738,530,4297,-136,349,717
68.14515,158,1279,-1739,530,4294,-136,348,717
68.14565,158,1280,-1739,530,4293,-136,349,718
68.14615,158,1279,-1740,530,4294,-136,349,718
68.14665,158,1279,-1739,529,4299,-136,349,718
68.14715,158,1279,-1739,529,4298,-137,348,718
68.14765,158,1280,-1737,528,4294,-137,348,718
68.14815,157,1279,-1737,528,4291,-136,348,718
68.14865,158,1279,-1736,529,4306,-136,348,718
68.14915,158,1279,-1737,529,4342,-136,348,718
68.14965,158,1279,-1737,530,4340,-136,348,718
68.15015,157,1279,-1738,530,4331,-136,349,718
68.15065,157,1279,-1738,530,4305,-137,349,718
68.15115,158,1279,-1738,530,4278,-137,349,718
68.15165,157,1279,-1738,531,4275,-137,349,718
68.15215,158,1279,-1738,531,4276,-137,349,718
68.15265,158,1279,-1738,530,4278,-137,348,718
68.15315,158,1279,-1737,529,4288,-136,348,718
68.15365,158,1279,-1738,529,4291,-137,348,718
68.15415,158,1279,-1738,529,4294,-136,348,718
68.15465,157,1279,-1739,529,4298,-137,348,718
68.15515,158,1279,-1739,530,4300,-136,348,718
68.15565,158,1280,-1739,530,4297,-136,349,718
68.15615,157,1279,-1739,531,4296,-136,349,718
68.15665,157,1280,-1739,531,4300,-136,349,718
68.15715,157,1279,-1739,531,4301,-137,349,718
68.157646,157,1280,-1739,532,4300,-136,349,718
68.15815,157,1279,-1739,532,4298,-136,349,718
68.15865,157,1279,-1739,532,4310,-136,349,718
68.15915,157,1279,-1739,530,4342,-136,348,718
68.15965,157,1279,-1738,529,4338,-136,348,718
68.16015,157,1279,-1738,528,4327,-136,349,718
68.16065,157,1279,-1738,528,4300,-136,349,718
68.16115,157,1279,-1737,528,4272,-136,349,718
68.16165,157,1279,-1737,528,4265,-136,348,718
68.16215,157,1279,-1737,529,4267,-136,349,718
68.16265,157,1279,-1737,530,4273,-136,349,718
68.16315,157,1279,-1738,531,4283,-136,350,718
68.16365,157,1279,-1738,531,4285,-136,350,718
68.16415,157,1279,-1739,530,4288,-137,350,718
68.16465,157,1279,-1739,530,4291,-136,350,718
68.16515,157,1279,-1739,530,4291,-136,350,717
68.16565,157,1279,-1740,530,4291,-136,350,718
68.16615,157,1279,-1739,530,4287,-136,350,718
68.16665,157,1279,-1739,530,4291,-136,350,718
68.16715,157,1279,-1738,529,4293,-136,350,718
68.16765,158,1279,-1737,528,4294,-137,349,718
68.16815,157,1279,-1736,527,4292,-136,349,718
68.16865,157,1279,-1737,528,4310,-136,348,718
68.16915,157,1280,-1737,528,4341,-136,349,718
68.16965,156,1279,-1737,529,4337,-136,348,718
68.17015,157,1279,-1737,529,4327,-136,349,718
68.17065,157,1279,-1737,529,4298,-136,348,718
68.17115,157,1279,-1738,530,4274,-136,348,718
68.17165,157,1279,-1738,530,4273,-137,348,718
68.17215,157,1279,-1738,530,4277,-136,348,718
68.17265,157,1279,-1738,530,4280,-137,348,718
68.17315,157,1279,-1738,530,4284,-137,348,718
68.17365,157,1279,-1739,530,4289,-137,347,718
68.17415,157,1279,-1738,530,4291,-136,348,718
68.17465,157,1279,-1739,530,4293,-136,348,718
68.17515,157,1279,-1738,530,4295,-136,348,718
68.17565,157,1279,-1738,530,4295,-136,348,718
68.17615,157,1279,-1738,529,4293,-137,347,718
68.17665,157,1279,-1738,528,4291,-136,347,718
68.17715,157,1279,-1739,528,4290,-137,347,718
68.17765,157,1279,-1738,528,4290,-136,348,718
68.17815,157,1279,-1739,529,4288,-137,348,718
68.17865,158,1279,-1738,530,4307,-136,347,718
68.17915,157,1279,-1738,529,4335,-137,347,718
68.17965,157,1279,-1738,529,4326,-137,348,718
68.18015,158,1279,-1738,529,4313,-136,347,718
68.18065,157,1279,-1738,529,4281,-137,348,718
68.18115,157,1279,-1738,529,4258,-137,348,718
68.18165,157,1279,-1738,530,4251,-136,348,718
68.18215,157,1279,-1738,530,4252,-137,347,718
68.18265,157,1279,-1738,530,4259,-137,347,718
68.18315,157,1279,-1738,530,4266,-137,347,718
68.18365,158,1279,-1738,530,4273,-137,348,718
68.18415,158,1279,-1738,530,4279,-137,348,718
68.18465,158,1279,-1738,530,4283,-137,348,718
68.18515,158,1279,-1738,530,4283,-136,348,718
68.18565,157,1279,-1738,530,4283,-137,348,718
68.18615,157,1279,-1738,530,4283,-137,348,718
68.18665,157,1279,-1738,530,4283,-137,348,717
68.18715,157,1279,-1738,530,4281,-137,349,717
68.18765,157,1279,-1738,530,4274,-137,349,718
68.18815,157,1279,-1738,530,4274,-137,349,718
68.18865,157,1279,-1738,531,4309,-137,349,718
68.18915,158,1279,-1739,531,4338,-137,349,718
68.18965,157,1279,-1739,530,4331,-137,349,718
68.19015,157,1279,-1738,530,4320,-137,349,718
68.19065,157,1279,-1739,530,4288,-137,350,717
68.19115,157,1280,-1738,529,4266,-136,349,718
68.19165,157,1279,-1738,530,4259,-137,349,718
68.19215,157,1279,-1738,529,4264,-137,349,718
68.19275,157,1279,-1738,529,4269,-137,349,718
68.19325,157,1279,-1738,530,4272,-137,348,718
68.19375,157,1279,-1739,530,4276,-137,348,718
68.19425,157,1280,-1739,530,4277,-137,349,718
68.19475,157,1279,-1739,529,4280,-137,349,718
68.19525,157,1279,-1738,530,4282,-137,349,718
68.19575,158,1279,-1738,530,4278,-136,349,718
68.19625,158,1279,-1739,530,4277,-136,349,718
68.19675,158,1279,-1739,530,4279,-136,349,718
68.19725,158,1279,-1738,530,4278,-137,349,718
68.19775,158,1279,-1738,530,4277,-137,349,717
68.19825,159,1279,-1738,530,4273,-137,349,718
68.19875,159,1279,-1738,530,4296,-137,349,718
68.19925,159,1279,-1738,530,4320,-137,348,718
68.19975,158,1279,-1738,529,4315,-137,349,718
68.20025,158,1279,-1739,530,4301,-137,349,717
68.20075,158,1279,-1739,530,4267,-137,349,717
68.20125,158,1279,-1739,530,4244,-137,349,717
68.20175,158,1279,-1739,531,4238,-137,349,717
68.20225,158,1279,-1739,531,4242,-137,349,718
68.20275,158,1279,-1739,531,4252,-137,349,718
68.20325,158,1279,-1740,531,4265,-137,349,718
68.20375,158,1279,-1739,531,4271,-137,349,718
68.20425,158,1279,-1738,531,4274,-137,349,718
68.20475,158,1279,-1739,531,4279,-137,349,718
68.20525,158,1279,-1738,530,4281,-137,349,718
68.20575,157,1279,-1738,530,4283,-137,348,718
68.20625,157,1280,-1739,529,4284,-137,348,718
68.20675,156,1280,-1739,529,4284,-137,348,718
68.20725,156,1280,-1739,529,4283,-137,348,718
68.20775,155,1280,-1738,529,4282,-137,348,719
68.20825,156,1280,-1737,529,4278,-137,348,718
68.20875,156,1280,-1736,529,4303,-136,348,719
68.20925,156,1280,-1737,530,4324,-137,348,718
68.20975,156,1280,-1738,530,4314,-137,348,718
68.21025,156,1280,-1738,530,4302,-137,348,718
68.21075,157,1280,-1739,530,4269,-137,348,718
68.21125,157,1280,-1740,530,4252,-137,348,718
68.21175,157,1280,-1740,531,4252,-137,348,718
68.21225,157,1280,-1740,531,4254,-137,348,718
68.21275,157,1280,-1739,531,4259,-137,348,718
68.21325,157,1280,-1739,531,4259,-137,348,718
68.21375,157,1280,-1738,530,4261,-137,348,718
68.21425,157,1280,-1738,530,4263,-137,349,718
68.21475,157,1279,-1738,530,4264,-138,349,718
68.21525,157,1280,-1738,530,4268,-137,348,718
68.21575,157,1280,-1739,530,4269,-138,349,718
68.21625,157,1280,-1738,530,4268,-137,349,718
68.21675,157,1280,-1738,530,4268,-137,349,718
68.21725,157,1279,-1738,529,4268,-138,349,718
68.21775,158,1279,-1738,530,4268,-137,349,718
68.21825,158,1279,-1737,530,4267,-138,349,718
68.21875,158,1279,-1738,530,4300,-137,348,718
68.21925,157,1279,-1738,529,4312,-137,349,718
68.21975,158,1279,-1738,529,4303,-137,349,718
68.22025,157,1280,-1739,529,4286,-137,349,718
68.22075,157,1279,-1738,530,4253,-137,349,718
68.22125,157,1280,-1738,529,4239,-137,349,718
68.22175,157,1280,-1738,530,4238,-137,349,718
68.22225,158,1280,-1738,529,4242,-137,349,717
68.22275,158,1279,-1738,529,4250,-138,349,718
68.22325,158,1279,-1738,529,4255,-137,349,718
68.22375,158,1280,-1738,530,4264,-138,349,718
68.22425,158,1280,-1738,530,4269,-137,349,718
68.22475,158,1280,-1738,531,4269,-138,349,718
68.22525,157,1280,-1738,531,4267,-137,349,718
68.22575,157,1280,-1739,530,4267,-138,349,717
68.22625,157,1280,-1738,530,4265,-138,349,717
68.22675,157,1280,-1739,530,4260,-137,349,718
68.22725,157,1280,-1739,530,4258,-138,349,718
68.22775,157,1280,-1740,531,4261,-137,349,717
68.22825,157,1280,-1740,531,4266,-137,348,717
68.22875,158,1280,-1740,532,4299,-137,349,718
68.22925,157,1280,-1740,532,4308,-138,349,717
68.22975,157,1280,-1740,532,4303,-138,349,718
68.23025,157,1280,-1740,533,4280,-138,349,717
68.23075,157,1280,-1740,533,4247,-138,349,717
68.23125,157,1280,-1739,533,4232,-138,349,717
68.23175,157,1280,-1737,532,4231,-138,349,718
68.23225,158,1280,-1737,530,4236,-138,348,718
68.23275,157,1280,-1736,528,4244,-138,348,717
68.23325,157,1280,-1737,527,4252,-138,348,717
68.23375,157,1280,-1737,528,4250,-137,348,718
68.23425,157,1280,-1738,528,4252,-138,348,718
68.23475,157,1280,-1738,528,4262,-138,349,717
68.23525,157,1280,-1739,529,4262,-138,348,717
68.23575,157,1280,-1738,529,4253,-138,349,717
68.23625,157,1280,-1739,530,4254,-138,349,717
68.23675,157,1280,-1739,530,4258,-138,349,717
68.23725,157,1280,-1738,530,4259,-138,349,717
68.23775,157,1280,-1738,530,4260,-138,348,718
68.23825,158,1280,-1738,530,4265,-138,349,717
68.23875,157,1280,-1738,531,4306,-138,347,718
68.23925,158,1280,-1738,531,4309,-138,348,717
68.23975,157,1280,-1738,530,4302,-138,348,718
68.24025,158,1280,-1738,530,4278,-138,349,717
68.24075,157,1280,-1738,529,4247,-138,349,718
68.24125,158,1280,-1738,529,4233,-138,348,718
68.24175,158,1280,-1738,529,4232,-138,349,718
68.24225,158,1280,-1739,529,4234,-138,348,718
68.24275,157,1280,-1738,529,4239,-138,349,718
68.24325,157,1280,-1738,529,4248,-137,348,718
68.24375,158,1280,-1739,530,4251,-137,349,718
68.24425,158,1280,-1739,530,4253,-137,349,718
68.24475,158,1280,-1739,530,4256,-137,348,718
68.24525,158,1280,-1739,531,4256,-137,349,718
68.24575,158,1280,-1739,530,4256,-137,349,718
68.24625,158,1280,-1738,530,4255,-137,349,718
68.24675,158,1280,-1739,530,4253,-138,349,718
68.24725,157,1280,-1738,530,4252,-137,348,718
68.24775,157,1280,-1739,530,4250,-138,348,718
68.24825,157,1280,-1738,530,4255,-138,349,718
68.24875,157,1280,-1738,531,4292,-138,349,718
68.24925,157,1280,-1739,530,4295,-138,349,718
68.24975,157,1280,-1739,530,4288,-138,350,718
68.25025,157,1280,-1739,530,4265,-138,350,717
68.25075,157,1280,-1738,530,4233,-138,350,718
68.25125,157,1280,-1739,530,4221,-138,350,718
68.25175,157,1280,-1739,531,4227,-138,350,718
68.25225,158,1280,-1739,531,4233,-138,350,718
68.25275,157,1280,-1739,531,4239,-138,350,718
68.25325,157,1280,-1738,531,4239,-138,350,718
68.25375,157,1280,-1739,530,4243,-138,350,718
68.25425,157,1280,-1739,530,4247,-138,349,718
68.25485,157,1280,-1738,529,4250,-138,349,718
68.25535,157,1280,-1738,530,4256,-138,349,717
68.25585,157,1279,-1738,530,4257,-138,349,717
68.25635,157,1280,-1738,530,4252,-139,348,717
68.25685,157,1280,-1738,531,4251,-138,348,717
68.25735,157,1280,-1739,531,4252,-138,348,717
68.25785,157,1280,-1739,530,4252,-138,348,717
68.25835,157,1280,-1739,531,4259,-138,347,717
68.25885,157,1279,-1739,530,4294,-138,347,718
68.25935,157,1280,-1739,529,4293,-138,347,718
68.25985,157,1280,-1739,529,4288,-138,348,717
68.26035,158,1280,-1738,529,4263,-138,348,717
68.26085,157,1280,-1738,529,4228,-138,348,717
68.26135,157,1280,-1737,529,4217,-138,348,717
68.26185,158,1280,-1737,529,4216,-138,348,717
68.26235,157,1280,-1738,529,4223,-138,348,717
68.26285,158,1280,-1738,529,4231,-138,348,717
68.26335,157,1280,-1738,530,4237,-138,348,718
68.26385,158,1280,-1738,529,4241,-138,348,717
68.26435,157,1280,-1738,530,4248,-138,348,718
68.26485,157,1280,-1738,530,4246,-138,348,718
68.26535,157,1280,-1738,531,4249,-138,348,717
68.26585,157,1280,-1738,530,4250,-138,348,717
68.26635,157,1280,-1739,530,4245,-138,348,717
68.26685,157,1280,-1738,530,4245,-138,348,717
68.26735,158,1280,-1738,530,4244,-138,348,717
68.26785,157,1280,-1738,530,4243,-138,348,717
68.26835,158,1280,-1739,531,4257,-138,348,717
68.26885,158,1280,-1738,530,4296,-138,348,717
68.26935,158,1280,-1739,530,4298,-138,348,717
68.26985,157,1280,-1738,530,4290,-138,348,717
68.27035,158,1280,-1739,530,4263,-138,348,717
68.27085,157,1280,-1738,530,4235,-138,348,717
68.27135,157,1280,-1738,530,4232,-138,348,717
68.27185,157,1280,-1738,530,4236,-138,348,718
68.27235,157,1280,-1738,529,4242,-138,348,717
68.27285,158,1280,-1738,530,4252,-138,348,717
68.27335,157,1280,-1739,530,4251,-138,348,717
68.27385,157,1280,-1739,530,4255,-139,348,717
68.27435,158,1280,-1739,530,4257,-138,348,717
68.27485,158,1280,-1739,530,4260,-138,348,717
68.27535,157,1280,-1740,530,4259,-138,348,717
68.27585,157,1280,-1739,530,4257,-139,349,717
68.27635,158,1280,-1739,530,4260,-138,348,717
68.27685,158,1280,-1739,530,4261,-138,348,717
68.27735,157,1280,-1738,530,4261,-139,348,717
68.27785,157,1280,-1738,530,4260,-138,348,717
68.27835,158,1280,-1738,531,4270,-139,348,717
68.27885,157,1280,-1738,531,4303,-139,348,717
68.27935,158,1280,-1738,530,4301,-139,348,717
68.27985,158,1280,-1739,530,4289,-139,348,717
68.28035,157,1280,-1739,530,4259,-139,348,717
68.28085,158,1280,-1738,530,4230,-139,348,717
68.28135,158,1280,-1738,529,4225,-139,348,717
68.28185,158,1280,-1738,530,4221,-139,348,716
68.28235,158,1280,-1737,530,4227,-139,348,717
68.28285,158,1280,-1738,530,4240,-139,349,717
68.28335,158,1280,-1738,530,4241,-139,348,717
68.28385,158,1280,-1738,530,4246,-139,349,716
68.28435,157,1280,-1738,530,4250,-139,348,717
68.28485,158,1280,-1738,530,4259,-139,348,717
68.28535,157,1280,-1738,530,4258,-138,348,717
68.28585,157,1280,-1739,530,4256,-139,348,717
68.28635,157,1280,-1739,530,4258,-139,348,717
68.28685,158,1280,-1739,530,4259,-138,348,717
68.28735,157,1280,-1738,530,4260,-139,348,717
68.28785,157,1280,-1738,530,4260,-139,348,717
68.28835,158,1280,-1738,530,4275,-139,348,717
68.28885,158,1280,-1738,530,4310,-139,348,717
68.28935,158,1280,-1739,530,4309,-139,348,717
68.28985,158,1280,-1738,530,4300,-139,348,717
68.29035,157,1280,-1739,530,4271,-139,348,717
68.29085,157,1280,-1739,530,4244,-139,348,717
68.29135,157,1281,-1739,530,4240,-138,348,717
68.29185,157,1281,-1738,530,4243,-139,348,717
68.29235,157,1280,-1739,529,4245,-139,348,717
68.29285,157,1281,-1738,529,4250,-138,348,717
68.29335,156,1280,-1738,529,4250,-139,348,717
68.29385,157,1280,-1738,529,4254,-139,348,717
68.29435,157,1280,-1739,530,4257,-139,348,717
68.29485,157,1280,-1739,529,4259,-139,348,716
68.29535,157,1280,-1739,530,4264,-139,348,717
68.29585,157,1280,-1739,530,4269,-139,348,717
68.29635,157,1280,-1739,530,4264,-138,348,717
68.29685,157,1280,-1739,530,4260,-139,348,717
68.29735,157,1280,-1739,530,4259,-139,348,717
68.29785,157,1280,-1739,530,4258,-139,348,717
68.29835,158,1280,-1739,530,4272,-139,348,717
68.29885,157,1280,-1738,530,4305,-139,348,717
68.29935,157,1280,-1738,530,4301,-139,348,717
68.29985,158,1280,-1738,530,4293,-139,348,717
68.30035,157,1281,-1738,531,4266,-139,348,717
68.30085,157,1280,-1738,531,4241,-139,348,716
68.30135,158,1280,-1738,531,4236,-139,348,716
68.30185,158,1280,-1738,531,4242,-139,348,717
68.30235,158,1280,-1738,531,4248,-139,348,716
68.30285,158,1280,-1738,530,4252,-139,348,717
68.30335,157,1280,-1738,530,4263,-139,348,716
68.30385,158,1280,-1738,530,4266,-139,348,716
68.30435,157,1280,-1738,530,4274,-139,348,716
68.30485,158,1280,-1739,531,4277,-139,348,716
68.30535,157,1280,-1739,531,4279,-139,348,716
68.30585,158,1280,-1739,531,4279,-139,348,717
68.30635,157,1280,-1739,530,4280,-139,348,716
68.30685,157,1280,-1738,530,4275,-139,348,717
68.30735,157,1280,-1738,529,4275,-139,348,716
68.30785,157,1280,-1738,529,4271,-139,348,716
68.30835,157,1280,-1738,530,4298,-139,348,717
68.30885,157,1280,-1738,530,4329,-139,347,717
68.30935,157,1280,-1738,530,4319,-139,348,717
68.30985,157,1280,-1738,530,4306,-139,348,717
68.31035,157,1280,-1738,529,4275,-139,348,716
68.31085,157,1280,-1738,529,4253,-139,348,716
68.31135,157,1280,-1739,530,4257,-139,348,717
68.31185,157,1280,-1739,530,4261,-139,348,716
68.31235,157,1280,-1739,529,4261,-139,348,717
68.31285,157,1280,-1738,529,4266,-139,348,717
68.31335,157,1280,-1738,529,4265,-139,348,716
68.31385,157,1280,-1738,530,4267,-139,348,716
68.31435,157,1280,-1738,529,4274,-139,348,717
68.31485,157,1280,-1739,530,4278,-139,348,717
68.31535,158,1280,-1739,530,4271,-139,348,717
68.31585,157,1280,-1739,530,4270,-139,349,717
68.31635,157,1280,-1740,530,4276,-139,348,717
68.31685,157,1280,-1740,530,4279,-139,348,717
68.31745,157,1280,-1740,530,4280,-139,348,717
68.31795,157,1280,-1739,530,4280,-139,348,716
68.31845,157,1280,-1739,530,4303,-139,348,717
68.31895,157,1280,-1738,530,4334,-139,349,717
68.31945,157,1280,-1737,530,4325,-139,349,716
68.31995,157,1280,-1737,529,4312,-139,349,716
68.32045,157,1280,-1737,530,4283,-139,350,716
68.32095,157,1280,-1737,530,4264,-139,350,717
68.32145,157,1280,-1738,529,4262,-139,350,716
68.32195,157,1280,-1738,530,4257,-139,349,716
68.32245,157,1280,-1738,530,4266,-139,350,716
68.32295,157,1280,-1738,530,4275,-139,349,717
68.32345,157,1280,-1738,530,4277,-139,349,717
68.32395,157,1280,-1738,530,4278,-139,349,716
68.32445,157,1280,-1738,530,4279,-139,348,716
68.32495,157,1280,-1738,529,4287,-139,348,716
68.32545,157,1279,-1737,530,4289,-139,348,716
68.32595,157,1280,-1738,530,4288,-139,347,716
68.32645,157,1280,-1738,529,4287,-139,347,717
68.32695,157,1280,-1738,530,4285,-139,347,716
68.32745,158,1280,-1738,530,4281,-139,346,717
68.32795,157,1280,-1738,530,4282,-139,346,717
68.32845,157,1280,-1738,531,4306,-139,346,717
68.32895,157,1280,-1738,530,4328,-139,346,716
68.32945,157,1280,-1738,530,4323,-139,346,717
68.32995,157,1280,-1738,530,4314,-139,347,717
68.33045,157,1280,-1739,530,4275,-139,347,716
68.33095,157,1280,-1739,530,4255,-139,347,716
68.33145,157,1280,-1739,530,4260,-139,347,716
68.33195,157,1280,-1739,530,4263,-139,347,716
68.33245,157,1280,-1739,530,4269,-139,347,716
68.33295,157,1280,-1739,529,4273,-139,347,717
68.33345,157,1279,-1739,529,4272,-139,347,717
68.33395,157,1280,-1739,529,4273,-139,347,716
68.33445,157,1280,-1738,529,4275,-139,348,716
68.33495,158,1279,-1739,529,4283,-139,348,717
68.33545,158,1280,-1738,530,4287,-139,348,717
68.33595,158,1279,-1738,530,4282,-139,348,716
68.33645,158,1279,-1738,530,4281,-139,348,716
68.33695,157,1279,-1739,531,4287,-139,349,717
68.33745,158,1279,-1738,531,4288,-139,348,716
68.33795,158,1280,-1739,532,4282,-139,349,716
68.33845,158,1279,-1738,533,4316,-139,348,717
68.33895,158,1280,-1739,532,4336,-139,349,716
68.33945,158,1280,-1738,532,4324,-139,349,717
68.33995,158,1280,-1738,532,4314,-139,349,716
68.34045,157,1280,-1739,532,4278,-139,349,716
68.34095,157,1280,-1739,532,4265,-139,349,717
68.34145,157,1280,-1739,531,4260,-139,349,716
68.34195,158,1280,-1739,529,4255,-139,348,717
68.34245,157,1280,-1738,528,4264,-138,349,717
68.34295,157,1280,-1738,527,4270,-139,348,717
68.34345,157,1280,-1738,527,4274,-139,348,717
68.34395,157,1280,-1738,528,4280,-139,348,716
68.34445,157,1280,-1738,529,4283,-138,348,717
68.34495,156,1280,-1738,529,4289,-139,348,717
68.34545,157,1280,-1738,529,4286,-139,348,717
68.34595,156,1280,-1738,530,4285,-139,348,717
68.34645,155,1280,-1739,530,4285,-138,348,717
68.34695,156,1280,-1738,530,4282,-139,348,717
68.34745,156,1280,-1739,530,4279,-139,348,717
68.347946,156,1280,-1738,530,4279,-139,348,717
68.34845,157,1280,-1739,530,4312,-139,348,717
68.34895,157,1279,-1739,530,4332,-139,348,717
68.34945,157,1279,-1738,530,4326,-139,348,717
68.34995,157,1280,-1739,530,4312,-139,349,716
68.35045,156,1279,-1739,530,4278,-139,349,717
68.35095,157,1279,-1739,530,4267,-139,349,717
68.35145,157,1280,-1738,531,4265,-139,349,717
68.35195,157,1280,-1739,531,4265,-139,349,716
68.35245,157,1279,-1739,531,4269,-139,349,717
68.35295,157,1280,-1739,532,4279,-139,349,717
68.35345,157,1280,-1738,531,4282,-139,349,717
68.35395,157,1280,-1739,531,4284,-139,348,717
68.35445,157,1279,-1739,531,4288,-139,348,717
68.35495,157,1280,-1739,531,4292,-139,349,716
68.35545,157,1280,-1739,531,4293,-139,348,716
68.35595,157,1280,-1739,532,4300,-139,349,716
68.35645,157,1280,-1738,530,4305,-138,348,717
68.35695,156,1280,-1738,530,4305,-138,348,717
68.35745,157,1280,-1738,528,4298,-139,348,717
68.35795,157,1280,-1738,527,4297,-138,348,717
68.35845,157,1280,-1738,527,4331,-138,347,717
68.35895,157,1280,-1738,527,4341,-138,347,718
68.35945,156,1280,-1738,528,4334,-138,348,717
68.35995,157,1280,-1738,528,4319,-139,348,717
68.36045,157,1280,-1738,528,4278,-138,348,717
68.36095,157,1280,-1738,529,4264,-138,348,717
68.36145,157,1280,-1739,530,4265,-138,348,717
68.36195,157,1280,-1739,530,4262,-138,348,717
68.36245,157,1279,-1739,530,4268,-138,348,717
68.36295,157,1279,-1738,531,4273,-139,348,717
68.36345,157,1280,-1739,531,4278,-138,348,717
68.36395,157,1280,-1738,530,4281,-138,348,717
68.36445,157,1279,-1738,529,4284,-139,348,717
68.36495,157,1279,-1738,529,4286,-139,348,717
68.36545,157,1280,-1738,530,4286,-139,348,717
68.36595,157,1280,-1738,530,4286,-138,348,717
68.36645,157,1279,-1738,529,4287,-138,348,717
68.36695,157,1280,-1738,529,4287,-139,349,717
68.36745,157,1280,-1738,529,4286,-139,348,716
68.36795,157,1280,-1738,529,4290,-139,348,717
68.36845,157,1280,-1739,530,4331,-138,348,717
68.36895,157,1280,-1739,530,4333,-138,348,717
68.36945,157,1280,-1739,530,4325,-138,348,717
68.36995,157,1280,-1739,530,4305,-139,348,716
68.37045,157,1280,-1739,529,4271,-139,348,716
68.37095,157,1280,-1738,530,4267,-139,348,716
68.37145,157,1280,-1738,530,4269,-138,348,716
68.37195,157,1280,-1738,530,4273,-138,348,717
68.37245,156,1280,-1739,530,4279,-138,348,717
68.37295,157,1280,-1738,530,4276,-138,348,717
68.37345,157,1280,-1739,530,4273,-139,348,717
68.37395,157,1280,-1739,531,4277,-139,348,717
68.37445,157,1280,-1739,531,4278,-139,348,716
68.37495,157,1280,-1740,531,4279,-139,348,717
68.37545,157,1280,-1740,531,4285,-138,348,716
68.37595,157,1280,-1740,531,4280,-139,349,717
68.37645,157,1280,-1739,531,4280,-139,348,717
68.37695,157,1279,-1738,530,4275,-139,349,717
68.37745,157,1280,-1737,530,4271,-139,349,717
68.37795,157,1280,-1737,530,4275,-139,349,717
68.37845,157,1280,-1738,530,4311,-139,348,717
68.37895,157,1280,-1738,530,4313,-139,349,717
68.37955,157,1280,-1738,531,4303,-139,349,717
68.38005,157,1280,-1738,531,4281,-139,349,716
68.38055,157,1280,-1739,531,4248,-139,349,717
68.38105,157,1280,-1738,531,4242,-139,350,717
68.38155,157,1280,-1738,530,4240,-139,349,717
68.38205,157,1280,-1738,528,4239,-139,349,718
68.38255,157,1280,-1738,528,4244,-139,349,717
68.38305,157,1280,-1738,528,4252,-139,349,717
68.38355,157,1280,-1738,528,4253,-139,348,717
68.38405,157,1280,-1738,529,4259,-139,349,717
68.38455,157,1280,-1739,529,4263,-139,348,717
68.38505,157,1280,-1739,529,4266,-139,349,717
68.38555,157,1280,-1738,529,4268,-139,348,717
68.38605,157,1280,-1739,530,4268,-138,349,717
68.38655,157,1280,-1739,530,4268,-138,348,717
68.38705,157,1280,-1739,529,4267,-138,348,717
68.38755,157,1280,-1738,529,4265,-138,349,717
68.38805,157,1280,-1738,530,4277,-138,348,718
68.38855,156,1280,-1738,531,4317,-138,348,718
68.38905,157,1280,-1738,531,4325,-138,349,717
68.38955,156,1280,-1738,530,4317,-138,349,718
68.39005,157,1280,-1738,530,4286,-138,349,717
68.39055,156,1280,-1738,530,4257,-139,350,717
68.39105,157,1280,-1738,530,4246,-139,350,718
68.39155,157,1280,-1739,530,4248,-139,350,718
68.39205,157,1280,-1739,530,4255,-139,350,717
68.39255,157,1280,-1739,530,4260,-139,350,717
68.39305,157,1280,-1739,530,4253,-139,350,717
68.39355,157,1280,-1739,530,4253,-139,350,717
68.39405,157,1280,-1739,529,4257,-139,350,717
68.39455,157,1280,-1739,528,4259,-139,350,717
68.39505,157,1280,-1738,528,4261,-139,349,717
68.39555,157,1280,-1738,529,4261,-139,349,717
68.39605,157,1280,-1738,529,4263,-138,349,717
68.39655,157,1280,-1738,530,4265,-139,348,717
68.39705,157,1280,-1738,530,4264,-139,348,717
68.39755,157,1280,-1739,530,4262,-139,348,717
68.39805,157,1280,-1739,530,4272,-138,347,717
68.39855,157,1280,-1739,530,4307,-139,347,717
68.39905,157,1280,-1739,530,4307,-139,347,717
68.39955,157,1280,-1739,530,4299,-139,348,717
68.40005,157,1280,-1739,530,4272,-139,348,717
68.40055,157,1280,-1739,530,4241,-139,349,717
68.40105,157,1280,-1739,529,4237,-139,348,717
68.40155,157,1281,-1738,529,4239,-139,348,717
68.40205,156,1280,-1737,530,4240,-139,348,717
68.40255,157,1280,-1737,530,4246,-139,348,717
68.40305,157,1280,-1738,530,4250,-139,348,717
68.40355,157,1280,-1738,530,4257,-139,348,717
68.40405,157,1280,-1738,530,4263,-139,348,717
68.40455,157,1280,-1739,530,4268,-139,348,718
68.40505,157,1280,-1739,530,4273,-139,348,717
68.40555,157,1280,-1740,531,4279,-139,348,717
68.40605,157,1280,-1740,531,4276,-139,348,717
68.40655,157,1280,-1740,531,4274,-139,348,717
68.40705,157,1280,-1739,531,4273,-139,348,717
68.40755,157,1281,-1739,531,4271,-139,348,717
68.40805,157,1280,-1739,532,4281,-139,348,718
68.40855,157,1280,-1739,532,4315,-139,348,718
68.40905,157,1281,-1739,532,4318,-139,348,717
68.40955,157,1280,-1739,531,4308,-139,349,717
68.41005,156,1281,-1739,530,4275,-139,349,718
68.41055,156,1280,-1739,529,4243,-139,348,717
68.41105,156,1281,-1739,529,4241,-139,348,717
68.41155,156,1281,-1740,529,4239,-139,348,717
68.41205,157,1280,-1740,529,4239,-139,348,717
68.41255,157,1280,-1739,529,4246,-139,348,717
68.41305,157,1280,-1739,528,4249,-139,348,717
68.41355,157,1280,-1738,528,4247,-139,348,717
68.41405,157,1280,-1737,528,4251,-139,348,717
68.41455,157,1280,-1738,529,4253,-139,348,717
68.41505,156,1280,-1738,529,4255,-139,348,717
68.41555,157,1280,-1738,529,4260,-139,348,717
68.41605,157,1280,-1738,530,4261,-139,348,717
68.41655,157,1280,-1738,530,4262,-139,348,717
68.41705,156,1280,-1738,530,4262,-139,348,717
68.41755,157,1280,-1738,530,4262,-139,348,717
68.41805,157,1280,-1738,531,4275,-139,348,717
68.41855,157,1280,-1739,531,4308,-139,348,717
68.41905,157,1280,-1738,530,4304,-139,348,717
68.41955,157,1280,-1739,530,4295,-139,348,717
68.42005,157,1281,-1739,530,4270,-140,349,717
68.42055,157,1280,-1739,531,4242,-140,349,717
68.42105,158,1280,-1739,531,4238,-139,348,717
68.42155,158,1280,-1739,531,4242,-139,348,717
68.42205,157,1280,-1739,531,4242,-139,348,717
68.42255,157,1280,-1739,531,4247,-140,349,717
68.42305,157,1280,-1738,530,4250,-140,348,717
68.42355,158,1280,-1738,529,4256,-139,348,717
68.42405,158,1280,-1738,529,4261,-139,348,717
68.42455,157,1280,-1738,529,4265,-140,348,717
68.42505,157,1280,-1738,529,4265,-139,348,717
68.42555,157,1280,-1738,529,4263,-139,348,717
68.42605,157,1280,-1738,529,4263,-139,348,717
68.42655,157,1280,-1739,529,4261,-139,348,717
68.42705,158,1281,-1738,529,4257,-140,348,717
68.42755,157,1280,-1738,529,4255,-140,348,717
68.42805,158,1280,-1738,530,4273,-139,348,717
68.42855,157,1280,-1739,529,4307,-140,347,717
68.42905,157,1280,-1738,530,4304,-139,348,717
68.42955,157,1281,-1739,530,4295,-139,348,717
68.43005,157,1280,-1740,530,4264,-139,348,717
68.43055,157,1281,-1740,530,4235,-139,349,717
68.43105,157,1280,-1740,530,4229,-139,348,717
68.43155,157,1281,-1740,530,4232,-140,348,717
68.43205,156,1280,-1739,530,4237,-139,348,717
68.43255,157,1280,-1738,530,4243,-140,348,717
68.43305,157,1280,-1737,530,4243,-140,348,717
68.43355,157,1281,-1737,531,4246,-140,348,717
68.43405,157,1280,-1737,531,4250,-140,349,717
68.43455,157,1280,-1738,531,4253,-140,348,717
68.43505,157,1280,-1738,531,4254,-140,348,717
68.43555,157,1281,-1738,531,4254,-140,348,717
68.43605,157,1281,-1738,531,4255,-140,348,717
68.43655,156,1281,-1739,530,4259,-139,348,717
68.43705,156,1281,-1739,530,4259,-140,348,717
68.43755,157,1280,-1739,529,4258,-140,348,717
68.43805,157,1281,-1739,530,4277,-139,348,717
68.43855,157,1280,-1738,529,4308,-139,347,717
68.43905,157,1280,-1738,528,4305,-140,348,717
68.43955,157,1281,-1738,529,4296,-140,348,717
68.44005,157,1281,-1738,529,4264,-139,348,717
68.44055,157,1280,-1738,529,4238,-140,348,717
68.44105,157,1280,-1738,529,4235,-139,349,717
68.44155,157,1281,-1738,529,4236,-140,348,717
68.44215,157,1281,-1738,529,4237,-140,348,717
68.44265,157,1281,-1739,529,4242,-140,348,717
68.44315,157,1281,-1740,529,4246,-139,348,717
68.44365,157,1281,-1741,530,4250,-140,348,717
68.44415,157,1281,-1741,530,4255,-139,348,717
68.44465,157,1280,-1741,530,4259,-139,348,717
68.44515,157,1281,-1740,530,4263,-140,348,717
68.44565,157,1281,-1739,531,4265,-140,348,717
68.44615,157,1280,-1738,531,4265,-140,348,717
68.44665,157,1281,-1737,530,4263,-140,347,717
68.44715,157,1280,-1738,530,4261,-140,348,717
68.44765,157,1281,-1738,529,4258,-140,347,717
68.44815,157,1280,-1738,530,4279,-139,347,717
68.44865,157,1281,-1739,529,4307,-140,347,717
68.44915,157,1281,-1738,529,4302,-139,347,717
68.44965,157,1281,-1738,529,4292,-140,347,717
68.45015,157,1280,-1737,530,4261,-140,347,717
68.45065,157,1281,-1738,530,4238,-140,348,717
68.45115,157,1280,-1739,530,4237,-140,348,717
68.45165,157,1280,-1739,530,4239,-139,348,717
68.45215,157,1281,-1739,529,4246,-140,348,717
68.45265,157,1281,-1739,530,4252,-140,347,717
68.45315,157,1281,-1739,530,4255,-140,348,717
68.45365,157,1280,-1739,530,4254,-140,348,717
68.45415,157,1280,-1739,530,4258,-140,348,717
68.45465,157,1281,-1738,530,4263,-140,348,717
68.45515,157,1281,-1738,530,4267,-139,348,717
68.45565,157,1281,-1738,530,4273,-140,348,717
68.45615,157,1280,-1738,530,4275,-140,348,717
68.45665,157,1280,-1738,530,4275,-140,348,717
68.45715,157,1281,-1738,529,4275,-140,348,717
68.45765,157,1280,-1738,529,4273,-140,349,717
68.45815,157,1280,-1738,530,4296,-139,349,717
68.45865,157,1280,-1738,530,4320,-139,349,717
68.45915,157,1280,-1738,530,4311,-139,350,717
68.45965,157,1280,-1740,531,4301,-140,350,717
68.46015,157,1281,-1740,530,4269,-140,350,717
68.46065,157,1281,-1739,530,4247,-140,350,717
68.46115,157,1281,-1739,530,4246,-140,350,717
68.46165,157,1281,-1739,530,4249,-140,350,717
68.46215,157,1280,-1738,530,4251,-140,350,717
68.46265,157,1281,-1738,529,4256,-139,350,717
68.46315,157,1281,-1738,529,4257,-140,350,717
68.46365,157,1280,-1737,529,4262,-140,349,717
68.46415,157,1281,-1737,528,4267,-139,350,717
68.46465,157,1281,-1737,529,4270,-140,349,717
68.46515,157,1281,-1738,529,4272,-140,348,717
68.46565,156,1281,-1738,529,4273,-139,348,717
68.46615,156,1281,-1738,529,4274,-139,348,717
68.46665,156,1280,-1738,529,4274,-140,348,717
68.46715,157,1281,-1739,530,4272,-140,348,717
68.46765,156,1280,-1739,530,4272,-140,347,717
68.46815,157,1280,-1737,530,4305,-139,347,717
68.46865,157,1280,-1737,529,4326,-140,347,717
68.46915,157,1280,-1737,529,4320,-140,347,717
68.46965,156,1281,-1738,529,4307,-140,348,716
68.470146,157,1281,-1738,529,4274,-140,349,717
68.47065,157,1281,-1738,529,4259,-140,348,717
68.47115,157,1280,-1738,530,4255,-140,348,717
68.47165,156,1281,-1739,530,4258,-140,349,717
68.47215,157,1281,-1738,530,4263,-140,348,717
68.47265,157,1281,-1739,530,4269,-140,348,717
68.47315,157,1281,-1738,530,4270,-140,349,717
68.47365,157,1281,-1739,530,4271,-139,348,717
68.47415,156,1281,-1739,530,4275,-140,348,717
68.47465,156,1282,-1739,531,4276,-140,348,717
68.47515,157,1281,-1739,531,4276,-139,348,717
68.47565,157,1281,-1739,531,4278,-140,348,717
68.47615,157,1281,-1739,530,4280,-140,348,717
68.47665,157,1281,-1738,530,4279,-140,348,717
68.47715,157,1281,-1738,530,4278,-140,348,717
68.47765,157,1281,-1738,530,4276,-140,348,717
68.47815,158,1281,-1738,531,4306,-139,347,717
68.47865,158,1281,-1738,531,4323,-139,348,717
68.47915,158,1281,-1738,531,4317,-139,348,717
68.47965,157,1281,-1739,531,4303,-140,348,717
68.48015,157,1281,-1738,530,4266,-140,349,717
68.48065,157,1281,-1739,530,4245,-140,348,717
68.48115,157,1281,-1739,530,4244,-139,348,717
68.48165,157,1280,-1739,530,4247,-139,348,717
68.48215,157,1281,-1739,529,4248,-139,348,717
68.48265,158,1281,-1739,529,4253,-139,348,717
68.48315,157,1280,-1739,529,4257,-140,348,717
68.48365,157,1280,-1740,529,4261,-140,348,717
68.48415,158,1280,-1740,529,4268,-139,348,717
68.48465,157,1280,-1740,530,4272,-140,348,717
68.48515,157,1280,-1740,530,4275,-140,348,717
68.48565,156,1281,-1740,530,4277,-139,348,717
68.48615,156,1281,-1739,530,4277,-139,348,717
68.48665,155,1281,-1738,530,4278,-139,348,717
68.48715,155,1281,-1737,531,4277,-139,348,717
68.48765,156,1281,-1737,531,4278,-139,348,718
68.48815,156,1281,-1738,532,4315,-139,348,717
68.48865,156,1281,-1738,532,4332,-139,348,717
68.48915,156,1281,-1739,532,4322,-139,348,717
68.48965,156,1281,-1739,532,4304,-139,348,717
68.49015,156,1281,-1739,531,4270,-139,348,717
68.49065,156,1281,-1739,531,4256,-139,348,717
68.49115,156,1281,-1739,530,4256,-139,348,717
68.49165,156,1281,-1739,530,4258,-139,348,717
68.49215,156,1281,-1738,529,4264,-139,348,717
68.49265,156,1281,-1738,528,4267,-139,348,717
68.49315,157,1281,-1738,528,4268,-139,348,717
68.49365,157,1281,-1737,528,4267,-139,348,717
68.49415,156,1281,-1737,529,4268,-139,348,717
68.49465,157,1281,-1737,529,4272,-139,348,717
68.49515,156,1281,-1737,529,4273,-139,348,717
68.49565,157,1281,-1738,530,4276,-139,348,717
68.49615,157,1281,-1738,530,4278,-139,348,717
68.49665,157,1281,-1738,530,4276,-139,348,717
68.49715,156,1281,-1738,530,4274,-139,348,717
68.49765,156,1281,-1738,529,4275,-139,348,717
68.49815,156,1281,-1739,529,4310,-139,348,717
68.49865,157,1281,-1739,529,4315,-139,348,717
68.49915,157,1281,-1740,529,4306,-139,348,717
68.49965,156,1281,-1740,529,4290,-139,348,717
68.50015,156,1281,-1741,530,4258,-139,349,716
68.50065,157,1281,-1740,530,4247,-139,348,716
68.50115,156,1281,-1739,531,4253,-139,348,716
68.50165,156,1281,-1739,531,4259,-139,348,716
68.50215,157,1281,-1739,531,4260,-139,348,717
68.50265,156,1281,-1738,532,4261,-139,348,717
68.50315,156,1281,-1738,532,4259,-139,349,717
68.50365,156,1281,-1738,532,4261,-139,349,717
68.50415,157,1281,-1739,531,4268,-139,349,717
68.50475,157,1281,-1739,531,4273,-139,348,717
68.50525,157,1280,-1739,531,4278,-139,348,717
68.50575,157,1281,-1739,531,4279,-139,348,717
68.50625,157,1280,-1739,529,4279,-139,348,717
68.50675,157,1281,-1737,528,4276,-139,348,717
68.50725,157,1280,-1737,527,4273,-139,348,718
68.50775,157,1281,-1736,528,4280,-139,348,718
68.50825,156,1280,-1737,528,4323,-139,348,718
68.50875,157,1280,-1737,529,4328,-139,348,718
68.50925,157,1280,-1738,529,4317,-139,349,718
68.50975,157,1281,-1738,529,4294,-139,349,717
68.51025,157,1281,-1738,530,4259,-139,349,717
68.51075,156,1281,-1738,530,4243,-139,348,717
68.51125,157,1281,-1738,530,4244,-140,349,718
68.51175,156,1281,-1738,530,4249,-139,348,718
68.51225,156,1281,-1738,530,4261,-139,348,718
68.51275,156,1281,-1738,530,4266,-139,348,718
68.51325,156,1281,-1739,530,4265,-139,348,718
68.51375,157,1281,-1738,530,4261,-139,348,717
68.51425,157,1281,-1738,529,4264,-139,348,717
68.51475,157,1281,-1738,529,4261,-139,348,717
68.51525,156,1281,-1738,529,4260,-139,348,718
68.51575,156,1281,-1738,529,4265,-139,348,717
68.51625,157,1281,-1738,530,4273,-139,348,717
68.51675,157,1281,-1738,530,4271,-139,348,717
68.51725,156,1281,-1739,530,4268,-139,348,717
68.51775,157,1281,-1739,531,4276,-139,348,718
68.51825,157,1281,-1739,531,4313,-139,348,718
68.51875,156,1281,-1739,531,4320,-138,348,717
68.51925,157,1281,-1738,531,4312,-139,348,717
68.51975,156,1281,-1739,531,4284,-139,349,717
68.52025,157,1281,-1739,531,4250,-139,348,717
68.52075,156,1281,-1739,530,4241,-139,349,717
68.52125,156,1281,-1738,528,4244,-139,348,717
68.52175,156,1281,-1738,528,4250,-139,348,718
68.52225,157,1281,-1738,529,4254,-139,348,717
68.52275,156,1281,-1739,530,4261,-139,348,718
68.52325,156,1281,-1739,530,4262,-139,348,718
68.52375,156,1281,-1739,530,4267,-139,348,717
68.52425,157,1280,-1739,530,4270,-139,348,717
68.52475,157,1280,-1739,530,4267,-139,348,718
68.52525,156,1281,-1738,529,4267,-139,348,717
68.52575,157,1280,-1738,528,4273,-139,348,717
68.52625,156,1281,-1738,529,4267,-139,348,717
68.52675,156,1281,-1738,529,4265,-139,348,717
68.52725,157,1281,-1738,529,4264,-139,349,717
68.52775,156,1280,-1738,530,4274,-139,349,717
68.52825,157,1280,-1738,530,4310,-139,349,717
68.52875,157,1280,-1738,530,4310,-139,349,717
68.52925,157,1280,-1738,530,4302,-139,349,717
68.52975,157,1281,-1738,529,4275,-139,349,717
68.53025,157,1280,-1738,530,4244,-139,349,717
68.53075,157,1281,-1738,530,4236,-139,349,717
68.53125,157,1281,-1738,530,4237,-139,349,717
68.53175,157,1280,-1738,529,4240,-139,349,717
68.53225,157,1281,-1738,530,4246,-139,349,717
68.53275,157,1281,-1739,530,4250,-139,349,717
68.53325,157,1281,-1738,530,4251,-139,348,717
68.53375,157,1280,-1738,530,4252,-139,348,717
68.53425,157,1281,-1738,530,4258,-139,348,717
68.53475,157,1281,-1738,530,4260,-139,347,717
68.53525,157,1281,-1738,530,4263,-139,347,717
68.53575,157,1281,-1739,530,4267,-139,347,717
68.53625,157,1281,-1739,530,4268,-139,347,717
68.53675,157,1280,-1739,530,4270,-139,346,717
68.53725,157,1280,-1739,530,4270,-139,347,717
68.53775,157,1280,-1739,530,4281,-139,347,717
68.53825,157,1280,-1739,530,4318,-139,346,718
68.53875,157,1281,-1739,530,4317,-139,347,717
68.53925,157,1281,-1739,530,4313,-140,347,717
68.53975,156,1281,-1738,530,4286,-139,348,717
68.54025,156,1281,-1739,530,4255,-139,348,717
68.54075,156,1281,-1738,530,4246,-140,348,717
68.54125,157,1281,-1738,530,4248,-139,348,717
68.54175,156,1281,-1738,530,4251,-139,348,717
68.54225,157,1281,-1738,530,4252,-139,348,717
68.54275,156,1280,-1738,530,4253,-139,348,717
68.54325,157,1281,-1738,530,4254,-139,348,717
68.54375,157,1281,-1738,530,4259,-139,348,717
68.54425,156,1281,-1738,530,4265,-139,348,717
68.54475,156,1281,-1738,530,4268,-139,348,717
68.54525,156,1281,-1738,530,4270,-139,349,717
68.54575,156,1281,-1739,530,4269,-139,348,717
68.54625,156,1281,-1738,530,4268,-139,349,717
68.54675,156,1281,-1739,530,4264,-139,349,717
68.54725,156,1281,-1738,530,4261,-139,349,717
68.54775,157,1280,-1738,531,4276,-139,348,718
68.54825,156,1280,-1738,530,4313,-139,348,717
68.54875,156,1280,-1738,530,4315,-139,348,718
68.54925,157,1281,-1739,530,4304,-139,348,717
68.54975,157,1281,-1740,530,4279,-139,348,718
68.55025,156,1281,-1739,530,4250,-139,348,717
68.55075,157,1281,-1739,530,4247,-139,348,717
68.55125,156,1280,-1739,530,4244,-139,348,717
68.55175,157,1281,-1739,530,4249,-139,348,717
68.55225,157,1281,-1739,530,4256,-139,348,717
68.55275,157,1280,-1739,530,4260,-139,348,718
68.55325,157,1280,-1739,530,4262,-139,348,717
68.55375,157,1281,-1738,530,4266,-139,348,717
68.55425,157,1280,-1739,531,4268,-139,348,717
68.55475,156,1281,-1739,530,4268,-139,348,717
68.55525,156,1281,-1739,530,4271,-139,348,717
68.55575,156,1281,-1738,529,4275,-139,348,717
68.55625,156,1281,-1739,529,4279,-139,348,717
68.55675,156,1281,-1739,529,4279,-139,348,718
68.55725,156,1281,-1739,529,4278,-139,348,717
68.55775,156,1280,-1739,530,4294,-139,348,717
68.55825,157,1280,-1739,530,4321,-139,348,718
68.55875,157,1280,-1738,530,4317,-139,348,717
68.55925,156,1281,-1739,530,4311,-139,348,717
68.55975,156,1281,-1738,530,4278,-139,349,717
68.56025,156,1281,-1738,530,4248,-139,348,717
68.56075,156,1281,-1738,529,4241,-139,348,717
68.56125,156,1280,-1738,530,4243,-139,348,717
68.56175,156,1281,-1739,530,4249,-139,348,717
68.56225,157,1281,-1738,530,4251,-139,348,717
68.56275,156,1281,-1739,530,4252,-139,348,717
68.56325,156,1280,-1739,530,4254,-139,348,718
68.56375,156,1280,-1739,530,4257,-139,348,718
68.56425,157,1280,-1739,530,4266,-139,348,717
68.56475,156,1281,-1739,530,4269,-139,348,717
68.56525,156,1280,-1738,530,4267,-139,348,717
68.56575,156,1281,-1738,530,4266,-139,348,717
68.56625,157,1281,-1739,530,4268,-139,348,717
68.56675,156,1281,-1738,530,4268,-139,348,717
68.56735,156,1281,-1739,530,4267,-139,348,717
68.56785,157,1281,-1738,531,4285,-139,348,718
68.56835,156,1280,-1739,530,4317,-139,348,718
68.56885,156,1281,-1739,530,4319,-139,348,717
68.56935,157,1281,-1739,530,4310,-139,348,717
68.56985,156,1281,-1739,529,4276,-139,349,717
68.57035,157,1280,-1739,530,4250,-139,348,717
68.57085,156,1281,-1738,530,4246,-139,348,717
68.57135,157,1281,-1739,530,4250,-139,348,717
68.57185,157,1280,-1739,530,4258,-139,348,717
68.57235,157,1280,-1739,530,4265,-139,348,717
68.57285,157,1281,-1738,530,4268,-139,348,717
68.57335,157,1281,-1738,530,4269,-139,348,717
68.57385,157,1281,-1739,530,4268,-139,348,718
68.57435,156,1280,-1739,530,4273,-139,348,717
68.57485,156,1281,-1739,530,4278,-139,348,717
68.57535,156,1281,-1740,530,4276,-139,348,717
68.57585,156,1281,-1739,530,4277,-139,348,717
68.57635,157,1281,-1739,530,4276,-139,348,717
68.57685,156,1281,-1739,530,4275,-139,348,717
68.57735,156,1281,-1738,530,4273,-139,348,717
68.57785,156,1281,-1738,530,4293,-139,348,718
68.57835,157,1281,-1738,530,4321,-139,347,717
68.57885,156,1281,-1738,530,4318,-139,347,717
68.57935,156,1280,-1739,530,4304,-139,347,717
68.57985,157,1280,-1738,530,4273,-139,348,717
68.58035,156,1281,-1738,530,4249,-139,347,717
68.58085,157,1280,-1738,530,4244,-139,348,717
68.58135,157,1280,-1739,530,4244,-139,347,717
68.58185,157,1280,-1738,530,4249,-139,348,717
68.58235,157,1280,-1739,529,4252,-139,347,717
68.58285,157,1280,-1738,530,4253,-139,347,717
68.58335,157,1280,-1739,530,4256,-139,347,717
68.58385,157,1281,-1738,530,4262,-139,347,717
68.58435,157,1281,-1739,530,4269,-139,347,717
68.58485,157,1281,-1738,530,4273,-139,347,717
68.58535,157,1281,-1739,530,4275,-139,347,718
68.58585,157,1281,-1738,530,4276,-139,347,718
68.58635,157,1281,-1739,530,4280,-139,348,718
68.58685,157,1281,-1738,530,4279,-139,348,717
68.58735,157,1281,-1738,530,4276,-139,348,718
68.58785,157,1281,-1739,530,4301,-139,347,718
68.58835,157,1281,-1739,530,4331,-139,348,718
68.58885,157,1281,-1739,530,4328,-139,348,717
68.58935,156,1281,-1738,530,4317,-139,348,718
68.58985,156,1281,-1739,529,4280,-139,349,717
68.59035,156,1281,-1739,530,4262,-139,349,717
68.59085,156,1281,-1739,530,4256,-139,349,717
68.59135,156,1281,-1739,530,4255,-139,349,717
68.59185,156,1281,-1739,530,4260,-139,349,718
68.59235,156,1281,-1739,530,4267,-139,349,718
68.59285,156,1281,-1739,530,4274,-139,349,718
68.59335,156,1281,-1739,529,4275,-139,349,717
68.59385,156,1281,-1739,530,4272,-139,349,717
68.59435,156,1281,-1739,530,4272,-139,349,717
68.59485,156,1281,-1739,530,4272,-139,349,717
68.59535,156,1281,-1739,530,4275,-139,348,717
68.59585,156,1281,-1738,531,4279,-139,349,717
68.59635,156,1281,-1738,531,4278,-139,348,717
68.59685,156,1281,-1738,530,4276,-140,349,718
68.59735,156,1281,-1738,530,4274,-139,349,717
68.59785,156,1281,-1738,531,4304,-139,348,718
68.59835,156,1281,-1738,530,4322,-139,349,718
68.59885,156,1281,-1738,530,4318,-139,349,718
68.59935,156,1281,-1738,530,4308,-139,349,718
68.59985,156,1281,-1738,529,4275,-139,350,717
68.60035,157,1281,-1738,530,4254,-139,350,717
68.60085,156,1281,-1738,530,4246,-139,350,717
68.60135,156,1281,-1738,530,4247,-139,350,717
68.60185,157,1281,-1739,530,4254,-139,350,717
68.60235,156,1281,-1739,530,4257,-139,350,717
68.60285,156,1281,-1739,530,4259,-140,350,718
68.60335,156,1282,-1739,530,4264,-139,350,717
68.60385,156,1281,-1739,530,4271,-140,350,717
68.60435,157,1281,-1739,530,4273,-139,350,717
68.60485,156,1281,-1738,530,4276,-139,349,718
68.60535,156,1281,-1738,529,4282,-139,349,717
68.60585,156,1281,-1738,529,4289,-139,348,717
68.60635,156,1282,-1738,529,4285,-139,348,717
68.60685,157,1281,-1738,530,4283,-139,348,717
68.60735,156,1282,-1738,530,4281,-139,348,717
68.60785,156,1281,-1738,531,4312,-139,347,718
68.60835,157,1281,-1738,530,4329,-140,347,718
68.60885,156,1281,-1738,530,4326,-139,348,717
68.60935,156,1281,-1738,530,4312,-140,348,717
68.60985,156,1281,-1738,530,4272,-140,348,717
68.61035,157,1282,-1738,530,4254,-139,348,717
68.61085,157,1282,-1738,530,4252,-139,348,717
68.61135,156,1281,-1738,530,4255,-139,348,718
68.61185,156,1282,-1739,530,4263,-139,348,717
68.61235,156,1282,-1739,530,4271,-139,348,718
68.61285,157,1281,-1739,530,4270,-139,348,717
68.61335,156,1281,-1739,530,4272,-139,348,717
68.61385,156,1281,-1739,530,4266,-139,348,717
68.61435,156,1281,-1739,530,4268,-139,348,717
68.61485,157,1281,-1739,530,4270,-139,348,718
68.61535,157,1281,-1739,530,4273,-139,349,718
68.61585,157,1281,-1739,531,4282,-139,348,718
68.61635,157,1281,-1739,530,4284,-138,349,717
68.61685,157,1282,-1739,531,4282,-139,349,718
68.61735,157,1281,-1739,531,4278,-139,349,717
68.61785,157,1281,-1739,532,4314,-138,348,718
68.61835,157,1281,-1739,531,4323,-139,348,718
68.61885,157,1281,-1739,531,4318,-139,348,718
68.61935,157,1281,-1739,531,4305,-139,348,718
68.61985,157,1281,-1739,531,4274,-139,349,717
68.62035,157,1281,-1739,531,4259,-139,349,718
68.62085,157,1281,-1739,531,4253,-139,348,718
68.62135,157,1281,-1739,531,4261,-139,349,717
68.62185,157,1281,-1738,530,4271,-139,348,717
68.62235,157,1282,-1738,528,4267,-139,348,717
68.62285,157,1282,-1738,528,4266,-139,348,717
68.62335,157,1282,-1738,528,4270,-139,348,717
68.62385,156,1282,-1738,529,4275,-139,348,717
68.62435,157,1281,-1738,529,4281,-139,348,717
68.62485,156,1282,-1739,529,4285,-139,348,717
68.62535,156,1282,-1739,529,4285,-139,348,717
68.62585,156,1282,-1739,530,4284,-139,348,717
68.62635,155,1282,-1739,530,4281,-139,348,717
68.62685,155,1282,-1738,530,4278,-139,348,717
68.62735,155,1282,-1738,530,4283,-139,348,718
68.62785,156,1282,-1738,530,4322,-138,347,718
68.62835,156,1281,-1738,530,4335,-139,348,717
68.62885,156,1282,-1738,530,4328,-139,348,717
68.62935,156,1282,-1738,530,4303,-139,348,717
68.62985,156,1282,-1738,530,4265,-139,349,717
68.63045,156,1281,-1738,530,4253,-139,349,717
68.63095,156,1282,-1738,530,4252,-139,349,717
68.63145,156,1282,-1738,530,4253,-139,349,717
68.63195,156,1281,-1738,530,4259,-139,348,717
68.63245,156,1282,-1738,530,4264,-139,349,717
68.63295,156,1282,-1738,531,4266,-139,349,717
68.63345,156,1282,-1739,531,4267,-139,349,717
68.63395,156,1282,-1739,531,4267,-139,349,718
68.63445,156,1282,-1739,531,4274,-139,348,718
68.63495,156,1282,-1738,531,4281,-139,348,718
68.63545,156,1282,-1739,531,4285,-139,348,718
68.63595,156,1281,-1738,531,4287,-139,348,718
68.63645,156,1282,-1738,531,4287,-139,348,718
68.63695,156,1282,-1739,531,4286,-139,348,718
68.63745,156,1282,-1739,532,4289,-138,348,718
68.63795,156,1282,-1740,532,4326,-139,348,718
68.63845,156,1282,-1740,531,4332,-139,348,718
68.63895,156,1282,-1739,529,4326,-138,348,718
68.63945,156,1282,-1738,528,4305,-139,348,718
68.63995,156,1282,-1738,528,4273,-138,348,718
68.64045,156,1282,-1737,529,4262,-139,348,718
68.64095,156,1282,-1738,530,4259,-139,348,718
68.64145,156,1282,-1738,530,4260,-139,348,717
68.64195,156,1282,-1738,529,4265,-138,348,718
68.64245,156,1282,-1738,529,4260,-139,348,718
68.64295,156,1282,-1738,528,4263,-139,348,718
68.64345,156,1282,-1738,529,4268,-139,348,718
68.64395,156,1282,-1739,529,4269,-138,349,717
68.64445,156,1282,-1739,529,4273,-139,349,718
68.64495,156,1282,-1739,530,4272,-139,348,718
68.64545,156,1282,-1739,530,4278,-138,348,717
68.64595,156,1282,-1738,529,4281,-139,349,718
68.64645,156,1282,-1738,530,4275,-139,348,717
68.64695,156,1282,-1738,530,4274,-139,349,717
68.64745,156,1282,-1738,530,4276,-139,349,717
68.64795,156,1282,-1739,531,4311,-139,348,718
68.64845,156,1282,-1739,530,4315,-139,348,717
68.64895,156,1282,-1739,530,4312,-139,348,718
68.64945,156,1282,-1739,530,4287,-139,349,718
68.64995,156,1282,-1738,530,4259,-139,349,717
68.65045,156,1282,-1738,529,4252,-139,349,717
68.65095,156,1282,-1738,530,4248,-139,349,717
68.65145,156,1282,-1738,530,4251,-139,348,718
68.65195,156,1282,-1739,530,4258,-139,348,718
68.65245,156,1282,-1739,529,4266,-138,348,718
68.65295,156,1282,-1738,530,4270,-139,348,718
68.65345,156,1282,-1738,529,4270,-139,348,717
68.65395,156,1282,-1738,529,4269,-139,348,718
68.65445,156,1282,-1738,529,4271,-139,348,718
68.65495,156,1282,-1738,530,4277,-138,348,718
68.65545,156,1282,-1738,530,4284,-139,349,717
68.65595,156,1282,-1738,530,4286,-139,349,717
68.65645,156,1282,-1738,530,4282,-139,349,718
68.65695,156,1281,-1739,530,4280,-139,349,717
68.65745,156,1282,-1739,530,4294,-138,349,718
68.65795,157,1282,-1739,530,4325,-139,349,718
68.65845,156,1282,-1739,530,4327,-139,349,717
68.65895,156,1282,-1739,530,4318,-139,349,717
68.65945,156,1282,-1739,529,4291,-139,350,717
68.65995,156,1281,-1738,530,4261,-139,350,717
68.660446,156,1282,-1738,530,4253,-139,349,717
68.66095,156,1282,-1738,530,4253,-139,350,717
68.66145,156,1282,-1738,530,4256,-139,348,717
68.66195,156,1281,-1739,530,4264,-139,348,718
68.66245,156,1282,-1738,530,4265,-139,348,717
68.66295,156,1281,-1738,530,4268,-139,347,717
68.66345,156,1282,-1739,530,4264,-139,348,717
68.66395,156,1282,-1738,530,4265,-139,348,718
68.66445,156,1282,-1738,530,4272,-139,347,717
68.66495,156,1282,-1739,530,4280,-139,347,717
68.66545,156,1281,-1739,530,4278,-139,347,717
68.66595,156,1282,-1739,529,4277,-139,347,717
68.66645,156,1282,-1739,529,4276,-139,348,717
68.66695,156,1282,-1739,530,4275,-139,348,717
68.66745,156,1282,-1739,530,4290,-139,347,718
68.66795,156,1281,-1739,530,4328,-139,347,718
68.66845,156,1282,-1739,530,4333,-139,347,718
68.66895,156,1282,-1739,530,4326,-139,348,718
68.66945,156,1282,-1739,529,4299,-139,348,717
68.66995,156,1282,-1738,529,4269,-139,348,717
68.67045,156,1282,-1738,529,4258,-139,348,717
68.67095,156,1282,-1738,529,4259,-139,348,717
68.67145,156,1282,-1738,530,4264,-138,348,717
68.67195,156,1282,-1738,530,4273,-138,348,718
68.67245,156,1282,-1739,530,4278,-138,348,717
68.67295,156,1281,-1739,530,4285,-138,348,717
68.67345,157,1281,-1739,530,4283,-139,348,717
68.67395,157,1282,-1739,531,4280,-138,348,717
68.67445,157,1281,-1739,531,4285,-139,348,717
68.67495,156,1281,-1739,531,4287,-139,348,717
68.67545,156,1282,-1739,531,4288,-139,347,717
68.67595,156,1281,-1739,531,4291,-139,348,717
68.67645,156,1282,-1739,530,4291,-139,348,717
68.67695,157,1282,-1739,530,4289,-139,348,717
68.67745,156,1281,-1738,530,4299,-139,348,717
68.67795,156,1282,-1739,530,4333,-139,348,717
68.67845,156,1282,-1739,529,4331,-139,348,717
68.67895,156,1282,-1739,529,4323,-138,348,717
68.67945,156,1282,-1738,528,4296,-139,348,717
68.67995,156,1282,-1739,528,4267,-139,348,717
68.68045,156,1282,-1739,528,4258,-139,348,717
68.68095,156,1282,-1739,530,4257,-139,348,717
68.68145,156,1281,-1739,530,4261,-138,348,717
68.68195,156,1282,-1739,531,4267,-139,348,717
68.68245,157,1282,-1739,530,4266,-138,348,717
68.68295,156,1282,-1738,530,4266,-139,348,717
68.68345,157,1281,-1739,530,4269,-139,348,717
68.68395,156,1282,-1739,530,4272,-138,348,717
68.68445,156,1282,-1739,530,4279,-139,348,718
68.68495,156,1282,-1739,531,4283,-139,348,717
68.68545,155,1281,-1739,530,4290,-139,348,717
68.68595,156,1282,-1739,530,4288,-139,348,717
68.68645,156,1282,-1739,530,4287,-139,347,718
68.68695,156,1282,-1739,530,4287,-139,347,717
68.68745,156,1281,-1739,530,4305,-139,347,717
68.68795,156,1282,-1739,530,4336,-139,347,717
68.68845,156,1281,-1739,529,4334,-139,347,717
68.68895,156,1282,-1738,529,4326,-139,347,717
68.68945,156,1281,-1738,528,4298,-139,347,717
68.68995,156,1281,-1738,528,4270,-139,347,717
68.69045,156,1281,-1738,528,4264,-139,347,717
68.69095,156,1282,-1739,529,4266,-139,347,717
68.69145,156,1281,-1739,530,4271,-139,347,717
68.69195,156,1282,-1739,530,4276,-139,347,717
68.69245,156,1281,-1739,529,4277,-139,348,717
68.69295,156,1282,-1739,530,4278,-138,347,716
68.69355,156,1281,-1738,529,4278,-138,347,717
68.69405,157,1281,-1739,530,4283,-139,348,717
68.69455,156,1281,-1739,530,4282,-138,348,716
68.69505,156,1281,-1739,530,4282,-139,348,717
68.69555,156,1281,-1738,530,4289,-138,348,717
68.69605,156,1281,-1739,530,4287,-139,348,717
68.69655,156,1281,-1739,530,4283,-138,349,717
68.69705,156,1282,-1739,530,4279,-139,348,717
68.69755,156,1282,-1739,530,4294,-138,348,718
68.69805,156,1282,-1739,530,4325,-138,349,718
68.69855,155,1282,-1739,529,4323,-139,349,717
68.69905,156,1282,-1738,529,4315,-139,349,717
68.69955,156,1282,-1738,529,4284,-139,349,717
68.70005,156,1281,-1738,529,4258,-139,349,717
68.70055,156,1282,-1739,529,4254,-138,349,717
68.70105,156,1281,-1738,530,4254,-139,349,717
68.70155,156,1282,-1739,531,4258,-138,349,717
68.70205,156,1282,-1739,530,4266,-138,349,717
68.70255,156,1281,-1739,530,4266,-139,349,717
68.70305,156,1281,-1738,530,4265,-138,349,717
68.70355,156,1282,-1738,530,4267,-138,349,718
68.70405,156,1281,-1738,531,4273,-139,349,718
68.70455,156,1281,-1739,530,4284,-138,349,718
68.70505,156,1281,-1739,531,4290,-139,348,717
68.70555,156,1281,-1739,530,4291,-139,348,718
68.70605,156,1281,-1739,530,4286,-138,348,717
68.70655,156,1282,-1739,530,4286,-139,349,717
68.70705,156,1281,-1739,530,4280,-138,348,717
68.70755,156,1282,-1739,530,4302,-138,348,717
68.70805,156,1281,-1739,529,4331,-138,348,717
68.70855,156,1281,-1739,529,4325,-139,348,717
68.70905,156,1282,-1738,529,4315,-139,348,717
68.70955,156,1282,-1738,529,4283,-139,348,717
68.71005,156,1282,-1738,528,4258,-139,348,717
68.71055,156,1281,-1738,528,4256,-139,348,717
68.71105,156,1281,-1739,528,4257,-138,348,717
68.71155,156,1282,-1738,529,4258,-138,348,717
68.71205,156,1282,-1738,529,4265,-138,347,717
68.71255,156,1281,-1739,530,4269,-139,347,717
68.71305,156,1281,-1738,530,4270,-138,348,717
68.71355,156,1281,-1738,529,4270,-139,348,717
68.71405,156,1282,-1738,529,4267,-138,348,717
68.71455,156,1281,-1739,530,4271,-139,348,717
68.71505,156,1281,-1739,530,4272,-138,349,717
68.71555,156,1281,-1738,529,4273,-138,349,717
68.71605,156,1282,-1738,530,4275,-138,349,717
68.71655,156,1281,-1738,530,4280,-139,349,717
68.71705,156,1282,-1739,530,4279,-138,349,717
68.71755,156,1281,-1739,531,4302,-138,348,718
68.71805,157,1282,-1739,530,4327,-138,349,717
68.71855,156,1281,-1739,530,4326,-138,349,717
68.71905,156,1281,-1739,530,4311,-138,349,717
68.71955,156,1282,-1739,530,4278,-139,349,717
68.72005,156,1282,-1739,529,4257,-139,349,717
68.72055,155,1282,-1739,530,4253,-139,349,717
68.72105,156,1282,-1739,529,4254,-139,349,717
68.72155,156,1282,-1739,529,4259,-138,348,718
68.72205,156,1281,-1739,529,4269,-139,348,717
68.72255,156,1281,-1739,529,4273,-138,349,717
68.72305,156,1281,-1739,529,4268,-139,348,717
68.72355,156,1281,-1739,529,4268,-138,348,717
68.72405,156,1281,-1739,529,4271,-139,349,717
68.72455,156,1281,-1739,530,4276,-138,349,717
68.72505,156,1281,-1738,529,4277,-138,349,717
68.72555,156,1281,-1739,529,4279,-138,349,717
68.72605,156,1281,-1739,530,4279,-139,350,717
68.72655,156,1281,-1739,530,4278,-138,350,717
68.72705,157,1282,-1739,530,4275,-139,350,717
68.72755,156,1281,-1739,530,4301,-138,350,717
68.72805,156,1282,-1739,529,4323,-138,350,717
68.72855,156,1281,-1739,529,4317,-138,350,717
68.72905,156,1281,-1739,529,4304,-139,350,717
68.72955,156,1282,-1739,529,4270,-138,350,717
68.73005,156,1282,-1739,529,4248,-138,350,717
68.73055,156,1282,-1738,530,4244,-138,349,717
68.73105,156,1282,-1739,529,4246,-138,349,717
68.73155,156,1282,-1739,530,4253,-138,348,717
68.73205,156,1281,-1739,530,4259,-139,348,717
68.73255,156,1281,-1739,530,4262,-138,348,717
68.73305,156,1281,-1739,530,4264,-139,348,717
68.73355,156,1281,-1739,530,4264,-139,348,717
68.73405,156,1281,-1739,530,4264,-139,348,717
68.73455,156,1281,-1739,530,4269,-139,348,717
68.73505,156,1281,-1740,530,4271,-138,348,717
68.73555,156,1281,-1739,531,4275,-138,348,717
68.73605,156,1281,-1739,530,4277,-138,348,718
68.73655,156,1281,-1739,530,4278,-138,348,717
68.73705,156,1281,-1739,530,4280,-138,348,717
68.73755,156,1281,-1739,531,4305,-138,348,717
68.73805,156,1281,-1738,529,4322,-138,348,717
68.73855,156,1281,-1738,530,4315,-138,348,717
68.73905,155,1281,-1738,529,4304,-138,348,717
68.73955,155,1281,-1739,529,4273,-138,348,717
68.74005,155,1282,-1739,529,4256,-138,348,717
68.74055,155,1282,-1740,529,4254,-138,348,717
68.74105,154,1282,-1739,530,4253,-138,348,717
68.74155,155,1282,-1739,530,4256,-138,348,717
68.74205,155,1282,-1739,530,4260,-138,348,717
68.74255,155,1281,-1739,530,4259,-138,348,717
68.74305,155,1281,-1740,530,4257,-139,348,717
68.74355,155,1281,-1740,531,4258,-139,349,717
68.74405,155,1281,-1740,531,4261,-138,348,717
68.74455,156,1282,-1740,531,4267,-138,348,717
68.74505,155,1281,-1739,530,4270,-138,348,717
68.74555,156,1281,-1739,529,4272,-138,348,717
68.74605,155,1281,-1738,528,4270,-139,348,717
68.74655,156,1281,-1739,529,4266,-138,348,717
68.74705,155,1281,-1739,530,4266,-138,348,717
68.74755,156,1281,-1739,530,4303,-138,348,717
68.74805,155,1281,-1739,530,4316,-138,348,718
68.74855,155,1281,-1739,529,4310,-138,348,717
68.74905,155,1281,-1739,529,4300,-139,348,717
68.74955,156,1281,-1739,529,4263,-139,348,717
68.75005,156,1281,-1739,530,4246,-139,349,717
68.75055,156,1281,-1739,530,4247,-139,348,717
68.75105,155,1281,-1740,531,4251,-139,348,717
68.75155,156,1281,-1740,531,4255,-139,348,717
68.75205,156,1282,-1740,530,4260,-139,348,717
68.75255,156,1281,-1739,530,4263,-139,348,717
68.75305,156,1281,-1740,530,4265,-139,348,717
68.75355,156,1281,-1739,529,4266,-138,348,717
68.75405,156,1281,-1740,529,4264,-139,348,717
68.75455,156,1281,-1740,530,4270,-139,348,717
68.75505,155,1281,-1740,529,4273,-138,348,717
68.75555,156,1281,-1740,530,4275,-138,348,717
68.75615,156,1281,-1740,530,4278,-138,348,717
68.75665,156,1281,-1739,529,4280,-138,348,717
68.75715,155,1281,-1738,529,4280,-138,348,717
68.75765,156,1281,-1737,530,4314,-138,348,717
68.75815,155,1281,-1737,530,4322,-138,348,717
68.75865,155,1282,-1737,529,4313,-138,348,717
68.75915,155,1281,-1737,529,4295,-138,348,717
68.75965,155,1281,-1738,529,4261,-138,349,716
68.76015,155,1281,-1738,530,4248,-139,349,717
68.76065,156,1281,-1739,530,4251,-138,349,717
68.76115,156,1281,-1739,530,4248,-138,349,717
68.76165,156,1281,-1739,530,4251,-139,349,716
68.76215,155,1281,-1739,530,4256,-138,349,717
68.76265,156,1281,-1739,530,4260,-139,349,717
68.76315,156,1281,-1739,530,4253,-139,349,717
68.76365,156,1281,-1739,530,4252,-139,349,716
68.76415,156,1281,-1739,529,4254,-138,348,717
68.76465,156,1281,-1739,529,4263,-139,348,717
68.76515,156,1281,-1739,529,4262,-138,348,717
68.76565,156,1281,-1739,529,4264,-139,349,717
68.76615,155,1281,-1739,530,4266,-139,348,716
68.76665,156,1281,-1739,530,4267,-138,348,717
68.76715,156,1281,-1739,531,4275,-139,348,717
68.76765,156,1281,-1739,532,4309,-138,348,717
68.76815,156,1281,-1739,533,4313,-138,348,717
68.76865,156,1281,-1739,534,4307,-139,349,717
68.76915,156,1281,-1739,534,4287,-138,349,717
68.76965,156,1281,-1739,533,4255,-139,349,717
68.77015,155,1281,-1739,533,4244,-138,349,717
68.77065,156,1281,-1739,532,4246,-138,349,717
68.77115,156,1281,-1739,531,4253,-139,349,717
68.77165,156,1281,-1738,529,4261,-138,349,717
68.77215,156,1281,-1739,528,4265,-138,349,718
68.77265,156,1281,-1738,526,4269,-139,349,717
68.77315,156,1281,-1738,526,4275,-138,348,717
68.77365,156,1281,-1738,526,4269,-138,348,717
68.77415,156,1281,-1739,527,4271,-139,348,717
68.77465,156,1281,-1739,528,4272,-138,348,717
68.77515,156,1281,-1739,530,4273,-139,348,717
68.77565,156,1281,-1739,530,4276,-138,348,717
68.77615,156,1281,-1739,530,4277,-138,348,717
68.77665,156,1281,-1739,529,4275,-139,348,717
68.77715,156,1281,-1738,528,4280,-138,348,717
68.77765,156,1281,-1739,528,4315,-139,347,717
68.77815,156,1281,-1739,528,4317,-139,348,717
68.77865,156,1281,-1739,529,4307,-138,348,717
68.77915,156,1281,-1739,529,4287,-138,349,717
68.77965,156,1281,-1739,529,4257,-139,349,717
68.78015,156,1281,-1740,530,4246,-138,349,717
68.78065,156,1281,-1740,529,4246,-138,349,717
68.78115,156,1281,-1740,529,4245,-139,348,717
68.78165,155,1281,-1740,530,4249,-139,348,717
68.78215,156,1281,-1739,529,4254,-139,349,717
68.782646,155,1281,-1738,529,4254,-139,348,717
68.78315,156,1281,-1738,529,4253,-139,349,717
68.78365,155,1281,-1738,529,4256,-139,349,717
68.78415,156,1281,-1738,530,4259,-139,348,717
68.78465,156,1281,-1738,530,4267,-139,349,717
68.78515,156,1281,-1738,530,4271,-139,348,717
68.78565,156,1281,-1739,531,4274,-139,349,717
68.78615,156,1281,-1739,530,4273,-139,349,717
68.78665,155,1281,-1739,530,4272,-139,349,717
68.78715,156,1281,-1739,530,4281,-139,348,717
68.78765,156,1281,-1739,530,4322,-139,348,717
68.78815,156,1281,-1740,530,4325,-139,348,717
68.78865,155,1281,-1739,529,4319,-139,349,717
68.78915,155,1281,-1739,529,4297,-139,350,717
68.78965,155,1281,-1738,529,4266,-139,350,717
68.79015,156,1281,-1738,529,4258,-138,349,717
68.79065,156,1281,-1737,529,4260,-139,350,717
68.79115,156,1281,-1738,529,4262,-139,350,717
68.79165,155,1281,-1738,529,4265,-139,350,717
68.79215,156,1281,-1739,530,4267,-139,350,717
68.79265,155,1281,-1739,530,4268,-139,350,717
68.79315,156,1281,-1739,530,4269,-139,349,717
68.79365,156,1281,-1739,530,4269,-139,350,717
68.79415,155,1281,-1739,530,4266,-139,349,717
68.79465,156,1281,-1739,530,4271,-139,349,717
68.79515,155,1281,-1739,531,4274,-139,348,717
68.79565,156,1281,-1739,531,4274,-139,348,717
68.79615,156,1281,-1740,531,4276,-139,348,717
68.79665,156,1281,-1740,531,4277,-139,348,717
68.79715,156,1281,-1740,531,4285,-138,347,717
68.79765,156,1281,-1740,530,4319,-139,347,717
68.79815,155,1281,-1739,529,4318,-139,347,717
68.79865,156,1281,-1739,529,4310,-139,348,717
68.79915,155,1281,-1738,528,4285,-139,348,717
68.79965,156,1281,-1738,529,4257,-139,348,717
68.80015,156,1281,-1738,529,4252,-139,348,717
68.80065,156,1281,-1739,529,4253,-139,348,717
68.80115,156,1281,-1739,529,4254,-138,348,717
68.80165,156,1281,-1739,529,4260,-138,348,717
68.80215,156,1281,-1739,529,4264,-138,347,717
68.80265,156,1281,-1739,529,4265,-138,348,717
68.80315,156,1281,-1739,529,4263,-138,348,717
68.80365,156,1281,-1739,529,4266,-139,347,717
68.80415,156,1281,-1739,530,4268,-138,347,717
68.80465,156,1281,-1739,530,4276,-138,347,717
68.80515,156,1281,-1738,530,4280,-139,347,717
68.80565,156,1281,-1739,529,4284,-138,347,717
68.80615,156,1282,-1739,529,4286,-139,347,717
68.80665,156,1281,-1739,529,4286,-139,347,717
68.80715,156,1281,-1738,530,4296,-138,347,718
68.80765,156,1282,-1739,530,4331,-138,347,718
68.80815,155,1281,-1739,530,4333,-139,347,717
68.80865,155,1281,-1739,530,4324,-139,347,718
68.80915,155,1281,-1739,530,4291,-139,347,717
68.80965,155,1281,-1739,530,4264,-139,347,717
68.81015,156,1281,-1739,530,4253,-139,348,717
68.81065,156,1281,-1739,530,4254,-139,347,717
68.81115,156,1281,-1739,530,4260,-139,347,717
68.81165,155,1282,-1739,529,4266,-139,347,717
68.81215,155,1281,-1739,529,4268,-139,348,717
68.81265,156,1281,-1738,529,4271,-139,348,717
68.81315,156,1281,-1738,529,4271,-139,348,717
68.81365,156,1281,-1739,529,4271,-139,348,717
68.81415,156,1281,-1739,529,4269,-139,348,717
68.81465,156,1281,-1739,530,4267,-139,348,717
68.81515,156,1281,-1739,529,4272,-139,349,717
68.81565,155,1281,-1739,530,4273,-138,349,717
68.81615,155,1281,-1739,530,4276,-139,349,717
68.81665,156,1281,-1740,530,4278,-139,349,717
68.81715,156,1281,-1739,530,4292,-139,349,717
68.81765,156,1281,-1739,530,4325,-139,348,717
68.81825,156,1281,-1739,530,4320,-139,349,717
68.81875,156,1281,-1739,530,4311,-139,348,717
68.81925,155,1281,-1739,531,4287,-139,349,717
68.81975,156,1281,-1739,531,4262,-139,349,717
68.82025,156,1281,-1739,531,4258,-139,349,717
68.82075,156,1281,-1739,531,4260,-139,349,717
68.82125,156,1281,-1739,531,4261,-139,349,717
68.82175,156,1281,-1739,530,4267,-139,348,717
68.82225,156,1281,-1739,529,4271,-139,348,717
68.82275,156,1281,-1739,529,4272,-139,348,717
68.82325,156,1282,-1738,529,4269,-139,349,717
68.82375,156,1281,-1738,528,4271,-139,349,717
68.82425,156,1282,-1738,529,4272,-139,349,717
68.82475,156,1281,-1738,528,4278,-139,348,717
68.82525,156,1281,-1739,528,4280,-139,348,717
68.82575,156,1281,-1738,529,4280,-139,349,718
68.82625,156,1281,-1738,529,4277,-139,349,717
68.82675,156,1281,-1739,529,4278,-139,348,717
68.82725,156,1281,-1739,530,4291,-139,348,718
68.82775,156,1282,-1739,529,4325,-139,348,717
68.82825,156,1281,-1739,529,4326,-139,348,717
68.82875,156,1282,-1739,529,4313,-139,348,717
68.82925,156,1281,-1739,529,4282,-139,348,717
68.82975,156,1282,-1739,529,4255,-139,348,717
68.83025,156,1281,-1739,530,4249,-139,348,717
68.83075,156,1282,-1739,530,4252,-139,349,717
68.83125,156,1282,-1739,530,4256,-139,349,718
68.83175,156,1282,-1739,529,4260,-139,348,717
68.83225,156,1282,-1739,530,4267,-139,349,717
68.83275,156,1281,-1739,530,4266,-139,349,717
68.83325,156,1282,-1739,530,4267,-139,349,717
68.83375,156,1282,-1739,530,4268,-139,349,717
68.83425,156,1281,-1739,530,4267,-139,348,717
68.83475,156,1281,-1739,530,4271,-139,348,717
68.83525,156,1282,-1739,530,4274,-139,348,717
68.83575,155,1282,-1739,530,4275,-139,349,718
68.83625,155,1282,-1740,530,4279,-139,348,717
68.83675,155,1282,-1739,530,4284,-139,349,717
68.83725,155,1282,-1739,531,4299,-139,348,717
68.83775,155,1282,-1739,530,4328,-139,348,717
68.83825,155,1281,-1738,530,4325,-139,348,717
68.83875,156,1282,-1739,530,4316,-139,348,717
68.83925,156,1282,-1738,529,4288,-139,349,717
68.83975,156,1282,-1739,530,4263,-139,349,717
68.84025,156,1282,-1739,529,4260,-139,349,717
68.84075,156,1282,-1739,529,4262,-139,348,717
68.84125,156,1282,-1739,529,4262,-139,348,717
68.84175,156,1282,-1739,529,4265,-139,348,717
68.84225,156,1282,-1739,529,4268,-139,348,717
68.84275,156,1282,-1739,529,4268,-139,349,717
68.84325,156,1282,-1739,529,4265,-139,348,717
68.84375,156,1282,-1739,529,4266,-139,348,717
68.84425,155,1282,-1739,530,4267,-139,348,717
68.84475,156,1282,-1739,529,4273,-139,348,717
68.84525,155,1282,-1739,530,4276,-139,348,717
68.84575,156,1282,-1739,530,4280,-139,348,717
68.84625,155,1282,-1739,530,4280,-139,348,717
68.84675,156,1282,-1739,531,4276,-139,349,717
68.84725,156,1282,-1739,531,4297,-139,348,718
68.84775,156,1282,-1739,531,4323,-139,349,717
68.84825,155,1282,-1739,531,4320,-139,349,717
68.84875,155,1282,-1739,531,4306,-139,349,717
68.84925,155,1282,-1739,531,4272,-139,349,717
68.84975,155,1282,-1738,530,4250,-139,350,717
68.85025,155,1282,-1738,530,4245,-139,349,717
68.85075,156,1282,-1738,529,4251,-139,349,717
68.85125,156,1282,-1738,529,4259,-139,349,717
68.85175,156,1282,-1739,529,4264,-139,350,717
68.85225,156,1282,-1740,529,4266,-139,349,717
68.85275,156,1282,-1739,529,4268,-139,350,716
68.85325,156,1282,-1739,529,4271,-139,350,717
68.85375,156,1282,-1738,529,4277,-139,349,717
68.85425,156,1282,-1738,529,4272,-139,349,716
68.85475,155,1282,-1738,529,4274,-139,349,717
68.85525,156,1282,-1739,529,4283,-139,348,717
68.85575,156,1282,-1738,529,4281,-139,348,717
68.85625,156,1282,-1739,529,4283,-139,347,717
68.85675,156,1282,-1739,530,4284,-139,347,717
68.85725,156,1282,-1739,530,4309,-139,347,717
68.85775,156,1282,-1739,530,4331,-139,347,718
68.85825,156,1282,-1739,530,4322,-139,348,717
68.85875,156,1282,-1739,530,4315,-139,347,718
68.85925,156,1282,-1739,530,4281,-139,348,718
68.85975,155,1282,-1739,530,4263,-139,347,717
68.86025,156,1282,-1739,530,4261,-139,348,717
68.86075,155,1282,-1739,529,4258,-139,347,718
68.86125,156,1282,-1739,530,4258,-139,347,717
68.86175,156,1282,-1739,529,4265,-139,347,717
68.86225,156,1282,-1739,530,4265,-139,347,717
68.86275,156,1282,-1739,530,4262,-139,347,717
68.86325,156,1282,-1738,530,4258,-139,348,717
68.86375,156,1282,-1739,530,4258,-139,347,717
68.86425,157,1282,-1739,530,4260,-139,348,717
68.86475,156,1281,-1739,530,4266,-139,347,717
68.86525,157,1282,-1738,529,4270,-139,347,717
68.86575,157,1282,-1739,530,4272,-139,348,717
68.86625,157,1281,-1739,529,4270,-139,348,717
68.86675,157,1282,-1739,529,4270,-139,348,717
68.86725,157,1282,-1739,530,4302,-139,347,717
68.86775,157,1281,-1739,529,4325,-139,348,717
68.86825,157,1282,-1739,530,4318,-139,348,717
68.86875,157,1282,-1739,530,4306,-139,348,717
68.86925,156,1282,-1738,529,4272,-139,348,716
68.86975,156,1281,-1738,529,4256,-139,348,717
68.87025,157,1282,-1739,530,4258,-139,348,717
68.87075,157,1281,-1739,529,4259,-139,349,717
68.87125,157,1282,-1739,529,4261,-139,348,717
68.87175,157,1282,-1739,529,4266,-139,349,717
68.87225,157,1282,-1739,530,4270,-139,348,717
68.87275,156,1282,-1739,530,4273,-139,349,717
68.87325,157,1282,-1739,530,4274,-139,348,717
68.87375,156,1282,-1739,530,4275,-139,348,717
68.87425,156,1282,-1739,530,4273,-139,348,717
68.87475,156,1282,-1739,530,4273,-138,348,717
68.87525,155,1282,-1739,530,4275,-139,349,717
68.87575,155,1282,-1739,530,4275,-139,348,717
68.87625,156,1282,-1739,530,4276,-139,348,717
68.87675,156,1282,-1739,530,4277,-139,348,717
68.87725,156,1282,-1739,530,4308,-139,348,717
68.87775,156,1282,-1739,530,4324,-139,348,717
68.87825,156,1282,-1739,530,4317,-139,348,717
68.87875,156,1282,-1738,529,4303,-139,348,717
68.87925,156,1282,-1739,529,4269,-139,349,717
68.87975,156,1282,-1739,529,4252,-139,349,717
68.88025,155,1282,-1739,530,4251,-139,349,717
68.88085,155,1282,-1738,530,4251,-139,348,717
68.88135,155,1282,-1739,530,4253,-139,349,717
68.88185,155,1282,-1739,530,4255,-139,349,717
68.88235,155,1282,-1738,530,4258,-139,349,717
68.88285,155,1282,-1738,530,4260,-139,348,717
68.88335,155,1282,-1738,530,4259,-139,348,717
68.88385,155,1282,-1739,530,4261,-139,348,717
68.88435,155,1282,-1739,529,4264,-139,348,717
68.88485,155,1282,-1739,530,4270,-139,348,717
68.88535,156,1282,-1740,529,4275,-139,348,717
68.88585,156,1281,-1739,530,4279,-139,348,717
68.88635,156,1282,-1739,530,4282,-139,348,717
68.88685,155,1282,-1739,530,4283,-139,348,717
68.88735,155,1282,-1739,530,4318,-139,348,717
68.88785,155,1282,-1739,530,4331,-139,348,717
68.88835,155,1282,-1739,530,4325,-139,348,717
68.88885,155,1282,-1739,530,4310,-139,348,717
68.88935,155,1282,-1739,530,4275,-139,349,716
68.88985,155,1282,-1739,531,4261,-139,349,717
68.89035,155,1282,-1739,530,4262,-139,348,716
68.89085,156,1282,-1739,530,4264,-138,348,717
68.89135,155,1282,-1739,530,4272,-139,348,716
68.89185,156,1282,-1738,529,4272,-139,348,718
68.89235,156,1282,-1739,529,4275,-138,348,717
68.89285,156,1282,-1738,528,4277,-139,348,717
68.89335,155,1282,-1738,529,4271,-138,348,717
68.89385,155,1282,-1739,530,4269,-139,348,717
68.89435,156,1282,-1739,529,4267,-138,348,717
68.89485,155,1282,-1739,529,4271,-139,348,717
68.89535,156,1282,-1739,530,4274,-138,348,717
68.89585,155,1282,-1739,529,4276,-138,348,717
68.89635,155,1282,-1739,530,4279,-138,348,717
68.89685,156,1282,-1739,530,4280,-138,347,717
68.89735,156,1282,-1739,530,4315,-138,348,717
68.89785,156,1282,-1739,530,4321,-138,347,717
68.89835,156,1282,-1739,530,4311,-139,348,717
68.89885,156,1282,-1739,530,4296,-139,348,717
68.89935,156,1282,-1738,529,4265,-139,348,717
68.89985,156,1282,-1739,530,4255,-139,348,717
68.90035,156,1282,-1739,529,4257,-139,348,717
68.90085,156,1282,-1739,529,4260,-139,348,717
68.90135,156,1282,-1739,530,4264,-138,348,717
68.90185,155,1282,-1738,530,4267,-139,348,717
68.90235,156,1282,-1739,530,4269,-138,347,717
68.90285,156,1282,-1739,530,4269,-139,348,717
68.90335,155,1282,-1739,530,4266,-139,348,716
68.90385,155,1282,-1739,530,4268,-138,348,717
68.90435,156,1282,-1739,530,4274,-138,349,717
68.90485,155,1282,-1739,530,4278,-138,349,717
68.90535,155,1282,-1739,530,4281,-139,349,717
68.90585,155,1282,-1739,530,4283,-139,349,717
68.90635,156,1282,-1739,530,4281,-138,349,717
68.90685,156,1282,-1739,530,4289,-138,349,717
68.90735,156,1282,-1739,530,4328,-139,348,717
68.90785,155,1282,-1739,530,4332,-139,348,717
68.90835,155,1282,-1739,529,4324,-139,348,717
68.90885,155,1282,-1739,529,4302,-139,349,717
68.90935,155,1281,-1739,529,4268,-139,349,716
68.90985,156,1282,-1738,529,4259,-139,349,716
68.91035,156,1281,-1738,530,4265,-139,349,716
68.91085,156,1282,-1738,530,4269,-139,350,717
68.91135,155,1282,-1739,529,4273,-139,349,717
68.91185,156,1282,-1739,530,4270,-139,349,717
68.91235,156,1282,-1739,530,4271,-139,350,717
68.91285,156,1282,-1739,530,4273,-139,350,717
68.91335,156,1282,-1739,530,4273,-139,349,717
68.91385,156,1282,-1740,530,4273,-139,350,717
68.91435,155,1282,-1739,530,4271,-138,350,717
68.91485,156,1282,-1739,530,4271,-138,349,717
68.91535,156,1282,-1739,530,4275,-138,349,717
68.91585,155,1282,-1738,530,4275,-138,349,717
68.91635,155,1282,-1739,530,4277,-138,348,717
68.91685,156,1282,-1739,530,4288,-138,348,718
68.91735,156,1282,-1739,530,4326,-138,347,718
68.91785,155,1282,-1739,530,4332,-138,347,717
68.91835,156,1282,-1739,530,4325,-138,348,717
68.91885,156,1282,-1739,530,4296,-138,348,717
68.91935,156,1282,-1739,530,4264,-138,348,717
68.91985,156,1282,-1739,530,4258,-138,348,717
68.92035,156,1282,-1739,529,4262,-138,347,718
68.92085,155,1282,-1739,529,4266,-138,347,717
68.92135,155,1282,-1739,530,4275,-138,347,718
68.92185,155,1282,-1739,530,4273,-138,347,717
68.92235,155,1282,-1739,530,4280,-138,347,717
68.92285,156,1282,-1739,530,4278,-138,347,717
68.92335,155,1282,-1738,530,4273,-138,347,717
68.92385,156,1281,-1738,529,4274,-138,347,717
68.92435,156,1282,-1738,530,4276,-138,347,717
68.92485,155,1282,-1738,530,4280,-139,347,717
68.92535,156,1282,-1739,529,4283,-139,347,717
68.92585,156,1282,-1739,530,4284,-138,347,717
68.92635,156,1282,-1739,530,4284,-138,347,717
68.92685,156,1282,-1739,530,4294,-138,347,717
68.92735,156,1282,-1739,530,4328,-138,347,718
68.92785,156,1282,-1739,530,4328,-138,347,717
68.92835,156,1282,-1739,530,4323,-138,348,717
68.92885,156,1282,-1739,530,4293,-138,348,717
68.92935,156,1282,-1739,529,4261,-138,348,717
68.92985,156,1282,-1738,529,4252,-139,348,717
68.93035,155,1282,-1739,529,4252,-138,348,717
68.93085,156,1282,-1739,529,4257,-138,348,717
68.93135,155,1282,-1739,529,4264,-138,349,717
68.93185,156,1282,-1739,529,4266,-139,348,717
68.93235,155,1282,-1739,530,4267,-138,348,717
68.93285,155,1282,-1740,530,4269,-139,348,717
68.93335,156,1282,-1740,529,4271,-139,349,717
68.93385,155,1282,-1739,529,4272,-138,349,717
68.93435,156,1282,-1739,529,4270,-139,348,717
68.93485,156,1282,-1739,529,4273,-138,349,717
68.93535,156,1281,-1740,529,4276,-139,349,717
68.93585,156,1282,-1740,530,4277,-139,349,717
68.93635,156,1282,-1739,530,4280,-139,349,717
68.93685,156,1282,-1739,530,4292,-139,349,717
68.93735,156,1282,-1738,530,4327,-139,348,717
68.93785,156,1282,-1738,530,4324,-139,349,717
68.93835,156,1282,-1738,530,4316,-139,349,717
68.93885,155,1282,-1739,529,4293,-139,349,717
68.93935,155,1282,-1739,529,4267,-139,349,717
68.93985,155,1282,-1739,530,4262,-139,349,717
68.94035,155,1282,-1739,530,4264,-139,349,717
68.94085,155,1282,-1739,531,4268,-139,349,717
68.94135,155,1282,-1738,530,4269,-139,348,717
68.94185,155,1282,-1738,530,4269,-139,349,717
68.94245,155,1282,-1738,530,4270,-139,349,717
68.94295,155,1282,-1739,530,4269,-139,349,717
68.94345,155,1282,-1739,530,4265,-139,349,717
68.94395,155,1282,-1739,530,4265,-139,349,717
68.94445,155,1282,-1740,530,4267,-139,349,717
68.94495,155,1282,-1740,530,4273,-139,348,717
68.94545,156,1282,-1740,530,4277,-138,349,717
68.94595,155,1282,-1740,529,4277,-138,349,717
68.94645,155,1282,-1740,529,4274,-138,349,717
68.94695,156,1282,-1739,529,4289,-138,348,718
68.94745,155,1282,-1739,529,4323,-138,348,718
68.94795,155,1282,-1739,529,4324,-138,348,717
68.94845,155,1282,-1739,530,4314,-138,348,717
68.94895,155,1282,-1739,530,4280,-139,348,717
68.94945,156,1281,-1739,530,4251,-139,348,717
68.94995,155,1282,-1739,530,4248,-138,348,717
68.95045,155,1282,-1739,530,4252,-138,348,717
68.95095,155,1282,-1739,530,4257,-138,348,717
68.95145,155,1282,-1739,530,4262,-139,348,717
68.95195,155,1282,-1739,530,4265,-138,348,717
68.95245,156,1282,-1739,530,4267,-139,348,717
68.95295,155,1282,-1739,530,4269,-138,348,717
68.95345,155,1282,-1739,530,4271,-138,348,717
68.95395,155,1282,-1739,530,4273,-138,348,717
68.95445,155,1281,-1739,530,4273,-139,348,717
68.95495,156,1282,-1739,530,4274,-138,348,717
68.95545,155,1281,-1739,531,4280,-139,348,717
68.95595,155,1282,-1739,531,4280,-138,348,717
68.95645,155,1282,-1739,531,4281,-139,349,717
68.95695,155,1282,-1739,531,4298,-138,348,717
68.95745,155,1282,-1740,532,4330,-138,348,717
68.95795,155,1282,-1739,531,4326,-139,349,717
68.95845,155,1282,-1739,530,4316,-138,349,717
68.95895,155,1282,-1739,529,4287,-138,349,717
68.95945,155,1282,-1739,529,4259,-139,349,718
68.95995,155,1282,-1739,529,4254,-139,349,717
68.96045,155,1282,-1739,529,4260,-138,349,717
68.96095,155,1282,-1739,529,4259,-139,349,717
68.96145,155,1282,-1739,529,4260,-139,349,717
68.96195,155,1282,-1739,529,4260,-138,349,717
68.96245,155,1282,-1740,530,4263,-139,348,717
68.96295,155,1282,-1741,530,4263,-139,349,717
68.96345,155,1281,-1740,530,4258,-139,349,717
68.96395,155,1282,-1740,530,4258,-139,349,717
68.96445,155,1282,-1739,529,4258,-138,349,717
68.96495,155,1282,-1739,529,4263,-138,349,717
68.96545,156,1282,-1739,529,4267,-139,349,717
68.96595,155,1281,-1739,530,4271,-139,349,717
68.96645,155,1281,-1739,530,4272,-138,350,717
68.96695,156,1282,-1739,530,4290,-139,350,717
68.96745,155,1281,-1739,530,4321,-139,350,717
68.96795,155,1281,-1739,530,4317,-139,350,717
68.96845,155,1282,-1739,530,4308,-138,350,717
68.96895,155,1282,-1739,530,4278,-139,350,717
68.96945,155,1282,-1739,530,4254,-139,350,717
68.96995,155,1282,-1739,530,4248,-139,350,717
68.97045,155,1282,-1739,531,4252,-138,350,717
68.97095,155,1281,-1739,531,4263,-139,349,717
68.97145,155,1282,-1739,531,4268,-138,349,717
68.97195,155,1281,-1739,531,4271,-138,349,717
68.97245,155,1282,-1739,529,4273,-139,348,718
68.972946,155,1281,-1739,529,4276,-139,348,717
68.97345,155,1282,-1739,529,4281,-139,348,718
68.97395,155,1281,-1739,529,4278,-139,348,717
68.97445,155,1282,-1739,529,4276,-138,348,717
68.97495,155,1281,-1739,529,4274,-139,347,717
68.97545,155,1282,-1739,529,4275,-138,348,717
68.97595,155,1282,-1739,529,4275,-139,348,717
68.97645,155,1281,-1739,530,4277,-139,347,717
68.97695,155,1281,-1739,530,4300,-138,347,718
68.97745,155,1281,-1739,530,4326,-139,348,718
68.97795,155,1281,-1739,530,4323,-138,348,717
68.97845,155,1282,-1739,530,4313,-139,348,717
68.97895,155,1282,-1739,529,4278,-138,349,717
68.97945,155,1282,-1740,530,4254,-139,349,717
68.97995,155,1282,-1739,530,4251,-139,348,717
68.98045,155,1281,-1739,531,4253,-139,348,717
68.98095,155,1282,-1739,530,4256,-138,348,717
68.98145,155,1282,-1739,530,4257,-139,348,717
68.98195,155,1281,-1739,530,4257,-139,348,717
68.98245,155,1281,-1739,530,4260,-139,348,717
68.98295,155,1281,-1739,530,4260,-139,348,717
68.98345,155,1282,-1739,530,4258,-139,348,717
68.98395,155,1281,-1739,529,4260,-139,348,717
68.98445,155,1281,-1739,529,4262,-139,348,717
68.98495,155,1282,-1740,530,4269,-139,348,717
68.98545,155,1282,-1739,529,4273,-139,348,717
68.98595,155,1282,-1739,530,4274,-139,348,717
68.98645,155,1282,-1740,530,4273,-139,348,717
68.98695,155,1282,-1739,530,4303,-138,348,718
68.98745,156,1281,-1740,531,4329,-139,348,717
68.98795,155,1281,-1739,531,4328,-139,348,717
68.98845,155,1281,-1739,531,4314,-138,348,717
68.98895,155,1282,-1739,531,4280,-139,348,717
68.98945,155,1282,-1739,531,4261,-138,348,717
68.98995,155,1281,-1739,530,4258,-139,348,717
68.99045,155,1281,-1739,530,4260,-139,348,717
68.99095,155,1281,-1739,530,4263,-138,348,717
68.99145,156,1281,-1739,529,4268,-139,348,717
68.99195,155,1281,-1739,529,4267,-139,348,717
68.99245,155,1281,-1739,530,4268,-139,348,717
68.99295,155,1281,-1739,529,4269,-138,348,717
68.99345,155,1281,-1740,530,4270,-139,348,717
68.99395,155,1281,-1739,529,4271,-139,348,717
68.99445,155,1281,-1739,530,4271,-139,349,717
68.99495,155,1281,-1739,530,4269,-139,348,717
68.99545,155,1281,-1738,529,4274,-139,348,717
68.99595,155,1281,-1739,530,4275,-139,348,717
68.99645,155,1282,-1739,530,4274,-138,348,718
68.99695,155,1282,-1739,530,4304,-139,347,718
68.99745,155,1282,-1739,530,4330,-138,348,717
68.99795,154,1282,-1739,530,4323,-138,348,718
68.99845,154,1282,-1739,530,4305,-139,349,717
68.99895,154,1282,-1739,529,4275,-139,349,717
68.99945,155,1281,-1739,530,4254,-139,349,717
68.99995,155,1282,-1739,530,4252,-138,349,717
69.00045,155,1281,-1739,529,4256,-139,348,717
69.00095,155,1281,-1739,530,4261,-139,348,717
69.00145,155,1281,-1739,530,4262,-139,348,717
69.00195,155,1281,-1740,530,4262,-139,348,717
69.00245,155,1281,-1739,530,4264,-139,349,717
69.00295,155,1281,-1739,530,4266,-139,348,717
69.00345,155,1281,-1739,530,4264,-139,348,717
69.00405,155,1281,-1739,530,4264,-139,348,717
69.00455,155,1281,-1739,531,4266,-139,348,717
69.00505,155,1281,-1739,531,4273,-139,348,717
69.00555,155,1281,-1739,531,4279,-139,348,717
69.00605,155,1281,-1739,531,4283,-139,348,717
69.00655,155,1281,-1739,530,4283,-139,349,717
69.00705,155,1281,-1739,530,4313,-139,348,718
69.00755,155,1281,-1740,529,4331,-139,348,717
69.00805,155,1281,-1739,529,4328,-139,348,717
69.00855,155,1281,-1739,529,4310,-139,348,717
69.00905,155,1281,-1739,529,4272,-139,348,717
69.00955,155,1281,-1739,529,4254,-139,348,717
69.01005,155,1281,-1739,529,4250,-139,348,717
69.01055,155,1281,-1739,529,4256,-138,348,717
69.01105,155,1281,-1738,530,4265,-139,348,717
69.01155,155,1281,-1738,530,4269,-139,348,717
69.01205,155,1282,-1739,531,4269,-138,348,717
69.01255,155,1281,-1739,531,4270,-139,348,717
69.01305,155,1282,-1739,530,4270,-138,348,717
69.01355,155,1281,-1739,530,4270,-138,347,717
69.01405,155,1281,-1739,530,4270,-139,348,717
69.01455,155,1281,-1739,530,4266,-139,347,717
69.01505,155,1281,-1739,530,4268,-138,347,717
69.01555,155,1281,-1739,529,4270,-138,347,717
69.01605,155,1282,-1739,529,4271,-139,347,717
69.01655,155,1281,-1739,530,4275,-138,347,718
69.01705,155,1281,-1739,530,4312,-138,347,718
69.01755,155,1281,-1739,529,4327,-139,347,717
69.01805,155,1281,-1739,529,4318,-139,347,717
69.01855,155,1281,-1739,529,4297,-139,347,717
69.01905,155,1281,-1739,529,4264,-138,347,717
69.01955,155,1281,-1739,529,4251,-138,347,717
69.02005,156,1281,-1739,530,4252,-138,347,717
69.02055,156,1281,-1739,530,4255,-139,347,717
69.02105,156,1281,-1739,530,4262,-139,347,717
69.02155,156,1281,-1739,530,4265,-139,348,717
69.02205,156,1281,-1739,530,4266,-139,347,717
69.02255,156,1281,-1739,530,4269,-139,348,717
69.02305,156,1281,-1739,530,4270,-139,348,717
69.02355,156,1281,-1739,531,4267,-139,348,716
69.02405,157,1281,-1739,530,4269,-139,349,717
69.02455,156,1281,-1738,530,4273,-139,349,716
69.02505,156,1281,-1739,530,4275,-139,350,717
69.02555,156,1281,-1739,530,4280,-139,350,717
69.02605,156,1281,-1739,530,4276,-139,350,717
69.02655,156,1281,-1739,531,4277,-139,350,717
69.02705,156,1281,-1739,531,4317,-138,349,717
69.02755,156,1282,-1739,531,4326,-139,350,717
69.02805,156,1281,-1739,530,4319,-139,350,716
69.02855,156,1281,-1739,529,4300,-138,350,716
69.02905,156,1281,-1739,529,4271,-139,350,717
69.02955,155,1281,-1739,529,4260,-139,349,717
69.03005,155,1282,-1739,530,4253,-139,349,717
69.03055,154,1282,-1739,530,4255,-139,349,717
69.03105,154,1282,-1739,530,4260,-139,349,717
69.03155,153,1282,-1739,530,4261,-139,348,717
69.03205,153,1282,-1739,529,4261,-138,348,717
69.03255,153,1282,-1739,529,4263,-138,348,717
69.03305,153,1282,-1739,530,4265,-138,349,717
69.03355,154,1282,-1739,530,4267,-138,348,717
69.03405,154,1282,-1739,530,4269,-139,349,717
69.03455,154,1282,-1740,531,4270,-139,349,717
69.03505,155,1282,-1739,531,4268,-139,349,717
69.03555,155,1282,-1739,531,4272,-139,349,717
69.03605,155,1282,-1739,531,4274,-139,349,717
69.03655,155,1282,-1739,531,4281,-139,348,717
69.03705,155,1282,-1740,532,4321,-139,348,718
69.03755,155,1282,-1739,531,4328,-139,349,717
69.03805,155,1282,-1740,531,4326,-139,349,717
69.03855,155,1282,-1740,530,4303,-139,349,717
69.03905,155,1282,-1740,529,4270,-139,349,717
69.03955,155,1282,-1740,530,4262,-139,348,717
69.04005,155,1282,-1740,530,4263,-139,349,717
69.04055,154,1282,-1739,530,4269,-139,349,717
69.04105,155,1282,-1738,529,4273,-139,349,717
69.04155,154,1282,-1738,529,4272,-139,349,717
69.04205,154,1282,-1738,529,4270,-139,349,717
69.04255,154,1281,-1739,530,4270,-139,349,717
69.04305,155,1281,-1739,530,4271,-139,348,717
69.04355,155,1281,-1738,529,4268,-138,348,717
69.04405,155,1282,-1738,529,4267,-139,349,717
69.04455,155,1282,-1738,529,4268,-139,349,717
69.04505,155,1282,-1739,530,4273,-139,348,717
69.04555,155,1281,-1739,530,4277,-139,349,717
69.04605,155,1282,-1739,530,4279,-139,348,717
69.04655,155,1281,-1739,530,4286,-139,348,717
69.04705,155,1281,-1739,530,4320,-139,348,717
69.04755,155,1282,-1739,530,4321,-139,349,717
69.04805,155,1282,-1739,530,4312,-139,348,717
69.04855,155,1282,-1740,530,4289,-139,348,717
69.04905,155,1282,-1740,530,4258,-139,349,717
69.04955,155,1281,-1739,530,4248,-139,348,717
69.05005,155,1282,-1739,530,4249,-139,349,717
69.05055,155,1282,-1739,531,4258,-139,349,717
69.05105,155,1282,-1739,530,4267,-139,348,717
69.05155,155,1282,-1739,530,4269,-139,348,717
69.05205,155,1282,-1739,529,4271,-139,348,717
69.05255,155,1282,-1739,530,4273,-139,348,717
69.05305,155,1282,-1739,529,4275,-138,348,717
69.05355,155,1282,-1739,529,4278,-138,348,717
69.05405,154,1282,-1739,529,4279,-139,348,716
69.05455,155,1282,-1739,530,4279,-138,348,717
69.05505,155,1281,-1739,530,4286,-139,348,717
69.05555,155,1282,-1739,530,4287,-139,348,717
69.05605,155,1281,-1739,530,4286,-139,349,717
69.05655,155,1281,-1739,531,4298,-139,348,717
69.05705,155,1282,-1739,531,4335,-139,348,717
69.05755,155,1281,-1739,530,4332,-139,348,717
69.05805,155,1281,-1739,530,4321,-139,348,717
69.05855,155,1282,-1739,529,4297,-138,349,717
69.05905,155,1282,-1739,529,4268,-139,349,717
69.05955,155,1281,-1739,530,4261,-139,349,717
69.06005,155,1281,-1739,530,4263,-139,349,718
69.06055,155,1282,-1740,530,4269,-138,349,717
69.06105,155,1282,-1739,531,4277,-139,349,718
69.06155,156,1282,-1739,530,4273,-138,349,718
69.06205,155,1281,-1739,531,4276,-139,349,717
69.06255,155,1282,-1739,531,4278,-139,349,718
69.06305,155,1282,-1739,531,4273,-139,348,717
69.06355,155,1282,-1739,531,4271,-139,349,717
69.06405,155,1282,-1739,531,4268,-139,349,717
69.06455,155,1282,-1739,531,4269,-139,349,717
69.06505,155,1282,-1739,531,4272,-139,349,717
69.06565,155,1282,-1739,531,4277,-139,348,717
69.06615,154,1282,-1739,530,4280,-139,348,717
69.06665,155,1282,-1739,529,4295,-139,348,717
69.06715,155,1282,-1739,528,4333,-138,347,717
69.06765,155,1282,-1739,529,4333,-138,348,718
69.06815,155,1282,-1739,529,4325,-138,348,717
69.06865,154,1282,-1739,530,4304,-138,349,717
69.06915,155,1282,-1739,530,4272,-138,349,717
69.06965,155,1281,-1739,530,4265,-138,349,717
69.07015,155,1281,-1739,531,4269,-139,349,717
69.07065,155,1282,-1739,531,4275,-139,349,717
69.07115,155,1281,-1739,531,4282,-138,349,717
69.07165,155,1282,-1739,530,4286,-139,349,717
69.07215,155,1282,-1739,530,4287,-138,349,717
69.07265,155,1282,-1739,529,4289,-139,349,717
69.07315,155,1282,-1740,528,4291,-139,348,717
69.07365,155,1282,-1740,529,4292,-139,348,717
69.07415,155,1282,-1740,529,4292,-139,348,717
69.07465,155,1282,-1740,529,4292,-139,349,717
69.07515,155,1282,-1740,530,4289,-139,349,717
69.07565,155,1282,-1739,529,4288,-138,349,717
69.07615,155,1281,-1738,529,4289,-139,349,717
69.07665,155,1282,-1737,530,4301,-139,349,717
69.07715,155,1282,-1737,529,4337,-138,348,718
69.07765,155,1282,-1738,530,4337,-139,348,717
69.07815,155,1282,-1738,529,4332,-139,349,717
69.07865,155,1282,-1738,529,4301,-139,349,717
69.07915,155,1282,-1739,530,4270,-139,349,717
69.07965,155,1282,-1739,530,4264,-139,350,717
69.08015,155,1282,-1739,530,4265,-139,350,717
69.08065,155,1282,-1739,530,4269,-139,350,717
69.08115,155,1282,-1739,530,4273,-138,351,717
69.08165,155,1282,-1739,530,4273,-138,350,717
69.08215,155,1281,-1739,530,4272,-138,350,717
69.08265,155,1282,-1739,530,4275,-139,350,717
69.08315,155,1282,-1739,529,4277,-139,350,717
69.08365,155,1282,-1739,530,4274,-139,350,717
69.08415,155,1282,-1739,529,4275,-138,350,717
69.08465,155,1282,-1739,530,4278,-139,350,717
69.08515,155,1281,-1739,530,4281,-138,349,717
69.08565,155,1282,-1739,530,4286,-138,349,717
69.08615,155,1282,-1739,530,4288,-139,348,717
69.08665,155,1282,-1739,530,4306,-139,348,717
69.08715,155,1282,-1739,530,4339,-139,347,718
69.08765,155,1282,-1739,530,4337,-139,348,717
69.08815,155,1282,-1739,530,4334,-139,347,717
69.08865,155,1282,-1739,530,4303,-138,348,717
69.08915,155,1282,-1739,530,4275,-139,348,717
69.08965,155,1282,-1739,530,4269,-138,348,717
69.09015,155,1282,-1739,530,4273,-139,348,717
69.09065,155,1282,-1739,529,4281,-139,347,717
69.09115,155,1281,-1739,529,4288,-139,348,717
69.09165,155,1282,-1739,529,4289,-139,348,717
69.09215,155,1282,-1739,530,4289,-138,348,717
69.09265,155,1281,-1739,530,4289,-139,349,717
69.09315,155,1282,-1739,530,4290,-139,348,717
69.09365,155,1282,-1739,530,4290,-138,349,717
69.09415,155,1281,-1739,530,4291,-139,349,717
69.09465,155,1281,-1739,530,4291,-138,348,717
69.095146,155,1281,-1739,530,4289,-139,349,717
69.09565,155,1282,-1739,530,4293,-138,349,717
69.09615,155,1282,-1739,530,4292,-139,349,717
69.09665,155,1281,-1739,531,4310,-138,348,717
69.09715,155,1282,-1739,531,4341,-138,348,718
69.09765,155,1282,-1739,530,4335,-139,348,717
69.09815,155,1282,-1739,530,4328,-138,348,717
69.09865,155,1281,-1739,529,4297,-139,349,717
69.09915,155,1282,-1739,529,4271,-138,348,717
69.09965,155,1282,-1738,529,4268,-139,348,717
69.10015,155,1281,-1739,529,4273,-138,348,717
69.10065,155,1281,-1738,529,4279,-139,348,717
69.10115,155,1281,-1739,529,4283,-138,347,717
69.10165,155,1281,-1739,529,4282,-139,347,717
69.10215,155,1281,-1739,529,4281,-138,347,717
69.10265,155,1281,-1739,530,4283,-138,348,717
69.10315,154,1281,-1739,530,4285,-138,348,717
69.10365,155,1281,-1740,530,4282,-139,348,717
69.10415,155,1282,-1739,530,4283,-139,348,717
69.10465,155,1282,-1739,529,4286,-138,348,717
69.10515,155,1282,-1740,530,4291,-138,348,718
69.10565,155,1282,-1739,530,4297,-138,348,717
69.10615,155,1282,-1739,530,4302,-138,348,717
69.10665,155,1281,-1739,530,4322,-138,348,718
69.10715,155,1281,-1739,530,4349,-138,348,718
69.10765,155,1282,-1739,530,4349,-138,348,717
69.10815,155,1281,-1739,530,4338,-138,348,717
69.10865,155,1281,-1739,529,4299,-138,349,717
69.10915,155,1282,-1739,530,4273,-138,348,717
69.10965,154,1281,-1740,530,4270,-138,348,717
69.11015,155,1281,-1739,530,4273,-139,348,717
69.11065,155,1282,-1739,530,4279,-138,348,717
69.11115,155,1281,-1738,530,4283,-138,348,717
69.11165,155,1281,-1738,529,4285,-138,348,717
69.11215,155,1281,-1738,529,4284,-138,348,717
69.11265,155,1282,-1739,529,4286,-139,348,717
69.11315,155,1281,-1739,529,4285,-138,348,717
69.11365,155,1282,-1739,529,4285,-138,348,718
69.11415,155,1281,-1739,529,4286,-138,348,717
69.11465,155,1281,-1739,529,4290,-139,348,717
69.11515,155,1281,-1739,529,4284,-138,348,717
69.11565,155,1282,-1739,529,4284,-138,347,717
69.11615,155,1281,-1739,529,4286,-138,347,717
69.11665,156,1281,-1739,530,4312,-138,347,717
69.11715,155,1281,-1739,530,4340,-138,347,717
69.11765,155,1281,-1739,529,4336,-138,348,717
69.11815,155,1281,-1739,530,4326,-138,348,717
69.11865,155,1281,-1739,529,4293,-138,348,717
69.11915,155,1281,-1739,529,4272,-138,348,717
69.11965,155,1281,-1739,530,4270,-138,348,717
69.12015,155,1282,-1739,530,4274,-138,348,717
69.12065,155,1281,-1739,529,4280,-138,348,717
69.12115,154,1282,-1739,530,4283,-138,347,717
69.12165,155,1281,-1739,529,4283,-139,347,717
69.12215,154,1281,-1739,530,4285,-139,348,717
69.12265,154,1281,-1739,530,4288,-139,348,717
69.12315,154,1281,-1740,530,4288,-139,348,717
69.12365,155,1281,-1739,530,4286,-139,348,717
69.12415,154,1281,-1740,530,4287,-139,348,717
69.12465,154,1281,-1739,530,4288,-139,349,717
69.12515,155,1282,-1739,530,4293,-139,348,717
69.12565,155,1281,-1739,530,4296,-138,349,717
69.12615,155,1282,-1739,530,4296,-139,349,717
69.12675,155,1281,-1738,531,4325,-138,349,717
69.12725,155,1281,-1739,530,4345,-139,349,717
69.12775,155,1281,-1739,530,4339,-138,350,717
69.12825,154,1281,-1739,529,4326,-139,350,717
69.12875,154,1281,-1739,530,4292,-139,350,717
69.12925,155,1281,-1739,530,4272,-138,350,717
69.12975,154,1281,-1739,530,4266,-138,350,717
69.13025,155,1281,-1739,530,4271,-137,350,717
69.13075,155,1281,-1739,530,4278,-138,350,717
69.13125,155,1281,-1739,530,4283,-137,350,717
69.13175,155,1281,-1739,530,4284,-137,350,717
69.13225,155,1281,-1739,530,4283,-137,350,717
69.13275,155,1281,-1739,530,4284,-138,350,717
69.13325,155,1281,-1739,530,4286,-137,350,717
69.13375,155,1281,-1739,530,4288,-138,351,717
69.13425,155,1281,-1739,530,4289,-138,350,717
69.13475,155,1281,-1739,530,4289,-138,350,717
69.13525,155,1281,-1740,530,4289,-138,350,717
69.13575,155,1281,-1739,530,4293,-138,350,717
69.13625,155,1281,-1739,530,4293,-138,350,717
69.13675,155,1281,-1739,531,4327,-138,349,717
69.13725,155,1281,-1739,530,4346,-138,349,717
69.13775,155,1281,-1739,530,4338,-138,349,717
69.13825,155,1281,-1739,530,4327,-138,349,717
69.13875,155,1281,-1739,530,4298,-138,349,717
69.13925,155,1281,-1739,529,4282,-138,349,717
69.13975,155,1281,-1739,529,4281,-138,348,718
69.14025,155,1281,-1739,530,4285,-138,348,717
69.14075,155,1281,-1739,530,4293,-138,348,717
69.14125,155,1281,-1739,530,4292,-138,348,717
69.14175,155,1281,-1740,530,4289,-138,348,717
69.14225,155,1281,-1739,530,4286,-138,349,717
69.14275,155,1281,-1740,531,4288,-138,349,717
69.14325,155,1280,-1739,531,4289,-138,349,717
69.14375,155,1281,-1739,531,4286,-138,349,717
69.14425,155,1281,-1740,531,4285,-138,349,717
69.14475,155,1281,-1739,531,4286,-138,350,717
69.14525,155,1281,-1739,531,4292,-138,349,717
69.14575,155,1281,-1739,530,4294,-138,349,717
69.14625,155,1281,-1739,529,4296,-138,349,717
69.14675,155,1281,-1739,529,4332,-138,348,717
69.14725,155,1280,-1738,528,4343,-138,349,717
69.14775,155,1280,-1738,529,4334,-138,349,717
69.14825,155,1281,-1739,528,4317,-138,349,717
69.14875,155,1281,-1739,529,4282,-138,349,717
69.14925,155,1281,-1739,529,4269,-138,349,717
69.14975,155,1281,-1739,529,4270,-138,349,717
69.15025,155,1281,-1739,530,4276,-138,349,717
69.15075,155,1281,-1739,529,4282,-138,349,717
69.15125,155,1281,-1739,529,4286,-137,349,717
69.15175,155,1281,-1739,530,4288,-138,349,717
69.15225,155,1281,-1739,530,4288,-138,349,717
69.15275,155,1281,-1739,530,4289,-138,349,717
69.15325,155,1281,-1739,529,4291,-137,350,717
69.15375,155,1280,-1739,529,4293,-138,349,717
69.15425,155,1281,-1739,530,4294,-138,349,717
69.15475,154,1281,-1739,529,4293,-138,349,717
69.15525,154,1281,-1739,530,4293,-137,349,717
69.15575,154,1281,-1739,530,4297,-138,349,717
69.15625,154,1281,-1739,530,4300,-138,349,717
69.15675,154,1281,-1739,530,4338,-138,349,717
69.15725,154,1281,-1739,529,4347,-138,349,716
69.15775,154,1281,-1739,530,4340,-138,349,717
69.15825,154,1281,-1739,530,4323,-138,349,716
69.15875,154,1281,-1739,529,4284,-137,349,717
69.15925,155,1281,-1739,529,4274,-138,349,717
69.15975,155,1281,-1739,530,4271,-138,349,717
69.16025,154,1281,-1739,530,4272,-138,349,717
69.16075,155,1281,-1739,530,4277,-138,349,717
69.16125,155,1281,-1739,529,4279,-138,349,717
69.16175,155,1281,-1739,530,4278,-138,349,717
69.16225,155,1281,-1739,530,4279,-138,348,717
69.16275,155,1281,-1739,530,4280,-138,349,717
69.16325,155,1281,-1739,530,4277,-138,349,717
69.16375,155,1281,-1739,530,4273,-138,349,717
69.16425,155,1281,-1739,530,4272,-138,349,716
69.16475,155,1281,-1738,530,4278,-138,348,717
69.16525,155,1281,-1738,530,4287,-138,349,717
69.16575,155,1281,-1738,530,4285,-138,349,717
69.16625,155,1281,-1738,530,4289,-138,349,717
69.16675,155,1281,-1738,530,4327,-138,348,718
69.16725,154,1281,-1739,530,4333,-138,349,717
69.16775,154,1281,-1738,529,4330,-138,349,717
69.16825,154,1281,-1739,529,4305,-138,349,717
69.16875,154,1281,-1739,529,4270,-138,350,717
69.16925,154,1281,-1739,529,4259,-138,350,717
69.16975,154,1281,-1739,529,4259,-138,349,718
69.17025,154,1280,-1739,529,4268,-138,349,718
69.17075,154,1281,-1739,529,4282,-138,349,717
69.17125,154,1281,-1739,530,4287,-138,349,717
69.17175,154,1280,-1740,530,4283,-137,349,717
69.17225,155,1281,-1740,530,4282,-138,349,717
69.17275,155,1281,-1739,530,4284,-138,349,717
69.17325,155,1281,-1739,530,4286,-138,349,717
69.17375,154,1281,-1739,530,4287,-138,349,717
69.17425,155,1281,-1739,530,4287,-138,349,717
69.17475,155,1281,-1739,530,4283,-138,349,717
69.17525,155,1281,-1739,530,4285,-137,349,717
69.17575,155,1281,-1739,530,4285,-138,349,717
69.17625,155,1281,-1739,530,4292,-138,349,717
69.17675,155,1281,-1739,530,4331,-138,349,718
69.17725,155,1281,-1739,530,4332,-137,349,717
69.17775,155,1281,-1739,529,4326,-138,349,717
69.17825,155,1280,-1739,529,4301,-138,349,717
69.17875,155,1281,-1739,529,4270,-137,349,717
69.17925,155,1281,-1739,530,4262,-138,348,717
69.17975,155,1281,-1739,530,4263,-138,348,717
69.18025,155,1281,-1739,529,4266,-137,348,717
69.18075,154,1281,-1739,530,4271,-138,348,717
69.18125,155,1281,-1739,530,4273,-138,348,717
69.18175,154,1281,-1739,530,4272,-138,347,717
69.18225,155,1281,-1739,530,4270,-138,347,717
69.18275,155,1281,-1739,530,4272,-138,347,717
69.18325,155,1281,-1738,529,4275,-138,347,717
69.18375,155,1281,-1739,530,4272,-138,347,717
69.18425,155,1281,-1739,529,4273,-138,347,717
69.18475,155,1281,-1739,530,4274,-138,347,717
69.18525,155,1281,-1739,530,4279,-138,347,717
69.18575,155,1281,-1739,530,4283,-138,347,717
69.18625,155,1281,-1739,530,4295,-137,347,717
69.18675,155,1281,-1739,530,4334,-138,347,718
69.18725,155,1280,-1739,530,4336,-138,347,717
69.18775,155,1281,-1739,529,4333,-138,348,717
69.18835,155,1281,-1739,529,4305,-138,349,717
69.18885,155,1281,-1739,530,4274,-138,348,717
69.18935,155,1281,-1739,530,4268,-137,349,717
69.18985,155,1281,-1739,530,4270,-138,349,717
69.19035,155,1281,-1739,530,4276,-138,350,717
69.19085,155,1281,-1739,530,4281,-138,350,717
69.19135,155,1281,-1739,530,4282,-138,351,717
69.19185,155,1281,-1739,530,4283,-138,351,717
69.19235,155,1281,-1739,530,4281,-138,351,717
69.19285,155,1281,-1739,530,4281,-138,351,717
69.19335,155,1281,-1739,530,4281,-138,351,717
69.19385,154,1280,-1739,530,4282,-138,352,717
69.19435,155,1281,-1739,530,4282,-138,351,717
69.19485,155,1281,-1739,530,4283,-138,351,717
69.19535,155,1281,-1739,530,4280,-138,351,717
69.19585,154,1281,-1739,530,4282,-138,351,717
69.19635,155,1281,-1739,530,4293,-138,350,717
69.19685,154,1281,-1739,530,4329,-138,349,717
69.19735,155,1281,-1738,530,4330,-138,349,717
69.19785,155,1281,-1739,530,4321,-138,349,717
69.19835,155,1281,-1739,529,4296,-138,349,717
69.19885,155,1281,-1738,530,4266,-138,348,717
69.19935,155,1281,-1738,530,4260,-138,348,717
69.19985,155,1281,-1739,530,4263,-138,347,717
69.20035,155,1280,-1739,530,4266,-138,348,717
69.20085,155,1281,-1739,530,4274,-138,348,717
69.20135,155,1281,-1739,530,4273,-138,348,717
69.20185,155,1281,-1739,530,4273,-138,348,717
69.20235,155,1280,-1740,530,4275,-138,348,717
69.20285,155,1281,-1739,530,4277,-138,348,717
69.20335,155,1281,-1740,530,4275,-138,348,717
69.20385,155,1280,-1739,530,4274,-138,349,717
69.20435,155,1280,-1740,530,4277,-138,349,717
69.20485,155,1280,-1739,530,4282,-138,350,717
69.20535,155,1280,-1739,530,4288,-138,350,717
69.20585,155,1281,-1739,530,4291,-138,349,717
69.20635,155,1280,-1739,530,4306,-138,349,717
69.20685,155,1280,-1739,531,4340,-138,349,717
69.20735,155,1280,-1739,530,4337,-138,349,717
69.20785,155,1280,-1739,530,4328,-138,349,718
69.20835,155,1281,-1739,530,4300,-138,350,717
69.20885,154,1281,-1739,530,4275,-138,349,717
69.20935,154,1281,-1739,530,4262,-138,349,717
69.20985,154,1281,-1739,530,4261,-138,349,717
69.21035,154,1281,-1739,530,4269,-138,349,717
69.21085,154,1281,-1740,530,4277,-138,349,717
69.21135,154,1281,-1739,530,4280,-138,349,717
69.21185,154,1281,-1740,530,4280,-138,349,717
69.21235,154,1281,-1739,530,4279,-139,349,717
69.21285,154,1280,-1739,530,4280,-138,349,717
69.21335,155,1281,-1739,530,4280,-138,349,717
69.21385,155,1281,-1739,530,4280,-138,349,717
69.21435,155,1280,-1739,530,4279,-138,349,717
69.21485,155,1281,-1738,530,4276,-138,348,717
69.21535,155,1281,-1739,530,4279,-138,348,717
69.21585,154,1281,-1739,530,4280,-138,348,717
69.21635,155,1281,-1738,530,4296,-138,348,718
69.21685,155,1281,-1739,530,4333,-138,347,717
69.21735,155,1280,-1739,530,4334,-138,348,717
69.21785,155,1281,-1739,530,4321,-138,348,717
69.21835,155,1280,-1739,530,4294,-138,348,717
69.21885,155,1280,-1739,530,4269,-138,348,717
69.21935,155,1281,-1739,530,4265,-138,347,717
69.21985,155,1281,-1739,530,4267,-138,348,717
69.22035,155,1280,-1739,530,4272,-138,347,717
69.22085,155,1281,-1739,530,4278,-138,347,717
69.22135,155,1281,-1739,529,4282,-138,347,717
69.22185,155,1281,-1739,530,4282,-138,347,718
69.22235,155,1281,-1739,530,4281,-138,347,718
69.22285,155,1281,-1739,530,4288,-138,347,717
69.22335,155,1280,-1739,530,4289,-138,347,717
69.22385,155,1281,-1739,530,4280,-138,348,717
69.22435,154,1281,-1739,530,4276,-138,348,717
69.22485,154,1281,-1739,530,4277,-138,348,717
69.22535,155,1280,-1739,530,4280,-138,348,717
69.22585,155,1281,-1739,530,4282,-138,349,717
69.22635,155,1281,-1739,530,4298,-138,349,717
69.22685,155,1280,-1739,531,4333,-138,349,717
69.22735,155,1280,-1739,530,4330,-138,349,717
69.22785,155,1281,-1739,530,4321,-138,350,717
69.22835,155,1280,-1739,530,4292,-138,350,717
69.22885,155,1280,-1739,530,4265,-138,350,717
69.22935,155,1281,-1739,530,4261,-138,350,717
69.22985,155,1281,-1739,530,4262,-138,350,717
69.23035,155,1280,-1739,530,4267,-138,350,718
69.23085,154,1281,-1739,530,4269,-138,350,717
69.23135,154,1280,-1739,531,4275,-138,350,718
69.23185,154,1280,-1739,530,4272,-138,350,717
69.23235,154,1281,-1739,531,4274,-138,349,717
69.23285,154,1280,-1739,530,4271,-138,350,717
69.23335,154,1281,-1739,531,4272,-138,350,717
69.23385,154,1281,-1739,530,4273,-138,350,717
69.23435,155,1280,-1739,530,4275,-138,350,717
69.23485,155,1280,-1739,530,4276,-138,350,717
69.23535,155,1280,-1739,530,4274,-138,350,717
69.23585,154,1281,-1739,530,4275,-139,350,717
69.23635,154,1280,-1739,530,4299,-139,349,717
69.23685,155,1280,-1739,530,4329,-139,349,717
69.23735,154,1280,-1739,530,4327,-139,350,717
69.23785,154,1280,-1739,529,4319,-139,350,717
69.23835,155,1280,-1740,530,4290,-139,350,717
69.23885,155,1280,-1740,530,4267,-139,350,717
69.23935,155,1280,-1741,530,4264,-138,350,717
69.23985,154,1280,-1742,531,4268,-138,350,717
69.24035,155,1280,-1741,531,4271,-138,350,717
69.24085,154,1280,-1740,530,4274,-138,350,717
69.24135,154,1280,-1740,530,4271,-138,350,717
69.24185,154,1280,-1739,530,4271,-138,350,717
69.24235,155,1281,-1739,530,4271,-138,349,718
69.24285,155,1281,-1739,530,4273,-138,349,717
69.24335,154,1281,-1739,530,4273,-138,349,717
69.24385,155,1280,-1738,529,4267,-138,349,718
69.24435,155,1280,-1738,529,4267,-138,349,717
69.24485,155,1281,-1738,529,4273,-138,349,717
69.24535,155,1280,-1739,530,4275,-138,349,718
69.24585,155,1280,-1739,530,4276,-139,349,717
69.24635,155,1281,-1739,531,4305,-139,349,718
69.24685,155,1280,-1739,531,4326,-138,349,718
69.24735,155,1280,-1739,530,4322,-138,350,717
69.24785,154,1280,-1739,530,4310,-138,349,718
69.24835,154,1280,-1739,530,4273,-139,350,717
69.24885,155,1280,-1739,530,4253,-139,350,717
69.24935,155,1280,-1739,529,4245,-139,350,718
69.24995,155,1281,-1739,530,4250,-139,350,717
69.25045,155,1280,-1739,530,4263,-139,350,717
69.25095,155,1280,-1739,531,4266,-139,350,717
69.25145,155,1280,-1739,531,4267,-139,350,718
69.25195,155,1280,-1739,531,4270,-139,350,717
69.25245,155,1281,-1739,531,4273,-139,350,717
69.25295,154,1280,-1739,531,4271,-139,349,718
69.25345,155,1280,-1739,531,4272,-138,349,718
69.25395,155,1280,-1739,530,4278,-139,349,717
69.25445,154,1280,-1739,529,4280,-139,348,717
69.25495,155,1280,-1739,529,4273,-138,348,717
69.25545,155,1280,-1739,529,4275,-138,348,717
69.25595,155,1280,-1739,529,4277,-138,349,717
69.25645,155,1280,-1739,530,4305,-138,348,717
69.25695,155,1280,-1739,530,4330,-138,348,718
69.25745,155,1280,-1739,530,4323,-138,349,718
69.25795,154,1280,-1739,530,4315,-138,349,717
69.25845,155,1280,-1739,530,4284,-139,349,717
69.25895,155,1280,-1739,530,4258,-138,349,717
69.25945,155,1280,-1739,530,4253,-138,349,718
69.25995,155,1280,-1739,530,4256,-139,349,718
69.26045,155,1280,-1739,531,4266,-139,349,717
69.26095,155,1280,-1739,531,4270,-138,349,718
69.26145,155,1280,-1739,531,4265,-138,349,717
69.26195,155,1280,-1740,531,4267,-139,349,718
69.26245,154,1280,-1740,531,4261,-138,350,717
69.26295,154,1280,-1740,531,4264,-139,349,717
69.26345,155,1280,-1739,531,4260,-138,350,717
69.26395,154,1281,-1739,531,4254,-139,349,718
69.26445,155,1280,-1739,531,4254,-138,350,717
69.26495,154,1280,-1739,530,4259,-139,350,717
69.26545,155,1280,-1739,530,4257,-138,350,717
69.26595,155,1280,-1739,530,4260,-138,349,717
69.26645,155,1280,-1739,531,4293,-138,349,717
69.26695,155,1280,-1739,530,4316,-138,349,717
69.26745,154,1280,-1739,529,4311,-138,349,717
69.26795,154,1280,-1739,529,4298,-138,349,717
69.26845,154,1280,-1739,529,4265,-139,349,717
69.26895,154,1280,-1739,530,4247,-138,349,717
69.26945,154,1280,-1739,530,4247,-138,349,717
69.26995,155,1280,-1739,530,4251,-138,349,717
69.27045,155,1280,-1739,530,4257,-139,349,717
69.27095,155,1280,-1739,530,4262,-138,348,717
69.27145,154,1280,-1739,530,4265,-138,348,717
69.27195,155,1280,-1739,530,4267,-139,348,717
69.27245,155,1280,-1740,530,4268,-138,348,717
69.27295,154,1280,-1740,530,4269,-138,349,718
69.27345,155,1280,-1739,530,4271,-139,348,717
69.27395,154,1280,-1739,530,4275,-139,348,718
69.27445,155,1280,-1740,530,4272,-138,348,718
69.27495,154,1280,-1740,530,4274,-139,349,717
69.27545,155,1280,-1739,529,4270,-139,349,718
69.27595,155,1280,-1739,530,4267,-138,348,718
69.27645,155,1280,-1739,530,4306,-139,348,718
69.27695,155,1280,-1739,530,4321,-139,348,718
69.27745,155,1280,-1739,530,4316,-139,348,717
69.27795,155,1280,-1739,530,4300,-138,348,717
69.27845,154,1280,-1739,530,4261,-139,349,717
69.27895,154,1280,-1739,531,4246,-139,349,717
69.27945,155,1280,-1739,530,4245,-139,348,718
69.27995,154,1280,-1739,530,4249,-139,348,717
69.28045,155,1280,-1739,530,4257,-139,348,717
69.28095,155,1280,-1739,531,4255,-139,348,717
69.28145,155,1280,-1739,531,4252,-139,348,717
69.28195,154,1280,-1739,530,4255,-139,348,717
69.28245,155,1280,-1739,530,4258,-139,348,717
69.28295,155,1280,-1739,530,4258,-138,348,717
69.28345,155,1280,-1739,531,4261,-139,349,717
69.28395,155,1280,-1739,530,4261,-139,349,718
69.28445,155,1280,-1739,530,4258,-139,349,717
69.28495,154,1280,-1739,531,4262,-139,349,718
69.285446,155,1280,-1739,531,4262,-139,349,717
69.28595,155,1280,-1739,532,4272,-139,349,718
69.28645,155,1280,-1739,532,4308,-138,348,717
69.28695,155,1280,-1738,532,4323,-138,348,717
69.28745,155,1280,-1739,531,4312,-138,348,717
69.28795,155,1281,-1739,531,4294,-138,349,717
69.28845,155,1280,-1739,531,4262,-138,350,717
69.28895,155,1280,-1739,531,4248,-138,350,717
69.28945,154,1281,-1740,531,4247,-138,351,717
69.28995,155,1280,-1740,531,4255,-138,350,717
69.29045,155,1280,-1740,531,4263,-138,350,717
69.29095,155,1280,-1740,530,4265,-138,350,717
69.29145,155,1280,-1740,531,4266,-138,350,717
69.29195,154,1280,-1740,532,4265,-138,349,717
69.29245,154,1281,-1740,532,4264,-138,349,717
69.29295,154,1280,-1739,532,4264,-138,349,717
69.29345,154,1280,-1739,531,4265,-138,348,717
69.29395,155,1280,-1738,530,4266,-138,349,717
69.29445,155,1280,-1738,530,4266,-138,349,716
69.29495,155,1280,-1739,531,4264,-138,349,717
69.29545,155,1280,-1739,530,4269,-138,348,717
69.29595,155,1281,-1740,531,4271,-138,349,717
69.29645,155,1281,-1740,530,4307,-138,348,717
69.29695,155,1280,-1740,529,4313,-138,348,717
69.29745,155,1281,-1740,530,4304,-138,348,717
69.29795,155,1280,-1740,530,4285,-138,349,717
69.29845,155,1280,-1739,530,4255,-138,349,717
69.29895,155,1280,-1739,530,4246,-138,349,718
69.29945,155,1280,-1739,530,4248,-138,349,718
69.29995,155,1280,-1738,529,4258,-139,349,718
69.30045,155,1281,-1738,529,4265,-138,349,718
69.30095,155,1280,-1738,530,4267,-138,349,718
69.30145,155,1280,-1739,530,4268,-138,349,718
69.30195,155,1280,-1738,530,4267,-138,349,718
69.30245,155,1280,-1738,529,4264,-138,349,718
69.30295,155,1280,-1738,529,4265,-138,349,718
69.30345,155,1280,-1738,529,4266,-138,349,718
69.30395,154,1280,-1739,529,4263,-138,349,717
69.30445,154,1280,-1740,530,4262,-138,350,718
69.30495,154,1281,-1740,530,4259,-138,350,718
69.30545,154,1281,-1740,530,4269,-139,349,718
69.30595,153,1280,-1740,530,4282,-138,349,718
69.30645,154,1280,-1740,530,4322,-139,349,718
69.30695,154,1280,-1739,529,4326,-139,349,718
69.30745,154,1280,-1739,530,4318,-138,348,717
69.30795,154,1280,-1739,529,4294,-139,349,717
69.30845,154,1281,-1739,529,4256,-138,349,717
69.30895,154,1281,-1739,530,4245,-139,348,718
69.30945,154,1281,-1739,530,4248,-138,348,717
69.30995,154,1281,-1739,531,4258,-138,347,718
69.31045,154,1281,-1739,531,4260,-138,347,717
69.31095,155,1281,-1740,530,4265,-138,348,718
69.31145,155,1281,-1739,530,4264,-138,348,717
69.31205,155,1281,-1740,530,4268,-139,348,718
69.31255,155,1281,-1739,530,4265,-139,348,718
69.31305,154,1281,-1739,530,4267,-138,348,717
69.31355,154,1281,-1739,530,4269,-138,349,717
69.31405,154,1281,-1739,530,4263,-138,348,718
69.31455,154,1281,-1739,530,4263,-138,348,717
69.31505,153,1281,-1739,530,4267,-138,349,717
69.31555,154,1280,-1739,530,4261,-139,349,718
69.31605,154,1281,-1739,531,4273,-138,349,717
69.31655,154,1281,-1739,531,4316,-138,349,718
69.31705,154,1280,-1739,531,4316,-138,349,717
69.31755,154,1281,-1739,531,4313,-138,350,717
69.31805,154,1280,-1740,531,4288,-138,350,717
69.31855,155,1280,-1740,531,4256,-138,350,717
69.31905,155,1280,-1740,531,4249,-138,350,717
69.31955,155,1280,-1740,531,4252,-138,350,718
69.32005,154,1280,-1740,531,4257,-138,350,718
69.32055,155,1280,-1740,531,4269,-138,350,717
69.32105,155,1280,-1740,531,4270,-138,350,717
69.32155,154,1280,-1740,531,4265,-138,350,717
69.32205,155,1280,-1740,531,4268,-139,350,718
69.32255,154,1280,-1740,531,4270,-138,350,718
69.32305,154,1280,-1739,530,4275,-139,350,718
69.32355,154,1280,-1738,530,4278,-138,350,718
69.32405,154,1280,-1738,530,4274,-138,350,717
69.32455,154,1280,-1738,530,4269,-139,350,717
69.32505,155,1280,-1738,529,4262,-138,349,717
69.32555,154,1280,-1739,530,4265,-139,350,717
69.32605,155,1280,-1739,530,4280,-138,349,717
69.32655,155,1280,-1739,530,4318,-138,350,718
69.32705,154,1280,-1739,530,4319,-139,349,717
69.32755,154,1281,-1739,530,4315,-139,349,718
69.32805,154,1281,-1739,529,4286,-139,350,717
69.32855,154,1281,-1740,531,4258,-139,349,717
69.32905,154,1281,-1739,530,4245,-139,350,717
69.32955,154,1281,-1740,530,4244,-139,350,718
69.33005,154,1280,-1740,530,4253,-138,349,717
69.33055,155,1281,-1740,530,4263,-138,349,717
69.33105,154,1281,-1740,530,4261,-138,349,717
69.33155,155,1280,-1740,530,4260,-139,349,717
69.33205,154,1280,-1740,530,4261,-138,349,717
69.33255,154,1280,-1740,530,4260,-138,349,717
69.33305,154,1280,-1740,530,4261,-139,349,718
69.33355,154,1280,-1739,531,4263,-138,349,718
69.33405,155,1280,-1738,530,4269,-139,349,718
69.33455,154,1281,-1737,530,4271,-138,350,717
69.33505,154,1280,-1737,530,4266,-138,349,717
69.33555,154,1280,-1738,530,4261,-138,349,718
69.33605,155,1280,-1738,530,4274,-139,349,717
69.33655,155,1280,-1739,531,4316,-138,349,718
69.33705,154,1280,-1739,530,4315,-139,349,717
69.33755,155,1280,-1739,530,4308,-139,348,717
69.33805,155,1280,-1739,530,4283,-138,349,717
69.33855,155,1281,-1739,530,4256,-139,349,717
69.33905,155,1281,-1739,530,4251,-139,348,717
69.33955,155,1280,-1739,531,4254,-139,348,718
69.34005,154,1280,-1739,530,4260,-138,348,717
69.34055,155,1280,-1739,531,4269,-139,349,717
69.34105,154,1280,-1739,531,4268,-139,349,717
69.34155,155,1280,-1739,531,4266,-139,349,717
69.34205,154,1280,-1739,531,4265,-139,348,718
69.34255,154,1280,-1738,531,4262,-139,349,717
69.34305,154,1280,-1738,531,4267,-139,348,717
69.34355,154,1280,-1739,530,4264,-139,348,717
69.34405,155,1280,-1739,530,4259,-139,348,717
69.34455,155,1280,-1740,531,4258,-138,348,717
69.34505,155,1280,-1740,531,4259,-139,348,717
69.34555,155,1280,-1740,530,4263,-139,348,717
69.34605,155,1280,-1740,531,4281,-139,348,718
69.34655,155,1280,-1739,530,4316,-139,348,718
69.34705,155,1281,-1739,530,4319,-139,348,717
69.34755,154,1280,-1738,530,4310,-139,349,717
69.34805,154,1280,-1739,529,4275,-139,349,717
69.34855,154,1280,-1739,529,4246,-139,349,717
69.34905,154,1280,-1739,530,4241,-138,349,717
69.34955,155,1280,-1739,530,4244,-139,349,717
69.35005,155,1280,-1739,530,4249,-139,349,717
69.35055,155,1280,-1739,530,4255,-139,348,717
69.35105,155,1280,-1739,530,4256,-139,349,718
69.35155,155,1280,-1740,531,4260,-139,349,717
69.35205,155,1280,-1740,531,4265,-138,348,717
69.35255,155,1281,-1740,531,4261,-139,349,718
69.35305,155,1280,-1739,531,4261,-139,349,717
69.35355,154,1280,-1740,531,4267,-139,349,717
69.35405,154,1280,-1739,531,4265,-139,349,718
69.35455,154,1280,-1739,531,4266,-139,348,717
69.35505,154,1280,-1739,530,4272,-139,349,718
69.35555,155,1280,-1739,530,4266,-138,349,717
69.35605,155,1280,-1739,531,4289,-138,349,718
69.35655,155,1280,-1739,530,4319,-139,349,717
69.35705,154,1280,-1739,530,4319,-138,350,718
69.35755,155,1281,-1739,530,4310,-138,350,718
69.35805,155,1280,-1739,530,4283,-139,351,717
69.35855,155,1280,-1739,530,4257,-139,351,717
69.35905,155,1280,-1739,530,4246,-138,351,717
69.35955,155,1280,-1739,530,4247,-139,351,717
69.36005,155,1280,-1739,530,4252,-139,351,717
69.36055,155,1280,-1739,530,4256,-139,351,717
69.36105,155,1280,-1739,530,4254,-139,351,718
69.36155,155,1280,-1739,530,4256,-139,351,717
69.36205,155,1280,-1739,530,4264,-139,351,718
69.36255,155,1280,-1739,530,4260,-139,350,717
69.36305,155,1280,-1739,530,4261,-139,350,717
69.36355,155,1280,-1739,530,4257,-138,349,718
69.36405,154,1280,-1739,530,4252,-139,349,718
69.36455,155,1280,-1739,530,4255,-138,348,717
69.36505,155,1280,-1739,531,4255,-139,348,717
69.36555,155,1280,-1739,531,4254,-139,348,718
69.36605,155,1280,-1739,532,4278,-138,347,718
69.36655,155,1280,-1739,531,4316,-139,347,718
69.36705,154,1280,-1739,531,4315,-139,347,718
69.36755,154,1280,-1739,531,4304,-139,347,718
69.36805,153,1280,-1739,530,4272,-139,348,718
69.36855,154,1281,-1739,530,4247,-139,347,718
69.36905,154,1280,-1739,530,4240,-139,347,718
69.36955,153,1280,-1739,531,4243,-139,348,717
69.37005,154,1280,-1739,531,4252,-139,347,717
69.37055,154,1280,-1739,530,4252,-139,347,717
69.37105,154,1280,-1739,530,4253,-139,347,717
69.37155,154,1280,-1739,530,4257,-139,347,717
69.37205,154,1280,-1739,531,4259,-139,347,717
69.37255,154,1280,-1739,531,4260,-138,346,718
69.37305,154,1280,-1739,532,4262,-138,346,717
69.37365,154,1280,-1740,532,4268,-139,346,718
69.37415,155,1280,-1740,531,4265,-139,347,717
69.37465,155,1280,-1741,531,4267,-139,347,718
69.37515,155,1280,-1740,531,4261,-139,348,717
69.37565,155,1280,-1740,531,4262,-139,348,717
69.37615,154,1280,-1740,531,4284,-138,348,718
69.37665,155,1280,-1739,531,4309,-139,349,718
69.37715,154,1280,-1739,530,4308,-139,349,717
69.37765,154,1280,-1738,529,4301,-138,350,718
69.37815,154,1280,-1739,529,4266,-139,350,718
69.37865,154,1280,-1739,529,4246,-139,350,718
69.37915,154,1280,-1739,530,4245,-138,350,718
69.37965,154,1280,-1739,530,4244,-138,350,717
69.38015,154,1280,-1739,530,4245,-139,350,718
69.38065,154,1280,-1739,531,4245,-138,350,717
69.38115,154,1280,-1739,531,4248,-139,350,718
69.38165,154,1280,-1739,531,4244,-139,350,717
69.38215,154,1280,-1739,531,4247,-139,350,718
69.38265,154,1280,-1739,531,4245,-139,350,717
69.38315,154,1279,-1739,531,4248,-139,350,718
69.38365,154,1280,-1739,531,4248,-139,350,718
69.38415,154,1280,-1739,531,4249,-139,350,717
69.38465,154,1280,-1739,531,4248,-139,350,718
69.38515,154,1280,-1740,531,4245,-139,350,718
69.38565,154,1280,-1740,530,4250,-139,349,718
69.38615,154,1279,-1740,531,4284,-139,349,718
69.38665,154,1279,-1740,531,4309,-139,349,718
69.38715,154,1280,-1740,531,4305,-139,349,717
69.38765,154,1279,-1740,531,4293,-139,350,718
69.38815,154,1280,-1740,531,4257,-139,350,717
69.38865,154,1280,-1740,531,4241,-139,350,717
69.38915,154,1280,-1740,531,4237,-139,350,718
69.38965,154,1280,-1739,531,4241,-139,350,718
69.39015,155,1279,-1739,530,4251,-139,350,717
69.39065,154,1280,-1739,531,4255,-139,350,718
69.39115,154,1279,-1739,531,4251,-139,349,718
69.39165,154,1279,-1739,531,4255,-139,349,718
69.39215,154,1279,-1739,531,4255,-139,349,717
69.39265,154,1280,-1739,531,4252,-139,349,718
69.39315,154,1280,-1739,530,4247,-139,350,718
69.39365,154,1280,-1739,530,4251,-139,350,717
69.39415,154,1280,-1738,530,4252,-139,349,718
69.39465,154,1279,-1739,530,4247,-139,349,717
69.39515,154,1280,-1739,530,4249,-139,349,717
69.39565,154,1280,-1739,530,4243,-139,349,717
69.39615,154,1280,-1739,531,4272,-139,348,718
69.39665,154,1280,-1739,531,4293,-139,349,718
69.39715,154,1280,-1739,531,4291,-139,349,718
69.39765,155,1280,-1739,531,4280,-139,349,718
69.39815,154,1280,-1739,531,4246,-139,349,718
69.39865,154,1280,-1739,531,4228,-139,349,718
69.39915,154,1280,-1739,530,4225,-139,349,718
69.39965,154,1280,-1739,531,4229,-139,349,718
69.40015,154,1280,-1739,530,4235,-139,349,718
69.40065,154,1279,-1739,531,4236,-139,348,718
69.40115,154,1279,-1739,530,4235,-139,348,718
69.40165,154,1280,-1739,530,4238,-139,349,717
69.40215,154,1279,-1739,530,4240,-139,349,718
69.40265,155,1279,-1739,530,4235,-139,349,718
69.40315,154,1279,-1739,531,4239,-139,349,718
69.40365,154,1280,-1739,531,4243,-139,349,718
69.40415,155,1279,-1740,531,4239,-139,349,717
69.40465,154,1279,-1739,532,4238,-139,349,718
69.40515,155,1279,-1740,531,4234,-139,350,718
69.40565,155,1280,-1740,531,4245,-139,350,718
69.40615,154,1280,-1739,532,4286,-139,349,718
69.40665,154,1279,-1739,531,4302,-140,350,718
69.40715,155,1279,-1740,531,4295,-139,349,718
69.407646,154,1280,-1739,531,4280,-140,350,718
69.40815,154,1280,-1739,531,4244,-140,350,717
69.40865,154,1279,-1739,530,4224,-140,350,718
69.40915,155,1279,-1739,530,4216,-140,350,717
69.40965,154,1279,-1739,530,4223,-140,349,718
69.41015,154,1279,-1739,531,4229,-140,349,717
69.41065,154,1279,-1739,530,4235,-139,349,718
69.41115,154,1280,-1739,530,4233,-139,349,718
69.41165,154,1280,-1739,530,4238,-139,350,718
69.41215,154,1280,-1739,531,4239,-139,350,717
69.41265,154,1280,-1739,531,4236,-139,350,718
69.41315,154,1280,-1740,531,4230,-139,350,718
69.41365,153,1280,-1740,531,4232,-139,350,718
69.41415,153,1280,-1739,530,4233,-139,350,718
69.41465,153,1280,-1739,531,4232,-139,349,718
69.41515,154,1280,-1739,531,4228,-139,349,718
69.41565,153,1279,-1739,531,4229,-139,349,718
69.41615,154,1280,-1739,531,4268,-139,348,718
69.41665,154,1279,-1739,531,4279,-139,348,718
69.41715,154,1280,-1739,530,4273,-139,348,718
69.41765,154,1279,-1740,531,4259,-139,347,718
69.41815,154,1280,-1740,530,4227,-140,347,717
69.41865,154,1280,-1740,531,4213,-139,347,717
69.41915,154,1280,-1740,531,4207,-139,347,717
69.41965,154,1280,-1739,531,4211,-139,347,718
69.42015,154,1280,-1739,531,4218,-139,348,717
69.42065,154,1279,-1739,531,4227,-139,348,717
69.42115,154,1279,-1739,531,4225,-139,348,717
69.42165,154,1279,-1739,530,4226,-140,349,717
69.42215,154,1280,-1739,530,4227,-139,349,717
69.42265,154,1279,-1739,531,4226,-139,349,717
69.42315,154,1280,-1739,531,4226,-140,349,717
69.42365,154,1280,-1739,531,4228,-139,349,717
69.42415,154,1280,-1739,531,4225,-140,349,717
69.42465,154,1280,-1739,531,4222,-139,349,717
69.42515,154,1280,-1739,531,4222,-139,349,717
69.42565,154,1279,-1739,531,4227,-139,348,717
69.42615,154,1279,-1740,531,4268,-139,348,717
69.42665,154,1279,-1739,531,4276,-139,349,717
69.42715,154,1279,-1739,531,4270,-139,349,717
69.42765,154,1280,-1739,531,4251,-139,349,717
69.42815,154,1279,-1739,531,4217,-139,349,717
69.42865,154,1280,-1739,531,4206,-140,348,717
69.42915,154,1280,-1739,531,4206,-140,348,718
69.42965,154,1280,-1739,531,4212,-139,348,717
69.43015,154,1280,-1739,531,4219,-140,348,717
69.43065,154,1279,-1739,531,4216,-140,348,718
69.43115,154,1279,-1740,531,4216,-140,348,717
69.43165,154,1279,-1739,531,4221,-140,348,717
69.43215,154,1280,-1739,531,4218,-139,348,718
69.43265,154,1279,-1739,531,4216,-139,348,718
69.43315,154,1279,-1740,531,4221,-140,349,718
69.43365,154,1280,-1740,531,4224,-140,348,718
69.43415,154,1279,-1740,531,4224,-140,348,718
69.43465,155,1279,-1740,531,4225,-140,348,718
69.43525,154,1279,-1739,530,4223,-140,348,718
69.43575,155,1279,-1738,530,4227,-140,348,718
69.43625,155,1279,-1738,530,4264,-140,348,718
69.43675,155,1279,-1738,530,4270,-140,348,718
69.43725,155,1279,-1739,530,4263,-140,348,718
69.43775,155,1279,-1739,530,4245,-140,348,718
69.43825,155,1279,-1739,530,4216,-140,349,718
69.43875,155,1279,-1739,531,4208,-140,348,718
69.43925,155,1279,-1739,531,4209,-140,348,718
69.43975,155,1279,-1739,531,4214,-140,348,718
69.44025,155,1279,-1739,531,4218,-140,348,718
69.44075,155,1279,-1739,531,4217,-140,348,717
69.44125,154,1279,-1739,531,4215,-140,348,717
69.44175,155,1279,-1739,531,4213,-140,348,717
69.44225,155,1279,-1739,531,4213,-140,348,717
69.44275,155,1279,-1739,531,4211,-140,348,718
69.44325,154,1279,-1739,531,4213,-140,348,718
69.44375,154,1279,-1739,531,4220,-140,349,718
69.44425,154,1279,-1739,531,4218,-140,349,718
69.44475,154,1279,-1739,531,4215,-140,349,718
69.44525,153,1280,-1739,531,4214,-140,349,718
69.44575,153,1280,-1739,531,4224,-140,349,718
69.44625,153,1279,-1740,531,4264,-140,349,718
69.44675,153,1279,-1739,531,4268,-140,349,718
69.44725,153,1279,-1740,531,4259,-140,349,718
69.44775,154,1279,-1740,531,4235,-141,350,717
69.44825,154,1279,-1740,531,4203,-141,350,717
69.44875,154,1279,-1740,531,4187,-140,350,717
69.44925,154,1279,-1740,531,4186,-141,350,718
69.44975,154,1279,-1740,531,4195,-140,349,717
69.45025,154,1279,-1740,531,4209,-140,350,717
69.45075,154,1279,-1740,531,4211,-140,349,717
69.45125,154,1279,-1739,531,4212,-140,349,718
69.45175,154,1279,-1739,531,4215,-140,349,718
69.45225,154,1279,-1738,531,4221,-140,349,717
69.45275,154,1279,-1739,531,4221,-140,349,718
69.45325,154,1279,-1739,531,4216,-140,349,718
69.45375,154,1279,-1739,531,4221,-140,349,718
69.45425,154,1279,-1739,531,4224,-140,349,718
69.45475,154,1279,-1739,531,4226,-140,349,718
69.45525,154,1279,-1740,531,4225,-140,349,717
69.45575,154,1279,-1739,531,4234,-140,348,718
69.45625,154,1279,-1739,531,4267,-140,348,718
69.45675,154,1279,-1739,531,4272,-140,349,718
69.45725,154,1279,-1739,531,4266,-140,348,718
69.45775,154,1279,-1739,531,4243,-140,348,718
69.45825,154,1279,-1740,532,4213,-140,349,718
69.45875,155,1279,-1739,532,4205,-140,348,718
69.45925,154,1279,-1739,532,4205,-141,349,718
69.45975,154,1279,-1739,533,4209,-140,348,718
69.46025,154,1279,-1739,533,4214,-141,348,718
69.46075,154,1279,-1739,533,4215,-141,348,718
69.46125,154,1279,-1739,533,4217,-141,348,718
69.46175,154,1279,-1740,533,4218,-140,348,718
69.46225,154,1279,-1739,533,4217,-140,349,718
69.46275,154,1279,-1739,531,4214,-140,349,718
69.46325,154,1279,-1739,531,4213,-141,349,718
69.46375,154,1279,-1740,531,4213,-140,349,718
69.46425,154,1279,-1739,530,4210,-141,349,718
69.46475,154,1279,-1739,530,4207,-141,349,718
69.46525,154,1279,-1739,530,4209,-141,348,717
69.46575,155,1279,-1739,531,4223,-141,348,718
69.46625,154,1279,-1739,531,4256,-141,348,718
69.46675,154,1279,-1739,531,4264,-141,348,718
69.46725,154,1279,-1739,531,4260,-141,348,718
69.46775,154,1279,-1739,530,4237,-141,349,718
69.46825,154,1279,-1739,530,4209,-141,349,717
69.46875,154,1279,-1739,530,4203,-141,348,718
69.46925,154,1279,-1739,530,4201,-141,348,717
69.46975,154,1279,-1739,530,4210,-141,348,718
69.47025,154,1279,-1739,531,4212,-141,348,717
69.47075,154,1279,-1739,530,4218,-141,348,718
69.47125,154,1279,-1739,530,4219,-141,348,718
69.47175,154,1279,-1739,531,4226,-141,348,717
69.47225,154,1279,-1740,531,4229,-141,348,717
69.47275,154,1279,-1740,531,4224,-141,348,718
69.47325,155,1279,-1740,531,4223,-141,349,717
69.47375,154,1279,-1739,531,4229,-141,348,718
69.47425,154,1279,-1739,531,4226,-141,349,717
69.47475,154,1279,-1738,531,4229,-141,349,718
69.47525,154,1279,-1739,531,4225,-140,349,718
69.47575,154,1279,-1739,531,4239,-141,349,718
69.47625,154,1279,-1739,531,4274,-140,348,718
69.47675,154,1279,-1739,530,4274,-140,349,718
69.47725,155,1279,-1739,530,4265,-141,349,718
69.47775,154,1279,-1739,530,4240,-141,349,717
69.47825,154,1279,-1739,530,4213,-141,349,718
69.47875,154,1279,-1739,531,4203,-141,349,718
69.47925,155,1279,-1739,531,4208,-141,348,717
69.47975,155,1279,-1739,531,4213,-141,348,718
69.48025,155,1279,-1739,532,4212,-141,348,718
69.48075,155,1279,-1739,532,4214,-141,348,718
69.48125,155,1279,-1739,532,4216,-141,349,718
69.48175,155,1279,-1739,532,4220,-141,348,718
69.48225,155,1279,-1739,532,4222,-141,349,718
69.48275,155,1279,-1739,532,4220,-141,349,717
69.48325,155,1279,-1739,531,4220,-141,349,718
69.48375,155,1279,-1739,531,4218,-141,349,718
69.48425,155,1279,-1739,530,4220,-141,349,718
69.48475,154,1279,-1739,530,4220,-141,349,718
69.48525,153,1279,-1739,531,4220,-140,349,718
69.48575,153,1279,-1739,532,4240,-141,349,718
69.48625,153,1279,-1739,532,4276,-141,349,718
69.48675,154,1279,-1739,531,4277,-141,349,718
69.48725,154,1279,-1739,532,4271,-141,349,718
69.48775,154,1279,-1739,531,4245,-141,349,717
69.48825,154,1279,-1739,530,4219,-141,349,717
69.48875,154,1279,-1739,531,4209,-141,349,718
69.48925,154,1279,-1739,530,4212,-140,349,717
69.48975,154,1279,-1739,530,4227,-141,349,717
69.49025,154,1279,-1739,530,4229,-141,348,718
69.49075,154,1279,-1739,530,4230,-141,348,717
69.49125,154,1279,-1739,530,4236,-141,348,718
69.49175,154,1279,-1739,530,4233,-141,348,718
69.49225,154,1279,-1739,531,4236,-141,348,718
69.49275,154,1279,-1739,530,4237,-141,348,717
69.49325,154,1279,-1739,530,4235,-141,349,718
69.49375,154,1279,-1739,530,4232,-141,348,718
69.49425,154,1279,-1739,530,4236,-141,349,718
69.49475,154,1279,-1739,530,4238,-141,349,718
69.49525,154,1279,-1740,531,4236,-141,349,718
69.49575,154,1279,-1739,531,4253,-141,348,718
69.49625,154,1279,-1740,532,4283,-141,348,718
69.49685,154,1279,-1740,532,4279,-141,349,718
69.49735,154,1279,-1739,532,4269,-141,349,718
69.49785,154,1279,-1740,531,4240,-141,349,718
69.49835,154,1279,-1739,531,4217,-141,350,717
69.49885,154,1279,-1739,531,4212,-141,349,718
69.49935,154,1279,-1739,530,4211,-141,349,718
69.49985,154,1279,-1739,530,4220,-141,349,718
69.50035,154,1279,-1739,530,4226,-141,349,718
69.50085,154,1279,-1739,530,4228,-141,349,717
69.50135,154,1279,-1740,530,4230,-141,349,717
69.50185,154,1279,-1740,531,4226,-141,349,717
69.50235,154,1279,-1740,531,4225,-141,349,717
69.50285,154,1279,-1740,532,4224,-141,349,717
69.50335,154,1279,-1739,532,4225,-141,349,717
69.50385,154,1279,-1739,532,4227,-141,349,717
69.50435,154,1279,-1739,531,4226,-141,349,717
69.50485,154,1279,-1739,532,4225,-141,349,717
69.50535,154,1279,-1739,532,4227,-141,349,717
69.50585,154,1279,-1739,532,4253,-141,348,717
69.50635,154,1279,-1739,532,4285,-141,348,717
69.50685,154,1279,-1739,532,4282,-141,348,717
69.50735,154,1279,-1739,532,4274,-141,347,717
69.50785,154,1279,-1739,532,4244,-141,348,717
69.50835,154,1279,-1739,532,4220,-141,348,717
69.50885,154,1279,-1739,532,4216,-141,347,717
69.50935,154,1279,-1739,531,4217,-141,348,718
69.50985,154,1279,-1739,530,4223,-141,347,718
69.51035,154,1279,-1739,530,4231,-141,347,718
69.51085,154,1279,-1739,530,4233,-141,347,718
69.51135,154,1279,-1739,530,4232,-141,347,718
69.51185,154,1279,-1739,530,4232,-141,347,718
69.51235,154,1279,-1739,530,4231,-141,346,718
69.51285,154,1279,-1739,530,4229,-141,347,718
69.51335,154,1279,-1739,530,4226,-141,347,717
69.51385,154,1279,-1739,531,4225,-141,347,718
69.51435,154,1279,-1739,530,4220,-141,347,718
69.51485,154,1279,-1739,531,4224,-141,347,718
69.51535,154,1279,-1739,531,4224,-141,347,718
69.51585,154,1279,-1739,531,4249,-141,347,718
69.51635,154,1279,-1739,531,4273,-141,348,718
69.51685,154,1279,-1739,531,4269,-141,349,718
69.51735,154,1279,-1739,531,4258,-141,349,718
69.51785,154,1280,-1739,531,4228,-141,349,718
69.51835,154,1279,-1739,531,4211,-141,350,718
69.51885,154,1279,-1739,531,4209,-141,350,717
69.51935,154,1279,-1739,532,4212,-141,350,718
69.51985,154,1279,-1739,532,4214,-141,350,718
69.52035,154,1279,-1739,532,4221,-141,350,718
69.52085,154,1280,-1739,531,4223,-141,350,717
69.52135,154,1279,-1739,531,4225,-141,350,718
69.52185,154,1279,-1739,530,4228,-141,349,718
69.52235,154,1279,-1739,530,4233,-141,349,717
69.52285,154,1279,-1739,530,4232,-141,350,717
69.52335,154,1279,-1739,531,4226,-141,349,717
69.52385,154,1279,-1739,531,4226,-141,350,718
69.52435,154,1279,-1739,531,4225,-141,350,717
69.52485,154,1279,-1739,531,4226,-141,350,717
69.52535,154,1279,-1739,531,4221,-141,349,718
69.52585,154,1279,-1739,532,4252,-141,349,718
69.52635,154,1279,-1740,531,4280,-141,349,718
69.52685,154,1279,-1740,531,4277,-141,350,718
69.52735,154,1279,-1739,531,4265,-141,349,717
69.52785,154,1279,-1739,531,4230,-141,350,717
69.52835,154,1279,-1739,531,4205,-142,350,718
69.52885,154,1280,-1739,531,4200,-141,350,717
69.52935,155,1279,-1739,531,4210,-141,350,718
69.52985,154,1279,-1739,531,4215,-141,350,717
69.53035,155,1279,-1739,530,4220,-141,350,717
69.53085,154,1279,-1740,531,4218,-141,350,718
69.53135,155,1279,-1739,531,4218,-141,351,717
69.53185,154,1279,-1739,531,4223,-141,351,718
69.53235,154,1279,-1739,531,4221,-141,351,717
69.53285,154,1279,-1739,531,4223,-141,351,718
69.53335,154,1279,-1739,531,4220,-141,351,718
69.53385,154,1279,-1739,531,4225,-141,351,718
69.53435,154,1279,-1739,531,4228,-141,350,717
69.53485,154,1280,-1739,531,4228,-141,350,717
69.53535,154,1279,-1739,531,4221,-141,349,718
69.53585,155,1279,-1738,531,4252,-140,349,718
69.53635,154,1279,-1739,531,4275,-140,348,718
69.53685,154,1280,-1739,531,4272,-141,348,718
69.53735,154,1280,-1740,531,4259,-141,348,718
69.53785,154,1280,-1740,531,4228,-141,348,717
69.53835,153,1280,-1740,531,4213,-141,347,717
69.53885,154,1279,-1739,531,4208,-141,348,718
69.53935,154,1279,-1739,531,4211,-141,347,717
69.53985,154,1279,-1739,531,4223,-141,347,718
69.54035,154,1279,-1739,531,4223,-141,347,718
69.54085,154,1279,-1739,531,4227,-141,347,717
69.54135,154,1280,-1739,531,4228,-141,347,718
69.54185,154,1279,-1739,531,4223,-141,347,718
69.54235,154,1279,-1739,531,4225,-140,347,718
69.54285,154,1279,-1739,531,4223,-141,347,718
69.54335,154,1279,-1739,531,4221,-141,347,718
69.54385,154,1279,-1739,531,4222,-141,348,718
69.54435,154,1279,-1739,531,4220,-141,348,718
69.54485,154,1279,-1739,532,4217,-141,348,717
69.54535,154,1280,-1740,531,4220,-141,349,718
69.54585,154,1279,-1740,532,4255,-141,349,718
69.54635,154,1279,-1740,531,4271,-141,349,717
69.54685,154,1280,-1740,531,4267,-141,349,717
69.54735,154,1280,-1740,531,4246,-141,350,718
69.54785,154,1280,-1740,531,4213,-141,350,717
69.54835,154,1279,-1740,531,4206,-141,349,718
69.54885,154,1280,-1740,531,4203,-141,350,717
69.54935,154,1280,-1740,531,4211,-141,350,717
69.54985,154,1280,-1739,532,4213,-141,349,717
69.55035,154,1280,-1740,532,4215,-142,349,718
69.55085,154,1280,-1739,532,4218,-141,349,717
69.55135,154,1279,-1740,532,4225,-141,349,717
69.55185,154,1280,-1739,532,4222,-142,349,717
69.55235,154,1280,-1739,532,4220,-141,349,717
69.55285,154,1280,-1739,531,4221,-142,349,717
69.55335,154,1280,-1740,531,4222,-142,349,717
69.55385,154,1280,-1739,531,4224,-141,349,717
69.55435,154,1280,-1740,531,4225,-142,349,717
69.55485,154,1280,-1739,531,4228,-141,349,717
69.55535,154,1280,-1739,531,4232,-141,349,717
69.55585,154,1280,-1739,531,4268,-141,348,718
69.55635,154,1280,-1739,531,4278,-141,348,718
69.55685,154,1280,-1739,531,4278,-141,349,717
69.55735,154,1279,-1739,531,4260,-141,348,717
69.55785,154,1280,-1739,531,4222,-142,349,717
69.55835,155,1279,-1739,531,4210,-141,348,717
69.55895,154,1279,-1739,531,4211,-141,349,717
69.55945,155,1280,-1739,531,4214,-141,349,717
69.55995,154,1280,-1739,530,4216,-141,348,717
69.56045,154,1280,-1739,530,4218,-141,348,717
69.56095,154,1280,-1739,530,4217,-141,348,717
69.56145,154,1279,-1739,531,4221,-140,348,717
69.56195,155,1279,-1739,531,4225,-141,349,718
69.56245,154,1280,-1739,531,4225,-141,349,718
69.56295,154,1279,-1740,531,4226,-141,349,718
69.56345,154,1279,-1740,531,4225,-141,349,718
69.56395,154,1280,-1740,531,4224,-141,349,718
69.56445,154,1280,-1740,531,4220,-141,349,718
69.56495,155,1280,-1739,530,4216,-141,349,718
69.56545,154,1280,-1739,531,4223,-141,348,718
69.56595,155,1280,-1739,531,4262,-141,348,719
69.56645,154,1280,-1739,531,4270,-141,348,718
69.56695,155,1280,-1739,531,4263,-141,348,718
69.56745,154,1280,-1739,531,4249,-141,348,718
69.56795,154,1280,-1739,530,4219,-141,349,718
69.56845,154,1280,-1739,531,4208,-141,348,718
69.56895,154,1280,-1739,531,4206,-141,349,718
69.56945,155,1280,-1739,531,4212,-141,349,718
69.56995,155,1280,-1740,531,4221,-141,349,718
69.57045,154,1280,-1740,531,4224,-141,349,718
69.57095,154,1280,-1740,531,4226,-141,349,718
69.57145,154,1280,-1740,531,4228,-141,349,718
69.57195,154,1280,-1740,531,4229,-141,349,718
69.57245,154,1280,-1740,531,4230,-141,349,718
69.57295,154,1280,-1740,531,4230,-141,349,718
69.57345,154,1280,-1740,531,4228,-141,349,718
69.57395,154,1280,-1740,531,4228,-141,349,718
69.57445,154,1280,-1739,531,4227,-141,348,718
69.57495,154,1280,-1739,531,4225,-140,349,718
69.57545,154,1280,-1739,531,4231,-141,349,718
69.57595,155,1280,-1739,531,4264,-141,348,718
69.57645,154,1279,-1740,531,4266,-141,349,718
69.57695,155,1280,-1739,531,4261,-141,349,718
69.57745,154,1280,-1739,531,4237,-141,349,718
69.57795,154,1280,-1739,530,4208,-142,349,718
69.57845,154,1280,-1739,531,4204,-141,349,718
69.57895,154,1280,-1739,531,4207,-142,349,718
69.57945,154,1280,-1739,531,4213,-141,348,718
69.57995,154,1280,-1740,531,4217,-141,348,718
69.58045,154,1280,-1739,531,4218,-141,348,718
69.58095,154,1280,-1739,531,4220,-141,348,718
69.58145,154,1280,-1739,531,4221,-141,349,718
69.58195,154,1280,-1739,531,4222,-142,348,718
69.58245,154,1280,-1739,531,4222,-141,348,718
69.58295,154,1280,-1740,531,4220,-142,348,717
69.58345,154,1280,-1739,531,4220,-142,348,718
69.58395,154,1280,-1739,531,4218,-141,348,718
69.58445,154,1280,-1739,531,4221,-142,348,718
69.58495,154,1280,-1740,531,4220,-142,349,717
69.58545,154,1279,-1739,531,4231,-141,348,718
69.58595,154,1280,-1740,531,4266,-142,348,718
69.58645,154,1280,-1740,531,4271,-142,348,718
69.58695,154,1280,-1739,531,4269,-142,348,718
69.58745,154,1280,-1740,531,4245,-142,348,717
69.58795,154,1280,-1739,531,4218,-142,348,717
69.58845,154,1280,-1739,531,4209,-141,348,717
69.58895,154,1280,-1739,531,4210,-142,348,718
69.58945,154,1279,-1740,531,4216,-142,348,718
69.58995,154,1280,-1739,530,4224,-142,348,718
69.59045,154,1280,-1739,530,4227,-141,349,718
69.59095,154,1280,-1739,530,4228,-141,348,718
69.59145,154,1280,-1739,530,4227,-141,349,718
69.59195,154,1279,-1739,531,4226,-141,349,718
69.59245,154,1280,-1739,531,4223,-141,349,718
69.59295,154,1279,-1739,531,4222,-141,350,718
69.59345,154,1279,-1739,531,4222,-141,350,718
69.59395,154,1279,-1740,531,4222,-141,350,718
69.59445,154,1280,-1740,531,4223,-142,350,718
69.59495,154,1279,-1739,531,4222,-141,350,718
69.59545,155,1279,-1739,531,4233,-141,350,718
69.59595,154,1279,-1739,531,4266,-141,349,718
69.59645,154,1280,-1740,531,4267,-141,349,718
69.59695,154,1280,-1739,531,4259,-141,348,718
69.59745,154,1280,-1740,531,4234,-141,349,718
69.597946,154,1280,-1739,531,4208,-141,348,718
69.59845,154,1280,-1740,531,4204,-142,348,718
69.59895,154,1280,-1740,531,4206,-141,348,718
69.59945,154,1280,-1740,531,4213,-142,348,718
69.59995,154,1280,-1740,531,4217,-142,348,718
69.60045,154,1280,-1739,531,4217,-141,348,718
69.60095,154,1280,-1739,531,4219,-142,348,718
69.60145,154,1280,-1740,531,4224,-141,348,718
69.60195,154,1279,-1740,531,4227,-142,348,718
69.60245,154,1280,-1739,531,4227,-141,348,718
69.60295,154,1279,-1739,531,4225,-141,348,718
69.60345,154,1280,-1740,531,4224,-142,349,718
69.60395,154,1280,-1740,531,4226,-141,349,718
69.60445,154,1280,-1740,531,4225,-142,349,718
69.60495,154,1280,-1740,531,4222,-142,349,718
69.60545,154,1280,-1740,533,4239,-141,348,718
69.60595,154,1280,-1740,532,4275,-142,348,718
69.60645,154,1280,-1740,532,4277,-142,349,718
69.60695,154,1279,-1740,532,4272,-142,349,718
69.60745,154,1280,-1740,531,4246,-142,349,718
69.60795,154,1280,-1740,531,4219,-142,349,718
69.60845,154,1280,-1740,531,4210,-142,349,718
69.60895,154,1279,-1739,531,4210,-142,348,718
69.60945,154,1280,-1740,531,4219,-142,349,718
69.60995,154,1280,-1740,531,4224,-142,349,718
69.61045,154,1280,-1740,530,4225,-142,349,718
69.61095,154,1280,-1739,530,4226,-142,349,718
69.61145,154,1280,-1740,531,4227,-141,348,718
69.61195,154,1279,-1740,530,4229,-142,349,718
69.61245,154,1280,-1740,531,4231,-141,348,718
69.61295,154,1280,-1740,531,4229,-142,349,718
69.61345,154,1280,-1739,531,4227,-142,349,718
69.61395,154,1280,-1739,530,4226,-142,348,718
69.61445,154,1280,-1739,531,4227,-142,348,718
69.61495,154,1280,-1740,531,4226,-142,348,718
69.61545,155,1280,-1740,531,4242,-141,348,718
69.61595,154,1279,-1740,531,4274,-142,348,718
69.61645,154,1280,-1740,531,4272,-142,348,718
69.61695,154,1279,-1739,531,4267,-141,349,718
69.61745,154,1279,-1739,530,4239,-142,349,718
69.61795,154,1280,-1739,531,4215,-142,348,718
69.61845,154,1279,-1739,531,4215,-142,348,718
69.61895,154,1279,-1740,531,4218,-142,348,718
69.61945,154,1279,-1739,531,4223,-141,347,718
69.61995,154,1279,-1740,531,4227,-142,347,718
69.62055,154,1280,-1740,531,4229,-142,347,718
69.62105,154,1279,-1740,531,4231,-142,347,718
69.62155,154,1279,-1740,531,4233,-142,347,718
69.62205,154,1279,-1740,531,4235,-142,347,718
69.62255,154,1279,-1740,531,4236,-142,347,718
69.62305,154,1279,-1740,531,4234,-142,347,718
69.62355,154,1279,-1740,531,4232,-142,347,718
69.62405,154,1279,-1740,531,4233,-142,347,718
69.62455,153,1279,-1740,531,4231,-142,347,718
69.62505,154,1279,-1740,531,4225,-142,347,718
69.62555,154,1279,-1740,531,4245,-142,347,718
69.62605,154,1279,-1740,531,4277,-142,347,718
69.62655,154,1279,-1740,531,4273,-142,347,718
69.62705,154,1279,-1740,531,4266,-142,348,718
69.62755,154,1279,-1740,530,4238,-142,349,718
69.62805,154,1279,-1739,531,4215,-142,349,718
69.62855,154,1279,-1739,531,4212,-142,349,718
69.62905,154,1279,-1739,531,4214,-142,349,718
69.62955,154,1279,-1739,531,4219,-142,349,718
69.63005,154,1279,-1739,531,4222,-143,349,718
69.63055,154,1279,-1739,531,4222,-142,349,718
69.63105,154,1279,-1739,531,4223,-142,349,718
69.63155,154,1279,-1740,531,4222,-142,349,718
69.63205,154,1279,-1740,531,4222,-142,349,718
69.63255,154,1280,-1740,531,4220,-142,349,718
69.63305,154,1279,-1740,531,4222,-142,349,718
69.63355,154,1279,-1740,531,4223,-142,349,718
69.63405,154,1279,-1740,531,4224,-142,349,718
69.63455,154,1279,-1740,531,4225,-141,349,718
69.63505,154,1279,-1740,531,4224,-142,349,718
69.63555,154,1279,-1739,532,4246,-141,349,719
69.63605,155,1279,-1740,531,4271,-142,349,718
69.63655,154,1279,-1740,531,4266,-141,349,718
69.63705,154,1279,-1740,531,4261,-142,349,718
69.63755,154,1279,-1740,530,4233,-142,349,718
69.63805,154,1279,-1739,531,4215,-142,349,719
69.63855,154,1279,-1740,531,4214,-142,349,718
69.63905,154,1279,-1740,531,4213,-142,349,718
69.63955,154,1279,-1740,531,4223,-142,349,718
69.64005,154,1279,-1740,531,4227,-142,349,718
69.64055,154,1279,-1740,531,4226,-142,349,718
69.64105,154,1279,-1739,531,4227,-141,349,718
69.64155,154,1280,-1740,531,4230,-142,349,718
69.64205,154,1279,-1740,531,4230,-142,349,718
69.64255,154,1279,-1740,531,4228,-142,350,718
69.64305,154,1280,-1739,532,4224,-142,349,718
69.64355,154,1279,-1739,532,4220,-142,349,718
69.64405,154,1279,-1740,531,4221,-142,349,718
69.64455,154,1279,-1740,531,4219,-142,348,718
69.64505,154,1279,-1739,531,4213,-142,349,718
69.64555,154,1279,-1740,531,4241,-142,347,718
69.64605,154,1279,-1740,531,4266,-142,348,718
69.64655,154,1279,-1741,531,4263,-142,347,718
69.64705,154,1279,-1741,531,4253,-142,348,718
69.64755,154,1279,-1741,530,4222,-142,348,718
69.64805,154,1279,-1741,531,4201,-142,348,718
69.64855,154,1279,-1740,530,4195,-142,348,718
69.64905,154,1279,-1739,531,4200,-142,348,718
69.64955,154,1279,-1739,531,4210,-142,348,718
69.65005,154,1279,-1739,531,4215,-142,348,718
69.65055,154,1279,-1740,531,4218,-142,348,718
69.65105,154,1279,-1740,531,4219,-142,349,718
69.65155,154,1279,-1740,531,4221,-142,349,718
69.65205,154,1279,-1740,531,4221,-142,349,718
69.65255,154,1279,-1740,531,4222,-142,349,718
69.65305,154,1279,-1739,531,4222,-142,349,718
69.65355,154,1279,-1740,531,4221,-141,349,718
69.65405,155,1279,-1740,531,4222,-141,349,718
69.65455,155,1279,-1739,530,4224,-142,348,718
69.65505,155,1279,-1739,531,4224,-142,348,718
69.65555,155,1279,-1740,531,4255,-142,347,719
69.65605,155,1278,-1740,531,4275,-142,348,718
69.65655,155,1279,-1740,531,4264,-142,348,718
69.65705,155,1279,-1740,531,4258,-142,348,718
69.65755,155,1279,-1740,531,4227,-142,349,718
69.65805,155,1279,-1740,531,4209,-142,349,718
69.65855,154,1279,-1740,531,4209,-142,349,718
69.65905,154,1279,-1740,531,4212,-141,349,718
69.65955,154,1279,-1740,532,4216,-141,350,718
69.66005,154,1279,-1740,531,4218,-142,349,718
69.66055,154,1279,-1740,532,4218,-141,349,718
69.66105,154,1279,-1740,531,4218,-142,349,718
69.66155,154,1279,-1740,531,4218,-142,349,718
69.66205,153,1279,-1740,531,4218,-142,348,718
69.66255,153,1279,-1740,531,4217,-142,348,718
69.66305,153,1279,-1740,531,4212,-142,349,718
69.66355,152,1279,-1740,531,4208,-142,349,718
69.66405,153,1280,-1740,531,4208,-142,348,718
69.66455,152,1279,-1740,531,4206,-142,348,718
69.66505,153,1279,-1740,531,4201,-142,349,718
69.66555,153,1279,-1740,532,4234,-142,348,718
69.66605,153,1279,-1740,532,4254,-142,348,718
69.66655,153,1279,-1740,531,4250,-142,348,718
69.66705,153,1279,-1740,532,4240,-142,348,718
69.66755,153,1279,-1741,531,4209,-142,349,718
69.66805,153,1279,-1740,532,4196,-142,349,718
69.66855,153,1279,-1740,532,4196,-142,349,718
69.66905,154,1279,-1740,532,4201,-142,349,718
69.66955,153,1279,-1740,532,4207,-142,349,718
69.67005,153,1279,-1740,532,4211,-142,349,718
69.67055,153,1279,-1740,532,4215,-142,349,718
69.67105,154,1279,-1740,532,4217,-142,349,718
69.67155,153,1279,-1740,531,4220,-142,349,718
69.67205,154,1279,-1740,530,4222,-142,349,718
69.67255,154,1279,-1739,530,4222,-142,349,718
69.67305,153,1278,-1739,530,4225,-142,349,718
69.67355,153,1279,-1739,530,4229,-142,349,718
69.67405,153,1279,-1740,531,4230,-142,348,718
69.67455,154,1279,-1739,531,4230,-142,349,718
69.67505,154,1279,-1740,531,4230,-142,349,718
69.67555,154,1279,-1740,532,4264,-142,348,719
69.67605,153,1278,-1740,531,4273,-142,349,718
69.67655,153,1279,-1740,531,4263,-142,348,718
69.67705,154,1279,-1739,531,4250,-142,349,718
69.67755,153,1279,-1740,531,4219,-142,349,717
69.67805,154,1279,-1739,531,4206,-142,349,718
69.67855,154,1279,-1740,531,4200,-142,349,718
69.67905,153,1279,-1739,531,4206,-142,349,718
69.67955,154,1279,-1739,531,4213,-142,349,718
69.68005,154,1279,-1740,531,4212,-142,349,718
69.68055,154,1279,-1740,531,4210,-142,349,718
69.68105,153,1279,-1740,531,4213,-142,349,718
69.68155,153,1279,-1740,531,4218,-142,349,718
69.68205,153,1279,-1741,531,4219,-142,350,718
69.68265,153,1279,-1741,531,4221,-142,349,718
69.68315,154,1279,-1741,531,4219,-142,350,718
69.68365,154,1278,-1740,531,4219,-142,349,717
69.68415,154,1278,-1740,531,4221,-142,349,718
69.68465,153,1279,-1740,531,4218,-142,349,718
69.68515,154,1279,-1740,531,4223,-142,349,718
69.68565,153,1278,-1740,532,4264,-142,349,718
69.68615,154,1278,-1740,531,4273,-142,349,718
69.68665,154,1279,-1740,531,4269,-142,349,718
69.68715,153,1278,-1740,531,4253,-142,349,718
69.68765,154,1279,-1740,531,4222,-142,349,717
69.68815,153,1278,-1740,531,4211,-142,349,718
69.68865,153,1278,-1740,531,4206,-143,349,717
69.68915,153,1279,-1740,531,4217,-142,349,718
69.68965,154,1278,-1740,531,4224,-142,349,718
69.69015,153,1278,-1740,531,4230,-143,349,718
69.69065,153,1278,-1740,531,4233,-142,349,718
69.69115,153,1278,-1740,531,4233,-142,349,718
69.69165,154,1279,-1740,531,4233,-142,349,718
69.69215,153,1278,-1740,531,4233,-143,349,718
69.69265,154,1278,-1740,531,4233,-142,349,718
69.69315,153,1278,-1740,531,4232,-142,349,718
69.69365,154,1278,-1740,531,4231,-143,349,719
69.69415,153,1278,-1740,531,4230,-142,349,718
69.69465,154,1279,-1740,531,4226,-143,349,719
69.69515,153,1278,-1740,531,4235,-142,348,719
69.69565,153,1278,-1740,531,4269,-142,348,719
69.69615,154,1279,-1740,531,4271,-142,349,718
69.69665,153,1278,-1740,531,4262,-142,349,718
69.69715,154,1279,-1740,531,4249,-142,349,718
69.69765,153,1278,-1740,531,4218,-142,349,718
69.69815,154,1279,-1740,531,4208,-142,349,718
69.69865,154,1279,-1740,531,4211,-142,348,718
69.69915,153,1278,-1740,531,4217,-142,349,718
69.69965,153,1279,-1740,531,4222,-142,349,719
69.70015,153,1278,-1740,532,4222,-142,348,718
69.70065,154,1278,-1740,531,4221,-142,348,718
69.70115,153,1278,-1740,531,4227,-142,348,718
69.70165,153,1278,-1740,531,4230,-142,348,718
69.70215,153,1278,-1740,531,4230,-142,348,718
69.70265,153,1279,-1740,531,4231,-142,348,718
69.70315,153,1278,-1740,531,4228,-142,348,718
69.70365,153,1279,-1740,531,4227,-142,347,718
69.70415,153,1278,-1740,531,4229,-142,348,718
69.70465,153,1278,-1740,531,4229,-142,348,718
69.70515,153,1278,-1740,531,4233,-142,348,718
69.70565,153,1278,-1740,532,4272,-142,348,719
69.70615,153,1278,-1740,531,4275,-142,348,718
69.70665,153,1278,-1740,531,4265,-142,349,718
69.70715,153,1279,-1740,530,4247,-142,349,718
69.70765,153,1278,-1740,531,4220,-142,350,718
69.70815,153,1278,-1740,531,4213,-143,349,719
69.70865,153,1278,-1740,531,4213,-143,349,719
69.70915,153,1278,-1739,531,4214,-142,349,718
69.70965,153,1278,-1739,531,4217,-142,350,718
69.71015,153,1278,-1739,531,4226,-142,350,719
69.71065,153,1278,-1740,531,4229,-142,350,718
69.71115,153,1278,-1740,531,4226,-142,350,719
69.71165,153,1278,-1740,532,4231,-143,350,718
69.71215,153,1278,-1741,531,4228,-143,350,718
69.71265,153,1278,-1740,531,4231,-143,349,718
69.71315,154,1278,-1740,531,4236,-143,349,718
69.71365,154,1278,-1739,531,4235,-142,349,718
69.71415,154,1278,-1740,531,4232,-142,349,718
69.71465,154,1278,-1740,531,4231,-143,350,718
69.71515,154,1278,-1740,532,4240,-142,349,719
69.71565,154,1278,-1740,532,4275,-143,350,718
69.71615,154,1278,-1740,531,4271,-143,350,718
69.71665,154,1278,-1741,532,4264,-142,350,718
69.71715,153,1278,-1740,531,4242,-143,350,718
69.71765,154,1278,-1740,532,4214,-143,349,718
69.71815,154,1279,-1740,532,4208,-143,349,718
69.71865,153,1278,-1740,532,4212,-142,348,719
69.71915,153,1278,-1740,532,4217,-143,348,718
69.71965,153,1278,-1740,531,4216,-142,348,719
69.720146,153,1278,-1740,531,4219,-142,348,719
69.72065,153,1278,-1740,531,4216,-142,348,719
69.72115,153,1278,-1740,531,4221,-142,348,719
69.72165,153,1278,-1739,531,4226,-142,348,719
69.72215,153,1278,-1740,531,4228,-142,348,719
69.72265,153,1278,-1740,531,4229,-143,348,718
69.72315,153,1278,-1740,532,4229,-143,348,719
69.72365,153,1278,-1740,531,4231,-142,348,718
69.72415,153,1278,-1741,532,4228,-143,348,719
69.72465,153,1278,-1741,531,4227,-142,348,718
69.72515,153,1278,-1741,532,4229,-142,348,718
69.72565,153,1277,-1741,532,4268,-142,348,718
69.72615,154,1278,-1741,531,4269,-143,348,718
69.72665,153,1278,-1741,531,4262,-143,347,718
69.72715,153,1278,-1740,531,4238,-143,348,718
69.72765,153,1278,-1740,531,4211,-143,348,718
69.72815,153,1278,-1740,530,4203,-143,348,718
69.72865,153,1278,-1740,531,4204,-143,348,718
69.72915,154,1278,-1740,531,4213,-143,348,718
69.72965,154,1278,-1740,531,4218,-143,348,718
69.73015,154,1278,-1740,531,4219,-143,348,719
69.73065,154,1278,-1740,531,4219,-143,348,718
69.73115,154,1278,-1740,531,4215,-142,348,719
69.73165,153,1278,-1740,532,4218,-143,348,719
69.73215,153,1278,-1740,532,4215,-143,349,719
69.73265,153,1278,-1740,532,4215,-142,349,718
69.73315,153,1278,-1741,532,4216,-143,349,719
69.73365,153,1278,-1740,533,4220,-142,349,719
69.73415,153,1278,-1741,534,4218,-142,350,719
69.73465,153,1278,-1740,534,4216,-142,350,719
69.73515,153,1278,-1740,534,4229,-142,349,719
69.73565,153,1278,-1739,533,4264,-142,349,719
69.73615,153,1278,-1739,533,4263,-142,349,719
69.73665,153,1278,-1739,533,4254,-142,349,719
69.73715,153,1278,-1740,533,4232,-143,349,718
69.73765,153,1278,-1740,533,4206,-142,349,718
69.73815,153,1278,-1740,533,4207,-143,349,718
69.73865,153,1278,-1740,533,4215,-142,348,719
69.73915,153,1278,-1741,531,4221,-142,348,718
69.73965,153,1278,-1741,530,4222,-143,348,719
69.74015,153,1278,-1740,530,4228,-142,348,719
69.74065,153,1278,-1740,529,4225,-143,348,718
69.74115,153,1278,-1740,529,4225,-143,349,718
69.74165,153,1278,-1740,530,4229,-143,349,719
69.74215,154,1278,-1740,530,4229,-143,349,719
69.74265,153,1278,-1740,530,4223,-143,349,718
69.74315,153,1278,-1740,530,4219,-142,349,718
69.74365,153,1278,-1740,531,4222,-142,349,719
69.74425,153,1278,-1740,531,4223,-143,349,719
69.74475,153,1278,-1740,531,4217,-143,349,718
69.74525,153,1278,-1740,532,4227,-143,348,719
69.74575,154,1278,-1741,533,4266,-142,349,719
69.74625,153,1278,-1741,534,4262,-143,349,719
69.74675,154,1277,-1741,533,4253,-142,349,719
69.74725,154,1278,-1740,533,4229,-142,349,719
69.74775,154,1278,-1741,532,4205,-143,349,718
69.74825,153,1278,-1740,531,4205,-142,348,718
69.74875,153,1278,-1740,530,4214,-143,348,719
69.74925,153,1278,-1741,530,4220,-143,349,719
69.74975,153,1278,-1740,530,4219,-142,348,719
69.75025,153,1278,-1740,531,4220,-142,349,719
69.75075,153,1277,-1740,531,4221,-142,349,719
69.75125,153,1278,-1740,531,4222,-142,349,719
69.75175,153,1278,-1739,531,4222,-143,349,719
69.75225,153,1278,-1739,531,4219,-143,349,719
69.75275,153,1278,-1740,532,4220,-142,349,719
69.75325,153,1278,-1740,532,4224,-142,349,718
69.75375,154,1278,-1740,532,4226,-142,348,718
69.75425,153,1278,-1740,531,4232,-143,349,718
69.75475,154,1278,-1740,531,4234,-143,349,718
69.75525,154,1278,-1740,532,4254,-143,349,719
69.75575,154,1278,-1740,532,4285,-143,348,718
69.75625,154,1277,-1740,532,4278,-143,349,719
69.75675,153,1277,-1740,531,4270,-143,349,718
69.75725,153,1277,-1740,531,4241,-143,349,718
69.75775,154,1278,-1740,530,4221,-143,349,718
69.75825,153,1277,-1740,530,4220,-143,348,718
69.75875,154,1278,-1741,531,4224,-142,348,718
69.75925,153,1278,-1741,531,4230,-143,348,718
69.75975,153,1278,-1741,531,4231,-143,348,718
69.76025,154,1277,-1741,531,4228,-143,348,719
69.76075,153,1278,-1741,531,4229,-143,348,719
69.76125,153,1278,-1740,531,4229,-142,348,719
69.76175,153,1277,-1740,531,4231,-143,348,719
69.76225,154,1277,-1739,531,4233,-142,349,718
69.76275,154,1277,-1739,531,4234,-143,349,719
69.76325,154,1277,-1739,531,4235,-143,349,718
69.76375,154,1277,-1739,531,4229,-143,349,718
69.76425,154,1277,-1739,531,4232,-143,349,718
69.76475,154,1277,-1740,531,4231,-143,349,718
69.76525,154,1277,-1741,531,4248,-143,348,719
69.76575,154,1277,-1741,531,4276,-143,348,719
69.76625,154,1277,-1741,531,4268,-143,348,719
69.76675,154,1278,-1742,532,4261,-143,349,718
69.76725,153,1278,-1741,531,4235,-143,349,718
69.76775,153,1278,-1740,532,4220,-143,349,718
69.76825,153,1277,-1739,531,4218,-143,349,718
69.76875,154,1278,-1739,531,4221,-143,349,718
69.76925,154,1277,-1739,532,4231,-143,349,718
69.76975,154,1277,-1740,532,4234,-143,349,719
69.77025,154,1277,-1740,532,4236,-143,349,718
69.77075,154,1277,-1740,532,4234,-143,349,718
69.77125,154,1277,-1740,532,4240,-142,349,718
69.77175,154,1277,-1740,532,4244,-143,349,718
69.77225,154,1277,-1740,532,4245,-142,349,718
69.77275,154,1277,-1740,532,4246,-143,349,718
69.77325,154,1277,-1741,531,4247,-143,349,718
69.77375,154,1277,-1740,532,4245,-143,349,718
69.77425,154,1277,-1740,531,4245,-143,349,718
69.77475,154,1277,-1740,531,4243,-143,350,719
69.77525,154,1277,-1740,532,4264,-143,350,719
69.77575,154,1277,-1740,531,4284,-143,350,719
69.77625,154,1277,-1740,531,4276,-142,350,718
69.77675,154,1277,-1740,531,4264,-143,350,718
69.77725,154,1277,-1739,531,4239,-143,350,718
69.77775,154,1277,-1739,530,4220,-143,350,718
69.77825,154,1277,-1740,530,4217,-143,350,718
69.77875,154,1277,-1740,531,4222,-143,350,719
69.77925,154,1277,-1740,531,4228,-142,349,719
69.77975,154,1277,-1740,531,4225,-143,350,718
69.78025,154,1277,-1740,531,4224,-143,349,718
69.78075,154,1277,-1740,531,4229,-142,349,718
69.78125,154,1277,-1740,531,4230,-143,348,718
69.78175,154,1277,-1740,531,4230,-143,348,718
69.78225,154,1277,-1740,531,4230,-143,347,718
69.78275,154,1277,-1740,530,4231,-143,347,718
69.78325,154,1277,-1740,531,4228,-143,347,718
69.78375,154,1277,-1740,531,4226,-143,347,718
69.78425,154,1277,-1740,530,4227,-143,347,718
69.78475,154,1277,-1740,531,4226,-143,347,718
69.78525,154,1277,-1740,531,4251,-143,347,719
69.78575,154,1277,-1741,531,4272,-143,347,718
69.78625,154,1277,-1741,531,4264,-143,347,718
69.78675,154,1277,-1741,531,4257,-143,348,718
69.78725,154,1277,-1741,531,4229,-143,348,718
69.78775,154,1277,-1741,531,4212,-143,349,718
69.78825,154,1277,-1741,531,4216,-143,349,718
69.78875,154,1277,-1741,531,4221,-143,349,718
69.78925,154,1277,-1740,531,4226,-143,349,718
69.78975,154,1277,-1739,531,4231,-143,349,718
69.79025,154,1277,-1739,531,4233,-143,348,718
69.79075,154,1278,-1739,531,4234,-143,349,718
69.79125,154,1277,-1739,531,4235,-143,348,718
69.79175,154,1277,-1740,531,4233,-144,349,718
69.79225,153,1277,-1740,531,4230,-143,348,718
69.79275,154,1277,-1740,532,4231,-143,349,718
69.79325,154,1277,-1740,531,4234,-143,349,718
69.79375,154,1277,-1740,531,4233,-143,349,718
69.79425,154,1277,-1740,531,4232,-143,349,718
69.79475,154,1277,-1741,531,4231,-143,349,718
69.79525,154,1277,-1741,533,4262,-143,348,719
69.79575,154,1277,-1741,532,4278,-143,348,718
69.79625,154,1278,-1741,532,4264,-143,348,718
69.79675,154,1277,-1741,532,4251,-143,349,718
69.79725,154,1277,-1741,532,4220,-143,349,718
69.79775,154,1277,-1740,533,4202,-143,349,719
69.79825,154,1277,-1741,533,4201,-143,349,718
69.79875,154,1277,-1740,532,4203,-144,349,718
69.79925,154,1277,-1740,532,4213,-143,348,718
69.79975,154,1277,-1740,532,4216,-143,349,718
69.80025,154,1277,-1739,531,4215,-143,349,718
69.80075,153,1277,-1740,530,4218,-143,349,718
69.80125,154,1277,-1739,531,4222,-144,349,718
69.80175,154,1277,-1740,530,4223,-143,349,718
69.80225,154,1277,-1740,531,4224,-143,348,718
69.80275,154,1277,-1740,531,4224,-143,349,718
69.80325,154,1277,-1740,532,4223,-144,349,718
69.80375,154,1277,-1741,532,4221,-143,349,718
69.80425,154,1278,-1740,532,4222,-144,348,718
69.80475,154,1277,-1740,531,4224,-143,349,718
69.80525,154,1277,-1739,531,4256,-143,348,718
69.80575,154,1277,-1739,530,4271,-143,348,718
69.80635,154,1277,-1739,530,4265,-144,348,718
69.80685,154,1277,-1740,530,4252,-144,348,718
69.80735,154,1277,-1740,531,4222,-144,348,718
69.80785,154,1277,-1740,531,4209,-144,348,718
69.80835,154,1278,-1740,532,4208,-144,348,718
69.80885,154,1278,-1741,532,4214,-144,348,718
69.80935,155,1277,-1740,532,4222,-144,348,718
69.80985,154,1277,-1740,532,4224,-144,348,718
69.81035,154,1277,-1741,532,4225,-144,348,718
69.81085,154,1277,-1741,532,4226,-144,348,718
69.81135,154,1277,-1740,532,4227,-144,348,718
69.81185,154,1277,-1740,532,4228,-143,348,718
69.81235,154,1278,-1740,533,4229,-143,348,719
69.81285,154,1278,-1740,533,4228,-143,348,718
69.81335,154,1278,-1740,533,4223,-144,348,718
69.81385,154,1277,-1740,532,4225,-143,348,718
69.81435,154,1278,-1739,531,4226,-143,347,718
69.81485,154,1277,-1739,530,4229,-143,348,718
69.81535,154,1277,-1739,530,4267,-144,347,719
69.81585,154,1277,-1740,530,4275,-143,348,718
69.81635,154,1278,-1740,531,4264,-144,348,719
69.81685,154,1277,-1740,531,4246,-143,349,718
69.81735,154,1277,-1740,531,4214,-144,348,718
69.81785,154,1277,-1741,531,4211,-144,348,718
69.81835,154,1278,-1741,531,4215,-144,349,718
69.81885,154,1277,-1741,531,4224,-144,348,718
69.81935,154,1278,-1742,531,4231,-144,348,718
69.81985,154,1278,-1741,532,4234,-144,348,718
69.82035,154,1278,-1741,531,4236,-144,348,719
69.82085,154,1277,-1741,532,4236,-144,348,718
69.82135,154,1278,-1741,532,4235,-144,348,718
69.82185,154,1277,-1741,532,4241,-144,348,718
69.82235,154,1278,-1740,532,4244,-144,348,718
69.82285,154,1277,-1740,531,4245,-144,348,719
69.82335,154,1278,-1740,531,4241,-143,349,718
69.82385,154,1278,-1740,531,4235,-144,348,718
69.82435,154,1278,-1740,531,4238,-143,349,718
69.82485,154,1277,-1740,531,4243,-144,349,718
69.82535,154,1277,-1740,531,4276,-144,348,719
69.82585,154,1278,-1740,531,4277,-144,349,718
69.82635,154,1277,-1740,531,4266,-144,348,718
69.82685,154,1278,-1741,531,4247,-144,349,718
69.82735,154,1278,-1741,531,4220,-144,349,718
69.82785,154,1277,-1741,531,4211,-144,348,718
69.82835,154,1278,-1741,531,4214,-144,349,718
69.82885,154,1278,-1740,531,4220,-144,348,718
69.82935,154,1278,-1740,531,4222,-144,349,718
69.82985,154,1278,-1740,531,4222,-144,349,718
69.83035,154,1277,-1740,531,4222,-144,348,718
69.83085,154,1277,-1741,531,4222,-144,348,718
69.83135,154,1278,-1741,531,4221,-144,349,718
69.83185,154,1278,-1741,531,4219,-144,349,718
69.83235,154,1278,-1741,531,4217,-144,349,718
69.83285,154,1278,-1741,532,4221,-144,348,718
69.83335,154,1277,-1741,531,4223,-144,348,718
69.83385,154,1278,-1740,531,4224,-144,348,718
69.83435,154,1278,-1739,531,4223,-144,348,718
69.83485,154,1278,-1739,531,4231,-144,347,718
69.83535,154,1277,-1739,531,4269,-144,347,718
69.83585,154,1277,-1740,531,4272,-144,348,718
69.83635,154,1278,-1740,531,4264,-144,348,718
69.83685,154,1277,-1740,531,4240,-144,348,718
69.83735,154,1278,-1740,531,4213,-144,348,717
69.83785,154,1278,-1740,531,4205,-144,348,718
69.83835,154,1278,-1740,531,4207,-144,348,718
69.83885,154,1278,-1740,531,4219,-144,348,718
69.83935,154,1278,-1740,531,4225,-144,348,718
69.83985,154,1278,-1740,531,4225,-145,349,718
69.84035,154,1278,-1741,532,4224,-144,349,718
69.84085,154,1278,-1740,532,4228,-144,349,718
69.84135,154,1278,-1740,532,4230,-144,350,718
69.84185,154,1278,-1741,532,4230,-144,349,718
69.84235,154,1278,-1740,532,4230,-144,349,718
69.84285,154,1278,-1740,532,4229,-144,349,718
69.84335,154,1277,-1740,531,4226,-144,349,718
69.84385,154,1277,-1740,531,4224,-144,349,718
69.84435,154,1278,-1740,532,4225,-144,349,718
69.84485,154,1278,-1740,532,4234,-144,349,718
69.84535,154,1277,-1740,531,4267,-144,348,718
69.84585,154,1278,-1740,531,4268,-144,348,718
69.84635,154,1277,-1740,531,4260,-144,349,718
69.84685,154,1278,-1741,531,4238,-144,349,717
69.84735,154,1278,-1740,532,4210,-144,349,717
69.84785,154,1278,-1740,532,4200,-144,349,717
69.84835,154,1278,-1741,532,4200,-144,348,718
69.84885,154,1277,-1740,532,4209,-144,349,718
69.84935,154,1278,-1740,532,4222,-144,349,718
69.84985,154,1277,-1740,532,4226,-144,349,718
69.85035,154,1278,-1740,532,4227,-144,349,718
69.85085,154,1277,-1740,531,4227,-144,350,718
69.85135,154,1277,-1740,531,4228,-144,349,717
69.85185,154,1278,-1740,531,4228,-144,350,718
69.85235,154,1278,-1740,531,4224,-144,349,718
69.85285,154,1278,-1740,531,4229,-144,350,718
69.85335,154,1277,-1740,531,4232,-144,350,718
69.85385,154,1278,-1740,531,4231,-144,349,718
69.85435,154,1278,-1740,531,4233,-144,350,718
69.85485,154,1277,-1740,532,4246,-144,349,718
69.85535,154,1278,-1740,531,4283,-144,348,718
69.85585,154,1278,-1740,531,4284,-144,349,718
69.85635,154,1278,-1740,531,4275,-144,348,718
69.85685,154,1278,-1740,531,4248,-144,348,718
69.85735,154,1278,-1740,531,4223,-144,348,718
69.85785,154,1278,-1740,531,4217,-144,347,719
69.85835,154,1278,-1740,532,4219,-144,347,718
69.85885,154,1278,-1740,532,4222,-144,347,718
69.85935,154,1277,-1741,532,4232,-144,347,718
69.85985,154,1278,-1740,532,4234,-144,348,718
69.86035,155,1277,-1740,531,4235,-144,347,718
69.86085,154,1278,-1740,532,4236,-144,348,718
69.86135,154,1277,-1740,531,4237,-144,348,718
69.86185,154,1277,-1740,532,4238,-144,348,718
69.86235,154,1277,-1740,531,4239,-145,348,718
69.86285,154,1278,-1741,531,4238,-145,348,718
69.86335,154,1278,-1740,531,4235,-144,348,718
69.86385,154,1277,-1740,531,4231,-145,348,718
69.86435,154,1278,-1740,531,4230,-145,348,718
69.86485,154,1278,-1740,532,4243,-145,348,718
69.86535,154,1277,-1741,532,4275,-145,348,718
69.86585,154,1277,-1741,531,4274,-145,348,718
69.86635,154,1277,-1741,531,4267,-145,349,718
69.86685,154,1278,-1741,531,4242,-145,349,718
69.86735,154,1278,-1740,531,4219,-145,349,718
69.86795,154,1277,-1740,531,4218,-145,349,718
69.86845,154,1277,-1740,531,4223,-145,349,717
69.86895,154,1277,-1740,531,4229,-145,349,718
69.86945,154,1278,-1740,532,4229,-145,349,718
69.86995,154,1277,-1741,531,4235,-145,349,718
69.87045,155,1278,-1740,531,4240,-144,349,718
69.87095,154,1278,-1741,532,4241,-144,349,718
69.87145,154,1278,-1740,531,4243,-144,349,718
69.87195,155,1277,-1740,532,4242,-144,349,718
69.87245,154,1278,-1740,532,4244,-144,349,718
69.87295,154,1277,-1741,531,4248,-144,349,718
69.87345,154,1278,-1740,532,4249,-144,349,718
69.87395,154,1277,-1741,532,4248,-144,349,718
69.87445,154,1277,-1740,531,4245,-145,348,718
69.87495,154,1277,-1740,532,4258,-144,348,718
69.87545,154,1277,-1740,532,4291,-144,348,718
69.87595,155,1278,-1740,532,4287,-144,349,718
69.87645,154,1277,-1740,531,4275,-144,349,718
69.87695,154,1277,-1740,531,4246,-145,349,718
69.87745,154,1278,-1740,531,4222,-145,349,718
69.87795,154,1278,-1740,532,4217,-144,349,718
69.87845,155,1278,-1740,531,4223,-144,349,718
69.87895,154,1278,-1740,532,4230,-144,349,717
69.87945,154,1277,-1740,531,4231,-144,349,718
69.87995,154,1278,-1740,531,4224,-145,349,718
69.88045,155,1278,-1740,531,4228,-144,349,718
69.88095,154,1278,-1740,531,4233,-144,349,718
69.88145,154,1277,-1741,531,4235,-144,349,718
69.88195,154,1278,-1740,531,4235,-145,349,718
69.88245,154,1278,-1740,531,4235,-144,349,718
69.88295,154,1278,-1740,531,4236,-145,349,718
69.88345,154,1278,-1740,531,4234,-145,349,718
69.88395,154,1277,-1740,532,4232,-144,349,718
69.88445,154,1277,-1740,532,4232,-145,349,718
69.88495,154,1277,-1740,532,4249,-144,348,718
69.88545,154,1277,-1740,532,4279,-144,349,718
69.88595,154,1277,-1741,531,4277,-145,349,718
69.88645,154,1278,-1741,531,4269,-144,349,718
69.88695,154,1277,-1741,531,4244,-145,349,718
69.88745,155,1277,-1741,531,4223,-144,349,718
69.88795,154,1277,-1740,531,4221,-145,349,718
69.88845,154,1278,-1740,531,4225,-144,349,718
69.88895,154,1277,-1740,531,4234,-144,349,718
69.88945,154,1278,-1741,531,4239,-145,348,717
69.88995,154,1277,-1740,531,4241,-144,349,718
69.89045,154,1278,-1740,532,4237,-145,349,718
69.89095,154,1277,-1740,531,4241,-144,349,718
69.89145,154,1277,-1740,532,4243,-144,349,718
69.89195,154,1278,-1740,531,4241,-144,348,718
69.89245,154,1277,-1740,531,4240,-144,349,718
69.89295,154,1277,-1740,531,4240,-144,348,718
69.89345,154,1278,-1740,531,4239,-144,348,718
69.89395,154,1277,-1740,531,4237,-144,349,718
69.89445,154,1278,-1740,531,4236,-144,349,718
69.89495,154,1278,-1740,532,4258,-144,348,718
69.89545,154,1278,-1740,532,4286,-144,348,718
69.89595,154,1278,-1740,532,4281,-144,348,718
69.89645,154,1278,-1740,531,4269,-144,349,718
69.89695,154,1278,-1740,531,4235,-145,349,718
69.89745,154,1278,-1740,531,4214,-145,349,718
69.89795,154,1278,-1740,531,4214,-145,349,718
69.89845,154,1278,-1740,531,4220,-144,349,718
69.89895,154,1278,-1741,531,4230,-145,348,718
69.89945,154,1277,-1740,531,4237,-144,349,718
69.89995,154,1278,-1741,531,4239,-145,349,718
69.90045,154,1278,-1741,531,4241,-144,349,717
69.90095,154,1278,-1740,531,4242,-144,349,718
69.90145,154,1277,-1740,531,4239,-145,349,718
69.90195,154,1278,-1740,531,4244,-144,348,718
69.90245,154,1278,-1740,531,4246,-144,348,718
69.90295,154,1278,-1740,531,4246,-144,348,718
69.90345,155,1278,-1740,531,4244,-145,349,718
69.90395,154,1278,-1740,531,4241,-145,349,718
69.90445,154,1278,-1741,531,4240,-144,349,718
69.90495,154,1277,-1741,532,4267,-144,348,718
69.90545,154,1277,-1741,531,4290,-145,348,718
69.90595,154,1278,-1740,531,4283,-145,348,718
69.90645,155,1278,-1740,531,4272,-145,348,718
69.90695,155,1277,-1740,530,4242,-145,348,718
69.90745,154,1277,-1740,531,4225,-145,348,718
69.90795,154,1277,-1740,531,4226,-145,348,718
69.90845,154,1278,-1740,531,4229,-144,348,717
69.90895,154,1277,-1740,531,4233,-145,348,718
69.90945,154,1278,-1740,531,4231,-144,348,717
69.90995,154,1277,-1740,531,4236,-145,348,718
69.910446,154,1278,-1740,531,4235,-145,348,717
69.91095,154,1278,-1741,531,4239,-145,348,718
69.91145,154,1278,-1741,531,4236,-145,348,718
69.91195,154,1278,-1740,532,4237,-145,348,717
69.91245,154,1278,-1741,532,4240,-144,349,718
69.91295,154,1278,-1741,532,4238,-145,348,718
69.91345,154,1278,-1741,531,4241,-144,349,718
69.91395,154,1278,-1741,531,4240,-144,349,718
69.91445,154,1278,-1741,531,4238,-144,349,718
69.91495,154,1277,-1741,532,4265,-144,349,718
69.91545,154,1278,-1740,532,4287,-144,349,718
69.91595,154,1278,-1740,531,4281,-144,349,718
69.91645,154,1277,-1741,531,4267,-145,349,718
69.91695,154,1278,-1740,531,4235,-144,349,718
69.91745,154,1277,-1740,531,4219,-144,349,717
69.91795,154,1278,-1740,531,4217,-144,349,718
69.91845,154,1278,-1740,531,4220,-145,349,717
69.91895,154,1278,-1740,531,4230,-145,349,718
69.91945,154,1278,-1740,531,4232,-144,349,718
69.91995,154,1278,-1740,531,4236,-145,349,718
69.92045,154,1277,-1740,531,4242,-145,349,718
69.92095,154,1278,-1741,532,4248,-145,349,718
69.92145,154,1278,-1740,531,4251,-144,349,718
69.92195,154,1277,-1741,531,4252,-145,349,718
69.92245,154,1278,-1740,532,4253,-145,349,718
69.92295,154,1278,-1741,531,4254,-145,349,718
69.92345,154,1278,-1740,531,4252,-144,348,718
69.92395,154,1278,-1741,531,4249,-144,348,718
69.92445,155,1278,-1741,531,4248,-144,348,718
69.92495,154,1278,-1740,531,4278,-144,348,718
69.92545,154,1278,-1741,532,4292,-145,348,718
69.92595,155,1278,-1741,531,4284,-144,349,718
69.92645,154,1278,-1740,530,4269,-145,349,718
69.92695,154,1278,-1740,530,4238,-145,349,718
69.92745,154,1278,-1740,530,4224,-144,350,718
69.92795,154,1278,-1740,531,4224,-144,350,718
69.92845,154,1278,-1741,531,4230,-145,350,718
69.92895,154,1278,-1740,531,4235,-144,350,718
69.92955,154,1278,-1741,531,4237,-145,350,718
69.93005,154,1278,-1741,531,4236,-144,350,718
69.93055,154,1278,-1740,532,4235,-145,350,718
69.93105,154,1278,-1740,532,4234,-145,350,718
69.93155,154,1278,-1740,532,4235,-144,349,718
69.93205,154,1278,-1740,532,4235,-145,349,718
69.93255,154,1278,-1740,531,4236,-144,348,718
69.93305,154,1278,-1740,531,4238,-145,348,718
69.93355,154,1278,-1740,531,4238,-144,348,717
69.93405,154,1278,-1741,531,4237,-144,347,718
69.93455,154,1278,-1741,531,4234,-145,348,718
69.93505,154,1278,-1741,532,4272,-144,348,718
69.93555,154,1278,-1740,531,4288,-144,348,718
69.93605,154,1278,-1741,531,4281,-144,348,718
69.93655,154,1278,-1740,531,4266,-144,348,718
69.93705,154,1278,-1740,531,4230,-144,348,718
69.93755,154,1278,-1740,531,4215,-144,348,718
69.93805,154,1278,-1740,531,4219,-144,348,718
69.93855,154,1278,-1740,531,4225,-144,349,718
69.93905,154,1278,-1740,531,4233,-144,348,718
69.93955,155,1278,-1740,531,4238,-144,349,718
69.94005,154,1278,-1740,531,4240,-144,348,718
69.94055,154,1278,-1740,531,4241,-144,348,718
69.94105,154,1278,-1740,531,4240,-144,349,718
69.94155,154,1278,-1740,531,4240,-144,349,718
69.94205,154,1278,-1740,531,4238,-144,349,718
69.94255,154,1278,-1740,531,4237,-144,348,718
69.94305,154,1278,-1740,531,4236,-144,349,718
69.94355,154,1278,-1740,531,4233,-144,349,717
69.94405,154,1278,-1740,531,4229,-144,349,718
69.94455,154,1278,-1740,531,4228,-145,349,718
69.94505,154,1278,-1741,532,4269,-144,348,718
69.94555,154,1278,-1740,531,4277,-144,349,718
69.94605,154,1278,-1740,531,4268,-144,349,718
69.94655,154,1278,-1741,531,4250,-144,349,718
69.94705,154,1278,-1741,531,4218,-144,349,718
69.94755,154,1278,-1741,531,4211,-144,349,718
69.94805,154,1278,-1741,531,4215,-144,349,718
69.94855,154,1278,-1741,531,4221,-144,349,718
69.94905,154,1278,-1740,531,4226,-144,349,718
69.94955,154,1278,-1740,531,4229,-145,349,718
69.95005,154,1278,-1740,531,4231,-144,349,718
69.95055,154,1278,-1741,531,4234,-144,349,718
69.95105,154,1278,-1741,532,4236,-145,348,718
69.95155,154,1278,-1741,531,4236,-144,349,718
69.95205,154,1278,-1740,531,4234,-145,348,718
69.95255,154,1278,-1740,531,4238,-144,348,718
69.95305,154,1278,-1741,532,4241,-144,348,718
69.95355,154,1278,-1740,531,4242,-144,348,718
69.95405,154,1278,-1740,531,4240,-144,348,718
69.95455,154,1278,-1740,531,4246,-144,348,718
69.95505,155,1278,-1741,532,4284,-144,347,718
69.95555,154,1278,-1741,531,4291,-144,348,718
69.95605,154,1278,-1741,531,4285,-144,348,718
69.95655,155,1278,-1741,531,4263,-144,348,718
69.95705,154,1278,-1741,531,4228,-144,348,718
69.95755,154,1278,-1740,531,4221,-144,348,718
69.95805,154,1278,-1740,531,4221,-144,348,718
69.95855,154,1278,-1740,531,4225,-144,348,718
69.95905,154,1278,-1740,531,4231,-144,349,718
69.95955,154,1278,-1740,531,4228,-144,349,718
69.96005,154,1278,-1740,531,4225,-144,349,718
69.96055,154,1278,-1741,532,4228,-144,349,718
69.96105,154,1278,-1741,532,4231,-144,349,718
69.96155,154,1278,-1741,532,4232,-144,349,718
69.96205,154,1278,-1742,533,4233,-144,349,718
69.96255,155,1278,-1741,533,4234,-144,349,718
69.96305,154,1278,-1741,534,4233,-144,349,718
69.96355,154,1278,-1741,534,4230,-144,349,718
69.96405,154,1278,-1740,533,4225,-144,349,718
69.96455,154,1278,-1740,533,4231,-144,349,718
69.96505,155,1278,-1740,533,4269,-144,348,718
69.96555,154,1278,-1740,532,4270,-144,349,718
69.96605,154,1278,-1741,531,4262,-144,349,718
69.96655,154,1278,-1741,532,4240,-144,349,718
69.96705,154,1278,-1741,531,4213,-144,349,717
69.96755,154,1278,-1740,530,4209,-144,349,718
69.96805,154,1278,-1741,530,4209,-144,348,718
69.96855,154,1278,-1741,530,4222,-144,349,718
69.96905,154,1278,-1741,530,4230,-144,348,718
69.96955,154,1278,-1741,531,4231,-144,349,718
69.97005,154,1278,-1741,532,4232,-144,348,718
69.97055,154,1278,-1741,531,4233,-144,349,718
69.97105,154,1278,-1741,531,4235,-144,348,719
69.97155,154,1278,-1740,531,4236,-144,348,719
69.97205,154,1278,-1740,530,4232,-144,348,718
69.97255,154,1278,-1740,530,4233,-144,348,719
69.97305,154,1278,-1740,531,4238,-144,348,718
69.97355,154,1278,-1740,531,4235,-144,348,719
69.97405,154,1278,-1740,531,4234,-144,349,718
69.97455,154,1278,-1740,531,4239,-144,348,718
69.97505,155,1278,-1740,532,4277,-144,348,718
69.97555,154,1277,-1741,531,4279,-144,348,718
69.97605,155,1278,-1742,532,4270,-144,349,718
69.97655,154,1278,-1742,531,4245,-144,349,718
69.97705,154,1278,-1742,530,4214,-144,350,718
69.97755,154,1278,-1741,530,4206,-144,349,718
69.97805,154,1278,-1741,530,4212,-144,349,718
69.97855,154,1278,-1740,530,4217,-144,349,718
69.97905,154,1278,-1740,531,4225,-144,349,718
69.97955,154,1278,-1740,531,4230,-144,350,718
69.98005,154,1278,-1740,531,4230,-144,349,718
69.98055,154,1278,-1740,531,4229,-144,350,718
69.98105,154,1278,-1741,531,4229,-144,349,718
69.98155,154,1278,-1740,532,4229,-144,350,719
69.98205,154,1278,-1741,531,4229,-144,349,718
69.98255,154,1278,-1740,532,4226,-144,350,718
69.98305,154,1278,-1741,532,4231,-144,349,718
69.98355,154,1278,-1740,532,4231,-144,350,718
69.98405,154,1278,-1741,531,4228,-144,349,718
69.98455,155,1278,-1741,532,4241,-145,349,718
69.98505,154,1278,-1741,531,4278,-144,349,718
69.98555,154,1278,-1740,530,4277,-144,349,718
69.98605,154,1278,-1741,530,4268,-144,349,718
69.98655,154,1278,-1740,529,4245,-144,349,718
69.98705,154,1278,-1740,530,4217,-144,349,718
69.98755,155,1278,-1741,530,4216,-144,349,718
69.98805,155,1278,-1740,531,4222,-144,348,718
69.98855,155,1278,-1741,531,4230,-144,348,718
69.98905,155,1278,-1741,532,4236,-145,348,718
69.98955,155,1278,-1741,532,4238,-144,348,718
69.99005,155,1278,-1741,532,4238,-145,348,718
69.99055,155,1278,-1741,531,4238,-145,348,718
69.99115,155,1278,-1741,531,4237,-145,348,718
69.99165,155,1278,-1740,531,4233,-144,348,718
69.99215,155,1278,-1740,531,4231,-144,348,718
69.99265,155,1278,-1740,531,4233,-144,348,718
69.99315,155,1278,-1740,531,4232,-144,348,718
69.99365,155,1278,-1740,531,4231,-144,348,718
69.99415,155,1278,-1740,531,4227,-144,349,718
69.99465,155,1278,-1741,532,4238,-144,349,718
69.99515,155,1278,-1740,532,4274,-144,349,718
69.99565,155,1278,-1740,532,4275,-144,349,718
69.99615,155,1278,-1740,532,4267,-144,350,718
69.99665,155,1278,-1741,532,4239,-144,350,718
69.99715,155,1278,-1741,532,4208,-144,350,718
69.99765,154,1278,-1741,532,4205,-144,350,718
69.99815,154,1278,-1740,532,4208,-144,350,718
69.99865,153,1279,-1741,530,4216,-144,350,718
69.99915,153,1279,-1740,530,4223,-144,350,719
69.99965,153,1278,-1740,530,4222,-144,350,718
70.00015,153,1278,-1740,531,4219,-144,350,718
70.00065,154,1278,-1740,531,4228,-145,350,718
70.00115,154,1278,-1741,531,4232,-145,350,718
70.00165,154,1278,-1741,531,4233,-144,350,719
70.00215,154,1278,-1741,531,4232,-144,350,719
70.00265,154,1278,-1741,532,4228,-144,349,719
70.00315,154,1278,-1741,532,4228,-144,350,719
70.00365,154,1278,-1741,531,4228,-144,349,719
70.00415,154,1279,-1741,531,4226,-144,350,719
70.00465,154,1278,-1741,531,4242,-144,349,719
70.00515,154,1278,-1741,531,4279,-144,349,719
70.00565,154,1278,-1741,532,4275,-144,349,719
70.00615,154,1278,-1741,531,4267,-144,349,719
70.00665,154,1278,-1741,531,4240,-144,349,718
70.00715,155,1278,-1741,531,4215,-144,349,718
70.00765,154,1278,-1741,531,4220,-144,350,718
70.00815,154,1278,-1741,531,4224,-144,349,719
70.00865,154,1278,-1741,531,4230,-144,349,719
70.00915,154,1278,-1741,531,4229,-145,349,719
70.00965,154,1278,-1741,530,4229,-144,349,719
70.01015,154,1278,-1741,530,4229,-145,349,719
70.01065,154,1278,-1740,530,4229,-144,349,719
70.01115,154,1278,-1740,531,4230,-144,349,718
70.01165,155,1278,-1740,531,4231,-145,350,719
70.01215,154,1278,-1740,531,4235,-144,350,718
70.01265,154,1278,-1740,531,4232,-144,350,719
70.01315,154,1278,-1740,531,4234,-145,350,719
70.01365,154,1279,-1740,531,4229,-145,350,719
70.01415,154,1279,-1740,532,4223,-145,351,718
70.01465,154,1278,-1741,532,4241,-144,350,719
70.01515,154,1278,-1741,531,4278,-144,350,719
70.01565,154,1279,-1741,531,4273,-144,351,718
70.01615,154,1279,-1741,531,4264,-144,350,718
70.01665,154,1279,-1741,531,4242,-144,351,718
70.01715,155,1279,-1741,531,4217,-144,351,718
70.01765,155,1278,-1741,531,4212,-144,350,719
70.01815,154,1278,-1742,532,4218,-144,350,719
70.01865,155,1278,-1742,532,4220,-144,350,719
70.01915,155,1278,-1742,532,4226,-144,349,718
70.01965,155,1279,-1741,532,4233,-144,349,719
70.02015,155,1278,-1740,532,4240,-144,349,719
70.02065,154,1278,-1739,532,4239,-144,349,719
70.02115,155,1278,-1739,532,4239,-144,348,719
70.02165,154,1279,-1739,533,4242,-144,348,719
70.02215,155,1278,-1740,533,4244,-144,348,718
70.02265,154,1278,-1740,533,4246,-144,348,719
70.02315,155,1279,-1740,532,4250,-144,348,718
70.02365,155,1278,-1740,531,4245,-144,348,719
70.02415,155,1279,-1740,529,4244,-144,348,719
70.02465,155,1279,-1741,530,4260,-144,348,719
70.02515,155,1279,-1741,530,4287,-144,348,719
70.02565,154,1279,-1741,530,4280,-144,348,719
70.02615,153,1279,-1741,531,4269,-144,348,719
70.02665,154,1279,-1741,531,4240,-144,349,718
70.02715,154,1278,-1741,532,4220,-144,349,719
70.02765,154,1278,-1741,532,4226,-144,349,719
70.02815,154,1279,-1741,533,4228,-144,349,719
70.02865,154,1278,-1741,532,4233,-144,349,719
70.02915,154,1279,-1741,532,4237,-144,349,718
70.02965,154,1279,-1740,532,4238,-144,349,718
70.03015,154,1278,-1740,531,4243,-144,349,718
70.03065,154,1279,-1740,531,4243,-144,349,718
70.03115,155,1278,-1740,530,4240,-144,348,718
70.03165,154,1279,-1740,529,4236,-144,349,719
70.03215,155,1279,-1741,530,4236,-144,349,718
70.032646,154,1279,-1742,530,4235,-144,349,719
70.03315,154,1279,-1742,531,4240,-145,348,719
70.03365,154,1279,-1742,531,4238,-144,348,719
70.03415,154,1278,-1742,531,4234,-144,348,719
70.03465,154,1279,-1742,531,4257,-144,348,719
70.03515,154,1279,-1742,531,4285,-144,348,719
70.03565,154,1279,-1742,531,4281,-144,349,719
70.03615,154,1279,-1741,531,4271,-144,348,719
70.03665,154,1279,-1740,530,4239,-144,349,718
70.03715,154,1279,-1739,530,4217,-144,349,719
70.03765,155,1279,-1739,530,4222,-144,348,719
70.03815,154,1279,-1739,530,4224,-144,348,719
70.03865,154,1279,-1739,530,4231,-144,348,719
70.03915,154,1279,-1740,530,4238,-144,348,719
70.03965,154,1279,-1740,531,4237,-144,349,719
70.04015,155,1279,-1740,531,4239,-144,348,719
70.04065,154,1279,-1740,531,4242,-144,349,719
70.04115,154,1279,-1740,530,4243,-145,349,719
70.04165,154,1279,-1740,531,4243,-144,349,719
70.04215,154,1279,-1740,530,4242,-144,349,718
70.04265,154,1279,-1740,531,4243,-144,349,719
70.04315,154,1279,-1741,531,4246,-144,349,719
70.04365,155,1279,-1742,531,4240,-144,349,718
70.04415,154,1279,-1741,531,4234,-144,348,719
70.04465,155,1278,-1741,532,4266,-144,348,719
70.04515,154,1279,-1740,532,4286,-144,348,719
70.04565,155,1279,-1740,531,4275,-144,349,718
70.04615,154,1279,-1741,531,4263,-144,349,719
70.04665,155,1279,-1740,530,4234,-144,349,718
70.04715,155,1279,-1741,531,4210,-144,349,719
70.04765,155,1279,-1740,530,4215,-144,349,719
70.04815,154,1279,-1741,531,4216,-144,349,719
70.04865,154,1279,-1740,531,4224,-144,349,719
70.04915,154,1279,-1741,531,4231,-144,349,719
70.04965,155,1279,-1740,531,4234,-144,349,719
70.05015,154,1279,-1740,531,4235,-144,349,719
70.05065,154,1279,-1740,531,4237,-144,349,719
70.05115,155,1279,-1740,531,4238,-144,349,719
70.05165,154,1279,-1741,531,4238,-144,348,719
70.05225,155,1279,-1741,531,4238,-145,349,719
70.05275,155,1279,-1741,531,4238,-144,349,719
70.05325,155,1279,-1741,532,4239,-144,349,718
70.05375,154,1279,-1741,532,4240,-144,349,718
70.05425,155,1279,-1741,532,4241,-144,349,718
70.05475,155,1279,-1740,533,4273,-144,349,719
70.05525,155,1279,-1741,533,4292,-144,349,719
70.05575,155,1279,-1741,532,4281,-144,349,719
70.05625,155,1279,-1740,532,4268,-144,349,718
70.05675,154,1279,-1740,531,4236,-144,349,718
70.05725,155,1279,-1740,530,4222,-145,349,718
70.05775,155,1279,-1740,530,4224,-144,349,718
70.05825,154,1279,-1740,530,4229,-144,349,719
70.05875,154,1279,-1740,530,4234,-144,349,719
70.05925,154,1279,-1740,530,4234,-144,349,719
70.05975,154,1279,-1740,530,4235,-144,349,719
70.06025,155,1279,-1740,531,4236,-144,349,719
70.06075,154,1279,-1740,531,4238,-144,349,719
70.06125,154,1279,-1740,532,4238,-144,349,719
70.06175,154,1279,-1740,531,4238,-144,349,719
70.06225,154,1279,-1740,531,4239,-144,349,719
70.06275,154,1279,-1740,531,4239,-144,349,719
70.06325,154,1279,-1740,531,4237,-144,348,719
70.06375,154,1280,-1741,531,4233,-144,349,718
70.06425,155,1279,-1741,531,4232,-144,349,719
70.06475,155,1279,-1741,531,4271,-144,348,719
70.06525,154,1279,-1741,531,4280,-144,349,718
70.06575,154,1279,-1741,531,4270,-144,349,719
70.06625,154,1279,-1740,530,4261,-144,349,719
70.06675,155,1280,-1741,530,4225,-144,349,718
70.06725,154,1279,-1741,531,4216,-144,349,719
70.06775,155,1279,-1740,531,4224,-144,349,719
70.06825,154,1279,-1741,531,4227,-144,349,719
70.06875,154,1279,-1740,531,4231,-144,349,719
70.06925,155,1279,-1740,531,4235,-144,349,718
70.06975,154,1279,-1741,531,4238,-144,349,719
70.07025,154,1279,-1741,531,4244,-144,349,718
70.07075,154,1280,-1741,531,4243,-144,349,719
70.07125,154,1279,-1741,531,4246,-144,349,719
70.07175,154,1279,-1741,532,4241,-144,348,719
70.07225,154,1280,-1740,531,4243,-144,348,718
70.07275,154,1279,-1740,531,4248,-144,349,719
70.07325,154,1279,-1740,531,4253,-144,349,719
70.07375,154,1279,-1741,530,4248,-144,348,719
70.07425,155,1280,-1741,531,4244,-144,348,719
70.07475,155,1279,-1741,532,4279,-144,348,719
70.07525,154,1279,-1741,531,4288,-144,348,719
70.07575,155,1280,-1741,531,4281,-144,348,719
70.07625,154,1279,-1741,531,4263,-144,348,718
70.07675,154,1280,-1741,531,4228,-144,349,719
70.07725,155,1280,-1741,531,4222,-144,348,718
70.07775,154,1280,-1741,531,4222,-144,348,718
70.07825,155,1280,-1741,531,4231,-144,348,719
70.07875,155,1280,-1741,531,4240,-144,348,719
70.07925,155,1280,-1740,531,4237,-144,348,719
70.07975,154,1280,-1740,531,4233,-144,348,719
70.08025,154,1280,-1740,531,4235,-144,349,719
70.08075,155,1279,-1740,531,4239,-144,349,719
70.08125,154,1280,-1740,531,4240,-144,349,719
70.08175,154,1280,-1740,531,4241,-144,349,719
70.08225,154,1280,-1740,531,4243,-144,349,718
70.08275,155,1280,-1740,531,4244,-144,349,719
70.08325,154,1280,-1740,531,4249,-144,349,719
70.08375,154,1279,-1741,531,4245,-144,349,719
70.08425,155,1280,-1740,531,4244,-144,349,719
70.08475,154,1280,-1740,532,4281,-144,349,719
70.08525,155,1280,-1740,531,4288,-144,349,718
70.08575,154,1280,-1740,531,4280,-144,349,718
70.08625,154,1279,-1740,531,4262,-144,349,718
70.08675,155,1280,-1741,531,4231,-144,350,719
70.08725,154,1280,-1741,531,4223,-144,350,718
70.08775,155,1279,-1741,531,4225,-143,349,719
70.08825,155,1280,-1741,531,4237,-143,349,719
70.08875,154,1280,-1741,531,4243,-144,349,719
70.08925,155,1279,-1741,531,4246,-144,349,719
70.08975,154,1280,-1741,531,4249,-143,349,718
70.09025,155,1280,-1740,531,4251,-144,349,719
70.09075,155,1280,-1741,531,4256,-144,349,719
70.09125,154,1280,-1741,531,4251,-144,349,719
70.09175,155,1280,-1741,531,4249,-144,349,719
70.09225,154,1280,-1741,531,4248,-144,349,719
70.09275,155,1280,-1741,532,4248,-143,349,719
70.09325,155,1280,-1741,532,4248,-144,350,719
70.09375,155,1280,-1741,532,4247,-144,350,719
70.09425,155,1280,-1741,531,4251,-144,350,719
70.09475,155,1280,-1741,531,4288,-143,350,719
70.09525,155,1279,-1741,531,4292,-144,350,719
70.09575,155,1280,-1741,531,4285,-143,350,719
70.09625,154,1280,-1741,531,4263,-144,351,719
70.09675,155,1280,-1741,530,4230,-144,351,719
70.09725,154,1280,-1740,531,4217,-143,351,719
70.09775,155,1280,-1741,531,4220,-143,350,718
70.09825,155,1279,-1740,531,4227,-143,350,719
70.09875,155,1279,-1741,531,4235,-144,350,719
70.09925,155,1280,-1740,531,4238,-143,350,719
70.09975,155,1280,-1741,531,4239,-144,350,719
70.10025,154,1280,-1740,531,4240,-143,349,719
70.10075,154,1280,-1741,531,4241,-144,349,719
70.10125,154,1280,-1740,531,4241,-143,348,719
70.10175,154,1280,-1740,531,4242,-144,348,719
70.10225,154,1280,-1740,531,4243,-143,348,719
70.10275,154,1280,-1741,531,4243,-144,348,719
70.10325,155,1280,-1741,531,4241,-143,348,719
70.10375,154,1280,-1741,531,4239,-143,348,719
70.10425,154,1280,-1741,532,4248,-143,348,719
70.10475,155,1280,-1741,532,4288,-144,348,719
70.10525,154,1280,-1741,531,4290,-144,348,719
70.10575,155,1280,-1740,531,4281,-143,348,719
70.10625,155,1280,-1741,531,4258,-144,348,718
70.10675,154,1280,-1740,531,4231,-144,349,719
70.10725,154,1280,-1740,531,4233,-143,349,718
70.10775,154,1280,-1740,531,4235,-144,349,719
70.10825,154,1280,-1741,531,4243,-144,348,719
70.10875,155,1279,-1741,531,4245,-143,349,719
70.10925,154,1280,-1741,531,4244,-144,348,719
70.10975,154,1280,-1741,531,4245,-144,349,719
70.11025,154,1280,-1741,531,4245,-143,349,719
70.11075,154,1280,-1741,531,4245,-144,349,719
70.11125,155,1280,-1740,531,4242,-144,349,719
70.11175,155,1280,-1740,531,4242,-143,349,718
70.11225,154,1280,-1740,531,4247,-143,349,719
70.11275,155,1280,-1741,531,4253,-144,349,719
70.11335,155,1280,-1740,531,4249,-144,349,719
70.11385,155,1280,-1741,531,4244,-143,349,719
70.11435,155,1280,-1741,532,4252,-144,349,719
70.11485,155,1280,-1741,532,4287,-144,348,719
70.11535,155,1280,-1741,532,4287,-143,349,719
70.11585,155,1280,-1741,532,4280,-143,349,719
70.11635,154,1280,-1741,532,4255,-143,349,719
70.11685,155,1280,-1741,531,4224,-143,349,719
70.11735,155,1280,-1741,531,4222,-143,349,719
70.11785,154,1280,-1741,531,4227,-144,349,719
70.11835,155,1280,-1741,531,4235,-143,349,719
70.11885,155,1280,-1741,531,4243,-144,348,719
70.11935,155,1280,-1740,531,4244,-144,349,718
70.11985,155,1280,-1741,530,4245,-144,349,719
70.12035,154,1280,-1741,531,4254,-144,349,719
70.12085,154,1280,-1740,531,4254,-143,349,718
70.12135,154,1280,-1740,531,4254,-144,349,719
70.12185,154,1280,-1741,531,4261,-144,349,719
70.12235,154,1280,-1740,531,4259,-144,349,718
70.12285,154,1280,-1741,531,4259,-144,349,719
70.12335,155,1280,-1740,531,4264,-144,349,718
70.12385,154,1280,-1741,531,4258,-144,349,718
70.12435,154,1280,-1740,531,4270,-143,348,719
70.12485,155,1280,-1741,531,4303,-144,348,719
70.12535,154,1280,-1741,531,4296,-143,349,719
70.12585,154,1280,-1741,531,4283,-143,349,718
70.12635,154,1280,-1740,531,4255,-143,349,719
70.12685,155,1280,-1741,531,4230,-143,349,718
70.12735,155,1280,-1740,531,4224,-144,349,719
70.12785,154,1280,-1740,531,4233,-144,349,719
70.12835,155,1280,-1741,531,4238,-143,349,719
70.12885,155,1280,-1740,531,4243,-144,348,719
70.12935,155,1280,-1740,531,4245,-143,349,719
70.12985,155,1280,-1740,531,4245,-144,349,718
70.13035,154,1280,-1740,531,4245,-144,349,719
70.13085,154,1280,-1741,531,4248,-144,349,719
70.13135,154,1280,-1741,531,4245,-143,349,719
70.13185,154,1280,-1741,531,4243,-143,349,719
70.13235,154,1280,-1741,531,4244,-144,349,719
70.13285,154,1280,-1740,531,4245,-144,349,719
70.13335,155,1280,-1740,531,4247,-143,349,719
70.13385,154,1280,-1741,531,4247,-143,349,719
70.13435,155,1280,-1741,532,4260,-144,349,719
70.13485,154,1280,-1741,531,4292,-143,349,719
70.13535,155,1280,-1741,531,4291,-144,349,718
70.13585,154,1280,-1741,531,4283,-144,349,719
70.13635,155,1280,-1741,531,4259,-144,349,718
70.13685,155,1280,-1741,531,4230,-144,349,719
70.13735,154,1280,-1741,531,4225,-143,349,718
70.13785,155,1280,-1741,531,4227,-143,349,719
70.13835,154,1280,-1741,531,4239,-143,349,719
70.13885,154,1280,-1741,531,4242,-143,349,719
70.13935,154,1280,-1740,531,4247,-143,349,718
70.13985,154,1280,-1741,531,4251,-144,349,718
70.14035,154,1280,-1741,531,4257,-144,349,718
70.14085,155,1280,-1741,531,4258,-144,349,718
70.14135,154,1280,-1741,531,4257,-144,349,718
70.14185,154,1280,-1741,531,4256,-144,349,718
70.14235,154,1280,-1741,531,4255,-144,348,718
70.14285,154,1280,-1741,531,4253,-144,348,718
70.14335,154,1280,-1741,531,4249,-144,348,718
70.14385,155,1280,-1740,531,4245,-144,348,718
70.14435,155,1280,-1741,532,4260,-144,348,719
70.14485,155,1280,-1741,531,4293,-144,348,719
70.14535,154,1280,-1741,531,4284,-144,348,718
70.14585,154,1280,-1741,531,4271,-144,348,719
70.14635,154,1280,-1741,531,4246,-144,348,718
70.14685,154,1280,-1740,532,4217,-144,348,718
70.14735,154,1280,-1740,532,4220,-144,348,718
70.14785,154,1280,-1741,532,4227,-144,348,718
70.14835,155,1280,-1741,532,4235,-144,348,719
70.14885,154,1280,-1741,532,4238,-144,349,718
70.14935,154,1281,-1741,532,4235,-144,348,718
70.14985,154,1280,-1740,531,4240,-144,348,718
70.15035,155,1280,-1740,531,4243,-144,348,718
70.15085,155,1280,-1740,531,4243,-144,348,718
70.15135,155,1280,-1740,530,4240,-144,348,718
70.15185,155,1280,-1741,530,4241,-144,349,719
70.15235,155,1280,-1740,530,4244,-143,349,719
70.15285,155,1280,-1740,530,4241,-144,349,719
70.15335,154,1280,-1740,530,4242,-143,349,719
70.15385,155,1280,-1740,530,4241,-143,349,719
70.15435,155,1280,-1740,531,4260,-143,349,719
70.15485,155,1280,-1740,531,4292,-143,349,719
70.15535,155,1280,-1740,531,4291,-143,349,719
70.15585,155,1280,-1740,531,4282,-144,349,719
70.15635,155,1281,-1740,531,4253,-143,349,718
70.15685,155,1280,-1741,531,4228,-144,349,719
70.15735,155,1280,-1741,531,4230,-144,349,719
70.15785,155,1280,-1741,532,4229,-143,349,719
70.15835,155,1280,-1742,532,4233,-143,349,719
70.15885,155,1280,-1742,532,4239,-144,349,719
70.15935,155,1281,-1741,532,4238,-144,349,718
70.15985,155,1280,-1741,532,4240,-144,349,719
70.16035,155,1280,-1741,532,4248,-144,348,719
70.16085,155,1280,-1741,531,4245,-144,348,718
70.16135,154,1280,-1740,531,4243,-144,349,719
70.16185,155,1280,-1740,530,4248,-144,348,718
70.16235,155,1280,-1741,530,4244,-144,348,718
70.16285,154,1280,-1741,530,4247,-144,349,719
70.16335,155,1280,-1741,531,4246,-144,349,719
70.16385,155,1280,-1741,531,4237,-144,349,719
70.16435,155,1280,-1741,531,4254,-143,349,719
70.16485,154,1280,-1741,531,4280,-144,349,718
70.16535,155,1281,-1741,531,4278,-144,349,719
70.16585,155,1280,-1741,531,4270,-144,349,718
70.16635,155,1281,-1741,531,4234,-144,350,719
70.16685,154,1281,-1740,531,4215,-144,349,719
70.16735,154,1280,-1740,531,4211,-144,350,718
70.16785,154,1281,-1740,531,4219,-144,349,719
70.16835,154,1280,-1741,531,4232,-144,350,719
70.16885,154,1280,-1741,531,4235,-144,350,719
70.16935,155,1281,-1741,531,4237,-144,349,719
70.16985,155,1280,-1741,531,4239,-144,349,719
70.17035,154,1280,-1741,531,4241,-144,350,718
70.17085,155,1281,-1741,531,4243,-144,349,719
70.17135,154,1281,-1741,531,4249,-144,350,719
70.17185,154,1280,-1741,531,4248,-144,349,719
70.17235,154,1280,-1741,531,4248,-144,349,719
70.17285,154,1280,-1741,531,4249,-144,349,718
70.17335,154,1280,-1741,531,4251,-144,349,719
70.17385,155,1281,-1741,531,4253,-144,350,719
70.17435,155,1280,-1741,531,4274,-144,349,719
70.17485,155,1280,-1741,531,4294,-144,349,719
70.17545,155,1281,-1741,531,4288,-143,349,719
70.17595,155,1280,-1741,531,4277,-144,349,718
70.17645,154,1281,-1741,531,4244,-144,350,719
70.17695,154,1281,-1741,531,4228,-144,350,718
70.17745,155,1281,-1741,532,4220,-144,350,719
70.17795,155,1280,-1741,532,4226,-144,349,719
70.17845,155,1280,-1741,532,4231,-144,349,718
70.17895,155,1280,-1741,532,4234,-144,349,719
70.17945,154,1281,-1741,531,4243,-144,349,719
70.17995,154,1280,-1740,531,4240,-143,349,718
70.18045,155,1281,-1740,530,4238,-144,349,718
70.18095,155,1280,-1741,530,4242,-144,349,718
70.18145,155,1280,-1740,531,4243,-144,349,718
70.18195,155,1280,-1741,531,4243,-144,349,718
70.18245,154,1280,-1741,531,4243,-144,349,718
70.18295,154,1281,-1741,531,4241,-144,349,719
70.18345,154,1281,-1741,531,4238,-144,349,718
70.18395,154,1281,-1741,531,4235,-144,349,719
70.18445,154,1280,-1741,532,4268,-144,349,719
70.18495,155,1281,-1741,530,4285,-143,349,719
70.18545,154,1280,-1741,530,4279,-144,349,719
70.18595,154,1280,-1741,530,4267,-144,349,718
70.18645,154,1281,-1741,530,4231,-144,350,718
70.18695,154,1280,-1741,531,4219,-144,349,718
70.18745,154,1281,-1741,531,4220,-144,350,718
70.18795,154,1280,-1740,531,4230,-144,349,719
70.18845,154,1281,-1740,532,4240,-144,350,718
70.18895,155,1281,-1740,532,4243,-144,349,719
70.18945,154,1280,-1740,532,4248,-144,349,718
70.18995,155,1280,-1740,533,4247,-144,349,718
70.19045,154,1280,-1741,532,4251,-144,349,718
70.19095,155,1280,-1741,531,4252,-144,349,718
70.19145,154,1280,-1741,531,4249,-144,349,718
70.19195,154,1281,-1741,531,4251,-144,349,718
70.19245,154,1281,-1741,531,4253,-144,349,719
70.19295,155,1281,-1741,530,4253,-144,349,718
70.19345,155,1280,-1741,530,4248,-144,349,719
70.19395,154,1281,-1741,530,4250,-144,349,718
70.19445,155,1280,-1741,531,4278,-144,349,719
70.19495,155,1280,-1740,530,4297,-144,349,718
70.19545,154,1280,-1741,531,4289,-144,349,718
70.19595,155,1280,-1741,530,4278,-144,349,718
70.19645,155,1280,-1741,530,4245,-144,349,718
70.19695,155,1280,-1740,530,4226,-144,349,718
70.19745,155,1280,-1740,530,4221,-144,349,718
70.19795,155,1280,-1740,531,4228,-144,349,718
70.19845,155,1281,-1740,531,4234,-144,349,718
70.19895,155,1280,-1740,531,4238,-144,349,718
70.19945,155,1280,-1740,531,4239,-144,349,718
70.19995,155,1280,-1740,531,4240,-144,349,719
70.20045,155,1280,-1740,531,4245,-144,349,719
70.20095,155,1280,-1741,530,4243,-144,349,719
70.20145,155,1281,-1741,530,4241,-144,349,719
70.20195,155,1280,-1741,530,4243,-144,349,719
70.20245,155,1281,-1742,531,4244,-144,349,718
70.20295,155,1281,-1742,530,4246,-144,349,719
70.20345,155,1281,-1742,531,4252,-144,349,718
70.20395,155,1281,-1743,531,4250,-144,349,719
70.20445,155,1280,-1742,532,4285,-144,349,719
70.20495,155,1280,-1742,532,4294,-144,349,719
70.20545,154,1281,-1740,531,4288,-144,349,718
70.20595,154,1281,-1739,531,4272,-144,349,719
70.20645,155,1281,-1740,531,4240,-143,349,718
70.20695,155,1281,-1739,531,4225,-144,349,719
70.20745,155,1280,-1740,532,4230,-144,349,719
70.20795,155,1281,-1740,531,4236,-144,349,719
70.20845,155,1280,-1740,531,4242,-144,349,719
70.20895,155,1280,-1741,532,4247,-144,349,719
70.20945,155,1280,-1740,532,4250,-144,349,719
70.20995,155,1280,-1740,532,4251,-144,349,718
70.21045,155,1280,-1740,532,4252,-144,349,718
70.21095,155,1281,-1740,532,4258,-144,350,719
70.21145,154,1281,-1740,532,4259,-144,350,718
70.21195,154,1281,-1740,532,4255,-144,350,719
70.21245,154,1281,-1740,533,4258,-144,350,719
70.21295,153,1281,-1740,532,4255,-144,350,718
70.21345,153,1281,-1741,533,4252,-144,351,719
70.21395,153,1281,-1742,533,4260,-144,350,718
70.21445,154,1280,-1742,533,4292,-144,350,719
70.21495,153,1281,-1742,532,4302,-144,350,719
70.21545,154,1280,-1742,531,4293,-144,350,719
70.21595,154,1281,-1741,530,4275,-144,351,718
70.21645,154,1281,-1741,530,4245,-144,350,718
70.21695,154,1281,-1740,530,4241,-144,350,718
70.21745,154,1281,-1740,531,4242,-144,349,718
70.21795,154,1281,-1740,530,4246,-144,348,718
70.21845,155,1281,-1740,529,4257,-144,348,718
70.21895,154,1281,-1740,529,4262,-144,348,718
70.21945,154,1281,-1740,530,4267,-144,348,718
70.21995,154,1281,-1741,530,4270,-144,348,719
70.22045,154,1281,-1741,530,4271,-144,348,718
70.22095,154,1281,-1740,531,4268,-144,348,718
70.22145,154,1280,-1741,531,4273,-144,348,718
70.22195,154,1281,-1741,531,4276,-144,348,719
70.22245,155,1281,-1741,531,4276,-144,348,718
70.222946,155,1280,-1741,531,4270,-144,348,719
70.22345,154,1280,-1741,531,4271,-144,348,719
70.22395,155,1281,-1741,531,4274,-144,348,719
70.22445,154,1280,-1741,532,4308,-144,348,719
70.22495,154,1281,-1741,531,4312,-144,349,719
70.22545,155,1280,-1740,531,4305,-144,349,719
70.22595,154,1281,-1741,531,4281,-144,349,719
70.22645,154,1280,-1741,531,4245,-144,349,718
70.22695,154,1281,-1741,531,4237,-144,349,719
70.22745,155,1281,-1740,531,4245,-144,349,719
70.22795,154,1280,-1740,530,4252,-144,348,719
70.22845,154,1280,-1740,531,4258,-144,349,719
70.22895,155,1281,-1740,530,4263,-144,348,719
70.22945,155,1281,-1740,531,4264,-144,349,719
70.22995,155,1280,-1740,531,4263,-144,349,719
70.23045,154,1281,-1741,531,4262,-144,349,719
70.23095,154,1281,-1741,531,4259,-144,349,719
70.23145,154,1281,-1741,532,4258,-143,349,719
70.23195,154,1281,-1741,532,4261,-144,349,719
70.23245,155,1281,-1741,532,4264,-143,349,719
70.23295,154,1281,-1741,531,4264,-144,349,719
70.23345,154,1281,-1742,531,4265,-143,349,719
70.23395,155,1281,-1742,531,4273,-144,349,719
70.23445,155,1280,-1742,532,4308,-143,348,719
70.23495,154,1281,-1742,531,4310,-144,349,719
70.23545,154,1281,-1742,530,4303,-144,349,719
70.23595,154,1281,-1741,530,4280,-144,349,718
70.23645,155,1280,-1741,529,4251,-144,349,719
70.23695,154,1281,-1740,529,4247,-144,349,719
70.23755,155,1281,-1740,529,4242,-144,349,719
70.23805,155,1281,-1741,531,4250,-144,349,718
70.23855,155,1281,-1741,530,4258,-144,349,719
70.23905,155,1281,-1741,531,4266,-144,349,719
70.23955,155,1281,-1740,531,4266,-144,349,719
70.24005,155,1281,-1739,530,4269,-144,349,719
70.24055,155,1281,-1739,530,4270,-143,349,719
70.24105,154,1281,-1739,530,4270,-144,349,719
70.24155,155,1281,-1740,530,4270,-144,349,719
70.24205,155,1281,-1740,531,4270,-144,349,719
70.24255,155,1281,-1740,531,4269,-143,349,719
70.24305,155,1281,-1740,531,4268,-144,348,719
70.24355,155,1281,-1740,531,4268,-144,349,719
70.24405,155,1281,-1740,531,4277,-144,348,719
70.24455,155,1281,-1740,531,4311,-144,348,719
70.24505,155,1281,-1740,531,4311,-143,349,719
70.24555,155,1280,-1741,531,4303,-144,349,719
70.24605,154,1281,-1740,530,4275,-144,349,719
70.24655,155,1281,-1740,530,4243,-144,349,718
70.24705,154,1281,-1740,530,4237,-144,349,719
70.24755,155,1281,-1740,531,4244,-143,349,719
70.24805,155,1281,-1740,530,4250,-144,349,719
70.24855,154,1281,-1740,530,4255,-143,349,719
70.24905,154,1281,-1740,530,4261,-143,349,719
70.24955,154,1281,-1740,530,4265,-143,349,719
70.25005,154,1281,-1740,530,4267,-143,349,719
70.25055,154,1281,-1740,531,4269,-143,349,719
70.25105,154,1281,-1740,531,4270,-143,349,719
70.25155,154,1281,-1740,531,4271,-143,349,719
70.25205,154,1281,-1740,531,4272,-144,349,719
70.25255,155,1281,-1741,531,4272,-144,349,719
70.25305,155,1280,-1740,531,4273,-143,349,719
70.25355,155,1281,-1740,531,4273,-144,349,719
70.25405,155,1280,-1740,531,4284,-143,349,719
70.25455,155,1281,-1740,531,4319,-144,348,719
70.25505,155,1280,-1740,531,4319,-144,349,719
70.25555,154,1280,-1740,531,4312,-144,349,719
70.25605,155,1281,-1740,530,4286,-144,350,719
70.25655,155,1281,-1740,530,4258,-144,349,719
70.25705,154,1280,-1740,530,4252,-144,349,719
70.25755,155,1281,-1741,531,4251,-143,349,719
70.25805,154,1280,-1741,531,4256,-143,349,719
70.25855,154,1281,-1741,532,4262,-143,349,719
70.25905,154,1281,-1741,531,4263,-144,349,719
70.25955,155,1280,-1741,531,4266,-143,349,719
70.26005,154,1280,-1741,531,4268,-144,349,719
70.26055,154,1281,-1741,531,4268,-144,349,719
70.26105,154,1281,-1741,530,4267,-144,349,719
70.26155,154,1280,-1740,530,4266,-143,349,719
70.26205,155,1281,-1740,530,4266,-143,349,719
70.26255,155,1280,-1740,530,4265,-143,349,719
70.26305,155,1281,-1740,530,4261,-143,349,719
70.26355,154,1280,-1741,529,4257,-144,349,719
70.26405,154,1281,-1741,531,4271,-144,349,720
70.26455,155,1281,-1742,531,4304,-143,349,719
70.26505,154,1281,-1742,531,4304,-144,349,719
70.26555,154,1281,-1742,531,4292,-144,349,719
70.26605,154,1281,-1742,531,4260,-144,350,719
70.26655,155,1281,-1741,531,4231,-143,350,719
70.26705,154,1280,-1741,531,4227,-144,349,719
70.26755,155,1281,-1741,531,4232,-143,349,719
70.26805,155,1280,-1741,531,4245,-144,349,719
70.26855,154,1281,-1740,531,4252,-143,349,719
70.26905,155,1280,-1739,531,4257,-144,349,719
70.26955,155,1280,-1738,530,4259,-144,349,719
70.27005,155,1280,-1739,531,4260,-143,349,719
70.27055,155,1281,-1739,531,4262,-143,349,719
70.27105,155,1281,-1739,531,4260,-143,349,719
70.27155,155,1280,-1741,531,4261,-143,349,719
70.27205,155,1281,-1742,531,4266,-143,349,719
70.27255,155,1280,-1742,531,4268,-143,350,719
70.27305,155,1281,-1741,532,4267,-143,349,719
70.27355,155,1280,-1741,532,4266,-143,349,719
70.27405,155,1280,-1740,532,4279,-143,349,719
70.27455,155,1281,-1741,531,4310,-143,349,720
70.27505,154,1281,-1741,531,4305,-143,349,719
70.27555,155,1280,-1741,530,4300,-143,349,719
70.27605,155,1281,-1740,530,4267,-143,349,719
70.27655,155,1281,-1740,530,4237,-143,349,719
70.27705,155,1281,-1740,530,4231,-143,349,719
70.27755,154,1280,-1741,531,4231,-143,349,719
70.27805,155,1280,-1741,531,4239,-144,349,719
70.27855,155,1280,-1741,530,4246,-143,349,719
70.27905,155,1280,-1741,530,4249,-143,349,719
70.27955,155,1280,-1741,530,4253,-143,349,719
70.28005,154,1281,-1741,530,4255,-143,349,719
70.28055,154,1280,-1740,530,4256,-143,349,719
70.28105,155,1281,-1740,531,4255,-143,349,719
70.28155,155,1281,-1740,531,4255,-143,349,719
70.28205,154,1280,-1740,531,4254,-143,349,719
70.28255,154,1281,-1740,531,4254,-143,349,719
70.28305,154,1280,-1740,531,4254,-143,349,719
70.28355,155,1281,-1740,531,4253,-143,349,719
70.28405,155,1280,-1741,531,4270,-143,349,719
70.28455,154,1280,-1741,531,4299,-143,349,719
70.28505,155,1280,-1741,531,4296,-144,349,719
70.28555,154,1280,-1741,531,4287,-143,349,719
70.28605,154,1281,-1741,531,4256,-143,349,719
70.28655,154,1281,-1741,531,4229,-143,350,719
70.28705,154,1281,-1741,531,4228,-143,349,719
70.28755,154,1280,-1741,531,4233,-143,349,719
70.28805,154,1281,-1741,531,4244,-143,349,719
70.28855,154,1280,-1741,530,4252,-143,349,719
70.28905,154,1281,-1741,530,4259,-143,349,719
70.28955,155,1281,-1741,530,4263,-143,349,719
70.29005,155,1281,-1741,530,4264,-143,349,719
70.29055,154,1281,-1741,530,4265,-144,349,718
70.29105,154,1280,-1741,531,4265,-143,349,719
70.29155,154,1281,-1741,531,4268,-144,349,718
70.29205,155,1280,-1741,531,4264,-143,349,719
70.29255,155,1281,-1741,531,4265,-144,349,719
70.29305,155,1281,-1741,532,4260,-143,349,719
70.29355,155,1280,-1741,532,4256,-143,349,719
70.29405,155,1281,-1741,532,4277,-143,349,719
70.29455,155,1280,-1740,532,4304,-143,349,719
70.29505,155,1280,-1740,531,4297,-144,349,719
70.29555,155,1280,-1740,531,4288,-143,349,719
70.29605,154,1280,-1740,530,4256,-144,349,719
70.29655,155,1280,-1740,530,4233,-143,349,719
70.29705,155,1280,-1740,530,4229,-143,349,718
70.29755,155,1281,-1740,530,4230,-143,349,719
70.29805,154,1280,-1740,530,4239,-144,349,719
70.29855,155,1280,-1740,530,4243,-144,349,719
70.29905,155,1280,-1740,530,4245,-143,349,719
70.29955,155,1280,-1740,531,4252,-144,349,719
70.30015,155,1280,-1740,530,4256,-143,349,719
70.30065,155,1280,-1741,531,4258,-144,349,719
70.30115,155,1281,-1741,531,4258,-143,349,719
70.30165,155,1281,-1742,531,4258,-144,349,719
70.30215,155,1280,-1742,531,4258,-144,349,719
70.30265,154,1280,-1741,531,4256,-144,349,718
70.30315,155,1280,-1741,531,4253,-143,349,718
70.30365,155,1280,-1742,531,4257,-143,349,719
70.30415,155,1281,-1741,531,4285,-144,349,719
70.30465,155,1280,-1742,531,4301,-143,349,719
70.30515,155,1280,-1741,531,4294,-144,349,719
70.30565,155,1280,-1740,531,4285,-144,349,718
70.30615,155,1281,-1740,530,4252,-144,349,718
70.30665,155,1281,-1740,531,4234,-144,349,718
70.30715,155,1280,-1740,531,4233,-144,349,718
70.30765,155,1280,-1741,531,4237,-144,349,719
70.30815,155,1280,-1741,531,4246,-143,349,719
70.30865,155,1280,-1741,531,4245,-144,349,719
70.30915,155,1280,-1741,531,4246,-144,349,719
70.30965,155,1281,-1741,531,4247,-144,349,718
70.31015,155,1280,-1740,531,4247,-144,349,718
70.31065,155,1280,-1740,531,4251,-144,349,719
70.31115,155,1280,-1740,530,4249,-144,349,718
70.31165,155,1280,-1740,531,4246,-144,349,719
70.31215,155,1280,-1741,531,4252,-144,349,719
70.31265,155,1280,-1741,531,4250,-144,349,718
70.31315,155,1280,-1740,531,4248,-144,349,718
70.31365,154,1280,-1740,531,4251,-144,350,719
70.31415,155,1280,-1741,531,4279,-143,349,719
70.31465,155,1281,-1741,531,4293,-144,349,719
70.31515,155,1280,-1741,531,4284,-144,349,718
70.31565,155,1280,-1741,531,4275,-144,349,718
70.31615,155,1280,-1740,530,4247,-144,349,718
70.31665,155,1281,-1741,530,4232,-144,349,718
70.31715,155,1280,-1741,531,4230,-144,349,718
70.31765,155,1281,-1741,530,4232,-144,349,718
70.31815,155,1280,-1741,531,4242,-144,349,718
70.31865,155,1280,-1741,530,4247,-144,349,718
70.31915,154,1280,-1741,531,4250,-144,349,718
70.31965,154,1281,-1741,531,4254,-144,349,718
70.32015,155,1280,-1740,531,4258,-144,349,718
70.32065,155,1281,-1740,530,4260,-144,349,718
70.32115,154,1280,-1740,530,4261,-144,349,718
70.32165,155,1280,-1740,531,4261,-144,349,718
70.32215,155,1280,-1740,531,4262,-144,349,718
70.32265,155,1280,-1741,531,4261,-144,349,719
70.32315,155,1281,-1740,532,4260,-144,349,718
70.32365,155,1280,-1741,532,4254,-144,349,719
70.32415,155,1280,-1741,533,4284,-144,349,719
70.32465,155,1281,-1741,533,4297,-144,349,719
70.32515,155,1280,-1740,532,4288,-144,349,719
70.32565,155,1280,-1740,532,4275,-144,349,719
70.32615,155,1281,-1740,531,4239,-144,349,718
70.32665,155,1280,-1741,531,4220,-144,349,718
70.32715,154,1281,-1741,531,4225,-144,349,718
70.32765,155,1280,-1741,530,4230,-144,349,719
70.32815,155,1280,-1741,530,4238,-144,349,718
70.32865,155,1280,-1742,531,4241,-144,349,718
70.32915,155,1280,-1741,531,4249,-144,349,718
70.32965,155,1280,-1742,531,4252,-144,349,718
70.33015,155,1281,-1742,531,4251,-144,349,718
70.33065,155,1280,-1742,531,4249,-144,349,718
70.33115,154,1280,-1742,530,4247,-144,349,718
70.33165,155,1280,-1741,530,4246,-144,349,718
70.33215,155,1280,-1740,529,4246,-144,349,718
70.33265,155,1280,-1740,530,4245,-144,349,718
70.33315,154,1280,-1740,529,4247,-144,349,718
70.33365,155,1280,-1740,530,4249,-144,349,718
70.33415,155,1280,-1740,531,4284,-144,349,719
70.33465,155,1280,-1740,530,4295,-144,349,718
70.33515,155,1280,-1740,531,4283,-144,349,718
70.33565,155,1280,-1740,531,4271,-144,349,718
70.33615,155,1281,-1740,531,4240,-144,349,718
70.33665,155,1280,-1740,531,4227,-144,349,718
70.33715,155,1281,-1740,530,4227,-144,349,719
70.33765,155,1280,-1740,530,4228,-145,349,718
70.33815,155,1281,-1740,530,4234,-144,349,718
70.33865,155,1281,-1740,530,4244,-145,349,718
70.33915,155,1281,-1740,530,4250,-145,349,718
70.33965,155,1280,-1740,531,4254,-144,349,718
70.34015,155,1281,-1740,531,4255,-145,349,718
70.34065,155,1280,-1741,531,4254,-145,349,718
70.34115,155,1281,-1740,531,4253,-145,349,718
70.34165,155,1281,-1740,531,4251,-145,349,718
70.34215,155,1281,-1740,531,4249,-145,349,719
70.34265,155,1281,-1741,531,4244,-145,349,719
70.34315,155,1281,-1741,531,4236,-144,349,719
70.34365,155,1281,-1741,531,4240,-144,349,719
70.34415,155,1281,-1741,531,4277,-144,349,720
70.34465,155,1281,-1741,531,4285,-144,349,719
70.345146,154,1281,-1742,531,4281,-144,349,719
70.34565,154,1281,-1742,530,4259,-144,349,719
70.34615,154,1281,-1742,530,4222,-145,349,719
70.34665,155,1280,-1742,531,4206,-144,349,718
70.34715,155,1281,-1741,531,4207,-144,349,719
70.34765,155,1281,-1740,531,4218,-145,349,719
70.34815,155,1281,-1740,531,4225,-144,349,719
70.34865,155,1281,-1740,531,4229,-145,349,719
70.34915,155,1281,-1740,531,4233,-144,349,719
70.34965,155,1281,-1740,530,4235,-144,349,719
70.35015,155,1281,-1740,530,4237,-144,349,719
70.35065,155,1281,-1740,530,4236,-144,349,719
70.35115,155,1281,-1740,530,4235,-144,349,718
70.35165,155,1281,-1740,530,4240,-145,349,719
70.35215,155,1281,-1740,530,4248,-144,349,719
70.35265,155,1281,-1740,531,4245,-144,349,719
70.35315,155,1281,-1741,530,4244,-145,349,719
70.35365,155,1280,-1741,531,4250,-145,349,719
70.35415,155,1281,-1741,531,4289,-144,348,719
70.35465,155,1281,-1741,530,4296,-145,349,719
70.35515,155,1281,-1741,530,4289,-144,349,719
70.35565,155,1280,-1741,530,4270,-145,349,719
70.35615,155,1280,-1741,530,4239,-145,349,718
70.35665,155,1281,-1741,531,4232,-145,349,719
70.35715,155,1281,-1741,531,4236,-144,349,719
70.35765,155,1281,-1741,531,4235,-145,349,719
70.35815,155,1281,-1741,531,4237,-145,349,719
70.35865,155,1281,-1741,531,4241,-145,349,719
70.35915,155,1281,-1741,531,4243,-145,349,719
70.35965,155,1281,-1741,531,4248,-145,349,718
70.36015,155,1281,-1741,531,4252,-145,349,719
70.36065,155,1281,-1741,532,4256,-145,349,719
70.36115,155,1281,-1741,532,4253,-145,349,719
70.36165,155,1281,-1741,532,4251,-145,349,719
70.36215,155,1281,-1741,532,4252,-145,349,719
70.36275,155,1280,-1740,532,4252,-145,349,719
70.36325,155,1281,-1740,532,4251,-145,349,719
70.36375,155,1281,-1740,532,4256,-145,349,719
70.36425,155,1281,-1740,532,4290,-144,348,719
70.36475,155,1281,-1740,532,4290,-145,349,719
70.36525,155,1281,-1740,532,4282,-145,349,719
70.36575,155,1281,-1741,531,4260,-145,349,718
70.36625,155,1281,-1741,530,4229,-145,349,718
70.36675,155,1281,-1741,529,4224,-145,349,719
70.36725,155,1281,-1741,529,4227,-145,349,719
70.36775,155,1281,-1741,529,4232,-145,348,718
70.36825,155,1281,-1741,529,4235,-145,349,718
70.36875,154,1281,-1741,530,4246,-145,349,718
70.36925,155,1281,-1741,531,4250,-145,349,719
70.36975,155,1281,-1741,531,4253,-145,349,719
70.37025,155,1281,-1740,531,4249,-145,349,719
70.37075,155,1281,-1741,531,4249,-145,349,719
70.37125,155,1281,-1741,531,4250,-145,349,718
70.37175,155,1281,-1740,530,4253,-145,349,719
70.37225,155,1281,-1740,530,4258,-145,349,718
70.37275,155,1281,-1741,531,4255,-144,349,719
70.37325,155,1281,-1740,530,4256,-145,349,719
70.37375,155,1281,-1740,531,4262,-145,349,719
70.37425,155,1281,-1741,531,4295,-145,349,719
70.37475,155,1281,-1741,531,4293,-145,349,719
70.37525,155,1281,-1741,531,4282,-145,349,719
70.37575,155,1281,-1742,531,4256,-145,349,719
70.37625,155,1281,-1741,531,4227,-145,349,719
70.37675,155,1281,-1742,532,4221,-145,349,719
70.37725,155,1281,-1742,531,4223,-145,349,719
70.37775,155,1281,-1741,531,4228,-145,349,719
70.37825,155,1281,-1741,531,4230,-145,349,719
70.37875,155,1281,-1741,531,4236,-145,349,719
70.37925,155,1281,-1741,531,4237,-145,349,718
70.37975,155,1281,-1741,531,4240,-145,349,719
70.38025,155,1281,-1740,531,4244,-145,349,719
70.38075,155,1281,-1740,531,4239,-145,348,719
70.38125,155,1281,-1740,530,4236,-145,349,719
70.38175,155,1281,-1740,530,4236,-145,348,719
70.38225,155,1281,-1740,530,4236,-145,348,719
70.38275,155,1281,-1740,531,4235,-145,348,719
70.38325,155,1281,-1740,531,4233,-145,348,718
70.38375,155,1281,-1740,531,4248,-145,348,719
70.38425,155,1281,-1741,531,4290,-145,347,719
70.38475,155,1281,-1741,531,4286,-145,347,719
70.38525,155,1281,-1742,531,4275,-145,347,719
70.38575,155,1281,-1742,530,4251,-145,347,718
70.38625,155,1281,-1743,530,4223,-146,348,719
70.38675,155,1281,-1742,530,4219,-145,348,719
70.38725,155,1281,-1743,530,4218,-145,348,719
70.38775,155,1281,-1744,530,4224,-145,348,718
70.38825,155,1281,-1744,531,4237,-145,348,719
70.38875,155,1281,-1743,531,4249,-145,348,719
70.38925,155,1281,-1740,530,4251,-145,348,719
70.38975,155,1281,-1738,530,4252,-146,349,719
70.39025,155,1281,-1738,531,4252,-145,349,719
70.39075,155,1281,-1739,531,4250,-146,350,719
70.39125,155,1281,-1739,531,4248,-145,350,718
70.39175,155,1281,-1739,531,4251,-146,350,718
70.39225,155,1281,-1739,531,4258,-145,350,719
70.39275,155,1281,-1739,531,4258,-145,351,719
70.39325,155,1281,-1740,531,4251,-145,351,719
70.39375,155,1281,-1740,532,4263,-145,351,719
70.39425,155,1281,-1741,532,4297,-145,351,719
70.39475,155,1281,-1741,532,4295,-145,350,719
70.39525,155,1281,-1741,532,4285,-145,350,719
70.39575,155,1281,-1741,532,4259,-145,350,718
70.39625,155,1281,-1741,532,4232,-145,350,719
70.39675,155,1281,-1742,532,4230,-145,350,719
70.39725,155,1281,-1741,531,4226,-145,349,719
70.39775,155,1281,-1741,531,4228,-145,349,719
70.39825,155,1281,-1740,529,4232,-145,349,719
70.39875,155,1281,-1740,530,4238,-145,349,719
70.39925,155,1281,-1740,529,4241,-145,349,719
70.39975,155,1281,-1741,530,4244,-145,349,719
70.40025,155,1281,-1741,530,4250,-145,349,719
70.40075,155,1281,-1741,531,4252,-145,349,719
70.40125,155,1281,-1741,531,4253,-146,349,719
70.40175,155,1281,-1740,531,4254,-145,349,719
70.40225,155,1281,-1740,531,4254,-145,349,719
70.40275,155,1281,-1740,531,4255,-145,349,719
70.40325,156,1281,-1740,532,4255,-145,349,719
70.40375,155,1281,-1741,533,4269,-145,349,719
70.40425,156,1281,-1741,532,4301,-146,349,719
70.40475,155,1281,-1741,531,4299,-145,349,719
70.40525,155,1281,-1741,531,4290,-145,349,719
70.40575,155,1281,-1741,531,4263,-145,350,718
70.40625,155,1281,-1741,530,4237,-146,349,719
70.40675,155,1281,-1741,529,4233,-145,349,719
70.40725,155,1281,-1741,529,4232,-145,349,719
70.40775,155,1281,-1740,530,4239,-146,349,719
70.40825,155,1281,-1740,530,4241,-145,349,719
70.40875,155,1281,-1739,531,4247,-146,349,719
70.40925,155,1281,-1740,530,4250,-145,349,719
70.40975,155,1281,-1740,530,4253,-145,349,719
70.41025,155,1281,-1740,530,4254,-146,349,719
70.41075,155,1281,-1740,529,4254,-146,349,719
70.41125,155,1281,-1740,529,4254,-145,349,719
70.41175,156,1281,-1741,530,4254,-145,349,719
70.41225,155,1281,-1741,530,4254,-145,349,719
70.41275,155,1281,-1741,530,4253,-146,349,719
70.41325,155,1281,-1741,530,4250,-146,349,719
70.41375,155,1281,-1741,530,4267,-146,349,719
70.41425,155,1281,-1741,530,4296,-145,349,719
70.41475,155,1281,-1741,530,4292,-146,349,719
70.41525,155,1281,-1741,531,4281,-146,349,719
70.41575,155,1281,-1741,531,4253,-145,349,719
70.41625,155,1281,-1741,531,4230,-145,349,719
70.41675,155,1281,-1740,531,4227,-146,349,719
70.41725,155,1281,-1741,530,4232,-146,349,719
70.41775,155,1281,-1740,530,4238,-146,349,719
70.41825,155,1281,-1740,530,4240,-146,349,719
70.41875,155,1280,-1741,530,4246,-146,349,719
70.41925,155,1281,-1741,530,4248,-146,349,719
70.41975,156,1281,-1741,531,4253,-146,349,719
70.42025,156,1281,-1741,530,4256,-146,349,719
70.42075,155,1281,-1740,531,4258,-145,349,718
70.42125,155,1281,-1741,530,4260,-145,349,719
70.42175,155,1281,-1741,531,4265,-145,349,719
70.42225,155,1281,-1741,530,4260,-146,349,719
70.42275,155,1281,-1741,531,4255,-146,349,719
70.42325,155,1281,-1741,530,4253,-145,349,719
70.42375,156,1281,-1741,531,4276,-145,349,719
70.42425,155,1281,-1741,530,4303,-145,348,719
70.42475,155,1281,-1741,530,4296,-145,349,719
70.42535,155,1281,-1741,530,4283,-146,349,719
70.42585,155,1281,-1741,530,4252,-146,349,718
70.42635,155,1281,-1740,530,4228,-146,349,719
70.42685,155,1281,-1741,530,4225,-146,350,719
70.42735,155,1281,-1740,531,4226,-146,349,719
70.42785,156,1281,-1740,530,4231,-145,349,719
70.42835,155,1281,-1740,530,4238,-146,349,719
70.42885,155,1281,-1740,530,4244,-146,348,719
70.42935,155,1281,-1740,530,4248,-146,349,719
70.42985,155,1281,-1741,531,4250,-146,349,719
70.43035,155,1281,-1741,531,4247,-145,349,719
70.43085,156,1281,-1741,531,4245,-146,349,719
70.43135,155,1281,-1741,530,4246,-145,349,719
70.43185,155,1281,-1741,530,4249,-146,349,719
70.43235,155,1281,-1740,530,4251,-145,349,719
70.43285,155,1281,-1740,529,4252,-145,350,719
70.43335,155,1281,-1740,530,4250,-145,349,719
70.43385,156,1281,-1741,531,4274,-145,349,720
70.43435,155,1281,-1741,530,4300,-145,349,719
70.43485,155,1281,-1741,531,4298,-146,349,719
70.43535,155,1281,-1741,532,4282,-146,350,719
70.43585,155,1281,-1741,532,4248,-146,349,719
70.43635,155,1281,-1741,532,4229,-146,350,719
70.43685,156,1281,-1741,532,4228,-146,350,719
70.43735,155,1281,-1742,531,4233,-146,349,719
70.43785,155,1281,-1742,531,4239,-146,350,719
70.43835,156,1281,-1742,531,4243,-146,349,719
70.43885,155,1281,-1742,530,4250,-146,349,719
70.43935,156,1281,-1741,530,4253,-145,349,719
70.43985,156,1281,-1741,530,4257,-146,350,719
70.44035,156,1281,-1741,530,4260,-145,349,719
70.44085,155,1281,-1742,530,4261,-145,349,719
70.44135,156,1281,-1741,530,4260,-145,348,719
70.44185,155,1281,-1741,531,4259,-145,349,719
70.44235,155,1281,-1741,530,4257,-145,349,719
70.44285,156,1281,-1740,530,4256,-145,349,719
70.44335,156,1281,-1740,530,4254,-145,349,719
70.44385,155,1281,-1741,530,4280,-145,349,720
70.44435,156,1281,-1740,530,4301,-145,349,719
70.44485,156,1281,-1741,530,4297,-145,349,719
70.44535,155,1281,-1741,530,4279,-145,349,719
70.44585,155,1281,-1740,530,4244,-145,349,719
70.44635,156,1281,-1740,530,4225,-145,350,719
70.44685,155,1281,-1740,530,4217,-145,349,719
70.44735,155,1281,-1740,531,4221,-146,349,719
70.44785,156,1281,-1741,530,4231,-146,349,719
70.44835,155,1281,-1741,531,4236,-146,349,719
70.44885,156,1281,-1741,531,4242,-146,349,719
70.44935,156,1281,-1741,531,4247,-146,349,719
70.44985,156,1281,-1741,532,4252,-146,349,719
70.45035,155,1281,-1741,532,4255,-146,349,719
70.45085,156,1281,-1741,531,4257,-146,349,719
70.45135,156,1281,-1741,532,4259,-146,349,719
70.45185,156,1281,-1742,532,4260,-146,349,719
70.45235,156,1281,-1742,532,4260,-146,349,719
70.45285,156,1281,-1742,532,4261,-146,349,719
70.45335,156,1281,-1742,532,4261,-146,349,719
70.45385,156,1281,-1742,532,4292,-146,349,719
70.45435,156,1281,-1742,532,4310,-146,349,719
70.45485,156,1281,-1742,531,4305,-146,349,719
70.45535,156,1281,-1742,530,4294,-146,349,719
70.45585,156,1281,-1742,529,4263,-146,350,719
70.45635,155,1281,-1741,529,4247,-146,349,719
70.45685,156,1281,-1740,529,4247,-146,349,719
70.45735,155,1281,-1740,529,4251,-146,349,719
70.45785,156,1281,-1741,529,4254,-146,349,719
70.45835,156,1281,-1741,529,4259,-146,349,719
70.45885,156,1281,-1741,530,4260,-146,349,719
70.45935,156,1281,-1741,530,4261,-146,349,719
70.45985,156,1281,-1740,530,4265,-146,349,719
70.46035,156,1281,-1739,530,4266,-146,349,719
70.46085,156,1281,-1739,530,4267,-146,349,719
70.46135,156,1281,-1739,530,4267,-146,349,719
70.46185,156,1281,-1740,530,4267,-146,349,720
70.46235,155,1281,-1740,530,4266,-146,349,719
70.46285,156,1281,-1740,531,4266,-146,349,719
70.46335,156,1281,-1740,531,4264,-146,349,719
70.46385,156,1281,-1740,532,4297,-146,349,719
70.46435,156,1281,-1741,531,4310,-145,349,719
70.46485,156,1281,-1741,531,4301,-146,349,719
70.46535,156,1281,-1741,530,4284,-146,349,719
70.46585,156,1281,-1741,530,4251,-145,349,719
70.46635,156,1281,-1741,530,4237,-145,349,719
70.46685,156,1281,-1741,531,4234,-146,350,719
70.46735,156,1281,-1740,531,4239,-145,349,719
70.46785,156,1281,-1741,531,4247,-145,349,719
70.46835,156,1281,-1740,531,4255,-146,349,719
70.46885,156,1281,-1740,531,4261,-145,349,719
70.46935,156,1281,-1741,531,4265,-145,349,719
70.46985,156,1281,-1740,531,4267,-146,350,719
70.47035,156,1281,-1740,531,4266,-146,350,719
70.47085,156,1281,-1740,531,4265,-146,350,719
70.47135,156,1281,-1740,530,4269,-146,350,719
70.47185,156,1281,-1741,530,4274,-145,350,719
70.47235,156,1281,-1740,530,4277,-145,350,719
70.47285,156,1281,-1741,530,4278,-146,350,720
70.47335,156,1281,-1741,530,4282,-146,350,719
70.47385,156,1281,-1741,531,4321,-145,350,720
70.47435,156,1281,-1741,531,4326,-146,350,719
70.47485,156,1281,-1742,531,4319,-145,350,719
70.47535,156,1282,-1742,530,4294,-146,350,719
70.47585,156,1281,-1742,530,4259,-146,350,719
70.47635,156,1282,-1741,529,4248,-146,350,719
70.47685,156,1281,-1741,530,4250,-146,349,719
70.47735,156,1281,-1741,530,4255,-146,349,719
70.47785,156,1281,-1741,530,4259,-146,349,719
70.47835,156,1281,-1741,530,4264,-146,348,719
70.47885,156,1282,-1741,530,4269,-146,349,719
70.47935,156,1282,-1740,530,4271,-146,348,719
70.47985,156,1281,-1741,530,4274,-146,348,719
70.48035,156,1281,-1740,530,4275,-146,348,719
70.48085,156,1282,-1740,530,4274,-146,348,720
70.48135,156,1281,-1740,531,4274,-146,348,719
70.48185,156,1282,-1740,530,4277,-146,349,719
70.48235,156,1281,-1741,531,4273,-146,349,719
70.48285,156,1281,-1741,531,4270,-146,348,719
70.48335,156,1281,-1742,531,4274,-146,348,719
70.48385,156,1282,-1742,532,4309,-146,348,719
70.48435,156,1282,-1742,531,4314,-146,349,719
70.48485,156,1281,-1742,531,4305,-146,349,719
70.48535,156,1282,-1741,531,4282,-145,349,719
70.48585,156,1282,-1742,531,4251,-146,349,719
70.48635,156,1282,-1741,531,4242,-146,349,719
70.48685,156,1282,-1741,531,4240,-146,349,720
70.48745,156,1282,-1742,531,4247,-145,350,719
70.48795,156,1282,-1742,531,4259,-146,349,720
70.48845,156,1281,-1742,531,4263,-146,349,720
70.48895,156,1281,-1741,531,4273,-146,349,719
70.48945,156,1282,-1740,531,4277,-146,349,719
70.48995,156,1282,-1740,532,4275,-146,349,720
70.49045,156,1281,-1740,532,4276,-146,349,719
70.49095,156,1282,-1740,532,4281,-146,349,719
70.49145,156,1282,-1741,531,4278,-146,349,719
70.49195,156,1282,-1741,531,4275,-146,349,719
70.49245,156,1281,-1741,530,4276,-146,349,719
70.49295,156,1282,-1740,529,4275,-146,349,719
70.49345,156,1281,-1741,530,4281,-146,349,719
70.49395,156,1282,-1741,529,4317,-146,349,719
70.49445,156,1282,-1741,530,4318,-146,349,719
70.49495,156,1281,-1741,530,4309,-146,349,719
70.49545,156,1282,-1741,530,4286,-146,349,719
70.49595,156,1282,-1741,530,4255,-146,349,719
70.49645,156,1282,-1741,531,4246,-146,349,719
70.49695,156,1282,-1741,531,4245,-146,349,719
70.49745,156,1281,-1741,530,4248,-146,349,719
70.49795,156,1282,-1741,530,4249,-146,349,719
70.49845,156,1281,-1741,530,4255,-146,349,719
70.49895,156,1282,-1741,530,4257,-146,349,719
70.49945,156,1282,-1741,530,4260,-146,348,720
70.49995,156,1282,-1741,530,4264,-147,349,719
70.50045,156,1282,-1741,530,4270,-146,349,719
70.50095,156,1282,-1741,530,4265,-146,348,719
70.50145,156,1282,-1741,530,4263,-146,349,719
70.50195,156,1282,-1741,530,4262,-146,349,719
70.50245,156,1282,-1741,531,4260,-147,349,719
70.50295,156,1282,-1741,531,4258,-146,349,719
70.50345,156,1282,-1741,531,4271,-146,349,720
70.50395,156,1282,-1741,531,4310,-146,349,720
70.50445,156,1282,-1741,531,4317,-146,349,719
70.50495,156,1282,-1742,531,4309,-146,349,719
70.50545,156,1282,-1741,530,4279,-146,349,719
70.50595,156,1282,-1741,531,4248,-146,349,719
70.50645,156,1282,-1741,531,4243,-146,349,719
70.50695,156,1282,-1741,530,4240,-146,349,719
70.50745,156,1282,-1741,530,4246,-146,349,719
70.50795,156,1282,-1740,529,4250,-146,349,719
70.50845,156,1282,-1741,529,4256,-146,349,720
70.50895,156,1282,-1741,530,4261,-146,349,719
70.50945,156,1282,-1741,530,4269,-146,349,720
70.50995,156,1282,-1741,531,4266,-147,349,719
70.51045,156,1282,-1741,531,4266,-146,349,719
70.51095,156,1282,-1741,531,4262,-147,349,719
70.51145,156,1282,-1741,531,4264,-147,349,719
70.51195,156,1282,-1741,531,4265,-146,349,719
70.51245,156,1282,-1741,530,4266,-146,349,719
70.51295,156,1282,-1741,531,4264,-146,349,719
70.51345,157,1282,-1741,531,4274,-146,348,720
70.51395,156,1282,-1741,531,4309,-146,348,719
70.51445,156,1282,-1741,530,4313,-146,348,719
70.51495,156,1282,-1741,530,4300,-147,348,719
70.51545,156,1282,-1741,530,4272,-146,348,719
70.51595,156,1282,-1741,530,4244,-147,348,719
70.51645,156,1282,-1741,531,4238,-146,349,719
70.51695,156,1282,-1741,531,4241,-147,348,719
70.51745,157,1282,-1741,530,4247,-147,348,719
70.51795,156,1282,-1741,531,4249,-147,348,719
70.51845,156,1282,-1740,530,4252,-147,348,719
70.51895,156,1282,-1741,530,4255,-146,349,719
70.51945,156,1282,-1740,530,4256,-147,348,719
70.51995,156,1282,-1741,530,4260,-147,348,719
70.52045,156,1282,-1741,530,4265,-147,349,719
70.52095,157,1282,-1741,530,4267,-147,349,719
70.52145,156,1282,-1741,531,4268,-147,349,719
70.52195,156,1282,-1741,531,4268,-146,349,719
70.52245,156,1282,-1741,531,4269,-147,349,719
70.52295,156,1282,-1742,531,4268,-147,349,719
70.52345,156,1282,-1741,531,4280,-147,349,720
70.52395,156,1282,-1741,531,4313,-147,349,719
70.52445,156,1282,-1741,531,4316,-147,349,719
70.52495,156,1283,-1741,530,4300,-147,350,719
70.52545,156,1282,-1741,530,4269,-147,350,719
70.52595,156,1282,-1741,529,4242,-147,350,719
70.52645,156,1282,-1741,530,4236,-147,350,720
70.52695,156,1283,-1741,530,4235,-147,350,719
70.52745,156,1282,-1741,530,4246,-147,350,720
70.52795,156,1282,-1741,530,4247,-146,350,720
70.52845,156,1282,-1741,530,4255,-146,349,720
70.52895,156,1282,-1741,530,4262,-147,349,720
70.52945,156,1282,-1741,530,4265,-147,349,720
70.52995,157,1282,-1742,530,4266,-146,350,720
70.53045,156,1282,-1741,531,4265,-147,349,720
70.53095,156,1282,-1741,530,4264,-146,349,720
70.53145,156,1282,-1741,530,4264,-147,349,720
70.53195,156,1282,-1741,530,4264,-147,349,720
70.53245,157,1283,-1741,530,4264,-147,350,719
70.53295,156,1282,-1741,530,4262,-147,349,719
70.53345,156,1282,-1741,530,4272,-147,350,720
70.53395,156,1282,-1741,530,4305,-146,349,720
70.53445,156,1283,-1741,530,4309,-147,349,720
70.53495,156,1283,-1741,530,4303,-147,349,719
70.535446,156,1283,-1741,530,4277,-147,349,720
70.53595,156,1283,-1741,530,4248,-147,350,719
70.53645,157,1282,-1741,531,4248,-147,350,720
70.53695,156,1282,-1741,530,4249,-147,350,720
70.53745,157,1282,-1741,531,4258,-147,350,719
70.53795,156,1282,-1741,531,4264,-147,349,720
70.53845,156,1282,-1741,531,4267,-147,349,719
70.53895,156,1282,-1741,531,4273,-147,350,720
70.53945,156,1283,-1742,531,4275,-147,350,719
70.53995,156,1282,-1742,531,4281,-147,350,719
70.54045,156,1282,-1741,530,4277,-147,350,720
70.54095,156,1282,-1741,530,4275,-147,350,720
70.54145,156,1282,-1741,529,4280,-147,350,719
70.54195,156,1282,-1741,530,4279,-147,351,720
70.54245,156,1282,-1741,529,4270,-147,351,720
70.54295,156,1283,-1741,530,4270,-147,351,720
70.54345,157,1282,-1741,530,4288,-147,351,720
70.54395,156,1282,-1741,530,4320,-147,350,720
70.54445,156,1282,-1741,530,4317,-147,351,720
70.54495,157,1282,-1742,530,4306,-147,351,720
70.54545,156,1282,-1742,530,4276,-147,351,720
70.54595,156,1283,-1742,530,4249,-147,350,719
70.54645,156,1282,-1741,530,4243,-146,350,719
70.54695,156,1282,-1741,530,4235,-147,349,720
70.54745,156,1282,-1741,530,4240,-147,349,720
70.54795,156,1283,-1741,530,4247,-147,349,720
70.54845,156,1282,-1741,530,4257,-147,349,720
70.54905,156,1282,-1741,530,4261,-147,349,720
70.54955,156,1283,-1741,531,4266,-147,349,720
70.55005,156,1282,-1741,530,4267,-147,348,719
70.55055,156,1283,-1741,531,4263,-147,349,720
70.55105,156,1282,-1741,531,4261,-147,349,720
70.55155,156,1282,-1741,531,4269,-147,349,720
70.55205,157,1282,-1741,531,4272,-147,349,719
70.55255,156,1283,-1741,531,4273,-147,349,720
70.55305,156,1282,-1742,530,4267,-147,349,720
70.55355,157,1282,-1741,531,4291,-147,349,720
70.55405,157,1282,-1741,531,4323,-147,349,720
70.55455,156,1282,-1742,531,4320,-147,349,720
70.55505,156,1283,-1741,530,4311,-147,349,719
70.55555,156,1282,-1741,529,4279,-147,349,719
70.55605,156,1283,-1740,529,4252,-147,349,720
70.55655,156,1283,-1741,529,4250,-147,349,719
70.55705,156,1283,-1741,530,4259,-147,349,720
70.55755,157,1282,-1741,530,4262,-147,349,719
70.55805,156,1282,-1741,531,4266,-147,348,719
70.55855,156,1282,-1741,530,4265,-147,348,719
70.55905,156,1283,-1741,531,4267,-147,348,720
70.55955,156,1283,-1741,530,4270,-147,348,719
70.56005,156,1282,-1741,530,4275,-147,348,720
70.56055,156,1282,-1741,530,4276,-147,348,720
70.56105,156,1283,-1742,530,4281,-147,348,720
70.56155,156,1283,-1741,530,4282,-147,348,719
70.56205,156,1282,-1742,530,4280,-147,348,720
70.56255,156,1283,-1742,530,4276,-147,348,720
70.56305,156,1282,-1742,530,4276,-147,349,719
70.56355,157,1282,-1741,531,4296,-147,348,720
70.56405,156,1282,-1741,530,4314,-147,348,720
70.56455,157,1283,-1740,530,4312,-147,349,719
70.56505,156,1283,-1741,530,4299,-147,349,720
70.56555,156,1283,-1741,530,4261,-147,349,719
70.56605,157,1283,-1741,531,4244,-147,349,719
70.56655,156,1283,-1741,531,4238,-147,350,720
70.56705,156,1283,-1741,530,4237,-147,349,720
70.56755,156,1283,-1741,530,4248,-147,349,720
70.56805,156,1283,-1741,530,4253,-147,349,720
70.56855,156,1283,-1741,530,4257,-147,349,720
70.56905,156,1283,-1740,530,4261,-147,349,720
70.56955,157,1282,-1741,530,4265,-147,350,720
70.57005,157,1282,-1741,531,4268,-147,350,720
70.57055,156,1282,-1741,531,4269,-147,350,719
70.57105,156,1282,-1741,531,4269,-147,350,720
70.57155,157,1282,-1742,531,4267,-147,350,720
70.57205,156,1283,-1741,531,4273,-147,349,720
70.57255,156,1282,-1741,531,4277,-146,349,720
70.57305,156,1283,-1741,531,4276,-147,349,719
70.57355,157,1282,-1741,531,4302,-147,349,720
70.57405,157,1283,-1741,531,4319,-147,349,720
70.57455,156,1282,-1741,531,4315,-147,349,719
70.57505,156,1283,-1742,531,4304,-147,349,720
70.57555,157,1283,-1741,531,4267,-147,350,720
70.57605,156,1282,-1741,531,4251,-147,349,720
70.57655,157,1283,-1741,530,4251,-147,349,720
70.57705,156,1282,-1741,529,4253,-147,349,720
70.57755,156,1283,-1741,528,4257,-147,349,720
70.57805,157,1283,-1741,528,4260,-147,350,719
70.57855,156,1283,-1741,529,4265,-147,349,720
70.57905,157,1282,-1741,529,4263,-147,349,720
70.57955,157,1283,-1741,529,4270,-147,349,720
70.58005,156,1282,-1741,530,4274,-147,349,720
70.58055,157,1282,-1741,530,4274,-147,349,720
70.58105,157,1283,-1741,530,4273,-147,349,720
70.58155,157,1282,-1741,530,4273,-147,349,719
70.58205,156,1283,-1742,530,4270,-148,349,720
70.58255,156,1283,-1741,530,4264,-148,349,720
70.58305,156,1283,-1741,530,4268,-147,349,720
70.58355,157,1283,-1742,531,4302,-147,348,720
70.58405,157,1282,-1742,530,4321,-148,348,720
70.58455,156,1283,-1742,530,4315,-147,349,720
70.58505,157,1283,-1742,531,4301,-147,349,719
70.58555,156,1283,-1742,531,4265,-147,348,719
70.58605,156,1283,-1742,531,4243,-147,349,719
70.58655,156,1283,-1742,531,4242,-147,349,719
70.58705,157,1283,-1741,531,4243,-147,349,720
70.58755,156,1283,-1741,530,4251,-147,349,720
70.58805,157,1283,-1741,531,4261,-147,349,720
70.58855,156,1282,-1741,530,4271,-147,349,719
70.58905,156,1282,-1740,530,4276,-147,349,720
70.58955,157,1283,-1740,531,4276,-147,349,720
70.59005,157,1283,-1740,531,4280,-147,350,720
70.59055,157,1283,-1740,531,4280,-147,350,720
70.59105,156,1282,-1741,531,4280,-147,350,720
70.59155,157,1283,-1741,531,4283,-147,350,720
70.59205,157,1283,-1741,530,4282,-147,350,720
70.59255,156,1282,-1741,530,4281,-147,350,720
70.59305,156,1282,-1741,531,4280,-147,350,720
70.59355,157,1283,-1741,531,4312,-147,349,720
70.59405,156,1283,-1741,531,4325,-147,350,720
70.59455,157,1283,-1741,531,4319,-148,350,720
70.59505,156,1283,-1741,531,4304,-147,350,720
70.59555,156,1282,-1741,530,4270,-147,350,720
70.59605,157,1283,-1742,531,4254,-147,350,720
70.59655,156,1282,-1741,531,4253,-147,350,720
70.59705,156,1283,-1741,531,4256,-147,350,720
70.59755,156,1283,-1741,530,4261,-147,350,720
70.59805,157,1282,-1741,529,4261,-147,350,719
70.59855,156,1283,-1741,530,4263,-147,350,720
70.59905,156,1282,-1741,530,4264,-147,350,719
70.59955,156,1283,-1741,530,4270,-147,350,720
70.60005,156,1283,-1741,530,4272,-147,350,720
70.60055,156,1283,-1741,530,4281,-148,351,720
70.60105,157,1283,-1741,530,4285,-147,351,720
70.60155,157,1283,-1741,529,4285,-148,351,720
70.60205,156,1283,-1741,530,4285,-147,351,720
70.60255,157,1283,-1741,530,4284,-148,351,720
70.60305,157,1283,-1741,530,4285,-147,351,720
70.60355,157,1282,-1741,530,4320,-147,350,720
70.60405,156,1282,-1741,530,4331,-147,351,720
70.60455,156,1283,-1741,531,4326,-148,350,720
70.60505,156,1283,-1742,530,4310,-148,351,720
70.60555,156,1283,-1741,530,4276,-147,351,720
70.60605,156,1283,-1741,531,4265,-147,350,720
70.60655,156,1283,-1741,531,4267,-147,349,720
70.60705,156,1282,-1741,531,4268,-147,349,720
70.60755,157,1283,-1741,531,4272,-147,349,720
70.60805,156,1283,-1742,531,4274,-147,349,719
70.60855,157,1282,-1741,530,4278,-147,349,720
70.60905,156,1282,-1741,529,4278,-147,348,720
70.60955,157,1283,-1741,529,4285,-147,348,720
70.61015,157,1283,-1741,529,4289,-147,348,720
70.61065,157,1283,-1741,529,4289,-147,348,720
70.61115,157,1283,-1741,529,4287,-147,348,720
70.61165,157,1283,-1741,530,4287,-148,348,720
70.61215,156,1283,-1741,529,4286,-147,348,720
70.61265,156,1282,-1741,530,4285,-147,348,720
70.61315,156,1283,-1741,531,4287,-147,348,720
70.61365,157,1283,-1741,531,4320,-147,347,720
70.61415,156,1283,-1741,531,4323,-147,348,720
70.61465,157,1283,-1741,530,4314,-147,347,719
70.61515,156,1283,-1741,529,4296,-147,348,720
70.61565,157,1283,-1741,529,4260,-147,348,720
70.61615,156,1283,-1741,529,4253,-147,348,719
70.61665,157,1283,-1741,530,4257,-147,348,720
70.61715,157,1283,-1741,529,4258,-147,348,720
70.61765,156,1283,-1741,530,4270,-147,348,720
70.61815,157,1283,-1741,530,4275,-147,349,720
70.61865,156,1283,-1741,531,4275,-147,349,720
70.61915,157,1283,-1741,531,4281,-147,348,720
70.61965,157,1283,-1741,531,4284,-147,349,720
70.62015,156,1283,-1740,531,4287,-147,349,720
70.62065,156,1283,-1741,531,4291,-147,349,720
70.62115,156,1283,-1741,531,4293,-147,349,720
70.62165,157,1283,-1741,531,4295,-147,349,720
70.62215,156,1283,-1741,530,4293,-147,349,719
70.62265,157,1283,-1741,530,4289,-147,350,720
70.62315,156,1283,-1741,531,4294,-147,349,720
70.62365,157,1283,-1741,530,4335,-147,349,720
70.62415,156,1283,-1742,530,4340,-148,349,720
70.62465,157,1283,-1741,530,4332,-147,350,720
70.62515,156,1283,-1741,530,4307,-147,350,720
70.62565,157,1283,-1741,530,4272,-147,350,720
70.62615,156,1283,-1741,530,4263,-147,350,720
70.62665,157,1283,-1741,530,4263,-147,350,720
70.62715,156,1283,-1741,530,4263,-147,350,720
70.62765,157,1283,-1741,531,4265,-147,349,720
70.62815,157,1283,-1741,531,4265,-147,350,720
70.62865,157,1283,-1741,531,4271,-147,349,720
70.62915,156,1283,-1742,531,4276,-147,349,720
70.62965,156,1283,-1742,531,4278,-147,349,720
70.63015,157,1283,-1742,531,4276,-147,349,720
70.63065,156,1283,-1741,530,4273,-147,349,720
70.63115,157,1283,-1740,531,4275,-147,349,720
70.63165,157,1283,-1741,530,4276,-147,349,720
70.63215,156,1283,-1740,530,4276,-147,349,720
70.63265,157,1283,-1740,530,4275,-147,349,720
70.63315,157,1283,-1740,530,4283,-147,349,720
70.63365,157,1283,-1740,530,4319,-147,349,720
70.63415,157,1283,-1741,530,4321,-147,350,720
70.63465,157,1283,-1741,530,4314,-147,350,720
70.63515,156,1283,-1742,530,4290,-147,351,719
70.63565,156,1283,-1742,530,4259,-147,351,719
70.63615,157,1283,-1741,529,4247,-147,351,720
70.63665,157,1283,-1742,530,4249,-148,350,720
70.63715,156,1283,-1742,530,4261,-147,350,720
70.63765,156,1283,-1742,531,4268,-147,350,720
70.63815,157,1283,-1742,531,4271,-147,350,720
70.63865,156,1283,-1742,531,4274,-147,350,720
70.63915,156,1283,-1742,531,4280,-147,350,720
70.63965,157,1283,-1742,531,4282,-148,350,720
70.64015,157,1283,-1741,531,4284,-148,350,720
70.64065,157,1283,-1741,530,4289,-147,350,720
70.64115,157,1283,-1741,530,4290,-148,350,720
70.64165,157,1283,-1741,530,4289,-148,350,720
70.64215,157,1283,-1741,531,4287,-147,350,720
70.64265,157,1283,-1741,530,4284,-148,350,720
70.64315,156,1283,-1741,530,4291,-147,350,720
70.64365,157,1283,-1741,530,4323,-147,349,720
70.64415,157,1283,-1741,530,4322,-147,350,720
70.64465,157,1283,-1741,530,4313,-147,350,720
70.64515,157,1284,-1741,530,4285,-147,350,720
70.64565,157,1283,-1741,530,4253,-147,350,719
70.64615,157,1283,-1741,530,4245,-147,350,720
70.64665,157,1283,-1741,530,4241,-147,350,719
70.64715,157,1283,-1742,531,4245,-148,350,719
70.64765,157,1283,-1742,531,4244,-147,350,720
70.64815,157,1283,-1742,531,4247,-148,350,720
70.64865,157,1283,-1741,531,4257,-148,350,720
70.64915,157,1283,-1741,531,4265,-147,349,720
70.64965,156,1283,-1741,530,4269,-148,349,720
70.65015,157,1283,-1742,530,4273,-147,350,720
70.65065,157,1283,-1741,530,4275,-148,350,720
70.65115,156,1283,-1741,530,4275,-147,350,720
70.65165,157,1283,-1741,530,4276,-148,350,719
70.65215,156,1283,-1740,530,4276,-147,350,720
70.65265,157,1283,-1741,530,4271,-148,350,719
70.65315,157,1283,-1741,530,4284,-147,349,720
70.65365,157,1283,-1742,530,4317,-148,349,719
70.65415,157,1283,-1742,530,4320,-148,350,719
70.65465,157,1283,-1742,530,4310,-147,350,719
70.65515,157,1283,-1742,530,4288,-147,350,719
70.65565,157,1283,-1742,530,4261,-147,350,719
70.65615,157,1283,-1742,530,4254,-147,350,719
70.65665,157,1283,-1742,530,4256,-147,350,719
70.65715,157,1283,-1742,530,4262,-147,349,719
70.657646,156,1283,-1742,530,4266,-147,349,719
70.65815,157,1283,-1742,530,4266,-147,349,719
70.65865,157,1283,-1741,529,4264,-148,349,719
70.65915,157,1283,-1741,530,4269,-148,349,719
70.65965,157,1283,-1740,530,4270,-148,349,719
70.66015,156,1283,-1741,530,4272,-147,350,719
70.66065,157,1283,-1741,530,4276,-148,350,719
70.66115,156,1283,-1741,530,4275,-147,351,719
70.66165,157,1283,-1741,530,4274,-147,350,719
70.66215,156,1283,-1741,530,4270,-147,351,719
70.66265,157,1283,-1741,531,4268,-148,351,719
70.66315,157,1283,-1741,531,4283,-148,351,720
70.66365,157,1283,-1741,531,4316,-147,351,719
70.66415,157,1283,-1741,531,4317,-147,351,720
70.66465,157,1283,-1741,531,4305,-148,351,719
70.66515,157,1283,-1741,530,4278,-147,351,719
70.66565,157,1283,-1741,530,4245,-147,351,719
70.66615,157,1283,-1741,530,4238,-147,351,719
70.66665,157,1283,-1742,530,4242,-147,351,719
70.66715,157,1283,-1742,531,4245,-147,351,719
70.66765,157,1283,-1743,531,4249,-147,350,719
70.66815,157,1283,-1742,531,4252,-147,350,720
70.66865,157,1283,-1742,531,4259,-147,349,720
70.66915,157,1283,-1741,531,4270,-147,349,720
70.66965,157,1283,-1741,531,4274,-147,349,720
70.67015,157,1283,-1740,530,4272,-147,349,720
70.67065,157,1283,-1741,531,4272,-147,349,720
70.67115,157,1283,-1740,531,4276,-147,349,720
70.67175,157,1283,-1741,531,4278,-147,348,720
70.67225,157,1283,-1742,530,4278,-147,349,720
70.67275,157,1283,-1742,530,4277,-147,348,720
70.67325,157,1283,-1742,530,4292,-147,348,720
70.67375,157,1282,-1742,530,4323,-147,348,720
70.67425,157,1283,-1740,530,4318,-147,348,720
70.67475,157,1283,-1740,529,4309,-148,349,720
70.67525,157,1283,-1740,530,4279,-147,349,719
70.67575,157,1282,-1740,529,4252,-148,349,719
70.67625,157,1283,-1741,530,4241,-148,349,719
70.67675,157,1283,-1741,530,4243,-148,349,719
70.67725,157,1283,-1741,530,4250,-147,349,719
70.67775,157,1283,-1741,531,4256,-147,349,719
70.67825,157,1283,-1741,530,4258,-147,349,720
70.67875,157,1283,-1741,531,4258,-147,349,720
70.67925,157,1283,-1741,531,4268,-147,349,720
70.67975,157,1282,-1741,531,4271,-148,349,720
70.68025,157,1283,-1742,531,4270,-147,349,720
70.68075,156,1283,-1741,531,4272,-147,349,720
70.68125,157,1283,-1741,531,4272,-147,350,719
70.68175,157,1282,-1742,531,4270,-147,350,720
70.68225,157,1282,-1741,530,4266,-147,350,720
70.68275,157,1283,-1741,529,4269,-148,350,720
70.68325,157,1283,-1740,529,4290,-147,350,720
70.68375,157,1282,-1741,529,4318,-147,349,720
70.68425,157,1283,-1740,529,4314,-147,350,720
70.68475,157,1283,-1741,530,4306,-147,350,720
70.68525,157,1283,-1741,529,4275,-147,350,719
70.68575,157,1283,-1741,530,4248,-147,350,719
70.68625,157,1283,-1741,530,4240,-147,350,719
70.68675,157,1283,-1741,530,4243,-147,349,719
70.68725,157,1283,-1741,530,4247,-148,349,719
70.68775,157,1283,-1741,530,4250,-147,349,719
70.68825,157,1283,-1741,531,4254,-147,349,719
70.68875,157,1283,-1741,531,4259,-147,349,720
70.68925,157,1283,-1741,531,4266,-147,349,720
70.68975,157,1282,-1741,531,4275,-147,349,719
70.69025,157,1283,-1741,531,4278,-147,349,719
70.69075,157,1283,-1741,530,4273,-147,350,720
70.69125,157,1282,-1741,530,4271,-148,349,720
70.69175,157,1282,-1741,529,4275,-148,349,720
70.69225,157,1282,-1741,529,4276,-147,349,720
70.69275,157,1282,-1741,529,4273,-148,349,719
70.69325,157,1283,-1741,530,4294,-147,349,720
70.69375,157,1282,-1741,530,4314,-147,349,720
70.69425,157,1283,-1741,530,4311,-148,349,719
70.69475,157,1283,-1742,530,4303,-147,350,719
70.69525,157,1283,-1741,530,4270,-148,350,719
70.69575,157,1283,-1741,530,4247,-147,350,719
70.69625,157,1282,-1741,531,4246,-147,350,719
70.69675,157,1283,-1741,530,4250,-147,350,720
70.69725,157,1282,-1741,531,4258,-147,350,720
70.69775,157,1282,-1742,531,4267,-147,350,720
70.69825,157,1283,-1742,530,4269,-147,350,719
70.69875,157,1282,-1742,530,4269,-147,350,720
70.69925,157,1282,-1741,530,4270,-147,350,720
70.69975,157,1283,-1741,530,4277,-147,350,720
70.70025,157,1283,-1741,530,4282,-147,350,720
70.70075,157,1282,-1741,530,4286,-147,350,720
70.70125,157,1282,-1741,531,4285,-147,350,720
70.70175,157,1282,-1741,530,4283,-147,350,720
70.70225,157,1282,-1741,531,4279,-147,350,719
70.70275,157,1283,-1741,531,4278,-147,350,719
70.70325,157,1282,-1741,531,4301,-147,349,720
70.70375,157,1282,-1741,530,4325,-147,349,720
70.70425,157,1282,-1740,530,4326,-147,350,720
70.70475,157,1282,-1740,530,4318,-147,350,720
70.70525,157,1282,-1741,530,4285,-147,350,719
70.70575,157,1283,-1741,530,4262,-147,350,720
70.70625,157,1282,-1741,529,4257,-147,350,720
70.70675,157,1283,-1741,529,4264,-147,350,720
70.70725,157,1282,-1741,529,4268,-147,350,720
70.70775,157,1282,-1742,530,4269,-147,350,720
70.70825,157,1282,-1742,530,4270,-147,350,720
70.70875,157,1282,-1741,530,4274,-147,350,720
70.70925,157,1282,-1742,530,4278,-147,349,720
70.70975,157,1282,-1742,530,4279,-147,350,720
70.71025,157,1283,-1742,530,4277,-147,350,720
70.71075,157,1282,-1742,530,4278,-147,350,720
70.71125,157,1282,-1742,530,4281,-147,350,720
70.71175,157,1283,-1741,530,4281,-147,350,720
70.71225,157,1282,-1740,530,4280,-147,349,720
70.71275,157,1282,-1739,530,4278,-147,350,720
70.71325,157,1283,-1740,531,4305,-147,349,720
70.71375,157,1282,-1740,530,4323,-147,349,720
70.71425,157,1282,-1740,529,4317,-147,349,720
70.71475,157,1282,-1740,530,4304,-147,349,720
70.71525,157,1282,-1741,529,4270,-147,350,720
70.71575,157,1282,-1741,530,4251,-147,350,720
70.71625,157,1283,-1741,530,4249,-147,349,720
70.71675,157,1283,-1741,530,4254,-147,350,720
70.71725,157,1283,-1741,531,4262,-147,350,720
70.71775,157,1282,-1742,532,4265,-147,350,720
70.71825,157,1282,-1742,532,4267,-147,350,720
70.71875,157,1282,-1742,531,4267,-147,350,720
70.71925,157,1282,-1742,531,4272,-147,350,720
70.71975,157,1282,-1741,530,4275,-147,350,720
70.72025,157,1282,-1741,529,4276,-147,350,720
70.72075,157,1283,-1741,529,4280,-147,350,720
70.72125,157,1282,-1741,529,4283,-147,350,720
70.72175,157,1282,-1741,529,4285,-147,350,720
70.72225,157,1282,-1740,530,4285,-147,350,720
70.72275,157,1283,-1740,530,4283,-147,350,720
70.72325,157,1282,-1740,531,4313,-147,349,720
70.72375,157,1282,-1740,530,4329,-147,349,720
70.72425,157,1282,-1741,530,4322,-147,350,720
70.72475,157,1282,-1741,529,4307,-146,350,720
70.72525,157,1283,-1741,529,4271,-146,350,720
70.72575,157,1282,-1741,529,4252,-146,350,720
70.72625,157,1283,-1741,530,4249,-146,350,720
70.72675,157,1282,-1740,530,4254,-146,350,720
70.72725,157,1282,-1741,529,4257,-147,350,720
70.72775,157,1282,-1740,530,4258,-146,350,721
70.72825,157,1282,-1740,529,4261,-147,349,720
70.72875,157,1283,-1741,530,4260,-147,350,720
70.72925,157,1282,-1741,531,4270,-146,349,720
70.72975,157,1282,-1741,531,4274,-147,349,721
70.73025,157,1282,-1741,531,4276,-147,349,721
70.73075,157,1282,-1741,531,4271,-147,349,720
70.73125,157,1282,-1741,531,4270,-147,348,720
70.73175,157,1282,-1741,531,4276,-146,348,720
70.73225,157,1282,-1741,531,4277,-146,348,721
70.73275,157,1282,-1741,531,4277,-146,347,721
70.73335,157,1282,-1741,530,4307,-146,347,721
70.73385,157,1282,-1741,530,4316,-146,348,720
70.73435,157,1282,-1741,528,4310,-147,347,721
70.73485,157,1282,-1741,528,4300,-147,348,720
70.73535,157,1283,-1741,529,4266,-146,348,720
70.73585,157,1283,-1741,530,4255,-146,348,720
70.73635,157,1282,-1742,531,4256,-146,349,721
70.73685,157,1282,-1742,531,4260,-146,349,721
70.73735,157,1282,-1742,531,4262,-146,349,721
70.73785,157,1282,-1742,531,4265,-146,349,721
70.73835,158,1282,-1742,531,4268,-146,349,720
70.73885,157,1282,-1741,530,4270,-147,349,720
70.73935,157,1282,-1742,530,4281,-146,349,721
70.73985,157,1282,-1741,530,4283,-147,350,721
70.74035,157,1282,-1742,529,4281,-146,350,720
70.74085,157,1282,-1741,530,4283,-146,349,721
70.74135,157,1282,-1740,529,4286,-146,350,721
70.74185,157,1282,-1740,530,4280,-146,350,721
70.74235,157,1282,-1740,530,4274,-146,350,721
70.74285,157,1282,-1740,530,4279,-146,349,721
70.74335,158,1282,-1740,530,4316,-146,349,721
70.74385,157,1283,-1740,530,4322,-146,349,721
70.74435,157,1282,-1740,530,4315,-146,349,721
70.74485,157,1282,-1740,530,4296,-146,350,721
70.74535,157,1282,-1740,530,4262,-147,350,721
70.74585,157,1282,-1740,530,4249,-146,350,721
70.74635,157,1282,-1740,531,4248,-147,350,721
70.74685,157,1283,-1740,530,4253,-146,349,721
70.74735,157,1282,-1741,531,4253,-147,350,721
70.74785,157,1282,-1741,531,4254,-146,350,721
70.74835,157,1282,-1741,529,4256,-147,350,721
70.74885,157,1282,-1741,529,4262,-146,350,721
70.74935,157,1282,-1741,529,4268,-146,350,721
70.74985,157,1282,-1741,530,4272,-146,350,721
70.75035,157,1282,-1741,530,4272,-146,350,721
70.75085,158,1282,-1741,530,4276,-146,350,721
70.75135,157,1282,-1741,530,4279,-146,350,721
70.75185,157,1282,-1741,530,4279,-146,350,720
70.75235,157,1282,-1741,529,4280,-146,350,721
70.75285,157,1282,-1741,530,4288,-146,350,721
70.75335,157,1282,-1741,529,4321,-146,350,721
70.75385,157,1282,-1741,529,4323,-146,350,721
70.75435,157,1282,-1741,530,4317,-146,350,721
70.75485,157,1282,-1741,530,4298,-146,350,721
70.75535,158,1282,-1741,530,4266,-146,350,721
70.75585,158,1282,-1741,531,4256,-146,350,721
70.75635,157,1282,-1741,530,4257,-146,350,721
70.75685,157,1282,-1741,531,4262,-146,350,721
70.75735,157,1282,-1741,530,4265,-146,350,721
70.75785,157,1283,-1741,530,4267,-146,350,721
70.75835,157,1282,-1741,530,4268,-146,350,721
70.75885,157,1282,-1741,530,4265,-146,350,721
70.75935,157,1282,-1741,530,4267,-146,350,721
70.75985,157,1283,-1741,530,4269,-146,350,721
70.76035,157,1282,-1740,530,4269,-146,350,721
70.76085,157,1282,-1741,530,4273,-146,350,721
70.76135,157,1282,-1741,530,4275,-146,350,721
70.76185,157,1282,-1741,530,4275,-146,350,721
70.76235,157,1282,-1741,530,4273,-146,350,721
70.76285,157,1282,-1741,530,4278,-146,350,721
70.76335,158,1282,-1741,530,4312,-146,349,721
70.76385,157,1282,-1741,530,4312,-146,350,721
70.76435,157,1282,-1741,530,4304,-146,350,721
70.76485,157,1282,-1741,530,4282,-146,350,721
70.76535,157,1282,-1741,530,4251,-146,350,721
70.76585,157,1282,-1741,530,4241,-146,350,721
70.76635,158,1282,-1741,530,4243,-146,350,721
70.76685,157,1282,-1741,530,4252,-146,350,721
70.76735,157,1282,-1741,530,4256,-146,350,721
70.76785,157,1282,-1741,530,4256,-146,350,720
70.76835,158,1282,-1741,530,4260,-146,350,721
70.76885,157,1282,-1741,530,4269,-146,350,721
70.76935,157,1282,-1741,531,4271,-146,350,721
70.76985,157,1282,-1741,531,4275,-146,350,721
70.77035,157,1282,-1741,530,4278,-146,350,721
70.77085,158,1282,-1741,531,4280,-146,350,721
70.77135,157,1282,-1741,531,4281,-146,350,721
70.77185,157,1282,-1741,531,4282,-146,350,721
70.77235,157,1282,-1741,531,4283,-146,350,721
70.77285,157,1282,-1741,532,4294,-146,350,721
70.77335,158,1282,-1741,531,4328,-146,350,721
70.77385,158,1282,-1741,531,4326,-146,350,721
70.77435,157,1282,-1741,530,4316,-146,350,721
70.77485,157,1282,-1741,529,4293,-146,350,721
70.77535,157,1282,-1740,529,4264,-146,350,721
70.77585,157,1282,-1740,529,4257,-146,350,721
70.77635,157,1282,-1741,529,4258,-146,350,721
70.77685,157,1282,-1741,530,4264,-146,350,721
70.77735,157,1282,-1741,530,4268,-146,350,721
70.77785,157,1282,-1741,531,4270,-146,350,721
70.77835,157,1282,-1742,531,4270,-146,350,721
70.77885,157,1282,-1742,531,4269,-146,350,721
70.77935,157,1282,-1741,531,4274,-146,350,721
70.77985,157,1282,-1741,531,4274,-146,350,721
70.78035,157,1282,-1741,531,4275,-146,350,721
70.78085,157,1283,-1741,530,4276,-146,350,721
70.78135,157,1283,-1741,530,4275,-146,350,721
70.78185,157,1282,-1741,530,4272,-146,350,721
70.78235,157,1282,-1741,530,4270,-146,350,721
70.78285,157,1282,-1740,531,4285,-146,349,721
70.78335,157,1282,-1741,531,4320,-146,349,721
70.78385,157,1283,-1740,531,4321,-146,349,721
70.78435,157,1282,-1741,531,4313,-146,350,721
70.78485,157,1282,-1740,531,4289,-146,350,721
70.78535,157,1282,-1741,530,4259,-146,350,721
70.78585,157,1282,-1741,531,4250,-146,350,721
70.78635,158,1282,-1741,531,4252,-146,350,721
70.78685,158,1282,-1740,530,4258,-145,350,721
70.78735,157,1282,-1740,530,4260,-146,350,722
70.78785,158,1282,-1741,528,4262,-146,350,721
70.78835,157,1282,-1741,528,4270,-146,350,721
70.78885,157,1282,-1741,528,4272,-146,349,721
70.78935,157,1282,-1742,529,4276,-146,350,721
70.78985,157,1282,-1742,529,4279,-146,349,721
70.79035,157,1282,-1743,530,4279,-146,349,721
70.79085,157,1282,-1741,530,4281,-146,349,721
70.79135,157,1282,-1741,530,4283,-145,350,721
70.79185,157,1282,-1741,529,4283,-145,350,721
70.79235,157,1282,-1741,530,4280,-145,350,721
70.79285,157,1282,-1741,530,4293,-145,350,721
70.79335,157,1282,-1741,530,4325,-145,349,721
70.79385,157,1282,-1740,530,4323,-145,349,721
70.79435,157,1282,-1740,530,4315,-145,349,721
70.79485,157,1282,-1740,529,4289,-145,350,721
70.79545,157,1282,-1740,529,4263,-145,350,721
70.79595,157,1282,-1741,530,4257,-146,350,721
70.79645,157,1282,-1740,531,4258,-146,350,721
70.79695,157,1282,-1740,531,4263,-145,350,721
70.79745,157,1282,-1740,532,4267,-145,350,721
70.79795,157,1282,-1741,532,4269,-146,349,721
70.79845,158,1282,-1742,531,4271,-145,350,721
70.79895,157,1283,-1742,530,4271,-146,350,721
70.79945,157,1282,-1742,529,4271,-145,350,721
70.79995,157,1282,-1741,529,4276,-146,350,721
70.80045,157,1282,-1740,530,4278,-146,349,721
70.80095,157,1282,-1741,530,4280,-145,349,721
70.80145,158,1282,-1741,530,4283,-145,350,721
70.80195,157,1282,-1740,530,4282,-145,349,721
70.80245,157,1282,-1740,529,4280,-145,349,721
70.80295,157,1282,-1740,530,4293,-145,349,721
70.80345,158,1282,-1740,530,4324,-146,349,721
70.80395,157,1282,-1740,530,4322,-145,350,721
70.80445,157,1282,-1740,530,4315,-145,350,721
70.80495,157,1282,-1741,530,4289,-146,350,721
70.80545,157,1282,-1741,530,4263,-145,350,721
70.80595,157,1282,-1741,530,4256,-145,350,721
70.80645,157,1282,-1741,530,4258,-146,350,721
70.80695,157,1282,-1741,530,4264,-145,349,721
70.80745,157,1282,-1741,530,4264,-145,350,721
70.80795,157,1282,-1741,530,4262,-145,350,721
70.80845,157,1282,-1741,530,4265,-145,349,721
70.80895,158,1282,-1741,529,4266,-145,349,721
70.80945,157,1282,-1740,530,4269,-145,350,721
70.80995,157,1282,-1740,530,4273,-145,350,721
70.81045,157,1282,-1740,530,4276,-145,350,721
70.81095,157,1282,-1741,531,4276,-145,350,721
70.81145,158,1282,-1741,531,4276,-145,350,721
70.81195,157,1282,-1741,531,4276,-145,350,721
70.81245,157,1282,-1741,531,4274,-146,350,721
70.81295,157,1282,-1741,532,4293,-145,349,721
70.81345,157,1282,-1741,532,4319,-145,350,721
70.81395,157,1282,-1741,532,4313,-145,350,721
70.81445,157,1282,-1740,532,4303,-145,350,721
70.81495,157,1282,-1741,531,4277,-145,350,721
70.81545,157,1282,-1740,532,4253,-145,350,721
70.81595,157,1282,-1741,531,4248,-145,350,721
70.81645,157,1282,-1741,531,4251,-146,350,721
70.81695,157,1282,-1741,531,4258,-145,350,721
70.81745,157,1282,-1741,531,4263,-145,350,721
70.81795,157,1282,-1741,530,4266,-145,350,721
70.81845,157,1282,-1741,529,4267,-145,350,721
70.81895,157,1282,-1740,528,4267,-145,350,721
70.81945,157,1282,-1741,528,4271,-145,350,721
70.81995,157,1282,-1741,529,4273,-146,351,721
70.82045,158,1282,-1741,529,4277,-145,351,721
70.82095,157,1282,-1741,530,4280,-146,351,721
70.82145,157,1282,-1741,530,4280,-145,351,721
70.82195,157,1282,-1741,530,4277,-146,351,721
70.82245,157,1282,-1741,530,4277,-146,351,721
70.82295,157,1282,-1741,530,4302,-145,350,721
70.82345,157,1282,-1740,530,4328,-146,351,721
70.82395,157,1282,-1740,529,4322,-145,350,722
70.82445,157,1282,-1740,529,4313,-146,350,721
70.82495,157,1282,-1741,528,4285,-146,351,721
70.82545,157,1282,-1742,529,4257,-145,350,722
70.82595,157,1282,-1743,529,4248,-145,349,722
70.82645,157,1282,-1742,530,4255,-145,349,722
70.82695,157,1282,-1742,530,4263,-145,349,722
70.82745,157,1282,-1741,530,4261,-145,349,722
70.82795,158,1282,-1740,529,4260,-146,349,722
70.82845,157,1282,-1739,529,4262,-146,349,722
70.82895,157,1282,-1739,530,4266,-145,349,722
70.82945,157,1282,-1739,530,4270,-145,348,722
70.82995,157,1282,-1740,530,4271,-145,348,722
70.83045,157,1282,-1740,531,4273,-145,348,722
70.83095,157,1282,-1741,531,4273,-145,349,721
70.83145,157,1282,-1740,530,4271,-145,349,722
70.83195,158,1282,-1741,531,4267,-145,349,721
70.83245,158,1282,-1740,531,4268,-145,349,722
70.83295,157,1282,-1741,532,4291,-145,349,722
70.83345,157,1282,-1741,531,4319,-145,349,722
70.83395,157,1282,-1741,531,4315,-145,349,722
70.83445,157,1282,-1741,531,4305,-145,349,722
70.83495,157,1282,-1740,531,4274,-146,350,722
70.83545,157,1282,-1740,531,4255,-145,350,721
70.83595,157,1282,-1740,530,4250,-145,349,721
70.83645,157,1282,-1740,530,4249,-145,349,722
70.83695,157,1282,-1740,529,4257,-146,349,722
70.83745,157,1282,-1740,529,4266,-145,349,721
70.83795,157,1282,-1740,529,4271,-145,349,722
70.83845,157,1282,-1740,529,4270,-145,349,721
70.83895,157,1282,-1740,529,4274,-145,349,722
70.83945,157,1282,-1740,529,4271,-145,349,722
70.83995,157,1282,-1741,530,4278,-145,349,721
70.84045,157,1282,-1742,530,4281,-146,349,722
70.84095,157,1282,-1742,530,4278,-145,349,722
70.84145,157,1282,-1741,530,4284,-145,349,722
70.84195,157,1282,-1741,530,4285,-145,350,722
70.84245,157,1282,-1740,530,4282,-145,350,721
70.84295,157,1282,-1740,531,4306,-145,349,722
70.84345,158,1282,-1740,531,4321,-145,349,722
70.84395,157,1283,-1740,530,4318,-145,349,722
70.84445,157,1282,-1740,530,4308,-145,349,722
70.84495,157,1282,-1741,529,4276,-145,349,722
70.84545,157,1282,-1741,530,4257,-145,350,722
70.84595,157,1282,-1740,530,4253,-145,350,722
70.84645,157,1282,-1740,530,4253,-145,349,722
70.84695,157,1282,-1740,529,4258,-145,349,721
70.84745,157,1282,-1740,529,4258,-145,350,722
70.847946,157,1282,-1740,529,4252,-145,350,722
70.84845,157,1282,-1740,529,4258,-145,349,722
70.84895,158,1282,-1740,530,4262,-145,350,721
70.84945,157,1282,-1741,530,4267,-145,349,721
70.84995,157,1282,-1741,531,4267,-145,350,721
70.85045,157,1282,-1740,530,4271,-145,349,722
70.85095,157,1282,-1741,530,4274,-145,349,722
70.85145,157,1282,-1740,530,4280,-145,349,722
70.85195,158,1282,-1740,530,4281,-145,350,722
70.85245,157,1282,-1740,530,4279,-145,349,722
70.85295,158,1282,-1740,531,4309,-145,349,722
70.85345,157,1282,-1741,531,4325,-145,350,721
70.85395,158,1282,-1741,531,4316,-145,349,722
70.85445,157,1282,-1741,531,4301,-145,350,722
70.85495,157,1282,-1741,531,4275,-145,350,721
70.85545,157,1282,-1741,532,4262,-145,350,721
70.85595,157,1282,-1740,531,4256,-145,349,722
70.85645,157,1282,-1740,530,4259,-145,349,721
70.85705,157,1282,-1740,530,4271,-145,350,722
70.85755,157,1282,-1740,530,4271,-145,350,722
70.85805,157,1282,-1740,530,4275,-145,350,722
70.85855,157,1282,-1741,529,4276,-145,350,721
70.85905,157,1282,-1741,528,4273,-145,350,721
70.85955,157,1282,-1741,528,4270,-145,350,722
70.86005,157,1282,-1741,528,4271,-145,350,722
70.86055,157,1282,-1741,529,4278,-145,350,722
70.86105,158,1282,-1741,530,4282,-145,349,722
70.86155,157,1282,-1741,530,4281,-145,349,721
70.86205,157,1282,-1741,530,4276,-145,349,721
70.86255,157,1283,-1740,530,4274,-145,349,722
70.86305,158,1282,-1740,530,4308,-145,349,722
70.86355,157,1282,-1740,530,4324,-145,349,722
70.86405,157,1282,-1740,530,4318,-145,349,722
70.86455,158,1282,-1740,530,4301,-145,349,722
70.86505,157,1282,-1741,530,4268,-145,350,722
70.86555,158,1282,-1741,530,4254,-145,350,722
70.86605,158,1282,-1741,530,4250,-145,350,721
70.86655,157,1282,-1741,531,4255,-145,350,722
70.86705,157,1282,-1741,531,4258,-145,350,722
70.86755,157,1282,-1741,531,4262,-145,350,721
70.86805,157,1282,-1741,531,4263,-145,350,721
70.86855,157,1282,-1741,531,4262,-145,350,721
70.86905,157,1282,-1740,530,4264,-145,350,721
70.86955,157,1282,-1740,530,4271,-145,350,722
70.87005,157,1282,-1740,529,4275,-145,349,721
70.87055,158,1282,-1740,529,4283,-145,349,721
70.87105,157,1282,-1740,529,4284,-145,349,722
70.87155,157,1282,-1740,529,4285,-145,350,722
70.87205,157,1282,-1741,529,4291,-145,349,722
70.87255,158,1282,-1741,530,4295,-145,350,722
70.87305,157,1282,-1741,530,4329,-145,349,722
70.87355,157,1282,-1741,530,4337,-145,349,721
70.87405,157,1282,-1742,530,4328,-145,349,722
70.87455,157,1282,-1742,530,4306,-145,350,721
70.87505,157,1282,-1743,530,4274,-145,350,721
70.87555,157,1282,-1742,530,4259,-145,350,721
70.87605,157,1282,-1742,530,4256,-145,350,721
70.87655,157,1282,-1742,530,4260,-145,350,722
70.87705,158,1282,-1743,530,4266,-145,350,722
70.87755,157,1282,-1741,530,4274,-145,350,721
70.87805,157,1282,-1739,530,4276,-145,350,721
70.87855,157,1282,-1737,530,4274,-145,349,721
70.87905,157,1282,-1738,529,4272,-145,349,721
70.87955,157,1282,-1739,530,4272,-145,350,721
70.88005,157,1282,-1740,529,4275,-145,350,721
70.88055,157,1282,-1741,530,4276,-145,349,721
70.88105,158,1282,-1740,530,4278,-145,350,721
70.88155,157,1282,-1740,529,4281,-145,349,721
70.88205,157,1282,-1740,529,4281,-145,350,721
70.88255,157,1282,-1740,530,4286,-145,349,722
70.88305,157,1282,-1740,530,4321,-145,349,722
70.88355,157,1282,-1740,530,4330,-145,349,722
70.88405,157,1282,-1740,530,4324,-145,349,722
70.88455,157,1282,-1740,529,4304,-145,350,721
70.88505,157,1282,-1740,529,4271,-145,350,721
70.88555,157,1282,-1740,530,4255,-145,350,722
70.88605,158,1282,-1741,529,4254,-145,350,722
70.88655,157,1282,-1741,529,4266,-145,350,721
70.88705,157,1282,-1741,529,4273,-145,349,722
70.88755,157,1282,-1741,529,4269,-145,350,722
70.88805,158,1283,-1740,529,4274,-145,350,721
70.88855,157,1282,-1740,529,4279,-145,350,722
70.88905,157,1282,-1740,530,4276,-145,350,722
70.88955,158,1282,-1740,530,4285,-145,349,722
70.89005,158,1282,-1740,530,4290,-145,350,722
70.89055,157,1282,-1740,530,4291,-145,349,722
70.89105,157,1282,-1740,530,4289,-145,349,721
70.89155,158,1282,-1740,530,4286,-145,349,722
70.89205,157,1282,-1740,530,4279,-145,349,722
70.89255,157,1282,-1740,530,4289,-145,349,722
70.89305,157,1282,-1740,531,4324,-145,349,722
70.89355,157,1282,-1740,530,4324,-145,349,722
70.89405,158,1282,-1740,530,4315,-145,349,721
70.89455,157,1282,-1740,530,4294,-145,350,721
70.89505,157,1282,-1741,530,4263,-145,350,721
70.89555,157,1282,-1740,530,4255,-145,350,722
70.89605,157,1282,-1741,530,4256,-145,350,722
70.89655,158,1282,-1741,530,4265,-145,350,722
70.89705,157,1282,-1741,530,4270,-145,350,722
70.89755,157,1282,-1741,530,4270,-145,350,722
70.89805,158,1282,-1742,530,4271,-145,350,721
70.89855,157,1282,-1741,530,4270,-145,350,721
70.89905,157,1282,-1741,530,4264,-145,350,722
70.89955,157,1282,-1741,529,4267,-145,349,721
70.90005,157,1282,-1741,529,4274,-145,349,722
70.90055,157,1282,-1742,530,4274,-145,349,722
70.90105,157,1282,-1742,529,4281,-145,350,721
70.90155,157,1282,-1742,529,4279,-145,350,722
70.90205,158,1282,-1741,529,4272,-145,349,721
70.90255,158,1282,-1741,530,4287,-145,349,722
70.90305,158,1282,-1741,529,4320,-145,349,722
70.90355,158,1282,-1740,530,4324,-145,349,722
70.90405,157,1282,-1740,530,4318,-145,350,722
70.90455,158,1282,-1740,530,4294,-145,350,722
70.90505,157,1282,-1739,529,4267,-145,350,722
70.90555,157,1282,-1739,530,4261,-145,350,721
70.90605,157,1282,-1739,530,4258,-145,349,722
70.90655,157,1282,-1740,531,4258,-145,350,722
70.90705,157,1282,-1740,531,4268,-145,350,722
70.90755,158,1282,-1740,531,4268,-145,350,722
70.90805,157,1282,-1740,531,4266,-145,350,721
70.90855,157,1282,-1740,531,4266,-145,350,721
70.90905,157,1282,-1740,531,4263,-145,350,722
70.90955,157,1282,-1740,532,4268,-145,350,722
70.91005,157,1282,-1740,531,4274,-145,350,721
70.91055,158,1282,-1740,530,4278,-145,350,722
70.91105,158,1282,-1741,530,4275,-145,349,721
70.91155,158,1282,-1741,529,4276,-145,350,722
70.91205,157,1282,-1741,529,4272,-145,350,722
70.91255,157,1282,-1741,530,4284,-145,350,722
70.91305,157,1282,-1741,530,4318,-145,349,722
70.91355,158,1282,-1741,530,4314,-145,350,722
70.91405,157,1282,-1741,530,4305,-145,350,722
70.91455,158,1282,-1741,530,4278,-145,350,722
70.91505,157,1282,-1740,529,4249,-145,350,722
70.91555,158,1282,-1740,530,4242,-145,350,722
70.91605,157,1282,-1740,530,4242,-145,350,722
70.91655,158,1282,-1740,530,4248,-145,350,722
70.91705,157,1282,-1740,530,4253,-145,350,722
70.91755,157,1282,-1740,530,4256,-145,350,722
70.91805,157,1282,-1740,530,4258,-145,350,722
70.91855,157,1282,-1740,530,4261,-145,349,722
70.91915,158,1282,-1740,530,4259,-145,350,722
70.91965,158,1282,-1740,530,4262,-145,349,722
70.92015,158,1282,-1740,530,4265,-145,350,722
70.92065,157,1282,-1741,530,4267,-145,350,722
70.92115,157,1282,-1741,530,4272,-145,350,722
70.92165,157,1282,-1742,530,4275,-145,350,722
70.92215,157,1282,-1742,530,4275,-145,350,722
70.92265,158,1282,-1742,530,4287,-145,350,722
70.92315,157,1282,-1741,530,4320,-145,349,722
70.92365,157,1282,-1741,531,4318,-145,350,722
70.92415,157,1282,-1741,530,4310,-145,350,722
70.92465,158,1282,-1740,530,4283,-145,350,722
70.92515,157,1282,-1740,530,4256,-145,350,722
70.92565,158,1282,-1740,530,4247,-146,350,722
70.92615,157,1283,-1740,531,4247,-145,350,722
70.92665,158,1282,-1741,531,4252,-145,350,722
70.92715,158,1282,-1741,531,4256,-145,350,722
70.92765,157,1282,-1740,531,4254,-145,350,722
70.92815,158,1282,-1740,530,4255,-145,349,722
70.92865,158,1282,-1740,530,4257,-145,349,722
70.92915,158,1282,-1740,530,4264,-145,349,722
70.92965,158,1282,-1740,530,4268,-145,349,722
70.93015,157,1282,-1740,530,4270,-145,349,722
70.93065,158,1282,-1740,529,4270,-145,349,722
70.93115,157,1282,-1740,530,4269,-145,349,722
70.93165,157,1282,-1740,530,4269,-145,349,722
70.93215,158,1282,-1740,530,4267,-145,350,722
70.93265,158,1282,-1740,531,4280,-145,349,722
70.93315,158,1282,-1740,531,4312,-145,349,723
70.93365,158,1282,-1740,530,4307,-145,349,722
70.93415,157,1282,-1741,530,4295,-145,349,722
70.93465,157,1282,-1741,530,4275,-145,350,722
70.93515,158,1282,-1742,530,4253,-145,350,722
70.93565,157,1282,-1742,530,4248,-145,350,722
70.93615,158,1282,-1742,530,4247,-145,350,722
70.93665,157,1282,-1742,530,4252,-144,350,722
70.93715,158,1282,-1742,531,4257,-145,350,722
70.93765,158,1282,-1741,531,4260,-145,350,722
70.93815,158,1282,-1740,530,4263,-145,350,722
70.93865,158,1282,-1739,531,4264,-145,350,722
70.93915,157,1282,-1739,530,4263,-145,350,722
70.93965,157,1282,-1740,531,4267,-145,349,722
70.94015,157,1282,-1740,531,4268,-145,350,722
70.94065,158,1282,-1740,531,4270,-145,350,722
70.94115,157,1282,-1740,532,4271,-145,349,722
70.94165,157,1282,-1741,532,4267,-145,350,722
70.94215,157,1282,-1741,532,4264,-145,349,722
70.94265,158,1282,-1741,533,4283,-145,349,722
70.94315,158,1282,-1740,532,4313,-145,349,722
70.94365,158,1282,-1740,530,4309,-145,349,722
70.94415,158,1282,-1740,529,4300,-145,349,722
70.94465,157,1282,-1739,528,4272,-146,349,722
70.94515,158,1282,-1740,529,4248,-145,349,722
70.94565,157,1282,-1740,529,4243,-145,349,722
70.94615,157,1282,-1740,529,4242,-145,349,722
70.94665,158,1282,-1741,529,4246,-145,349,722
70.94715,157,1282,-1741,530,4248,-145,349,722
70.94765,157,1282,-1741,530,4247,-145,349,722
70.94815,158,1282,-1741,530,4246,-145,349,722
70.94865,158,1282,-1740,530,4247,-145,349,722
70.94915,158,1282,-1740,530,4252,-145,349,722
70.94965,158,1282,-1740,530,4258,-145,349,722
70.95015,157,1282,-1740,530,4261,-145,349,722
70.95065,158,1282,-1740,530,4266,-145,349,722
70.95115,157,1282,-1740,530,4269,-145,350,722
70.95165,158,1282,-1740,530,4270,-145,349,722
70.95215,158,1282,-1740,530,4268,-145,350,722
70.95265,158,1282,-1741,531,4289,-145,349,723
70.95315,158,1282,-1741,531,4315,-144,349,723
70.95365,157,1282,-1742,530,4307,-145,349,722
70.95415,158,1282,-1741,530,4298,-144,349,722
70.95465,158,1282,-1741,529,4275,-145,350,722
70.95515,158,1282,-1741,529,4258,-144,350,722
70.95565,158,1282,-1740,529,4256,-144,350,722
70.95615,158,1282,-1740,530,4257,-145,350,722
70.95665,157,1282,-1741,530,4262,-145,349,722
70.95715,158,1282,-1741,531,4265,-144,350,722
70.95765,157,1282,-1741,531,4266,-145,350,722
70.95815,158,1282,-1741,531,4267,-145,350,722
70.95865,158,1282,-1742,531,4267,-145,350,722
70.95915,158,1282,-1741,532,4264,-145,350,722
70.95965,158,1281,-1741,531,4264,-144,350,722
70.96015,158,1282,-1741,532,4267,-145,350,722
70.96065,158,1281,-1741,531,4268,-145,350,722
70.96115,158,1282,-1741,530,4271,-145,350,722
70.96165,158,1282,-1740,530,4273,-145,350,722
70.96215,158,1282,-1740,529,4270,-145,349,722
70.96265,158,1282,-1740,529,4292,-145,349,722
70.96315,158,1282,-1740,529,4314,-144,349,723
70.96365,158,1282,-1740,529,4307,-145,349,722
70.96415,158,1282,-1740,530,4292,-145,350,722
70.96465,157,1282,-1740,530,4264,-144,350,722
70.96515,158,1282,-1740,530,4245,-145,350,722
70.96565,158,1282,-1741,530,4239,-144,350,722
70.96615,157,1282,-1741,530,4241,-145,350,722
70.96665,158,1282,-1741,530,4249,-145,350,722
70.96715,158,1282,-1741,530,4252,-145,350,722
70.96765,158,1282,-1741,530,4251,-145,350,722
70.96815,158,1282,-1741,530,4253,-145,350,722
70.96865,158,1282,-1741,530,4255,-145,350,722
70.96915,158,1282,-1741,530,4261,-145,349,722
70.96965,158,1282,-1740,530,4266,-144,349,722
70.970146,158,1282,-1739,530,4268,-145,349,722
70.97065,157,1282,-1739,530,4269,-145,349,722
70.97115,158,1282,-1740,530,4270,-145,349,722
70.97165,157,1282,-1740,530,4271,-145,349,722
70.97215,157,1282,-1741,530,4271,-144,349,722
70.97265,158,1282,-1742,531,4298,-145,349,722
70.97315,158,1282,-1742,530,4317,-145,349,722
70.97365,158,1282,-1741,530,4311,-145,349,722
70.97415,157,1282,-1740,530,4300,-144,349,722
70.97465,157,1282,-1740,530,4270,-145,350,722
70.97515,158,1282,-1740,529,4253,-145,349,722
70.97565,157,1282,-1740,530,4250,-145,349,722
70.97615,158,1282,-1741,530,4251,-145,349,722
70.97665,158,1282,-1741,530,4258,-145,349,722
70.97715,157,1282,-1741,530,4261,-145,349,722
70.97765,158,1282,-1741,530,4264,-145,349,722
70.97815,158,1282,-1741,530,4267,-145,349,722
70.97865,158,1282,-1741,530,4267,-145,349,722
70.97915,158,1282,-1741,531,4268,-145,349,722
70.97965,158,1282,-1741,531,4272,-145,349,722
70.98015,158,1282,-1740,530,4272,-144,349,722
70.98065,158,1282,-1740,530,4274,-144,349,723
70.98125,158,1282,-1740,530,4274,-144,349,723
70.98175,157,1282,-1740,530,4266,-144,349,723
70.98225,158,1282,-1740,530,4265,-145,349,722
70.98275,158,1282,-1740,530,4298,-144,349,723
70.98325,158,1282,-1740,530,4321,-145,349,723
70.98375,157,1282,-1740,530,4313,-144,349,722
70.98425,157,1282,-1740,530,4300,-144,349,722
70.98475,158,1282,-1740,530,4274,-145,349,722
70.98525,158,1282,-1741,530,4259,-145,349,722
70.98575,158,1282,-1741,531,4256,-144,349,722
70.98625,157,1282,-1741,531,4256,-145,349,722
70.98675,158,1282,-1741,531,4261,-144,349,722
70.98725,158,1282,-1742,531,4264,-145,349,722
70.98775,158,1282,-1742,531,4264,-145,350,722
70.98825,158,1282,-1741,531,4265,-145,349,722
70.98875,158,1282,-1740,531,4269,-145,349,722
70.98925,157,1282,-1740,531,4272,-145,349,722
70.98975,158,1282,-1740,531,4278,-145,349,722
70.99025,158,1282,-1740,529,4281,-145,349,722
70.99075,157,1282,-1740,529,4283,-144,349,722
70.99125,158,1282,-1740,528,4284,-144,349,722
70.99175,158,1282,-1740,528,4283,-145,349,722
70.99225,158,1282,-1740,529,4281,-144,349,722
70.99275,158,1282,-1740,530,4313,-144,349,723
70.99325,158,1282,-1740,530,4324,-144,349,722
70.99375,157,1282,-1740,530,4312,-144,349,722
70.99425,158,1283,-1741,530,4301,-144,350,722
70.99475,157,1282,-1740,531,4270,-144,350,722
70.99525,158,1282,-1740,531,4257,-144,350,722
70.99575,157,1282,-1740,531,4257,-144,350,722
70.99625,158,1282,-1740,532,4259,-144,349,722
70.99675,158,1282,-1740,532,4263,-144,349,722
70.99725,158,1282,-1740,532,4265,-144,350,723
70.99775,158,1282,-1740,532,4266,-144,349,723
70.99825,158,1282,-1740,532,4263,-144,349,723
70.99875,157,1282,-1740,530,4264,-144,349,723
70.99925,158,1282,-1739,529,4265,-144,349,722
70.99975,158,1282,-1739,528,4269,-144,349,723
71.00025,158,1282,-1740,528,4278,-144,349,722
71.00075,158,1282,-1740,528,4278,-144,349,723
71.00125,158,1282,-1740,529,4284,-144,349,722
71.00175,158,1282,-1741,529,4284,-144,349,723
71.00225,158,1282,-1741,530,4288,-144,349,722
71.00275,158,1282,-1741,530,4320,-144,349,723
71.00325,157,1282,-1740,531,4330,-144,349,722
71.00375,158,1282,-1741,530,4321,-144,349,722
71.00425,158,1282,-1740,530,4307,-145,349,722
71.00475,158,1282,-1741,530,4279,-144,349,722
71.00525,158,1282,-1741,531,4267,-144,349,722
71.00575,158,1282,-1741,530,4265,-144,349,722
71.00625,158,1283,-1742,531,4271,-144,349,722
71.00675,158,1282,-1741,531,4277,-144,349,722
71.00725,158,1282,-1741,531,4277,-144,349,722
71.00775,158,1282,-1741,531,4275,-144,349,722
71.00825,158,1282,-1740,531,4275,-144,349,722
71.00875,158,1282,-1740,531,4276,-144,349,722
71.00925,158,1282,-1740,531,4281,-144,349,722
71.00975,158,1282,-1740,531,4285,-144,349,722
71.01025,158,1282,-1741,531,4288,-144,349,723
71.01075,158,1282,-1741,530,4288,-144,349,722
71.01125,157,1282,-1741,529,4284,-144,349,722
71.01175,157,1282,-1740,530,4287,-144,349,723
71.01225,157,1282,-1741,530,4292,-144,349,722
71.01275,158,1282,-1740,530,4323,-143,349,723
71.01325,158,1282,-1740,530,4328,-144,349,722
71.01375,157,1282,-1740,530,4316,-144,349,722
71.01425,158,1282,-1741,530,4301,-144,349,722
71.01475,158,1282,-1741,530,4273,-144,349,722
71.01525,158,1282,-1741,531,4264,-144,349,722
71.01575,158,1282,-1740,531,4264,-144,349,722
71.01625,158,1282,-1740,531,4268,-144,349,722
71.01675,157,1282,-1740,530,4273,-144,349,722
71.01725,157,1282,-1741,528,4275,-144,349,722
71.01775,157,1282,-1741,529,4279,-144,349,722
71.01825,158,1282,-1741,529,4281,-144,349,722
71.01875,158,1282,-1740,529,4280,-144,349,723
71.01925,158,1282,-1739,529,4279,-144,349,722
71.01975,158,1282,-1739,530,4279,-144,349,722
71.02025,158,1282,-1739,530,4285,-144,349,722
71.02075,158,1282,-1741,530,4290,-144,349,722
71.02125,158,1282,-1741,530,4290,-144,349,722
71.02175,158,1282,-1741,530,4289,-144,349,722
71.02225,158,1282,-1740,530,4298,-144,349,723
71.02275,158,1282,-1740,529,4333,-144,349,723
71.02325,157,1282,-1740,528,4331,-144,349,722
71.02375,158,1282,-1740,528,4324,-144,349,722
71.02425,157,1282,-1741,529,4308,-144,349,722
71.02475,157,1283,-1741,530,4279,-144,349,723
71.02525,157,1282,-1741,531,4269,-143,349,722
71.02575,158,1283,-1740,531,4264,-144,349,723
71.02625,158,1282,-1740,531,4269,-144,349,722
71.02675,158,1282,-1740,530,4269,-144,349,722
71.02725,158,1283,-1740,530,4275,-144,349,723
71.02775,158,1282,-1740,530,4276,-144,349,722
71.02825,158,1282,-1740,530,4270,-144,349,723
71.02875,158,1282,-1740,530,4275,-144,349,722
71.02925,157,1283,-1739,530,4275,-144,349,723
71.02975,158,1282,-1740,530,4283,-144,349,722
71.03025,158,1282,-1740,530,4281,-144,349,723
71.03075,158,1282,-1740,530,4286,-144,349,722
71.03125,157,1282,-1740,530,4286,-144,349,723
71.03175,157,1282,-1741,530,4287,-144,349,723
71.03225,157,1282,-1741,530,4293,-143,349,723
71.03275,158,1282,-1741,530,4326,-143,348,723
71.03325,157,1283,-1742,530,4329,-144,349,723
71.03375,157,1282,-1741,530,4323,-144,349,722
71.03425,158,1283,-1741,530,4300,-144,349,722
71.03475,157,1283,-1741,530,4278,-143,349,722
71.03525,158,1282,-1740,529,4273,-144,349,723
71.03575,158,1282,-1740,530,4273,-144,349,723
71.03625,157,1283,-1740,530,4274,-144,349,723
71.03675,158,1282,-1739,531,4276,-144,349,723
71.03725,157,1282,-1739,532,4279,-144,348,723
71.03775,158,1282,-1739,532,4283,-144,349,722
71.03825,158,1282,-1739,531,4288,-144,349,723
71.03875,158,1283,-1739,530,4295,-144,349,723
71.03925,157,1282,-1739,529,4292,-144,349,722
71.03975,157,1282,-1740,530,4290,-144,349,723
71.04025,157,1282,-1740,530,4298,-144,349,722
71.04075,158,1283,-1740,531,4295,-144,349,722
71.04125,157,1282,-1741,531,4300,-144,349,722
71.04175,157,1283,-1741,531,4301,-144,349,723
71.04225,158,1283,-1742,532,4308,-144,349,723
71.04285,158,1282,-1742,532,4334,-144,349,723
71.04335,158,1282,-1742,532,4332,-144,349,723
71.04385,158,1282,-1742,533,4324,-144,349,723
71.04435,158,1282,-1742,533,4301,-144,349,722
71.04485,157,1282,-1742,534,4273,-143,349,722
71.04535,158,1282,-1742,533,4269,-144,349,722
71.04585,158,1282,-1741,532,4270,-143,349,723
71.04635,158,1282,-1741,530,4275,-144,349,723
71.04685,158,1282,-1741,528,4272,-144,349,723
71.04735,158,1282,-1741,529,4270,-143,349,722
71.04785,157,1282,-1742,529,4273,-144,349,723
71.04835,157,1282,-1743,528,4275,-143,349,723
71.04885,158,1282,-1744,528,4272,-144,349,723
71.04935,157,1283,-1744,528,4272,-144,349,722
71.04985,157,1282,-1744,528,4278,-143,349,722
71.05035,157,1283,-1744,528,4290,-144,349,723
71.05085,157,1282,-1742,529,4294,-144,349,722
71.05135,157,1283,-1741,529,4292,-144,348,723
71.05185,157,1282,-1739,530,4293,-143,348,723
71.05235,158,1282,-1736,530,4301,-143,348,723
71.05285,158,1282,-1735,530,4333,-143,348,723
71.05335,157,1282,-1736,530,4331,-144,349,723
71.05385,157,1282,-1737,530,4323,-143,349,723
71.05435,157,1283,-1738,530,4301,-143,349,723
71.05485,157,1283,-1738,530,4277,-143,349,722
71.05535,157,1282,-1739,530,4275,-143,349,723
71.05585,157,1282,-1739,530,4280,-143,350,723
71.05635,158,1282,-1739,530,4282,-143,349,722
71.05685,157,1282,-1740,530,4283,-143,349,722
71.05735,158,1283,-1740,531,4290,-143,349,723
71.05785,158,1283,-1741,531,4291,-143,349,723
71.05835,158,1282,-1741,531,4286,-143,349,723
71.05885,158,1283,-1741,530,4285,-143,349,723
71.05935,158,1283,-1741,530,4282,-143,349,722
71.05985,157,1282,-1741,530,4285,-143,349,723
71.06035,157,1282,-1741,530,4291,-143,349,722
71.06085,158,1283,-1741,531,4288,-143,349,723
71.06135,158,1282,-1740,532,4291,-143,349,722
71.06185,157,1282,-1740,532,4285,-143,349,722
71.06235,158,1282,-1740,531,4303,-143,349,723
71.06285,157,1282,-1741,530,4338,-144,348,723
71.06335,158,1282,-1741,530,4329,-143,349,722
71.06385,157,1282,-1742,531,4318,-143,349,722
71.06435,158,1282,-1742,531,4297,-144,350,722
71.06485,157,1283,-1742,532,4271,-143,349,723
71.06535,157,1282,-1743,532,4265,-144,349,722
71.06585,158,1282,-1743,531,4262,-143,349,723
71.06635,158,1282,-1742,530,4268,-143,349,723
71.06685,157,1283,-1741,529,4269,-143,349,723
71.06735,157,1282,-1740,528,4271,-143,349,722
71.06785,157,1283,-1739,528,4273,-143,349,722
71.06835,157,1282,-1737,528,4276,-144,349,722
71.06885,158,1282,-1737,528,4280,-143,348,723
71.06935,157,1282,-1737,529,4281,-143,349,723
71.06985,158,1282,-1738,529,4282,-144,349,722
71.07035,157,1282,-1739,529,4285,-143,349,722
71.07085,158,1282,-1739,530,4294,-143,349,723
71.07135,158,1282,-1739,529,4298,-143,349,723
71.07185,158,1282,-1739,530,4292,-143,349,722
71.07235,157,1282,-1740,530,4307,-143,349,723
71.07285,158,1282,-1740,531,4342,-143,349,723
71.07335,158,1282,-1740,530,4336,-144,349,722
71.07385,158,1283,-1740,530,4326,-143,349,722
71.07435,158,1282,-1740,529,4302,-144,349,722
71.07485,157,1283,-1739,529,4278,-144,349,722
71.07535,158,1282,-1738,529,4272,-144,349,722
71.07585,157,1282,-1739,530,4273,-143,348,722
71.07635,158,1282,-1740,531,4277,-143,349,723
71.07685,158,1282,-1740,531,4277,-143,349,722
71.07735,158,1282,-1741,532,4275,-144,349,722
71.07785,158,1282,-1741,532,4281,-143,349,722
71.07835,157,1283,-1741,533,4284,-143,349,722
71.07885,157,1282,-1741,534,4286,-143,349,722
71.07935,158,1283,-1741,534,4284,-143,349,722
71.07985,157,1282,-1741,534,4282,-143,349,722
71.08035,157,1282,-1741,534,4285,-143,350,722
71.08085,157,1283,-1741,533,4284,-143,350,722
71.08135,157,1283,-1741,532,4287,-143,350,722
71.08185,157,1282,-1740,531,4287,-143,349,722
71.08235,158,1283,-1741,533,4306,-143,349,723
71.08285,157,1282,-1741,533,4332,-143,349,722
71.08335,157,1282,-1741,532,4325,-143,349,723
71.08385,157,1282,-1740,531,4320,-143,349,723
71.08435,157,1282,-1739,529,4290,-143,349,722
71.08485,158,1283,-1739,528,4267,-143,349,722
71.08535,157,1282,-1739,526,4265,-143,349,722
71.08585,157,1282,-1739,525,4270,-143,348,722
71.08635,158,1282,-1739,525,4277,-143,349,723
71.08685,157,1282,-1739,526,4278,-144,349,722
71.08735,158,1282,-1739,528,4277,-144,348,722
71.08785,157,1282,-1739,529,4282,-144,348,722
71.08835,157,1282,-1740,530,4282,-143,349,722
71.08885,158,1282,-1740,531,4283,-143,349,722
71.08935,158,1282,-1741,531,4284,-144,349,723
71.08985,158,1282,-1741,531,4290,-143,349,723
71.09035,158,1282,-1742,531,4289,-144,349,722
71.09085,158,1282,-1742,531,4291,-143,349,723
71.09135,157,1282,-1743,531,4295,-143,349,722
71.09185,158,1282,-1743,531,4289,-143,349,722
71.09235,158,1282,-1742,531,4312,-143,348,723
71.09285,157,1282,-1740,530,4337,-143,349,722
71.09335,158,1282,-1739,530,4324,-143,349,722
71.09385,157,1282,-1738,528,4318,-143,349,722
71.09435,158,1282,-1738,527,4291,-143,348,722
71.09485,157,1282,-1738,527,4270,-143,349,722
71.09535,157,1282,-1739,527,4267,-143,349,722
71.09585,157,1282,-1739,528,4269,-143,349,722
71.09635,158,1282,-1739,528,4273,-143,349,722
71.09685,157,1282,-1739,529,4273,-144,349,722
71.09735,158,1282,-1739,529,4273,-143,349,722
71.09785,158,1282,-1740,530,4274,-143,349,722
71.09835,158,1282,-1740,530,4276,-143,349,722
71.09885,158,1282,-1740,529,4276,-143,349,722
71.09935,157,1282,-1739,528,4274,-143,349,722
71.09985,158,1282,-1739,528,4278,-143,348,722
71.10035,158,1282,-1739,528,4281,-143,348,722
71.10085,158,1282,-1740,528,4284,-143,348,722
71.10135,158,1282,-1741,529,4286,-143,349,722
71.10185,158,1282,-1741,531,4283,-143,349,722
71.10235,157,1282,-1741,532,4312,-143,348,722
71.10285,158,1282,-1741,531,4335,-143,349,722
71.10335,158,1282,-1740,531,4330,-143,349,722
71.10385,157,1283,-1740,530,4319,-143,349,722
71.10435,158,1282,-1740,530,4289,-143,349,722
71.10495,158,1283,-1740,530,4271,-143,349,722
71.10545,158,1282,-1739,529,4271,-143,349,722
71.10595,158,1282,-1740,530,4274,-143,349,723
71.10645,157,1283,-1740,529,4276,-143,349,722
71.10695,158,1282,-1741,529,4273,-143,349,722
71.10745,158,1282,-1741,529,4279,-143,349,722
71.10795,158,1282,-1741,529,4280,-143,349,722
71.10845,158,1283,-1741,529,4277,-143,349,722
71.10895,157,1282,-1742,530,4278,-143,349,722
71.10945,158,1282,-1742,530,4279,-143,349,722
71.10995,157,1282,-1741,531,4284,-143,349,723
71.11045,158,1283,-1741,531,4285,-143,349,722
71.11095,158,1282,-1740,531,4285,-143,349,722
71.11145,157,1283,-1739,531,4290,-143,349,722
71.11195,158,1282,-1739,531,4290,-143,349,722
71.11245,158,1282,-1739,531,4317,-143,348,723
71.11295,158,1282,-1739,531,4334,-143,349,723
71.11345,158,1283,-1739,531,4321,-143,349,722
71.11395,157,1282,-1739,530,4307,-143,349,722
71.11445,158,1283,-1739,529,4279,-143,349,722
71.11495,158,1283,-1739,529,4264,-143,349,722
71.11545,158,1282,-1739,529,4262,-143,349,722
71.11595,158,1282,-1740,529,4267,-143,349,723
71.11645,158,1283,-1740,529,4271,-143,349,722
71.11695,158,1283,-1740,529,4268,-143,349,722
71.11745,158,1283,-1740,529,4274,-143,349,722
71.11795,158,1282,-1740,529,4279,-143,349,722
71.11845,158,1283,-1740,529,4280,-143,349,722
71.11895,158,1283,-1739,529,4281,-143,349,722
71.11945,158,1282,-1740,530,4280,-143,348,722
71.11995,158,1282,-1740,530,4279,-143,348,723
71.12045,158,1283,-1740,530,4283,-143,349,722
71.12095,158,1282,-1740,530,4279,-143,349,722
71.12145,158,1282,-1740,530,4286,-143,349,722
71.12195,158,1282,-1739,531,4292,-143,349,722
71.12245,158,1282,-1740,530,4324,-143,349,722
71.12295,158,1282,-1740,529,4336,-143,349,722
71.12345,158,1282,-1740,529,4329,-143,348,722
71.12395,158,1283,-1740,528,4314,-143,349,722
71.12445,158,1282,-1739,529,4280,-144,349,722
71.12495,158,1283,-1740,529,4262,-143,349,722
71.12545,157,1283,-1740,530,4258,-143,349,722
71.12595,157,1282,-1739,530,4262,-143,349,722
71.12645,157,1283,-1738,530,4267,-144,349,722
71.12695,157,1282,-1739,530,4267,-143,349,722
71.12745,157,1283,-1739,530,4269,-143,348,722
71.12795,157,1282,-1740,530,4269,-143,349,722
71.12845,157,1283,-1741,531,4266,-143,349,722
71.12895,157,1283,-1741,531,4267,-143,349,722
71.12945,157,1283,-1741,531,4269,-143,349,722
71.12995,158,1282,-1741,531,4274,-144,349,722
71.13045,157,1283,-1740,531,4275,-143,349,722
71.13095,158,1282,-1741,531,4277,-143,349,722
71.13145,158,1283,-1740,531,4276,-143,349,722
71.13195,157,1282,-1740,531,4277,-143,349,722
71.13245,158,1282,-1740,531,4310,-143,349,722
71.13295,157,1283,-1739,529,4318,-143,349,722
71.13345,157,1282,-1739,528,4311,-143,349,722
71.13395,157,1282,-1740,528,4296,-143,348,722
71.13445,157,1283,-1740,528,4266,-143,349,722
71.13495,157,1282,-1740,528,4255,-143,349,722
71.13545,157,1282,-1740,530,4255,-143,349,722
71.13595,158,1283,-1740,530,4260,-143,349,722
71.13645,158,1283,-1740,530,4266,-143,349,722
71.13695,158,1283,-1740,530,4267,-143,349,722
71.13745,158,1283,-1740,530,4270,-143,349,723
71.13795,158,1283,-1740,530,4272,-143,348,723
71.13845,157,1283,-1741,530,4271,-143,349,723
71.13895,157,1283,-1741,531,4272,-143,349,723
71.13945,157,1282,-1741,531,4272,-143,349,723
71.13995,158,1283,-1741,531,4277,-143,348,723
71.14045,158,1282,-1741,531,4279,-143,348,723
71.14095,158,1283,-1740,531,4279,-143,349,723
71.14145,158,1283,-1740,532,4280,-143,349,723
71.14195,158,1283,-1740,531,4286,-143,349,722
71.14245,158,1282,-1740,531,4320,-143,348,723
71.14295,157,1282,-1740,529,4328,-143,348,722
71.14345,158,1283,-1740,528,4317,-143,348,722
71.14395,157,1283,-1740,527,4300,-143,348,722
71.14445,157,1283,-1740,527,4270,-143,349,722
71.14495,157,1283,-1740,528,4259,-143,348,723
71.14545,158,1283,-1740,529,4258,-143,349,723
71.14595,157,1283,-1741,530,4257,-143,349,722
71.14645,157,1283,-1742,529,4257,-143,349,722
71.14695,158,1283,-1742,530,4261,-143,349,722
71.14745,158,1283,-1741,530,4264,-143,349,723
71.14795,158,1283,-1740,530,4262,-143,349,723
71.14845,158,1283,-1739,530,4254,-143,349,723
71.14895,158,1283,-1739,530,4255,-143,349,722
71.14945,158,1283,-1739,530,4257,-143,348,723
71.14995,158,1283,-1739,529,4267,-143,348,722
71.15045,158,1283,-1739,528,4269,-143,348,723
71.15095,158,1283,-1740,528,4275,-143,349,722
71.15145,158,1283,-1741,529,4274,-143,349,723
71.15195,158,1283,-1742,530,4282,-143,349,723
71.15245,158,1283,-1742,531,4314,-143,348,723
71.15295,157,1283,-1742,531,4316,-143,349,722
71.15345,158,1282,-1741,531,4310,-143,348,722
71.15395,158,1283,-1740,531,4294,-143,349,722
71.15445,158,1283,-1739,531,4266,-144,349,722
71.15495,157,1283,-1739,531,4258,-143,349,723
71.15545,158,1283,-1739,532,4259,-143,349,723
71.15595,157,1283,-1740,532,4260,-143,349,723
71.15645,158,1282,-1740,531,4263,-143,348,722
71.15695,158,1283,-1740,531,4265,-143,349,722
71.15745,158,1283,-1740,530,4273,-143,349,723
71.15795,158,1283,-1740,530,4274,-143,348,723
71.15845,158,1283,-1740,529,4269,-143,348,723
71.15895,158,1282,-1740,529,4268,-143,348,723
71.15945,158,1283,-1740,529,4267,-143,348,722
71.15995,158,1283,-1740,529,4266,-143,349,723
71.160446,158,1283,-1740,529,4274,-143,348,723
71.16095,158,1283,-1741,530,4271,-143,349,722
71.16145,158,1283,-1741,530,4270,-144,349,723
71.16195,158,1283,-1740,531,4285,-143,348,723
71.16245,158,1283,-1741,532,4315,-143,348,723
71.16295,158,1282,-1741,532,4313,-144,348,723
71.16345,158,1283,-1741,532,4305,-144,349,723
71.16395,157,1283,-1740,532,4281,-143,349,723
71.16445,157,1283,-1740,532,4251,-143,349,722
71.16495,158,1283,-1740,531,4242,-143,349,723
71.16545,157,1283,-1739,529,4246,-143,348,723
71.16605,157,1283,-1739,528,4250,-143,348,723
71.16655,158,1283,-1739,527,4253,-143,348,723
71.16705,157,1283,-1740,527,4254,-143,348,723
71.16755,157,1283,-1740,528,4256,-143,348,723
71.16805,158,1283,-1741,529,4257,-143,349,723
71.16855,158,1283,-1741,530,4254,-143,349,723
71.16905,158,1283,-1741,530,4255,-143,349,723
71.16955,157,1283,-1740,530,4257,-143,349,722
71.17005,157,1283,-1740,530,4264,-143,349,723
71.17055,157,1283,-1740,530,4272,-144,348,722
71.17105,157,1283,-1740,530,4272,-143,349,723
71.17155,158,1283,-1740,530,4275,-144,349,723
71.17205,157,1283,-1740,530,4282,-143,348,723
71.17255,158,1283,-1740,530,4314,-143,348,723
71.17305,157,1283,-1740,530,4313,-144,349,722
71.17355,157,1283,-1740,530,4305,-143,349,723
71.17405,158,1283,-1740,529,4287,-143,349,723
71.17455,157,1283,-1740,529,4257,-143,349,722
71.17505,157,1283,-1740,530,4248,-143,349,723
71.17555,158,1283,-1740,529,4253,-143,349,723
71.17605,158,1283,-1740,529,4255,-143,349,723
71.17655,157,1283,-1740,528,4256,-143,349,723
71.17705,158,1283,-1740,529,4256,-143,349,723
71.17755,158,1283,-1740,529,4258,-142,349,723
71.17805,157,1283,-1740,529,4260,-143,348,723
71.17855,157,1283,-1740,530,4262,-142,349,723
71.17905,158,1283,-1740,530,4262,-143,349,723
71.17955,158,1283,-1740,531,4259,-142,349,723
71.18005,157,1283,-1740,531,4261,-143,348,723
71.18055,158,1283,-1740,531,4262,-143,348,724
71.18105,158,1283,-1741,532,4262,-143,348,723
71.18155,158,1283,-1741,531,4267,-143,349,723
71.18205,158,1283,-1741,531,4277,-143,348,723
71.18255,158,1283,-1741,531,4309,-143,349,723
71.18305,157,1283,-1741,530,4308,-143,348,723
71.18355,158,1283,-1740,530,4301,-143,348,723
71.18405,157,1283,-1740,528,4277,-143,349,723
71.18455,157,1283,-1740,529,4250,-143,349,723
71.18505,157,1283,-1740,529,4245,-143,349,723
71.18555,158,1283,-1740,529,4247,-143,349,723
71.18605,158,1282,-1740,529,4253,-143,349,723
71.18655,157,1283,-1739,529,4255,-142,348,723
71.18705,158,1283,-1739,529,4254,-142,349,723
71.18755,158,1283,-1740,530,4257,-143,349,723
71.18805,157,1283,-1740,530,4259,-143,349,723
71.18855,157,1283,-1740,531,4257,-143,348,724
71.18905,157,1283,-1740,530,4260,-143,349,723
71.18955,157,1283,-1740,530,4267,-143,348,723
71.19005,157,1283,-1740,530,4266,-142,348,724
71.19055,158,1283,-1741,530,4269,-143,348,724
71.19105,158,1283,-1741,530,4276,-143,348,723
71.19155,157,1283,-1740,530,4276,-143,348,723
71.19205,158,1283,-1740,531,4282,-143,348,723
71.19255,157,1283,-1740,531,4311,-143,348,723
71.19305,157,1283,-1740,530,4309,-143,348,723
71.19355,157,1283,-1740,530,4300,-143,349,724
71.19405,157,1283,-1740,529,4274,-143,349,723
71.19455,157,1283,-1739,529,4252,-143,349,723
71.19505,157,1283,-1739,530,4242,-142,349,723
71.19555,157,1283,-1739,530,4243,-143,349,723
71.19605,158,1283,-1740,531,4247,-142,349,724
71.19655,157,1283,-1740,530,4251,-143,349,723
71.19705,157,1283,-1740,530,4254,-142,349,723
71.19755,157,1283,-1740,530,4252,-142,349,723
71.19805,157,1283,-1740,529,4251,-143,348,723
71.19855,158,1283,-1740,529,4253,-143,348,723
71.19905,157,1283,-1741,530,4255,-142,348,723
71.19955,157,1283,-1741,530,4255,-143,348,723
71.20005,157,1283,-1740,530,4255,-142,348,724
71.20055,157,1283,-1740,530,4261,-143,349,724
71.20105,157,1283,-1740,530,4267,-142,349,724
71.20155,157,1283,-1739,530,4269,-143,349,724
71.20205,158,1283,-1739,530,4283,-143,348,724
71.20255,158,1283,-1740,530,4315,-142,348,724
71.20305,158,1283,-1740,530,4313,-143,349,724
71.20355,157,1283,-1740,530,4304,-143,349,724
71.20405,157,1283,-1740,530,4278,-143,349,724
71.20455,158,1283,-1741,530,4252,-142,349,723
71.20505,157,1283,-1741,530,4245,-143,349,723
71.20555,157,1283,-1741,530,4245,-143,349,724
71.20605,157,1283,-1741,531,4254,-142,348,724
71.20655,158,1283,-1740,530,4261,-143,349,724
71.20705,157,1283,-1741,530,4262,-142,349,723
71.20755,157,1283,-1740,529,4263,-143,348,724
71.20805,158,1283,-1740,529,4259,-142,349,724
71.20855,158,1283,-1739,529,4259,-142,349,724
71.20905,158,1283,-1739,530,4260,-142,349,723
71.20955,158,1283,-1739,529,4259,-142,349,724
71.21005,157,1283,-1740,530,4261,-142,348,724
71.21055,157,1283,-1740,529,4269,-143,349,724
71.21105,157,1284,-1740,530,4273,-142,348,724
71.21155,157,1283,-1741,530,4272,-142,349,724
71.21205,158,1283,-1741,531,4290,-142,348,724
71.21255,157,1283,-1740,531,4316,-142,349,724
71.21305,158,1283,-1740,532,4308,-142,349,724
71.21355,158,1283,-1740,533,4298,-142,349,724
71.21405,157,1283,-1740,532,4270,-143,349,724
71.21455,158,1283,-1740,532,4247,-142,349,724
71.21505,157,1283,-1740,531,4244,-142,349,723
71.21555,157,1283,-1740,531,4246,-142,349,724
71.21605,157,1283,-1740,530,4249,-142,349,724
71.21655,158,1283,-1740,529,4256,-142,349,724
71.21705,157,1283,-1739,528,4258,-143,349,724
71.21755,157,1283,-1739,528,4260,-142,349,724
71.21805,157,1283,-1740,529,4263,-142,348,724
71.21855,158,1283,-1740,529,4264,-142,348,724
71.21905,157,1283,-1741,530,4264,-142,348,724
71.21955,158,1283,-1741,530,4263,-142,348,724
71.22005,158,1284,-1741,530,4266,-142,348,724
71.22055,158,1283,-1740,529,4270,-142,348,724
71.22105,158,1283,-1740,529,4270,-142,348,724
71.22155,158,1283,-1740,529,4272,-142,348,724
71.22205,158,1283,-1740,530,4298,-142,348,724
71.22255,158,1283,-1740,530,4323,-142,348,724
71.22305,158,1283,-1740,529,4319,-142,348,724
71.22355,157,1283,-1740,529,4308,-142,348,724
71.22405,158,1283,-1740,529,4277,-142,349,724
71.22455,158,1283,-1740,529,4256,-142,349,723
71.22505,158,1283,-1740,530,4252,-142,349,724
71.22555,158,1283,-1740,530,4249,-142,349,724
71.22605,158,1283,-1740,530,4257,-142,349,724
71.22655,158,1283,-1740,530,4257,-142,348,724
71.22705,158,1283,-1740,530,4257,-142,349,724
71.22765,158,1283,-1740,530,4259,-142,349,724
71.22815,157,1284,-1740,530,4259,-142,349,724
71.22865,157,1283,-1740,530,4256,-142,349,724
71.22915,156,1284,-1740,530,4257,-142,349,724
71.22965,156,1283,-1740,530,4259,-142,348,724
71.23015,157,1284,-1740,530,4260,-142,349,725
71.23065,157,1283,-1740,530,4263,-142,348,724
71.23115,157,1283,-1740,530,4261,-142,348,724
71.23165,157,1283,-1740,530,4266,-142,348,724
71.23215,157,1283,-1741,531,4294,-142,348,724
71.23265,157,1283,-1741,530,4316,-142,348,724
71.23315,157,1283,-1741,530,4310,-142,348,724
71.23365,157,1283,-1742,530,4300,-142,348,725
71.23415,157,1283,-1742,530,4268,-142,348,724
71.23465,157,1284,-1741,530,4246,-142,348,724
71.23515,157,1283,-1741,530,4248,-142,348,724
71.23565,157,1283,-1740,530,4254,-142,348,724
71.23615,157,1283,-1740,530,4260,-142,348,724
71.23665,157,1284,-1741,530,4263,-142,348,724
71.23715,157,1283,-1741,530,4263,-142,349,724
71.23765,157,1283,-1742,530,4265,-142,349,724
71.23815,157,1283,-1741,530,4269,-142,348,724
71.23865,157,1283,-1741,530,4271,-142,348,724
71.23915,157,1283,-1740,530,4273,-142,349,724
71.23965,157,1283,-1740,530,4272,-142,349,724
71.24015,157,1283,-1739,529,4273,-142,349,724
71.24065,157,1283,-1739,529,4276,-141,349,724
71.24115,157,1284,-1739,528,4275,-141,349,724
71.24165,157,1283,-1739,528,4276,-141,349,724
71.24215,157,1283,-1740,529,4304,-141,348,724
71.24265,158,1283,-1740,529,4321,-141,348,725
71.24315,157,1283,-1740,530,4313,-141,349,724
71.24365,157,1283,-1740,530,4296,-141,349,724
71.24415,157,1283,-1741,530,4267,-142,349,724
71.24465,157,1284,-1741,530,4250,-142,349,724
71.24515,157,1283,-1742,531,4245,-142,349,724
71.24565,157,1283,-1742,531,4251,-142,349,724
71.24615,158,1283,-1742,531,4259,-142,349,724
71.24665,157,1283,-1742,531,4257,-142,349,724
71.24715,157,1283,-1742,530,4255,-141,349,724
71.24765,157,1283,-1741,530,4256,-142,349,724
71.24815,157,1283,-1740,530,4255,-142,349,724
71.24865,157,1283,-1739,530,4252,-141,349,724
71.24915,157,1283,-1738,530,4252,-142,349,724
71.24965,157,1283,-1738,529,4254,-141,349,724
71.25015,157,1283,-1739,530,4261,-142,348,724
71.25065,157,1283,-1739,530,4265,-142,349,724
71.25115,157,1283,-1739,529,4269,-141,349,724
71.25165,157,1283,-1740,529,4269,-141,348,724
71.25215,158,1284,-1741,530,4301,-141,348,724
71.25265,157,1283,-1741,529,4313,-141,349,724
71.25315,157,1283,-1741,530,4304,-141,349,724
71.25365,157,1283,-1741,529,4291,-141,349,724
71.25415,157,1283,-1740,529,4259,-141,349,723
71.25465,157,1283,-1740,530,4246,-141,349,724
71.25515,157,1283,-1740,529,4243,-141,349,724
71.25565,157,1284,-1740,530,4252,-141,349,724
71.25615,157,1284,-1740,530,4261,-141,349,724
71.25665,157,1284,-1740,529,4262,-141,349,724
71.25715,157,1284,-1740,529,4260,-141,349,724
71.25765,157,1283,-1740,530,4262,-141,349,724
71.25815,157,1283,-1740,529,4262,-141,349,725
71.25865,157,1284,-1740,530,4261,-141,349,725
71.25915,157,1283,-1740,529,4256,-141,349,725
71.25965,157,1283,-1740,529,4252,-141,349,724
71.26015,157,1283,-1740,530,4256,-141,348,725
71.26065,157,1283,-1740,530,4263,-141,349,724
71.26115,157,1283,-1740,530,4260,-141,349,725
71.26165,158,1283,-1740,530,4266,-141,349,725
71.26215,157,1283,-1740,530,4298,-141,348,725
71.26265,157,1283,-1741,529,4306,-141,348,725
71.26315,157,1284,-1740,530,4298,-141,348,724
71.26365,157,1283,-1740,529,4282,-141,349,724
71.26415,157,1283,-1740,530,4253,-141,349,724
71.26465,157,1284,-1740,529,4241,-141,349,724
71.26515,157,1283,-1740,530,4239,-141,349,724
71.26565,157,1283,-1740,529,4241,-141,349,725
71.26615,158,1283,-1741,530,4246,-141,349,724
71.26665,157,1283,-1741,529,4243,-141,349,725
71.26715,157,1283,-1741,530,4246,-141,349,724
71.26765,157,1283,-1740,530,4246,-141,349,724
71.26815,157,1283,-1740,530,4251,-141,349,724
71.26865,157,1283,-1739,530,4249,-141,349,724
71.26915,157,1283,-1740,530,4250,-141,349,724
71.26965,157,1283,-1740,530,4252,-141,349,724
71.27015,157,1283,-1741,530,4255,-141,349,724
71.27065,157,1283,-1741,530,4259,-141,349,724
71.27115,157,1283,-1741,530,4262,-141,349,724
71.27165,157,1283,-1741,530,4269,-141,349,724
71.27215,157,1283,-1741,530,4306,-140,348,725
71.27265,157,1284,-1741,529,4311,-141,348,724
71.27315,157,1283,-1741,529,4301,-141,349,724
71.27365,157,1283,-1741,528,4285,-141,349,724
71.27415,157,1283,-1740,528,4254,-141,349,724
71.27465,157,1283,-1739,529,4244,-141,349,724
71.27515,157,1283,-1739,529,4244,-141,349,724
71.27565,157,1283,-1739,530,4248,-141,349,725
71.27615,157,1284,-1739,530,4252,-141,348,724
71.27665,157,1283,-1739,529,4248,-141,349,724
71.27715,157,1283,-1739,530,4252,-141,348,724
71.27765,157,1283,-1740,530,4255,-141,349,724
71.27815,157,1283,-1740,530,4256,-141,349,724
71.27865,157,1283,-1740,530,4257,-141,349,724
71.27915,157,1283,-1740,529,4258,-141,349,724
71.27965,157,1283,-1740,529,4256,-141,349,724
71.28015,157,1283,-1740,530,4254,-141,349,724
71.28065,157,1283,-1740,530,4257,-141,349,724
71.28115,157,1283,-1740,530,4256,-141,349,724
71.28165,157,1283,-1740,530,4264,-141,348,724
71.28215,157,1283,-1741,530,4301,-140,348,724
71.282646,157,1283,-1741,529,4305,-140,348,724
71.28315,157,1283,-1741,529,4299,-140,349,724
71.28365,157,1283,-1741,529,4279,-141,349,724
71.28415,157,1283,-1741,529,4249,-140,349,724
71.28465,157,1283,-1740,529,4239,-140,349,724
71.28515,157,1283,-1739,530,4238,-140,349,724
71.28565,157,1283,-1740,529,4248,-140,349,724
71.28615,157,1283,-1740,530,4255,-141,349,724
71.28665,157,1283,-1741,530,4255,-140,349,724
71.28715,157,1283,-1741,530,4255,-140,349,724
71.28765,157,1283,-1741,530,4258,-140,348,724
71.28815,158,1283,-1742,530,4260,-140,349,724
71.28865,157,1283,-1742,530,4259,-141,349,724
71.28925,157,1283,-1742,530,4259,-141,349,724
71.28975,157,1283,-1741,530,4261,-140,348,724
71.29025,157,1283,-1740,530,4267,-140,348,724
71.29075,157,1283,-1740,530,4271,-140,349,724
71.29125,157,1283,-1739,530,4271,-140,348,724
71.29175,158,1283,-1740,531,4279,-140,349,724
71.29225,157,1283,-1739,531,4312,-140,348,724
71.29275,157,1283,-1740,530,4311,-140,348,724
71.29325,157,1283,-1740,531,4301,-140,348,724
71.29375,157,1283,-1741,531,4280,-140,349,724
71.29425,157,1283,-1741,531,4253,-141,349,724
71.29475,157,1283,-1742,531,4246,-140,349,724
71.29525,157,1283,-1742,532,4248,-140,349,723
71.29575,157,1283,-1743,533,4253,-141,349,724
71.29625,157,1283,-1743,533,4253,-140,349,724
71.29675,157,1283,-1742,533,4257,-141,349,724
71.29725,157,1283,-1740,532,4257,-140,349,724
71.29775,157,1283,-1738,530,4258,-140,349,724
71.29825,157,1283,-1738,529,4259,-140,348,724
71.29875,157,1283,-1738,528,4260,-140,349,724
71.29925,157,1283,-1738,528,4261,-140,349,723
71.29975,157,1283,-1738,528,4259,-140,348,723
71.30025,157,1283,-1739,527,4256,-140,348,724
71.30075,157,1283,-1739,527,4259,-140,348,723
71.30125,157,1283,-1739,528,4265,-140,348,723
71.30175,158,1283,-1740,529,4275,-140,348,724
71.30225,157,1283,-1740,529,4310,-140,348,724
71.30275,157,1283,-1740,529,4316,-140,349,724
71.30325,157,1283,-1740,529,4311,-140,348,723
71.30375,157,1283,-1740,529,4287,-141,349,723
71.30425,158,1283,-1740,529,4255,-141,349,723
71.30475,157,1283,-1740,530,4248,-140,349,723
71.30525,157,1283,-1740,530,4252,-140,349,724
71.30575,157,1283,-1739,529,4260,-141,349,723
71.30625,157,1283,-1740,529,4269,-140,349,723
71.30675,157,1283,-1740,529,4265,-140,349,723
71.30725,157,1283,-1741,530,4262,-140,348,723
71.30775,157,1283,-1741,530,4265,-140,349,723
71.30825,157,1283,-1741,531,4265,-140,349,723
71.30875,157,1283,-1740,531,4261,-140,349,723
71.30925,157,1282,-1740,531,4261,-140,349,723
71.30975,157,1283,-1740,531,4262,-140,348,724
71.31025,156,1283,-1740,531,4265,-140,348,724
71.31075,156,1283,-1739,532,4273,-141,348,724
71.31125,156,1283,-1740,532,4276,-140,348,723
71.31175,157,1283,-1740,533,4288,-140,348,724
71.31225,157,1283,-1740,531,4317,-140,348,723
71.31275,157,1283,-1740,528,4319,-140,348,723
71.31325,157,1283,-1740,526,4307,-140,348,724
71.31375,157,1283,-1739,526,4280,-141,349,723
71.31425,157,1283,-1739,528,4256,-140,349,723
71.31475,157,1284,-1740,529,4246,-140,349,723
71.31525,157,1283,-1740,529,4247,-140,349,723
71.31575,157,1283,-1741,530,4253,-140,348,724
71.31625,157,1283,-1740,530,4259,-141,349,723
71.31675,156,1283,-1741,530,4265,-140,349,723
71.31725,157,1283,-1740,531,4262,-140,349,723
71.31775,157,1283,-1741,531,4263,-140,349,724
71.31825,157,1283,-1741,530,4265,-140,350,724
71.31875,157,1283,-1740,530,4272,-141,350,724
71.31925,157,1283,-1740,529,4273,-141,350,724
71.31975,157,1283,-1740,529,4271,-141,350,723
71.32025,157,1283,-1740,530,4272,-141,350,724
71.32075,157,1283,-1740,530,4271,-141,350,723
71.32125,157,1283,-1740,531,4274,-140,350,723
71.32175,157,1283,-1740,530,4288,-140,350,723
71.32225,157,1283,-1739,529,4320,-140,349,724
71.32275,157,1283,-1739,527,4319,-140,349,723
71.32325,157,1283,-1739,527,4316,-140,349,723
71.32375,157,1283,-1740,527,4287,-140,349,723
71.32425,157,1283,-1740,528,4257,-140,348,723
71.32475,157,1283,-1740,529,4248,-140,348,723
71.32525,157,1283,-1740,529,4250,-140,348,724
71.32575,157,1284,-1739,530,4259,-140,347,724
71.32625,157,1283,-1740,530,4269,-140,348,724
71.32675,157,1283,-1740,530,4268,-140,347,724
71.32725,157,1283,-1740,530,4265,-140,348,724
71.32775,157,1283,-1740,530,4267,-140,348,723
71.32825,157,1283,-1740,530,4266,-140,348,724
71.32875,157,1283,-1740,529,4258,-140,348,723
71.32925,157,1283,-1740,529,4261,-140,348,723
71.32975,157,1283,-1740,529,4258,-140,348,724
71.33025,157,1283,-1740,530,4262,-140,348,723
71.33075,157,1283,-1740,530,4270,-140,348,724
71.33125,157,1283,-1741,531,4268,-140,348,724
71.33175,157,1283,-1741,532,4285,-140,348,724
71.33225,157,1283,-1741,532,4317,-140,348,724
71.33275,157,1283,-1742,533,4312,-140,348,724
71.33325,157,1283,-1742,532,4303,-140,348,724
71.33375,157,1283,-1742,532,4279,-140,349,723
71.33425,157,1283,-1741,531,4254,-140,348,723
71.33475,157,1283,-1741,530,4246,-140,348,723
71.33525,157,1283,-1740,529,4248,-140,348,723
71.33575,157,1283,-1739,527,4256,-140,348,723
71.33625,156,1283,-1738,526,4261,-140,348,723
71.33675,157,1283,-1739,527,4263,-140,348,724
71.33725,157,1283,-1739,528,4265,-140,348,723
71.33775,157,1283,-1739,529,4272,-140,348,724
71.33825,157,1283,-1740,530,4272,-140,348,723
71.33875,157,1283,-1740,530,4276,-140,348,723
71.33925,157,1283,-1740,530,4275,-140,348,723
71.33975,157,1283,-1740,530,4272,-140,348,723
71.34025,157,1283,-1740,530,4274,-140,348,724
71.34075,157,1283,-1740,530,4278,-140,348,723
71.34125,157,1283,-1740,530,4282,-140,348,724
71.34175,157,1283,-1740,530,4299,-140,348,724
71.34225,157,1283,-1740,529,4330,-140,348,723
71.34275,157,1283,-1740,529,4326,-140,348,723
71.34325,157,1283,-1740,529,4310,-140,348,723
71.34375,157,1283,-1740,529,4279,-141,348,723
71.34425,157,1283,-1740,529,4257,-140,349,723
71.34475,157,1283,-1740,530,4253,-140,348,723
71.34525,157,1283,-1741,531,4256,-140,348,723
71.34575,157,1283,-1740,530,4262,-140,348,723
71.34625,157,1283,-1740,530,4264,-140,348,723
71.34675,157,1283,-1740,529,4262,-141,348,723
71.34725,157,1283,-1740,528,4260,-140,348,723
71.34775,157,1283,-1740,528,4261,-140,348,723
71.34825,157,1283,-1740,529,4262,-140,348,724
71.34875,157,1283,-1741,529,4259,-140,348,724
71.34925,157,1283,-1740,530,4265,-140,348,723
71.34975,157,1283,-1740,530,4267,-140,348,724
71.35025,157,1283,-1740,530,4267,-140,348,724
71.35075,157,1283,-1740,529,4275,-140,348,724
71.35135,157,1283,-1740,529,4278,-140,348,723
71.35185,157,1283,-1739,529,4301,-140,347,724
71.35235,157,1283,-1739,529,4323,-140,348,724
71.35285,157,1283,-1739,528,4321,-140,348,724
71.35335,157,1283,-1740,528,4313,-140,348,724
71.35385,157,1283,-1741,528,4283,-140,349,723
71.35435,157,1283,-1741,530,4262,-140,348,723
71.35485,157,1283,-1741,530,4256,-140,349,723
71.35535,157,1283,-1740,530,4260,-140,348,723
71.35585,157,1283,-1739,529,4268,-140,349,723
71.35635,157,1283,-1739,530,4271,-140,348,724
71.35685,157,1283,-1739,530,4273,-140,348,724
71.35735,157,1283,-1740,529,4279,-140,348,723
71.35785,157,1283,-1740,530,4281,-140,348,724
71.35835,157,1283,-1740,531,4276,-140,349,724
71.35885,157,1283,-1740,531,4280,-140,348,724
71.35935,157,1283,-1740,531,4280,-140,349,723
71.35985,157,1283,-1740,530,4276,-140,349,723
71.36035,157,1283,-1740,530,4274,-140,349,723
71.36085,157,1283,-1740,530,4275,-139,349,723
71.36135,157,1283,-1740,529,4275,-140,348,724
71.36185,157,1283,-1740,529,4303,-140,347,724
71.36235,157,1283,-1740,529,4332,-139,348,724
71.36285,157,1283,-1740,529,4326,-140,348,724
71.36335,157,1283,-1740,529,4313,-140,348,723
71.36385,157,1283,-1740,529,4279,-140,348,724
71.36435,157,1283,-1741,529,4253,-140,348,723
71.36485,157,1283,-1740,529,4251,-140,348,723
71.36535,157,1283,-1740,529,4252,-140,348,723
71.36585,157,1283,-1740,529,4262,-140,348,724
71.36635,157,1283,-1739,529,4267,-140,348,723
71.36685,157,1283,-1740,529,4271,-140,349,724
71.36735,156,1283,-1740,530,4268,-140,349,723
71.36785,157,1283,-1741,530,4272,-140,348,724
71.36835,157,1283,-1741,530,4271,-140,348,724
71.36885,157,1283,-1741,530,4272,-140,349,723
71.36935,157,1283,-1741,529,4273,-140,348,724
71.36985,157,1283,-1741,530,4270,-140,348,723
71.37035,157,1283,-1741,530,4279,-140,348,724
71.37085,157,1283,-1740,530,4281,-140,348,724
71.37135,157,1283,-1738,530,4287,-140,348,724
71.37185,157,1283,-1737,530,4318,-139,348,724
71.37235,157,1283,-1738,530,4336,-140,348,723
71.37285,157,1283,-1739,530,4327,-140,349,723
71.37335,157,1283,-1739,531,4311,-140,349,723
71.37385,157,1283,-1740,530,4280,-140,349,723
71.37435,157,1283,-1740,530,4263,-140,349,723
71.37485,157,1283,-1740,530,4263,-140,349,724
71.37535,157,1283,-1740,529,4265,-140,348,723
71.37585,157,1283,-1740,530,4274,-140,349,724
71.37635,157,1283,-1740,530,4274,-140,348,723
71.37685,157,1283,-1740,529,4277,-140,348,723
71.37735,157,1283,-1740,529,4274,-140,348,723
71.37785,157,1284,-1740,529,4274,-140,348,723
71.37835,157,1283,-1739,528,4276,-140,348,724
71.37885,157,1283,-1739,529,4278,-140,348,723
71.37935,157,1283,-1740,529,4282,-140,348,723
71.37985,157,1283,-1741,529,4276,-140,348,723
71.38035,157,1283,-1742,530,4273,-140,348,723
71.38085,157,1283,-1742,529,4276,-139,349,723
71.38135,157,1283,-1742,529,4275,-140,348,723
71.38185,157,1283,-1742,530,4308,-139,348,724
71.38235,157,1283,-1742,530,4327,-140,348,723
71.38285,157,1283,-1741,531,4325,-139,349,723
71.38335,157,1283,-1741,531,4308,-140,348,723
71.38385,157,1283,-1740,531,4275,-140,349,723
71.38435,157,1283,-1740,531,4259,-140,348,723
71.38485,157,1283,-1740,531,4258,-140,349,723
71.38535,157,1283,-1739,531,4262,-140,348,723
71.38585,157,1283,-1739,530,4269,-140,348,723
71.38635,157,1283,-1739,531,4272,-140,349,724
71.38685,157,1283,-1739,531,4271,-140,349,724
71.38735,156,1283,-1739,530,4275,-140,349,723
71.38785,157,1283,-1739,529,4278,-140,349,724
71.38835,157,1283,-1739,528,4276,-140,348,723
71.38885,157,1283,-1740,528,4277,-140,348,724
71.38935,157,1283,-1740,528,4274,-140,348,724
71.38985,157,1283,-1740,528,4279,-140,348,724
71.39035,157,1283,-1739,529,4284,-140,348,724
71.39085,157,1283,-1739,529,4287,-140,349,724
71.39135,157,1283,-1739,530,4289,-140,348,724
71.39185,157,1283,-1739,531,4324,-140,348,724
71.39235,157,1283,-1740,530,4333,-140,349,724
71.39285,157,1283,-1740,530,4325,-140,349,724
71.39335,157,1283,-1740,529,4308,-140,349,724
71.39385,157,1283,-1740,528,4274,-140,349,724
71.39435,157,1283,-1739,528,4261,-140,349,724
71.39485,157,1283,-1739,528,4262,-140,349,724
71.39535,157,1283,-1739,528,4267,-140,348,724
71.39585,157,1283,-1740,529,4272,-140,348,723
71.39635,157,1283,-1740,529,4271,-140,349,724
71.39685,157,1283,-1740,530,4265,-140,349,724
71.39735,157,1283,-1740,530,4271,-140,349,724
71.39785,157,1283,-1740,531,4275,-140,349,724
71.39835,157,1283,-1741,532,4276,-140,349,724
71.39885,157,1283,-1742,532,4277,-140,350,724
71.39935,157,1283,-1742,532,4278,-140,350,724
71.39985,156,1283,-1742,531,4276,-140,350,724
71.40035,157,1283,-1742,530,4281,-139,349,724
71.40085,157,1283,-1741,529,4282,-139,350,724
71.40135,157,1283,-1741,529,4289,-140,349,724
71.40185,157,1283,-1740,528,4327,-139,349,724
71.40235,157,1283,-1738,527,4334,-140,349,724
71.40285,157,1283,-1737,528,4327,-139,349,724
71.40335,157,1283,-1738,527,4309,-140,349,724
71.40385,157,1283,-1738,528,4276,-140,350,724
71.40435,157,1283,-1739,528,4264,-140,349,724
71.40485,157,1283,-1738,529,4265,-139,348,723
71.40535,157,1283,-1739,529,4274,-140,348,724
71.40585,157,1283,-1739,528,4278,-140,348,724
71.40635,156,1283,-1740,529,4284,-140,348,724
71.40685,157,1283,-1740,529,4284,-140,348,724
71.40735,157,1283,-1740,530,4282,-140,348,724
71.40785,157,1283,-1740,530,4282,-140,348,724
71.40835,157,1283,-1740,530,4282,-140,348,724
71.40885,157,1283,-1740,529,4277,-140,348,724
71.40935,157,1284,-1740,528,4276,-140,348,724
71.40985,157,1283,-1740,528,4275,-140,348,724
71.41035,157,1283,-1740,529,4280,-139,348,724
71.41085,157,1283,-1739,529,4284,-140,348,724
71.41135,157,1283,-1739,530,4291,-140,348,724
71.41185,157,1283,-1740,530,4328,-140,347,724
71.41245,157,1283,-1741,530,4329,-140,348,724
71.41295,157,1283,-1741,530,4319,-140,348,724
71.41345,157,1283,-1741,530,4298,-140,349,724
71.41395,157,1283,-1741,530,4268,-140,349,724
71.41445,157,1283,-1741,530,4259,-140,349,724
71.41495,157,1283,-1740,530,4259,-140,349,724
71.41545,157,1283,-1740,530,4265,-140,348,724
71.41595,157,1283,-1739,530,4269,-140,348,724
71.41645,157,1283,-1739,530,4272,-140,348,723
71.41695,156,1283,-1740,530,4273,-140,348,724
71.41745,157,1283,-1739,529,4270,-140,348,724
71.41795,157,1283,-1740,529,4274,-140,348,724
71.41845,157,1283,-1739,529,4279,-140,348,724
71.41895,156,1283,-1739,529,4280,-140,348,724
71.41945,157,1283,-1739,529,4282,-140,348,724
71.41995,157,1283,-1739,528,4281,-140,348,724
71.42045,157,1283,-1739,528,4281,-140,348,724
71.42095,156,1283,-1740,529,4285,-140,348,724
71.42145,157,1283,-1740,530,4293,-140,348,724
71.42195,157,1283,-1740,531,4330,-140,348,724
71.42245,157,1283,-1739,530,4335,-140,348,724
71.42295,157,1284,-1739,530,4329,-140,349,724
71.42345,156,1283,-1739,530,4307,-140,349,724
71.42395,156,1283,-1739,531,4276,-140,349,724
71.42445,157,1283,-1739,531,4268,-140,348,724
71.42495,157,1283,-1740,531,4268,-140,348,724
71.42545,157,1283,-1739,532,4272,-140,349,724
71.42595,157,1283,-1740,532,4276,-140,349,724
71.42645,157,1283,-1740,533,4277,-140,349,724
71.42695,157,1283,-1740,532,4275,-140,349,724
71.42745,156,1283,-1740,531,4273,-140,349,724
71.42795,157,1283,-1740,529,4275,-140,349,724
71.42845,157,1283,-1740,527,4276,-140,348,724
71.42895,157,1283,-1739,526,4273,-140,348,724
71.42945,157,1283,-1739,526,4272,-140,348,724
71.42995,157,1283,-1739,526,4272,-140,348,724
71.43045,157,1283,-1740,527,4274,-140,348,724
71.43095,157,1283,-1740,528,4276,-140,348,724
71.43145,157,1283,-1740,529,4288,-139,348,725
71.43195,157,1283,-1740,530,4324,-140,348,724
71.43245,157,1283,-1741,530,4320,-140,348,724
71.43295,157,1283,-1740,530,4317,-140,348,724
71.43345,157,1283,-1741,530,4294,-140,349,724
71.43395,157,1283,-1740,530,4266,-140,349,724
71.43445,157,1283,-1740,530,4260,-140,349,724
71.43495,157,1283,-1740,529,4261,-140,349,724
71.43545,157,1283,-1739,528,4267,-140,349,724
71.43595,157,1283,-1739,528,4272,-140,348,724
71.43645,157,1283,-1739,528,4272,-140,349,724
71.43695,157,1283,-1739,528,4273,-140,349,724
71.43745,157,1283,-1739,529,4276,-140,349,724
71.43795,157,1283,-1739,529,4279,-140,349,724
71.43845,157,1283,-1739,529,4281,-140,349,724
71.43895,157,1283,-1739,529,4282,-140,349,724
71.43945,157,1283,-1740,529,4281,-140,349,724
71.43995,157,1283,-1741,529,4280,-140,349,724
71.44045,157,1283,-1740,529,4283,-140,348,724
71.44095,157,1283,-1740,529,4282,-140,349,724
71.44145,157,1283,-1740,530,4293,-140,348,724
71.44195,157,1283,-1740,530,4328,-140,348,724
71.44245,157,1283,-1740,529,4326,-140,349,724
71.44295,157,1283,-1740,529,4317,-140,349,724
71.44345,157,1283,-1740,529,4293,-140,349,724
71.44395,156,1283,-1739,529,4262,-140,349,724
71.44445,157,1283,-1739,529,4253,-140,349,725
71.44495,157,1283,-1739,529,4252,-140,349,724
71.44545,157,1283,-1739,529,4257,-140,349,724
71.44595,157,1283,-1738,529,4266,-140,348,724
71.44645,157,1283,-1739,529,4268,-140,349,724
71.44695,157,1283,-1739,529,4265,-140,349,724
71.44745,157,1283,-1739,529,4263,-140,349,724
71.44795,157,1283,-1740,530,4262,-140,349,724
71.44845,157,1283,-1740,530,4263,-140,349,725
71.44895,157,1283,-1740,529,4258,-140,349,724
71.44945,157,1283,-1740,530,4254,-140,348,724
71.44995,157,1283,-1739,529,4259,-140,349,724
71.45045,157,1283,-1740,529,4266,-140,349,725
71.45095,157,1283,-1740,529,4269,-140,349,725
71.45145,157,1283,-1740,529,4281,-140,349,725
71.45195,157,1283,-1741,529,4312,-140,348,725
71.45245,158,1283,-1739,529,4309,-140,349,724
71.45295,157,1283,-1740,529,4302,-140,348,724
71.45345,157,1283,-1740,529,4283,-140,349,724
71.45395,157,1284,-1740,529,4260,-141,349,724
71.45445,157,1283,-1740,529,4255,-140,349,724
71.45495,157,1283,-1740,530,4257,-141,348,724
71.45545,157,1283,-1740,530,4263,-141,348,724
71.45595,157,1283,-1739,530,4266,-141,349,724
71.45645,157,1283,-1739,530,4267,-140,348,724
71.45695,157,1283,-1739,530,4268,-141,349,724
71.45745,157,1283,-1740,530,4268,-141,348,724
71.45795,157,1283,-1740,530,4267,-141,348,724
71.45845,157,1283,-1741,530,4267,-140,349,724
71.45895,157,1283,-1741,530,4267,-140,348,724
71.45945,157,1284,-1740,529,4267,-140,348,724
71.45995,157,1284,-1740,529,4265,-140,348,724
71.46045,156,1284,-1739,529,4264,-140,348,725
71.46095,156,1283,-1740,529,4265,-140,348,724
71.46145,157,1283,-1740,530,4275,-140,348,725
71.46195,157,1283,-1740,530,4311,-140,348,724
71.46245,157,1283,-1740,529,4309,-140,348,725
71.46295,157,1283,-1740,529,4303,-140,349,724
71.46345,157,1283,-1739,529,4272,-140,348,724
71.46395,157,1283,-1739,529,4249,-140,349,725
71.46445,157,1283,-1738,529,4244,-140,349,724
71.46495,157,1283,-1738,529,4241,-141,349,724
71.46545,157,1283,-1739,529,4251,-140,349,724
71.46595,157,1283,-1738,529,4255,-141,349,724
71.46645,157,1283,-1739,529,4257,-141,349,725
71.46695,157,1283,-1739,529,4256,-141,348,725
71.46745,157,1283,-1739,529,4250,-141,349,724
71.46795,157,1283,-1740,529,4251,-141,349,724
71.46845,157,1283,-1740,529,4257,-140,349,725
71.46895,157,1283,-1740,529,4255,-141,349,724
71.46945,157,1283,-1739,529,4250,-141,349,724
71.46995,157,1283,-1739,529,4255,-141,349,725
71.47045,157,1283,-1739,529,4259,-141,349,725
71.47095,157,1283,-1740,529,4258,-140,349,724
71.47145,157,1283,-1739,530,4279,-141,349,725
71.47195,157,1283,-1739,530,4317,-141,349,725
71.47245,157,1284,-1740,530,4311,-140,349,725
71.472946,157,1283,-1740,530,4300,-140,349,724
71.47345,157,1284,-1739,530,4272,-141,349,725
71.47405,157,1284,-1740,530,4252,-140,349,725
71.47455,157,1283,-1740,530,4244,-140,349,725
71.47505,157,1283,-1740,530,4244,-140,349,725
71.47555,157,1283,-1740,530,4250,-141,349,725
71.47605,157,1284,-1740,531,4251,-140,349,724
71.47655,157,1283,-1740,531,4250,-140,349,725
71.47705,157,1284,-1740,531,4256,-141,349,725
71.47755,157,1283,-1740,531,4255,-141,349,725
71.47805,157,1283,-1740,531,4255,-141,349,725
71.47855,157,1283,-1740,531,4257,-141,349,725
71.47905,157,1283,-1740,530,4258,-140,349,725
71.47955,157,1283,-1740,530,4257,-141,349,725
71.48005,157,1283,-1739,529,4254,-141,349,724
71.48055,157,1284,-1739,529,4256,-141,349,725
71.48105,157,1283,-1739,530,4259,-140,349,725
71.48155,157,1283,-1739,531,4277,-140,348,725
71.48205,157,1284,-1739,530,4303,-140,348,725
71.48255,157,1283,-1740,530,4299,-140,348,725
71.48305,157,1284,-1740,530,4289,-140,349,725
71.48355,156,1284,-1740,530,4260,-141,349,725
71.48405,157,1283,-1739,531,4237,-141,349,724
71.48455,157,1284,-1739,530,4232,-141,349,725
71.48505,157,1284,-1739,529,4241,-141,349,725
71.48555,157,1283,-1739,528,4247,-140,349,725
71.48605,157,1283,-1740,528,4250,-141,349,725
71.48655,157,1284,-1740,528,4251,-141,349,724
71.48705,157,1284,-1740,528,4252,-141,349,725
71.48755,157,1283,-1740,529,4255,-141,350,725
71.48805,157,1284,-1740,529,4254,-141,349,725
71.48855,157,1283,-1739,530,4254,-141,349,725
71.48905,157,1284,-1739,530,4253,-141,349,725
71.48955,157,1283,-1739,530,4253,-141,349,725
71.49005,157,1284,-1739,530,4254,-141,349,725
71.49055,157,1284,-1739,530,4258,-141,349,725
71.49105,157,1284,-1739,531,4261,-141,348,725
71.49155,157,1283,-1739,531,4288,-141,348,725
71.49205,157,1283,-1739,531,4310,-141,348,725
71.49255,157,1284,-1739,530,4301,-141,348,725
71.49305,157,1284,-1739,530,4291,-141,349,725
71.49355,157,1283,-1740,530,4262,-141,349,725
71.49405,157,1284,-1740,531,4242,-140,349,724
71.49455,157,1283,-1740,532,4239,-140,349,725
71.49505,157,1284,-1741,532,4245,-141,348,725
71.49555,156,1283,-1741,532,4247,-141,349,725
71.49605,156,1283,-1741,531,4249,-141,349,725
71.49655,157,1283,-1740,530,4249,-140,349,725
71.49705,157,1283,-1740,529,4250,-141,349,725
71.49755,157,1283,-1739,528,4249,-141,349,725
71.49805,157,1284,-1739,527,4250,-140,349,725
71.49855,157,1284,-1738,527,4251,-140,349,725
71.49905,157,1284,-1739,528,4252,-141,349,725
71.49955,157,1283,-1739,528,4253,-141,349,725
71.50005,157,1283,-1740,528,4253,-141,349,725
71.50055,157,1283,-1741,529,4253,-141,348,725
71.50105,157,1283,-1742,529,4256,-140,349,725
71.50155,157,1284,-1743,531,4287,-140,349,725
71.50205,157,1283,-1744,530,4308,-140,349,725
71.50255,157,1284,-1744,530,4305,-141,349,725
71.50305,157,1284,-1742,530,4294,-141,349,725
71.50355,157,1284,-1739,530,4263,-141,349,725
71.50405,157,1283,-1737,530,4245,-141,349,725
71.50455,157,1284,-1737,530,4245,-141,349,725
71.50505,157,1284,-1738,530,4250,-140,349,725
71.50555,157,1283,-1739,530,4258,-141,349,725
71.50605,157,1284,-1739,530,4261,-140,349,725
71.50655,157,1283,-1739,530,4262,-141,349,725
71.50705,157,1284,-1740,529,4261,-141,349,725
71.50755,157,1283,-1740,529,4259,-141,349,725
71.50805,157,1283,-1740,529,4259,-141,349,725
71.50855,158,1284,-1739,529,4260,-140,349,725
71.50905,157,1284,-1739,529,4257,-141,349,725
71.50955,157,1283,-1739,530,4255,-141,349,725
71.51005,157,1283,-1740,530,4255,-141,349,725
71.51055,157,1283,-1741,530,4258,-141,349,725
71.51105,157,1283,-1741,531,4263,-141,349,725
71.51155,157,1283,-1740,531,4296,-141,349,725
71.51205,157,1283,-1740,530,4315,-141,349,725
71.51255,157,1284,-1740,530,4308,-141,349,725
71.51305,157,1284,-1740,529,4294,-141,349,725
71.51355,157,1284,-1739,529,4260,-141,349,724
71.51405,157,1283,-1739,529,4242,-141,349,725
71.51455,157,1284,-1739,529,4245,-141,349,725
71.51505,157,1283,-1739,530,4244,-141,349,725
71.51555,157,1284,-1740,530,4249,-141,350,725
71.51605,157,1283,-1740,531,4251,-141,349,725
71.51655,158,1283,-1741,531,4251,-141,349,725
71.51705,157,1284,-1740,530,4257,-141,348,725
71.51755,157,1284,-1740,530,4260,-141,349,725
71.51805,157,1283,-1740,530,4260,-140,349,725
71.51855,157,1284,-1739,529,4261,-141,348,725
71.51905,156,1284,-1739,527,4263,-141,348,725
71.51955,156,1284,-1738,527,4264,-141,349,725
71.52005,156,1284,-1738,528,4265,-141,348,725
71.52055,156,1284,-1738,528,4264,-141,349,725
71.52105,157,1284,-1738,529,4265,-141,348,725
71.52155,157,1283,-1739,530,4303,-141,349,725
71.52205,157,1284,-1739,529,4317,-141,349,725
71.52255,157,1284,-1739,530,4314,-141,349,725
71.52305,156,1284,-1740,529,4300,-141,349,724
71.52355,156,1284,-1741,530,4267,-141,349,725
71.52405,157,1284,-1741,532,4255,-141,349,725
71.52455,157,1283,-1741,533,4248,-141,349,725
71.52505,157,1283,-1741,533,4251,-141,348,725
71.52555,157,1284,-1741,533,4259,-141,349,725
71.52605,157,1284,-1740,532,4260,-141,349,725
71.52655,157,1284,-1741,531,4261,-141,349,725
71.52705,157,1284,-1740,532,4259,-141,349,725
71.52755,157,1284,-1740,533,4257,-141,349,726
71.52805,156,1284,-1740,533,4258,-141,349,725
71.52855,157,1284,-1739,533,4263,-140,349,725
71.52905,157,1284,-1739,530,4256,-140,349,725
71.52955,156,1284,-1739,527,4252,-140,349,725
71.53005,157,1284,-1739,527,4252,-140,348,726
71.53055,157,1284,-1740,528,4255,-140,349,726
71.53105,157,1283,-1741,529,4266,-141,349,726
71.53155,157,1283,-1740,530,4305,-140,348,726
71.53205,157,1284,-1740,529,4310,-141,349,726
71.53255,156,1284,-1739,527,4302,-141,349,725
71.53305,157,1284,-1738,526,4285,-140,349,726
71.53355,157,1284,-1738,526,4250,-140,349,725
71.53405,157,1284,-1738,527,4242,-140,349,725
71.53455,157,1283,-1738,527,4240,-140,349,725
71.53505,157,1284,-1738,528,4244,-140,349,725
71.53565,157,1284,-1739,529,4250,-141,349,725
71.53615,157,1283,-1739,529,4253,-141,349,726
71.53665,157,1284,-1739,530,4256,-141,349,725
71.53715,157,1284,-1739,530,4262,-141,349,725
71.53765,157,1284,-1739,530,4259,-141,349,725
71.53815,157,1284,-1739,530,4259,-141,349,725
71.53865,157,1283,-1739,529,4262,-141,349,725
71.53915,157,1284,-1740,529,4264,-141,349,725
71.53965,156,1284,-1740,529,4266,-141,349,725
71.54015,156,1284,-1740,530,4265,-141,349,725
71.54065,157,1284,-1739,530,4262,-140,349,725
71.54115,157,1284,-1740,531,4270,-141,349,726
71.54165,157,1284,-1740,532,4306,-141,349,726
71.54215,157,1284,-1740,532,4314,-141,349,726
71.54265,157,1284,-1740,532,4309,-141,349,726
71.54315,156,1284,-1740,532,4288,-141,350,726
71.54365,157,1284,-1740,531,4256,-141,349,725
71.54415,156,1284,-1740,531,4245,-141,349,725
71.54465,157,1284,-1740,531,4241,-141,349,726
71.54515,157,1284,-1740,529,4245,-141,349,725
71.54565,157,1284,-1739,528,4254,-141,349,726
71.54615,157,1284,-1739,527,4254,-141,349,726
71.54665,157,1284,-1739,527,4256,-141,349,725
71.54715,157,1284,-1738,528,4255,-141,349,725
71.54765,157,1284,-1739,528,4247,-141,349,725
71.54815,157,1284,-1739,528,4245,-140,349,725
71.54865,157,1284,-1739,529,4247,-141,349,725
71.54915,157,1284,-1739,529,4246,-141,349,725
71.54965,157,1284,-1739,529,4244,-141,349,725
71.55015,157,1284,-1740,530,4246,-141,349,725
71.55065,157,1284,-1740,530,4249,-141,349,726
71.55115,157,1284,-1740,530,4262,-141,349,725
71.55165,157,1284,-1740,531,4304,-141,349,726
71.55215,157,1285,-1740,530,4306,-141,349,726
71.55265,157,1284,-1739,530,4302,-141,349,725
71.55315,157,1284,-1739,530,4281,-141,350,725
71.55365,156,1284,-1739,529,4246,-141,350,725
71.55415,157,1284,-1739,529,4237,-141,349,725
71.55465,157,1284,-1739,528,4240,-141,349,726
71.55515,157,1284,-1739,528,4248,-141,349,726
71.55565,157,1284,-1738,529,4258,-141,349,726
71.55615,157,1284,-1738,530,4260,-141,349,725
71.55665,157,1284,-1739,530,4258,-141,349,726
71.55715,157,1284,-1740,530,4258,-141,350,725
71.55765,157,1284,-1740,530,4262,-141,350,726
71.55815,157,1284,-1740,530,4259,-141,350,725
71.55865,157,1284,-1740,530,4261,-141,350,726
71.55915,157,1284,-1740,530,4258,-141,350,726
71.55965,157,1284,-1741,530,4262,-141,350,726
71.56015,157,1284,-1741,530,4262,-141,351,726
71.56065,157,1284,-1741,530,4259,-141,351,726
71.56115,157,1284,-1741,530,4271,-141,350,726
71.56165,157,1284,-1740,529,4306,-141,350,726
71.56215,157,1284,-1739,528,4307,-141,350,726
71.56265,157,1284,-1740,528,4301,-141,350,725
71.56315,157,1284,-1740,528,4275,-141,350,726
71.56365,157,1284,-1740,528,4240,-141,350,725
71.56415,157,1284,-1740,528,4232,-141,350,725
71.56465,157,1284,-1740,527,4229,-141,349,726
71.56515,157,1284,-1739,528,4237,-141,348,725
71.56565,157,1284,-1739,529,4248,-141,348,726
71.56615,157,1284,-1739,530,4248,-141,348,726
71.56665,157,1284,-1739,530,4252,-141,348,725
71.56715,157,1284,-1738,529,4253,-141,348,726
71.56765,157,1284,-1738,529,4247,-141,348,726
71.56815,157,1284,-1739,530,4251,-141,349,725
71.56865,157,1284,-1740,531,4254,-141,348,725
71.56915,157,1284,-1740,531,4246,-141,349,726
71.56965,157,1284,-1741,530,4245,-141,348,726
71.57015,156,1284,-1740,530,4251,-141,348,725
71.57065,157,1284,-1740,530,4256,-141,348,726
71.57115,157,1284,-1739,530,4267,-141,348,726
71.57165,157,1284,-1738,530,4309,-141,348,726
71.57215,157,1284,-1738,529,4311,-141,348,726
71.57265,157,1284,-1739,529,4302,-141,348,725
71.57315,157,1285,-1739,529,4280,-141,348,725
71.57365,157,1284,-1739,529,4246,-141,348,725
71.57415,157,1284,-1739,530,4239,-141,348,725
71.57465,157,1284,-1739,530,4240,-141,349,725
71.57515,156,1284,-1740,530,4244,-141,349,726
71.57565,157,1284,-1740,531,4249,-141,349,726
71.57615,157,1284,-1740,531,4254,-141,349,725
71.57665,157,1284,-1740,531,4256,-141,349,726
71.57715,157,1284,-1740,531,4253,-141,349,726
71.57765,157,1285,-1740,531,4255,-141,349,725
71.57815,157,1285,-1739,531,4255,-141,349,726
71.57865,157,1284,-1739,531,4252,-141,349,726
71.57915,157,1284,-1739,531,4256,-141,349,726
71.57965,157,1285,-1740,531,4258,-141,349,726
71.58015,157,1285,-1740,531,4256,-141,349,725
71.58065,157,1285,-1739,530,4249,-141,349,725
71.58115,157,1284,-1739,528,4260,-141,349,726
71.58165,157,1285,-1739,527,4294,-141,348,726
71.58215,157,1284,-1739,526,4299,-141,349,726
71.58265,157,1285,-1739,527,4295,-141,349,725
71.58315,157,1284,-1739,528,4270,-141,349,725
71.58365,156,1285,-1740,529,4239,-141,349,725
71.58415,157,1285,-1740,529,4234,-141,349,725
71.58465,157,1284,-1740,529,4236,-141,349,726
71.58515,157,1285,-1739,529,4244,-141,349,726
71.58565,157,1285,-1739,529,4254,-141,349,726
71.58615,157,1285,-1739,529,4256,-141,349,726
71.58665,157,1284,-1739,529,4258,-141,349,726
71.58715,157,1285,-1739,529,4257,-141,349,725
71.58765,157,1284,-1739,529,4254,-141,349,726
71.58815,157,1285,-1739,529,4251,-141,349,726
71.58865,157,1284,-1739,528,4257,-141,349,726
71.58915,157,1284,-1739,529,4258,-141,349,725
71.58965,157,1285,-1739,529,4254,-141,349,726
71.59015,157,1284,-1739,529,4252,-141,349,725
71.59065,157,1285,-1739,530,4254,-141,349,726
71.59115,157,1284,-1739,530,4271,-141,349,726
71.59165,157,1284,-1740,531,4308,-141,349,726
71.59215,157,1285,-1740,530,4309,-141,349,726
71.59265,157,1285,-1740,530,4300,-141,349,725
71.59315,157,1285,-1740,530,4270,-141,350,725
71.59365,157,1285,-1740,531,4239,-141,349,725
71.59415,157,1285,-1740,531,4232,-141,349,726
71.59465,157,1285,-1740,531,4236,-142,349,725
71.595146,156,1285,-1740,531,4246,-141,349,726
71.59565,157,1285,-1740,531,4246,-141,349,726
71.59615,156,1285,-1740,530,4247,-141,349,726
71.59665,157,1285,-1739,530,4249,-142,349,725
71.59725,156,1285,-1738,529,4251,-141,349,725
71.59775,156,1285,-1738,529,4246,-141,349,726
71.59825,157,1285,-1738,528,4246,-141,349,726
71.59875,157,1285,-1739,528,4252,-142,349,726
71.59925,156,1285,-1739,528,4255,-142,349,726
71.59975,156,1285,-1739,528,4257,-142,349,726
71.60025,157,1285,-1740,528,4256,-142,349,726
71.60075,157,1285,-1740,528,4253,-141,349,725
71.60125,157,1285,-1740,529,4274,-141,349,726
71.60175,157,1284,-1740,529,4300,-141,349,726
71.60225,157,1285,-1739,529,4302,-141,349,726
71.60275,157,1284,-1739,529,4297,-142,349,726
71.60325,157,1284,-1739,529,4269,-141,349,725
71.60375,157,1285,-1739,530,4243,-142,350,726
71.60425,157,1285,-1739,530,4233,-142,349,725
71.60475,157,1285,-1739,530,4241,-141,349,726
71.60525,157,1285,-1739,530,4249,-141,349,725
71.60575,157,1285,-1739,529,4258,-141,349,726
71.60625,157,1285,-1740,530,4258,-142,349,726
71.60675,157,1285,-1740,529,4262,-142,349,726
71.60725,157,1285,-1740,529,4263,-141,349,726
71.60775,157,1285,-1740,530,4259,-142,349,726
71.60825,157,1285,-1739,530,4258,-142,349,725
71.60875,157,1285,-1739,529,4257,-141,349,725
71.60925,157,1285,-1739,529,4249,-141,349,726
71.60975,157,1285,-1739,529,4246,-141,349,726
71.61025,157,1285,-1739,529,4252,-141,349,725
71.61075,157,1285,-1739,529,4255,-142,349,726
71.61125,157,1285,-1739,530,4276,-141,348,725
71.61175,157,1285,-1739,529,4308,-141,349,726
71.61225,157,1285,-1740,529,4300,-142,349,725
71.61275,157,1285,-1739,529,4293,-142,349,726
71.61325,157,1285,-1740,530,4261,-141,350,725
71.61375,157,1285,-1740,530,4241,-142,349,725
71.61425,157,1285,-1739,530,4233,-141,349,726
71.61475,157,1285,-1739,529,4234,-141,349,725
71.61525,157,1285,-1739,529,4244,-141,349,726
71.61575,157,1285,-1739,529,4245,-141,349,726
71.61625,156,1285,-1739,529,4251,-141,349,726
71.61675,157,1285,-1739,529,4254,-141,349,726
71.61725,156,1285,-1740,529,4256,-141,349,726
71.61775,156,1285,-1740,529,4256,-141,349,726
71.61825,157,1285,-1740,529,4256,-141,349,726
71.61875,156,1285,-1741,529,4257,-141,349,726
71.61925,157,1285,-1741,529,4258,-141,349,726
71.61975,157,1285,-1741,529,4260,-141,349,726
71.62025,157,1285,-1741,529,4260,-142,348,726
71.62075,157,1284,-1740,529,4258,-141,348,726
71.62125,157,1285,-1740,530,4284,-141,348,726
71.62175,157,1285,-1740,529,4312,-141,348,726
71.62225,157,1285,-1739,529,4308,-142,348,726
71.62275,157,1285,-1738,529,4300,-142,348,726
71.62325,157,1285,-1738,529,4271,-142,348,725
71.62375,157,1285,-1738,529,4250,-141,348,726
71.62425,157,1285,-1738,529,4243,-142,349,726
71.62475,157,1285,-1739,529,4249,-142,349,726
71.62525,157,1285,-1739,529,4255,-142,349,726
71.62575,157,1285,-1739,529,4255,-141,349,726
71.62625,157,1285,-1740,529,4255,-141,349,726
71.62675,157,1285,-1740,529,4255,-142,350,725
71.62725,156,1285,-1739,529,4254,-141,350,726
71.62775,156,1285,-1739,529,4248,-142,350,726
71.62825,157,1285,-1739,529,4251,-142,350,726
71.62875,157,1284,-1739,529,4255,-142,350,726
71.62925,157,1285,-1739,529,4252,-142,350,726
71.62975,157,1285,-1739,529,4248,-141,351,726
71.63025,157,1285,-1739,530,4248,-142,351,726
71.63075,156,1285,-1739,529,4247,-142,350,726
71.63125,157,1285,-1739,530,4280,-141,350,726
71.63175,157,1285,-1739,530,4303,-141,350,726
71.63225,156,1285,-1740,530,4299,-141,349,726
71.63275,157,1284,-1740,530,4289,-141,349,725
71.63325,156,1285,-1740,530,4258,-141,349,726
71.63375,157,1285,-1740,530,4236,-141,349,726
71.63425,157,1284,-1740,530,4238,-142,349,726
71.63475,157,1284,-1740,529,4243,-141,348,726
71.63525,157,1284,-1739,529,4250,-141,348,726
71.63575,156,1284,-1740,529,4253,-141,348,726
71.63625,157,1285,-1739,528,4252,-141,348,726
71.63675,157,1285,-1739,528,4256,-141,348,726
71.63725,157,1285,-1739,529,4261,-141,348,726
71.63775,156,1285,-1739,529,4262,-141,348,725
71.63825,157,1285,-1739,529,4263,-141,349,726
71.63875,157,1285,-1739,529,4261,-141,349,726
71.63925,157,1285,-1740,529,4267,-141,348,726
71.63975,156,1285,-1740,529,4270,-141,348,726
71.64025,157,1284,-1740,529,4269,-141,349,726
71.64075,157,1285,-1739,529,4265,-141,349,726
71.64125,157,1285,-1739,530,4296,-141,349,726
71.64175,156,1285,-1740,530,4315,-141,349,726
71.64225,157,1285,-1740,529,4310,-141,349,726
71.64275,157,1285,-1740,529,4299,-141,349,726
71.64325,156,1284,-1740,529,4266,-141,349,725
71.64375,157,1285,-1739,529,4247,-141,349,726
71.64425,157,1285,-1739,529,4239,-141,349,726
71.64475,157,1284,-1739,529,4248,-141,349,726
71.64525,157,1284,-1739,529,4260,-141,349,726
71.64575,157,1285,-1739,529,4262,-141,349,726
71.64625,157,1284,-1740,529,4263,-141,349,726
71.64675,156,1285,-1739,529,4263,-141,349,726
71.64725,157,1285,-1740,528,4262,-141,349,726
71.64775,157,1285,-1740,529,4258,-141,349,726
71.64825,157,1285,-1740,529,4258,-141,349,726
71.64875,156,1284,-1739,530,4259,-141,349,726
71.64925,156,1285,-1739,529,4257,-141,350,725
71.64975,156,1284,-1740,530,4256,-141,349,726
71.65025,157,1284,-1739,529,4253,-141,349,726
71.65075,157,1284,-1740,530,4261,-140,349,726
71.65125,157,1284,-1739,530,4303,-140,349,727
71.65175,157,1284,-1739,530,4317,-141,349,726
71.65225,157,1284,-1740,529,4306,-141,350,726
71.65275,157,1284,-1739,529,4296,-141,350,726
71.65325,157,1285,-1739,529,4268,-141,350,726
71.65375,156,1284,-1739,529,4255,-141,350,726
71.65425,157,1284,-1739,530,4256,-141,350,726
71.65475,157,1284,-1739,530,4262,-141,350,726
71.65525,157,1284,-1739,529,4269,-141,350,726
71.65575,157,1284,-1739,530,4272,-141,350,726
71.65625,156,1284,-1739,530,4273,-141,350,725
71.65675,157,1284,-1739,530,4275,-141,350,726
71.65725,157,1285,-1739,530,4272,-141,350,725
71.65775,156,1284,-1739,529,4274,-141,350,725
71.65835,156,1284,-1740,529,4270,-141,350,726
71.65885,156,1285,-1740,530,4270,-141,350,725
71.65935,157,1284,-1740,530,4275,-141,350,726
71.65985,156,1285,-1739,529,4273,-141,350,726
71.66035,157,1284,-1739,529,4276,-141,350,726
71.66085,156,1285,-1740,529,4279,-141,349,726
71.66135,157,1284,-1740,530,4313,-141,349,726
71.66185,157,1284,-1740,529,4323,-141,349,726
71.66235,157,1284,-1740,529,4317,-141,350,726
71.66285,156,1285,-1739,529,4300,-141,350,726
71.66335,157,1284,-1739,529,4269,-141,350,725
71.66385,157,1284,-1739,530,4257,-141,350,726
71.66435,157,1284,-1739,529,4251,-140,350,725
71.66485,157,1284,-1739,529,4257,-141,350,726
71.66535,157,1284,-1739,530,4261,-141,349,726
71.66585,157,1284,-1740,530,4267,-141,349,726
71.66635,157,1284,-1740,529,4270,-141,349,726
71.66685,157,1285,-1739,529,4272,-141,349,726
71.66735,156,1285,-1740,529,4273,-141,349,726
71.66785,157,1284,-1740,529,4271,-141,349,726
71.66835,157,1284,-1739,529,4272,-141,349,726
71.66885,156,1284,-1739,529,4274,-141,350,726
71.66935,157,1284,-1739,529,4273,-141,349,725
71.66985,157,1284,-1739,529,4270,-141,349,726
71.67035,156,1284,-1739,529,4267,-141,349,726
71.67085,156,1284,-1740,529,4280,-141,349,726
71.67135,157,1284,-1739,530,4321,-140,349,726
71.67185,156,1284,-1739,529,4331,-141,349,726
71.67235,157,1284,-1739,529,4328,-141,349,726
71.67285,157,1284,-1739,529,4309,-141,350,725
71.67335,157,1285,-1739,529,4277,-141,350,725
71.67385,157,1284,-1739,529,4262,-141,350,726
71.67435,157,1284,-1739,529,4262,-141,350,726
71.67485,157,1284,-1739,529,4272,-141,350,726
71.67535,157,1284,-1739,529,4277,-141,349,726
71.67585,157,1285,-1739,530,4275,-141,349,725
71.67635,157,1284,-1739,530,4272,-141,349,726
71.67685,157,1284,-1739,531,4272,-141,349,726
71.67735,157,1284,-1740,530,4279,-141,350,726
71.67785,157,1284,-1739,530,4280,-140,350,726
71.67835,157,1284,-1739,530,4280,-141,349,726
71.67885,157,1284,-1740,530,4280,-140,349,726
71.67935,157,1284,-1739,530,4280,-141,349,725
71.67985,157,1284,-1739,530,4279,-141,349,726
71.68035,156,1284,-1739,529,4273,-141,349,726
71.68085,157,1284,-1739,528,4281,-141,349,725
71.68135,157,1284,-1739,529,4318,-141,349,726
71.68185,157,1284,-1739,528,4318,-141,349,725
71.68235,157,1284,-1739,529,4314,-141,350,725
71.68285,157,1284,-1740,528,4293,-141,350,725
71.68335,157,1284,-1739,528,4263,-141,350,725
71.68385,157,1285,-1739,529,4254,-141,350,725
71.68435,156,1284,-1740,529,4254,-141,350,725
71.68485,156,1284,-1739,529,4264,-141,349,725
71.68535,157,1284,-1740,529,4271,-141,350,725
71.68585,157,1284,-1740,529,4273,-141,349,725
71.68635,156,1284,-1739,530,4275,-141,349,725
71.68685,156,1284,-1739,529,4277,-141,350,725
71.68735,157,1284,-1739,529,4278,-141,349,725
71.68785,156,1284,-1739,529,4276,-141,350,725
71.68835,157,1284,-1739,529,4278,-141,350,726
71.68885,157,1284,-1739,529,4281,-141,349,725
71.68935,157,1284,-1739,529,4284,-141,349,725
71.68985,157,1284,-1739,529,4278,-141,350,725
71.69035,157,1284,-1739,529,4275,-141,349,725
71.69085,157,1284,-1739,529,4289,-141,349,725
71.69135,157,1284,-1739,529,4329,-141,350,726
71.69185,156,1284,-1740,529,4329,-141,350,725
71.69235,157,1284,-1740,529,4323,-141,351,725
71.69285,157,1284,-1740,529,4298,-141,351,725
71.69335,157,1284,-1740,529,4267,-141,351,725
71.69385,157,1284,-1740,529,4260,-141,351,725
71.69435,157,1284,-1739,529,4260,-141,351,726
71.69485,157,1284,-1739,529,4265,-141,351,725
71.69535,157,1284,-1739,529,4273,-141,351,726
71.69585,157,1284,-1739,529,4272,-141,351,726
71.69635,157,1284,-1739,529,4276,-141,351,726
71.69685,157,1284,-1739,529,4277,-141,350,726
71.69735,157,1284,-1739,529,4276,-141,350,726
71.69785,157,1284,-1739,529,4274,-141,350,726
71.69835,157,1284,-1739,530,4272,-141,349,726
71.69885,157,1284,-1739,530,4273,-141,349,726
71.69935,157,1284,-1739,530,4275,-141,349,726
71.69985,157,1284,-1739,530,4276,-141,348,725
71.70035,157,1284,-1739,531,4275,-141,348,726
71.70085,157,1284,-1740,531,4280,-141,348,726
71.70135,157,1284,-1740,531,4319,-141,348,726
71.70185,157,1284,-1740,531,4324,-141,348,726
71.70235,157,1284,-1740,530,4317,-141,348,726
71.70285,157,1284,-1740,529,4295,-141,349,726
71.70335,156,1285,-1740,529,4269,-141,349,726
71.70385,157,1284,-1739,528,4263,-141,349,725
71.70435,156,1284,-1739,528,4264,-141,349,726
71.70485,157,1284,-1739,528,4267,-141,348,725
71.70535,157,1285,-1739,528,4274,-140,349,726
71.70585,156,1284,-1739,529,4274,-141,348,726
71.70635,157,1284,-1739,529,4279,-141,349,725
71.70685,156,1284,-1739,529,4281,-141,349,725
71.70735,157,1284,-1740,530,4275,-141,349,726
71.70785,156,1284,-1740,530,4272,-141,349,726
71.70835,156,1284,-1741,530,4276,-141,349,726
71.70885,157,1284,-1741,530,4277,-140,349,726
71.70935,157,1284,-1741,530,4274,-141,349,725
71.70985,157,1284,-1740,530,4269,-141,350,725
71.71035,156,1284,-1739,530,4263,-141,349,726
71.71085,157,1284,-1738,530,4278,-141,349,726
71.71135,157,1284,-1738,530,4320,-141,349,726
71.71185,157,1284,-1739,529,4323,-141,349,726
71.71235,157,1284,-1738,529,4317,-141,349,726
71.71285,156,1284,-1739,528,4289,-141,350,726
71.71335,157,1284,-1740,529,4259,-141,349,726
71.71385,156,1284,-1740,529,4251,-141,349,725
71.71435,157,1284,-1740,529,4251,-141,349,726
71.71485,156,1284,-1740,529,4253,-141,350,726
71.71535,157,1284,-1739,529,4260,-141,350,726
71.71585,156,1284,-1739,529,4264,-141,349,726
71.71635,157,1284,-1738,529,4265,-141,349,726
71.71685,156,1284,-1738,529,4267,-141,349,726
71.71735,157,1285,-1739,529,4268,-140,349,726
71.71785,157,1284,-1739,530,4268,-141,350,725
71.71835,157,1284,-1739,530,4268,-141,349,726
71.71885,157,1284,-1740,530,4266,-141,349,725
71.71935,156,1284,-1739,531,4270,-141,350,725
71.71995,157,1284,-1740,530,4268,-141,350,725
71.72045,157,1284,-1740,531,4265,-141,349,725
71.72095,157,1284,-1739,531,4279,-140,349,726
71.72145,157,1284,-1740,531,4316,-141,349,726
71.72195,157,1284,-1739,530,4323,-141,350,726
71.72245,157,1285,-1739,529,4318,-141,349,726
71.722946,156,1284,-1738,528,4293,-141,349,725
71.72345,156,1284,-1738,527,4266,-141,350,725
71.72395,157,1284,-1738,527,4251,-141,349,725
71.72445,157,1284,-1738,527,4251,-141,349,725
71.72495,157,1284,-1739,528,4259,-141,349,726
71.72545,157,1284,-1739,529,4265,-141,349,726
71.72595,156,1284,-1739,529,4270,-141,349,726
71.72645,156,1284,-1739,529,4272,-141,349,726
71.72695,157,1284,-1739,529,4271,-141,350,726
71.72745,156,1284,-1739,529,4270,-141,349,726
71.72795,157,1284,-1739,529,4267,-141,349,726
71.72845,156,1284,-1739,529,4265,-141,349,726
71.72895,156,1284,-1740,529,4266,-141,349,726
71.72945,157,1284,-1740,529,4264,-141,350,725
71.72995,156,1284,-1739,529,4258,-141,350,725
71.73045,156,1284,-1739,530,4253,-141,349,726
71.73095,157,1285,-1740,530,4273,-141,349,726
71.73145,156,1284,-1740,530,4311,-141,349,726
71.73195,157,1284,-1740,530,4311,-141,349,726
71.73245,157,1284,-1739,530,4303,-141,349,726
71.73295,157,1284,-1738,529,4276,-141,350,725
71.73345,156,1284,-1738,529,4252,-141,350,726
71.73395,157,1284,-1738,528,4244,-141,349,726
71.73445,156,1284,-1739,528,4251,-141,349,726
71.73495,156,1284,-1739,528,4259,-141,349,726
71.73545,156,1284,-1739,528,4261,-141,349,726
71.73595,157,1284,-1739,529,4263,-141,350,725
71.73645,157,1284,-1739,529,4264,-141,349,725
71.73695,156,1284,-1739,529,4262,-141,350,726
71.73745,156,1284,-1740,529,4263,-141,350,726
71.73795,156,1284,-1740,529,4269,-141,349,725
71.73845,156,1284,-1740,529,4271,-141,349,726
71.73895,157,1284,-1740,529,4269,-141,349,726
71.73945,157,1284,-1739,529,4274,-141,349,726
71.73995,157,1284,-1739,529,4276,-141,349,726
71.74045,157,1284,-1739,529,4275,-141,350,726
71.74095,157,1284,-1739,529,4293,-141,348,726
71.74145,157,1284,-1738,529,4320,-141,349,726
71.74195,157,1284,-1738,529,4317,-141,349,726
71.74245,157,1284,-1738,528,4307,-141,349,726
71.74295,156,1284,-1739,529,4278,-141,350,725
71.74345,156,1284,-1738,530,4257,-141,350,726
71.74395,157,1285,-1739,530,4249,-141,350,726
71.74445,157,1284,-1739,530,4255,-140,350,726
71.74495,157,1284,-1739,530,4263,-141,349,726
71.74545,157,1284,-1739,529,4265,-141,349,726
71.74595,157,1284,-1740,530,4266,-141,349,725
71.74645,157,1284,-1740,530,4265,-141,349,726
71.74695,157,1284,-1741,530,4260,-141,349,726
71.74745,157,1284,-1740,530,4263,-141,349,726
71.74795,157,1284,-1740,530,4262,-141,349,726
71.74845,157,1284,-1739,530,4261,-141,350,725
71.74895,157,1284,-1738,530,4262,-141,349,726
71.74945,157,1284,-1738,530,4257,-141,350,725
71.74995,157,1284,-1739,530,4257,-141,350,726
71.75045,157,1284,-1739,530,4255,-141,349,726
71.75095,157,1284,-1739,531,4285,-141,349,726
71.75145,157,1284,-1739,530,4315,-141,349,726
71.75195,157,1284,-1739,529,4314,-141,349,726
71.75245,156,1284,-1739,529,4306,-141,349,726
71.75295,156,1284,-1739,528,4276,-141,349,726
71.75345,156,1284,-1739,528,4256,-141,350,725
71.75395,156,1284,-1739,529,4253,-141,349,726
71.75445,156,1284,-1739,529,4253,-141,350,726
71.75495,156,1284,-1739,530,4264,-141,349,725
71.75545,156,1284,-1739,530,4267,-141,350,726
71.75595,156,1284,-1739,529,4263,-141,349,726
71.75645,156,1284,-1739,529,4270,-141,349,726
71.75695,156,1284,-1739,528,4277,-141,349,726
71.75745,156,1284,-1739,529,4278,-141,350,726
71.75795,156,1284,-1739,529,4276,-141,349,726
71.75845,156,1284,-1739,530,4274,-141,349,726
71.75895,156,1284,-1739,530,4274,-141,350,726
71.75945,156,1284,-1739,531,4273,-141,350,726
71.75995,157,1284,-1739,531,4273,-141,349,726
71.76045,156,1284,-1740,531,4271,-141,349,726
71.76095,157,1284,-1740,531,4295,-141,349,726
71.76145,157,1284,-1740,530,4319,-141,349,726
71.76195,156,1284,-1740,530,4315,-141,349,726
71.76245,156,1284,-1740,530,4305,-141,348,726
71.76295,156,1284,-1740,530,4275,-141,349,726
71.76345,156,1284,-1740,530,4253,-141,349,725
71.76395,156,1284,-1739,529,4246,-141,349,726
71.76445,157,1284,-1739,528,4246,-141,349,726
71.76495,157,1284,-1738,527,4258,-141,348,726
71.76545,157,1284,-1738,527,4265,-141,348,726
71.76595,156,1284,-1739,528,4266,-141,349,726
71.76645,157,1284,-1739,528,4268,-141,349,726
71.76695,156,1284,-1739,528,4269,-141,349,726
71.76745,156,1284,-1739,529,4269,-141,349,726
71.76795,156,1284,-1739,530,4266,-141,349,725
71.76845,156,1284,-1739,530,4265,-141,348,726
71.76895,156,1284,-1739,530,4263,-141,349,725
71.76945,157,1284,-1739,530,4264,-141,349,726
71.76995,157,1284,-1739,531,4260,-141,349,725
71.77045,157,1284,-1739,530,4264,-141,350,726
71.77095,157,1284,-1739,531,4294,-141,349,726
71.77145,157,1284,-1739,530,4322,-141,349,726
71.77195,156,1284,-1739,529,4320,-141,348,726
71.77245,157,1284,-1739,528,4310,-141,349,726
71.77295,156,1284,-1739,527,4278,-141,349,726
71.77345,157,1284,-1739,528,4261,-141,349,725
71.77395,156,1284,-1739,528,4257,-141,349,726
71.77445,157,1284,-1739,528,4257,-141,349,726
71.77495,157,1285,-1739,529,4265,-141,349,726
71.77545,156,1284,-1739,529,4268,-141,349,726
71.77595,157,1284,-1739,530,4268,-141,349,726
71.77645,157,1284,-1740,529,4268,-141,349,726
71.77695,156,1284,-1740,530,4269,-141,349,726
71.77745,156,1284,-1741,531,4269,-141,349,726
71.77795,157,1284,-1741,531,4269,-141,349,726
71.77845,157,1284,-1740,530,4268,-141,350,726
71.77895,157,1284,-1740,530,4269,-141,351,726
71.77945,156,1284,-1739,529,4269,-141,351,726
71.77995,156,1284,-1739,529,4268,-141,351,726
71.78045,156,1284,-1739,529,4267,-141,351,726
71.78105,157,1284,-1739,529,4298,-141,351,726
71.78155,156,1284,-1739,530,4312,-141,352,726
71.78205,156,1284,-1739,529,4307,-140,351,726
71.78255,157,1284,-1739,530,4293,-141,352,726
71.78305,156,1284,-1740,531,4263,-141,352,726
71.78355,157,1284,-1740,531,4252,-141,352,726
71.78405,156,1284,-1739,531,4251,-141,352,726
71.78455,156,1284,-1739,530,4256,-141,351,726
71.78505,156,1284,-1738,529,4263,-141,351,726
71.78555,157,1284,-1738,528,4265,-141,351,726
71.78605,157,1284,-1739,528,4267,-141,350,726
71.78655,156,1284,-1738,528,4268,-141,349,726
71.78705,156,1284,-1738,529,4270,-141,349,726
71.78755,156,1284,-1738,528,4269,-141,349,726
71.78805,156,1284,-1738,529,4268,-141,349,726
71.78855,156,1284,-1738,529,4270,-141,349,726
71.78905,156,1284,-1739,530,4272,-141,349,726
71.78955,156,1284,-1739,530,4270,-141,349,725
71.79005,156,1284,-1739,530,4268,-141,349,726
71.79055,157,1284,-1740,530,4269,-141,349,726
71.79105,156,1284,-1740,530,4310,-141,348,726
71.79155,156,1284,-1740,529,4323,-141,349,726
71.79205,157,1284,-1740,530,4317,-141,349,726
71.79255,156,1284,-1740,530,4300,-141,350,726
71.79305,156,1284,-1740,530,4266,-141,350,726
71.79355,156,1284,-1740,530,4254,-141,350,726
71.79405,157,1284,-1740,530,4253,-141,349,726
71.79455,156,1284,-1740,530,4258,-141,350,726
71.79505,157,1284,-1740,529,4263,-141,350,726
71.79555,157,1284,-1739,528,4263,-141,350,726
71.79605,156,1284,-1739,528,4262,-141,350,726
71.79655,156,1284,-1739,529,4266,-141,349,726
71.79705,156,1284,-1739,529,4268,-141,349,726
71.79755,156,1284,-1739,529,4268,-141,349,726
71.79805,156,1284,-1738,529,4266,-141,350,726
71.79855,156,1284,-1739,528,4265,-141,349,726
71.79905,156,1284,-1739,528,4266,-141,350,726
71.79955,157,1284,-1738,528,4266,-141,350,726
71.80005,156,1284,-1738,528,4267,-141,349,726
71.80055,156,1284,-1738,528,4271,-141,349,726
71.80105,157,1284,-1738,529,4306,-141,349,726
71.80155,157,1284,-1738,529,4315,-141,349,726
71.80205,156,1284,-1737,529,4309,-141,349,726
71.80255,156,1284,-1738,529,4291,-141,350,726
71.80305,156,1284,-1738,529,4262,-141,350,726
71.80355,156,1284,-1738,529,4251,-141,349,726
71.80405,157,1284,-1739,529,4251,-140,350,726
71.80455,157,1284,-1740,529,4260,-141,349,726
71.80505,157,1284,-1740,528,4269,-141,349,726
71.80555,156,1284,-1740,528,4272,-141,350,726
71.80605,157,1284,-1740,528,4274,-141,350,726
71.80655,157,1284,-1741,528,4275,-141,350,726
71.80705,157,1284,-1741,528,4276,-141,350,726
71.80755,157,1284,-1741,528,4275,-140,350,726
71.80805,157,1284,-1740,528,4273,-141,350,726
71.80855,157,1284,-1740,528,4270,-141,350,726
71.80905,157,1284,-1739,529,4271,-141,350,726
71.80955,156,1284,-1739,530,4268,-141,350,726
71.81005,157,1283,-1739,531,4263,-141,350,726
71.81055,157,1284,-1739,532,4269,-141,349,726
71.81105,156,1284,-1739,532,4308,-141,349,726
71.81155,157,1284,-1739,531,4317,-141,350,726
71.81205,156,1284,-1739,530,4312,-141,350,725
71.81255,156,1284,-1739,530,4292,-141,350,726
71.81305,156,1284,-1739,529,4258,-141,350,725
71.81355,156,1284,-1739,529,4252,-141,350,726
71.81405,157,1284,-1739,529,4249,-141,350,725
71.81455,156,1284,-1739,529,4257,-141,350,726
71.81505,156,1284,-1740,530,4258,-141,349,726
71.81555,156,1284,-1740,530,4264,-141,349,726
71.81605,156,1284,-1740,531,4266,-141,349,726
71.81655,156,1284,-1739,530,4269,-141,349,726
71.81705,157,1284,-1739,530,4270,-141,349,726
71.81755,156,1284,-1739,529,4271,-141,349,726
71.81805,157,1284,-1739,528,4272,-141,350,725
71.81855,156,1284,-1739,527,4271,-141,349,725
71.81905,157,1284,-1738,527,4267,-141,350,725
71.81955,156,1284,-1738,528,4268,-141,350,725
71.82005,156,1284,-1738,528,4269,-141,349,725
71.82055,156,1284,-1738,529,4280,-141,350,726
71.82105,156,1284,-1739,529,4316,-141,349,726
71.82155,157,1284,-1739,530,4325,-141,350,726
71.82205,156,1284,-1739,529,4322,-141,350,726
71.82255,156,1284,-1739,529,4299,-141,350,726
71.82305,156,1284,-1739,529,4273,-141,350,725
71.82355,157,1284,-1740,529,4266,-141,350,726
71.82405,157,1284,-1740,529,4263,-141,349,726
71.82455,157,1284,-1741,529,4270,-141,349,726
71.82505,156,1284,-1740,529,4275,-141,349,725
71.82555,156,1284,-1740,529,4274,-141,350,726
71.82605,156,1284,-1740,529,4270,-141,349,726
71.82655,156,1284,-1740,529,4274,-141,349,726
71.82705,157,1284,-1739,529,4276,-141,349,726
71.82755,157,1284,-1739,529,4273,-141,350,726
71.82805,157,1284,-1738,529,4270,-141,349,726
71.82855,156,1284,-1739,529,4271,-141,350,726
71.82905,156,1284,-1738,530,4271,-141,349,726
71.82955,156,1284,-1738,530,4267,-141,350,727
71.83005,157,1284,-1739,530,4263,-141,350,726
71.83055,157,1284,-1739,530,4270,-141,350,726
71.83105,156,1284,-1739,530,4312,-141,349,726
71.83155,157,1284,-1738,530,4317,-141,350,726
71.83205,156,1284,-1739,529,4312,-141,350,726
71.83255,156,1284,-1738,530,4289,-141,350,726
71.83305,156,1284,-1739,529,4260,-141,350,726
71.83355,156,1284,-1739,530,4254,-141,350,726
71.83405,157,1283,-1739,530,4257,-141,350,726
71.83455,156,1284,-1740,530,4261,-141,349,726
71.83505,156,1284,-1742,530,4266,-141,349,726
71.83555,157,1284,-1742,530,4265,-141,349,726
71.83605,157,1284,-1743,530,4266,-141,349,726
71.83655,157,1284,-1743,530,4271,-141,350,726
71.83705,156,1284,-1743,530,4275,-141,349,726
71.83755,157,1284,-1743,530,4277,-141,349,726
71.83805,156,1284,-1741,529,4277,-141,349,726
71.83855,157,1284,-1738,529,4278,-141,350,726
71.83905,157,1284,-1735,529,4279,-141,349,726
71.83955,157,1284,-1735,528,4281,-141,349,726
71.84005,157,1284,-1736,529,4280,-141,350,726
71.84055,157,1284,-1737,530,4290,-141,349,726
71.84105,157,1284,-1737,531,4323,-141,349,726
71.84155,157,1284,-1738,531,4324,-141,349,726
71.84215,157,1284,-1739,532,4315,-141,350,726
71.84265,157,1284,-1739,532,4291,-141,350,726
71.84315,157,1284,-1739,532,4264,-141,350,726
71.84365,157,1284,-1739,532,4254,-141,350,726
71.84415,157,1284,-1739,531,4256,-141,350,726
71.84465,157,1284,-1739,531,4265,-142,349,726
71.845146,157,1284,-1740,530,4270,-142,350,726
71.84565,157,1284,-1740,531,4271,-141,350,726
71.84615,157,1284,-1739,532,4271,-141,349,726
71.84665,156,1284,-1739,531,4271,-142,350,726
71.84715,157,1284,-1739,528,4270,-141,349,725
71.84765,157,1284,-1739,527,4269,-141,350,726
71.84815,156,1284,-1739,527,4262,-142,350,726
71.84865,156,1284,-1739,528,4264,-142,350,726
71.84915,156,1284,-1739,528,4267,-141,350,726
71.84965,156,1284,-1739,528,4266,-142,349,726
71.85015,156,1284,-1738,527,4262,-141,350,726
71.85065,156,1284,-1738,528,4276,-141,349,726
71.85115,156,1284,-1738,527,4312,-141,349,726
71.85165,156,1284,-1738,526,4316,-142,349,726
71.85215,156,1284,-1739,527,4308,-142,349,726
71.85265,156,1284,-1739,528,4284,-142,350,726
71.85315,156,1284,-1739,530,4259,-142,349,726
71.85365,157,1284,-1739,531,4255,-141,349,726
71.85415,156,1284,-1739,531,4257,-142,349,726
71.85465,157,1284,-1739,530,4264,-141,350,726
71.85515,156,1284,-1739,530,4269,-142,349,726
71.85565,157,1284,-1739,529,4271,-141,350,726
71.85615,156,1284,-1739,530,4272,-142,350,726
71.85665,157,1284,-1739,530,4274,-141,349,726
71.85715,157,1284,-1739,530,4275,-141,350,726
71.85765,156,1284,-1739,530,4275,-141,350,726
71.85815,156,1284,-1739,530,4274,-141,350,726
71.85865,157,1284,-1739,530,4271,-142,350,726
71.85915,156,1284,-1739,530,4271,-141,350,726
71.85965,156,1284,-1739,530,4271,-142,349,726
71.86015,156,1284,-1739,530,4268,-141,349,726
71.86065,157,1284,-1739,530,4283,-142,349,726
71.86115,156,1284,-1739,530,4313,-141,349,726
71.86165,156,1284,-1739,529,4311,-142,349,726
71.86215,156,1284,-1738,529,4305,-142,349,726
71.86265,157,1284,-1738,528,4277,-142,350,726
71.86315,156,1284,-1738,528,4254,-142,350,726
71.86365,156,1284,-1738,528,4249,-141,350,726
71.86415,156,1284,-1739,529,4250,-142,350,726
71.86465,157,1284,-1739,529,4256,-141,350,726
71.86515,156,1284,-1740,530,4257,-142,350,726
71.86565,156,1285,-1740,530,4258,-142,350,726
71.86615,157,1284,-1740,530,4258,-142,350,726
71.86665,156,1284,-1740,530,4259,-142,350,726
71.86715,156,1284,-1740,530,4261,-142,350,726
71.86765,156,1284,-1740,530,4262,-142,349,726
71.86815,156,1284,-1739,530,4262,-142,349,726
71.86865,156,1284,-1739,530,4263,-142,350,726
71.86915,156,1284,-1740,530,4263,-142,350,726
71.86965,156,1284,-1740,531,4259,-142,350,726
71.87015,156,1285,-1739,531,4257,-142,350,726
71.87065,157,1284,-1740,532,4278,-142,349,726
71.87115,156,1284,-1739,531,4312,-142,349,726
71.87165,157,1284,-1739,530,4313,-142,349,726
71.87215,156,1284,-1739,529,4306,-142,349,726
71.87265,156,1284,-1739,529,4278,-142,349,726
71.87315,157,1284,-1738,529,4255,-142,350,726
71.87365,157,1284,-1739,530,4251,-142,349,726
71.87415,157,1284,-1739,530,4252,-142,349,726
71.87465,156,1284,-1739,530,4258,-142,349,726
71.87515,156,1284,-1738,529,4258,-142,349,726
71.87565,156,1284,-1739,528,4256,-142,349,726
71.87615,157,1284,-1739,527,4258,-141,348,726
71.87665,156,1284,-1739,527,4263,-142,349,726
71.87715,157,1284,-1739,528,4264,-142,349,726
71.87765,156,1284,-1739,528,4265,-142,349,726
71.87815,156,1284,-1739,528,4262,-142,349,726
71.87865,156,1284,-1738,528,4262,-141,349,726
71.87915,156,1284,-1739,529,4262,-142,349,726
71.87965,156,1284,-1739,529,4262,-142,349,726
71.88015,156,1284,-1738,529,4259,-142,349,726
71.88065,156,1285,-1737,530,4279,-141,349,726
71.88115,157,1284,-1737,530,4304,-142,349,726
71.88165,156,1284,-1737,530,4301,-142,349,726
71.88215,156,1284,-1738,530,4292,-142,350,726
71.88265,157,1284,-1739,531,4264,-142,350,726
71.88315,156,1284,-1739,530,4243,-142,350,726
71.88365,156,1284,-1740,532,4238,-142,350,726
71.88415,156,1284,-1740,532,4243,-142,350,726
71.88465,156,1284,-1740,531,4252,-142,350,726
71.88515,156,1284,-1740,530,4257,-142,350,726
71.88565,156,1284,-1739,528,4258,-142,350,726
71.88615,157,1284,-1739,528,4259,-142,350,726
71.88665,156,1284,-1739,528,4261,-142,350,726
71.88715,156,1284,-1740,528,4263,-142,350,726
71.88765,156,1284,-1739,528,4263,-142,350,726
71.88815,157,1284,-1739,529,4262,-142,350,725
71.88865,157,1284,-1739,529,4261,-142,350,726
71.88915,157,1284,-1738,529,4259,-142,350,726
71.88965,156,1284,-1738,530,4262,-142,350,726
71.89015,156,1284,-1738,530,4259,-142,350,726
71.89065,157,1284,-1739,530,4286,-142,350,726
71.89115,156,1284,-1739,530,4310,-142,349,726
71.89165,157,1285,-1739,530,4308,-141,350,726
71.89215,156,1285,-1739,530,4297,-142,350,726
71.89265,156,1284,-1739,529,4266,-141,351,726
71.89315,156,1284,-1738,529,4247,-142,351,726
71.89365,157,1284,-1738,529,4246,-141,351,726
71.89415,156,1285,-1738,529,4248,-142,351,726
71.89465,157,1284,-1738,529,4253,-142,351,726
71.89515,157,1284,-1738,529,4257,-142,351,726
71.89565,156,1284,-1738,529,4258,-142,351,726
71.89615,156,1284,-1738,529,4259,-142,351,726
71.89665,156,1284,-1738,529,4259,-142,351,726
71.89715,156,1285,-1738,529,4258,-142,351,726
71.89765,156,1284,-1738,529,4259,-142,351,726
71.89815,156,1284,-1738,529,4258,-142,351,725
71.89865,156,1284,-1738,529,4256,-142,350,726
71.89915,157,1285,-1738,529,4254,-142,350,726
71.89965,156,1285,-1738,529,4259,-142,350,726
71.90015,157,1285,-1739,529,4261,-142,349,726
71.90065,156,1284,-1738,530,4292,-142,348,726
71.90115,157,1284,-1739,530,4309,-142,348,726
71.90165,157,1285,-1739,530,4304,-142,349,726
71.90215,157,1284,-1739,530,4293,-142,349,726
71.90265,156,1284,-1739,530,4261,-142,349,726
71.90325,157,1284,-1739,530,4249,-142,348,726
71.90375,156,1284,-1740,530,4250,-142,348,726
71.90425,157,1284,-1740,530,4254,-142,349,726
71.90475,157,1284,-1740,530,4262,-142,349,726
71.90525,156,1284,-1740,529,4265,-142,349,726
71.90575,156,1284,-1740,529,4268,-142,349,726
71.90625,156,1284,-1740,530,4269,-142,349,726
71.90675,157,1284,-1739,529,4270,-142,349,726
71.90725,156,1284,-1739,529,4268,-142,349,726
71.90775,157,1284,-1739,529,4266,-142,349,726
71.90825,156,1284,-1739,529,4265,-142,349,726
71.90875,156,1284,-1738,530,4266,-142,349,726
71.90925,156,1284,-1739,530,4265,-142,349,726
71.90975,157,1284,-1738,531,4261,-142,349,726
71.91025,156,1284,-1738,530,4260,-142,349,726
71.91075,156,1284,-1739,531,4293,-142,349,726
71.91125,157,1284,-1739,530,4315,-142,349,726
71.91175,156,1284,-1739,529,4312,-142,349,726
71.91225,156,1284,-1739,529,4301,-142,349,726
71.91275,156,1284,-1739,530,4269,-141,350,726
71.91325,156,1284,-1739,529,4251,-142,350,726
71.91375,156,1284,-1739,530,4249,-141,350,726
71.91425,156,1284,-1739,529,4251,-142,350,726
71.91475,156,1285,-1739,529,4258,-142,349,726
71.91525,157,1284,-1739,529,4259,-142,349,726
71.91575,157,1284,-1739,529,4259,-142,349,726
71.91625,156,1284,-1738,529,4264,-141,349,726
71.91675,156,1284,-1738,529,4269,-142,349,726
71.91725,156,1284,-1738,529,4272,-141,349,727
71.91775,156,1284,-1738,529,4273,-141,349,726
71.91825,157,1284,-1739,530,4268,-142,350,726
71.91875,156,1284,-1739,530,4271,-141,350,726
71.91925,157,1284,-1739,531,4275,-142,350,726
71.91975,156,1285,-1739,531,4276,-141,350,726
71.92025,157,1284,-1740,531,4279,-142,349,726
71.92075,156,1284,-1739,532,4313,-141,349,726
71.92125,157,1284,-1739,532,4324,-141,349,726
71.92175,156,1284,-1739,532,4322,-142,350,726
71.92225,156,1284,-1739,531,4307,-141,350,726
71.92275,156,1284,-1739,532,4277,-141,350,726
71.92325,157,1284,-1740,532,4265,-142,350,726
71.92375,156,1284,-1740,532,4262,-142,350,726
71.92425,156,1284,-1740,533,4269,-142,349,726
71.92475,156,1284,-1740,532,4275,-141,350,726
71.92525,157,1284,-1740,532,4275,-141,350,726
71.92575,156,1284,-1740,531,4276,-141,349,726
71.92625,156,1284,-1739,532,4276,-142,349,726
71.92675,157,1284,-1738,531,4277,-142,349,726
71.92725,157,1284,-1738,530,4277,-142,349,726
71.92775,156,1284,-1738,529,4277,-142,349,726
71.92825,156,1284,-1738,528,4275,-142,349,726
71.92875,156,1284,-1738,527,4275,-142,349,726
71.92925,156,1284,-1738,526,4276,-142,349,726
71.92975,156,1284,-1738,527,4274,-142,350,726
71.93025,156,1285,-1738,528,4273,-141,349,726
71.93075,157,1284,-1738,529,4308,-142,349,726
71.93125,156,1285,-1739,529,4316,-142,349,726
71.93175,156,1284,-1739,529,4314,-142,349,726
71.93225,156,1284,-1739,529,4295,-142,349,726
71.93275,156,1284,-1739,529,4266,-142,350,726
71.93325,156,1284,-1739,529,4259,-142,349,726
71.93375,156,1284,-1739,529,4261,-142,350,726
71.93425,156,1285,-1739,529,4267,-142,349,726
71.93475,156,1285,-1740,529,4272,-141,349,726
71.93525,156,1284,-1739,529,4274,-141,350,727
71.93575,156,1284,-1738,529,4275,-142,349,726
71.93625,156,1284,-1737,529,4273,-141,349,726
71.93675,156,1284,-1737,529,4278,-142,349,726
71.93725,157,1284,-1738,529,4282,-141,349,726
71.93775,156,1284,-1738,529,4283,-141,349,726
71.93825,156,1284,-1738,529,4284,-141,350,726
71.93875,157,1284,-1738,529,4285,-141,349,726
71.93925,156,1284,-1738,530,4286,-141,350,726
71.93975,156,1285,-1738,529,4286,-141,350,726
71.94025,157,1284,-1739,529,4292,-141,349,726
71.94075,156,1284,-1739,530,4328,-141,349,727
71.94125,156,1284,-1739,529,4329,-142,349,726
71.94175,156,1284,-1739,530,4317,-141,349,727
71.94225,156,1284,-1739,529,4301,-141,350,726
71.94275,156,1284,-1739,529,4267,-141,350,726
71.94325,156,1284,-1739,530,4264,-141,350,726
71.94375,156,1284,-1739,530,4268,-141,350,726
71.94425,156,1284,-1739,530,4271,-141,349,726
71.94475,156,1284,-1738,530,4276,-141,349,726
71.94525,156,1284,-1738,529,4277,-141,350,726
71.94575,156,1284,-1738,529,4278,-142,349,726
71.94625,156,1284,-1738,530,4278,-142,350,726
71.94675,157,1285,-1738,530,4277,-142,350,726
71.94725,156,1285,-1738,530,4273,-141,350,726
71.94775,157,1284,-1738,530,4272,-142,350,726
71.94825,156,1285,-1739,530,4274,-141,349,726
71.94875,156,1284,-1738,529,4273,-142,350,726
71.94925,156,1284,-1739,529,4273,-141,349,726
71.94975,157,1284,-1739,529,4274,-142,349,726
71.95025,156,1284,-1739,530,4280,-142,349,727
71.95075,156,1285,-1739,530,4314,-142,349,727
71.95125,156,1284,-1739,530,4311,-142,349,726
71.95175,156,1284,-1740,530,4307,-142,349,727
71.95225,156,1285,-1739,530,4292,-142,350,726
71.95275,156,1284,-1739,529,4265,-142,350,726
71.95325,156,1285,-1738,529,4262,-142,350,726
71.95375,157,1284,-1738,530,4265,-142,349,726
71.95425,157,1285,-1738,530,4269,-141,349,726
71.95475,156,1284,-1738,530,4275,-142,349,726
71.95525,156,1284,-1739,530,4275,-142,350,726
71.95575,156,1284,-1738,529,4276,-141,350,726
71.95625,157,1284,-1738,530,4281,-141,350,726
71.95675,157,1284,-1739,530,4283,-142,349,727
71.95725,156,1284,-1738,530,4283,-141,350,726
71.95775,157,1284,-1739,530,4279,-142,349,726
71.95825,156,1284,-1739,529,4281,-142,349,727
71.95875,157,1284,-1739,530,4280,-142,350,726
71.95925,156,1284,-1739,530,4276,-141,349,727
71.95975,156,1284,-1739,530,4278,-141,350,726
71.96025,157,1284,-1739,531,4285,-141,349,727
71.96075,156,1284,-1740,530,4321,-141,349,727
71.96125,156,1284,-1740,529,4317,-142,349,726
71.96175,157,1284,-1739,529,4311,-142,350,726
71.96225,156,1284,-1738,529,4292,-141,350,726
71.96275,156,1285,-1738,529,4265,-141,350,726
71.96325,156,1284,-1738,529,4257,-141,350,726
71.96375,156,1284,-1738,529,4256,-141,350,726
71.96425,156,1284,-1738,529,4263,-142,349,726
71.96475,156,1284,-1738,530,4268,-141,349,726
71.96525,156,1284,-1739,529,4268,-142,349,726
71.96585,156,1284,-1739,530,4269,-142,349,726
71.96635,156,1284,-1739,530,4270,-142,349,726
71.96685,156,1285,-1739,530,4271,-142,350,727
71.96735,157,1284,-1739,530,4271,-141,350,727
71.96785,156,1284,-1740,530,4268,-142,350,726
71.96835,157,1284,-1740,530,4265,-142,350,726
71.96885,156,1284,-1739,529,4268,-142,350,727
71.96935,156,1285,-1739,530,4271,-142,349,726
71.96985,157,1284,-1739,529,4265,-142,350,726
71.97035,156,1285,-1738,530,4276,-141,349,726
71.97085,157,1284,-1738,530,4313,-142,349,726
71.97135,157,1284,-1738,530,4314,-141,349,726
71.97185,156,1284,-1739,530,4312,-142,349,726
71.97235,157,1284,-1739,529,4289,-142,350,726
71.97285,156,1284,-1738,529,4264,-141,349,726
71.97335,156,1284,-1738,529,4259,-142,349,726
71.97385,157,1284,-1739,529,4260,-141,349,727
71.97435,157,1284,-1738,529,4264,-142,349,726
71.97485,156,1284,-1739,529,4263,-142,349,727
71.97535,157,1284,-1739,529,4266,-142,349,727
71.97585,156,1284,-1739,529,4263,-142,350,726
71.97635,157,1285,-1739,529,4263,-141,349,727
71.97685,156,1284,-1739,530,4268,-142,350,726
71.97735,156,1285,-1739,530,4266,-142,350,726
71.97785,157,1284,-1738,531,4270,-142,350,726
71.97835,157,1284,-1738,530,4270,-142,350,727
71.97885,157,1285,-1738,531,4268,-142,350,726
71.97935,156,1284,-1739,531,4263,-142,350,726
71.97985,156,1284,-1739,531,4265,-142,350,726
71.98035,157,1284,-1739,532,4279,-142,350,727
71.98085,157,1284,-1739,532,4310,-142,349,727
71.98135,157,1284,-1740,531,4302,-142,350,726
71.98185,157,1284,-1740,532,4292,-142,350,726
71.98235,157,1284,-1740,532,4273,-142,350,726
71.98285,157,1284,-1740,533,4250,-142,350,726
71.98335,157,1284,-1740,533,4247,-142,350,726
71.98385,157,1284,-1740,532,4252,-142,349,726
71.98435,157,1284,-1740,531,4258,-142,350,726
71.98485,157,1284,-1740,530,4262,-142,350,726
71.98535,157,1284,-1740,531,4262,-142,350,726
71.98585,157,1284,-1741,532,4263,-142,349,726
71.98635,157,1284,-1741,531,4264,-142,349,726
71.98685,157,1284,-1741,529,4265,-142,350,726
71.98735,156,1285,-1740,527,4262,-142,349,726
71.98785,156,1284,-1739,526,4263,-142,349,726
71.98835,156,1285,-1738,527,4266,-142,349,727
71.98885,156,1284,-1738,527,4265,-142,350,726
71.98935,156,1284,-1737,529,4263,-142,350,727
71.98985,156,1284,-1738,529,4265,-142,350,727
71.99035,156,1284,-1737,529,4274,-142,349,727
71.99085,157,1284,-1737,529,4303,-142,349,727
71.99135,157,1284,-1737,530,4302,-142,349,726
71.99185,157,1284,-1737,529,4298,-142,349,726
71.99235,156,1284,-1738,529,4277,-142,350,726
71.99285,156,1284,-1739,529,4254,-142,350,726
71.99335,157,1285,-1739,529,4249,-142,350,726
71.99385,156,1285,-1739,528,4250,-142,350,726
71.99435,156,1284,-1739,528,4256,-142,350,726
71.99485,156,1284,-1739,528,4258,-142,350,726
71.99535,156,1284,-1740,529,4255,-142,350,726
71.99585,156,1284,-1740,530,4257,-142,350,726
71.99635,156,1284,-1740,531,4260,-142,349,726
71.99685,156,1284,-1740,531,4261,-142,349,726
71.99735,156,1284,-1740,531,4260,-142,350,726
71.99785,156,1284,-1740,531,4260,-142,349,726
71.99835,157,1284,-1739,530,4258,-142,349,726
71.99885,156,1284,-1739,529,4258,-142,349,726
71.99935,157,1284,-1739,529,4258,-143,349,726
71.99985,156,1284,-1738,528,4258,-142,349,726
72.00035,157,1284,-1737,528,4279,-142,349,726
72.00085,157,1284,-1737,528,4309,-142,349,726
72.00135,156,1284,-1737,529,4304,-142,350,726
72.00185,156,1284,-1738,529,4294,-142,349,726
72.00235,157,1284,-1738,529,4269,-142,350,726
72.00285,156,1284,-1738,530,4245,-142,350,726
72.00335,157,1284,-1738,530,4243,-142,349,727
72.00385,157,1284,-1739,530,4248,-142,349,726
72.00435,156,1284,-1739,530,4254,-142,350,726
72.00485,156,1284,-1740,530,4263,-143,350,726
72.00535,156,1284,-1741,530,4267,-143,349,727
72.00585,157,1284,-1741,530,4268,-143,349,726
72.00635,156,1284,-1740,529,4265,-142,350,727
72.00685,156,1284,-1738,529,4269,-142,350,727
72.00735,157,1284,-1737,529,4266,-142,350,727
72.00785,156,1285,-1736,529,4265,-142,350,727
72.00835,156,1284,-1737,530,4261,-142,351,727
72.00885,156,1284,-1738,530,4259,-142,351,727
72.00935,157,1284,-1738,529,4259,-142,351,727
72.00985,156,1284,-1739,530,4257,-142,351,727
72.01035,157,1284,-1739,530,4276,-142,350,727
72.01085,157,1284,-1739,530,4303,-142,351,727
72.01135,157,1284,-1739,530,4300,-142,351,726
72.01185,157,1284,-1739,531,4292,-143,351,726
72.01235,156,1284,-1739,530,4270,-142,351,726
72.01285,157,1284,-1739,530,4251,-142,350,726
72.01335,157,1284,-1739,531,4248,-142,350,726
72.01385,156,1285,-1739,531,4249,-142,350,726
72.01435,156,1284,-1738,531,4254,-142,349,726
72.01485,156,1284,-1738,530,4257,-142,349,726
72.01535,156,1284,-1739,530,4258,-142,349,727
72.01585,157,1284,-1739,530,4259,-142,349,726
72.01635,156,1284,-1739,529,4257,-142,349,727
72.01685,156,1284,-1739,529,4262,-142,349,727
72.01735,156,1284,-1739,529,4261,-142,349,726
72.01785,156,1285,-1738,529,4262,-142,349,727
72.01835,157,1284,-1739,528,4266,-142,349,726
72.01885,156,1284,-1739,527,4262,-143,349,726
72.01935,156,1284,-1739,529,4266,-142,349,727
72.01985,156,1284,-1739,529,4267,-142,349,727
72.02035,156,1285,-1739,530,4288,-142,348,727
72.02085,157,1284,-1739,530,4312,-142,349,727
72.02135,156,1285,-1739,530,4309,-142,348,727
72.02185,157,1285,-1739,529,4298,-142,349,727
72.02235,156,1285,-1739,530,4270,-142,349,727
72.02285,156,1285,-1740,530,4253,-142,350,727
72.02335,157,1284,-1740,530,4254,-142,350,727
72.02385,157,1285,-1740,530,4260,-142,350,727
72.02435,156,1284,-1740,530,4266,-142,349,727
72.02485,156,1285,-1739,530,4267,-142,349,726
72.02535,156,1285,-1739,530,4268,-142,349,727
72.02585,156,1284,-1739,530,4271,-142,349,727
72.02635,156,1285,-1740,530,4268,-142,349,726
72.02685,156,1285,-1740,530,4266,-143,349,727
72.02735,157,1285,-1739,530,4267,-143,349,726
72.02795,156,1285,-1739,530,4266,-142,349,727
72.02845,156,1284,-1738,530,4270,-142,349,727
72.02895,156,1285,-1739,529,4264,-142,349,727
72.02945,156,1284,-1738,529,4263,-142,349,727
72.02995,156,1284,-1738,529,4260,-142,349,726
72.03045,156,1284,-1738,530,4286,-142,349,727
72.03095,156,1284,-1739,529,4308,-142,349,727
72.03145,156,1285,-1739,530,4299,-142,349,727
72.03195,156,1285,-1739,530,4289,-142,349,727
72.03245,156,1285,-1739,530,4260,-142,350,727
72.03295,156,1284,-1739,530,4245,-142,349,727
72.03345,156,1285,-1739,530,4246,-142,349,727
72.03395,156,1285,-1738,530,4250,-142,349,727
72.03445,157,1284,-1738,530,4256,-142,349,727
72.03495,156,1284,-1738,529,4258,-143,349,727
72.035446,157,1284,-1738,529,4257,-142,349,726
72.03595,156,1284,-1739,530,4261,-142,349,726
72.03645,156,1284,-1738,530,4271,-143,349,727
72.03695,157,1284,-1738,530,4273,-142,349,727
72.03745,156,1284,-1738,529,4268,-142,349,727
72.03795,156,1284,-1739,530,4268,-142,349,727
72.03845,156,1285,-1739,530,4270,-142,349,726
72.03895,156,1284,-1739,530,4270,-142,349,726
72.03945,157,1284,-1739,530,4275,-142,349,727
72.03995,156,1284,-1739,531,4276,-142,349,726
72.04045,157,1284,-1738,533,4302,-142,349,727
72.04095,156,1284,-1739,532,4320,-142,349,727
72.04145,156,1284,-1738,531,4308,-142,349,727
72.04195,156,1285,-1738,530,4293,-142,349,727
72.04245,156,1285,-1738,529,4261,-142,350,727
72.04295,156,1284,-1739,529,4246,-142,349,727
72.04345,157,1285,-1739,530,4246,-142,349,727
72.04395,156,1284,-1739,529,4253,-142,349,726
72.04445,156,1285,-1739,528,4260,-142,350,727
72.04495,156,1284,-1739,527,4266,-142,349,727
72.04545,156,1284,-1740,527,4263,-142,349,727
72.04595,157,1284,-1740,527,4262,-142,349,727
72.04645,157,1285,-1739,528,4263,-142,349,726
72.04695,157,1284,-1739,528,4263,-142,349,727
72.04745,157,1285,-1738,529,4266,-142,349,727
72.04795,156,1284,-1738,529,4262,-142,350,727
72.04845,157,1284,-1739,528,4258,-142,350,727
72.04895,156,1284,-1739,529,4256,-142,349,726
72.04945,157,1284,-1740,528,4259,-142,349,727
72.04995,157,1284,-1740,529,4265,-142,349,727
72.05045,157,1284,-1740,530,4294,-142,349,726
72.05095,157,1284,-1741,530,4305,-142,349,727
72.05145,157,1284,-1740,530,4304,-142,349,727
72.05195,157,1284,-1739,529,4286,-142,349,727
72.05245,156,1284,-1738,528,4255,-142,350,726
72.05295,157,1284,-1737,529,4246,-142,350,726
72.05345,157,1284,-1737,530,4254,-142,350,727
72.05395,157,1284,-1738,531,4260,-141,350,727
72.05445,157,1284,-1738,531,4260,-141,350,727
72.05495,157,1284,-1738,531,4262,-141,350,727
72.05545,157,1284,-1738,530,4265,-142,350,726
72.05595,156,1284,-1739,530,4268,-141,350,727
72.05645,156,1284,-1739,530,4274,-141,350,727
72.05695,156,1285,-1739,531,4271,-142,350,727
72.05745,156,1285,-1739,531,4270,-142,350,727
72.05795,156,1285,-1738,530,4270,-142,350,727
72.05845,156,1285,-1738,529,4270,-141,349,727
72.05895,156,1284,-1739,528,4268,-142,349,727
72.05945,156,1285,-1739,527,4267,-142,349,727
72.05995,156,1284,-1738,528,4270,-141,349,726
72.06045,156,1284,-1739,528,4306,-142,349,727
72.06095,156,1284,-1739,528,4317,-142,349,727
72.06145,156,1284,-1739,528,4307,-141,349,727
72.06195,156,1284,-1739,529,4284,-142,349,727
72.06245,156,1284,-1739,530,4254,-141,349,726
72.06295,156,1284,-1739,530,4245,-142,350,726
72.06345,156,1285,-1739,530,4251,-142,349,727
72.06395,157,1284,-1739,530,4257,-141,350,726
72.06445,156,1284,-1739,530,4259,-142,349,727
72.06495,156,1284,-1739,529,4263,-142,349,727
72.06545,156,1284,-1739,530,4261,-141,349,726
72.06595,156,1284,-1738,530,4260,-141,349,727
72.06645,156,1284,-1739,530,4266,-142,350,727
72.06695,156,1285,-1739,529,4262,-142,350,726
72.06745,156,1284,-1739,530,4261,-142,349,727
72.06795,156,1284,-1739,530,4269,-142,350,727
72.06845,156,1284,-1739,530,4267,-142,349,726
72.06895,156,1284,-1738,529,4263,-142,350,726
72.06945,156,1285,-1738,529,4269,-142,349,726
72.06995,156,1284,-1738,530,4276,-142,349,727
72.07045,156,1284,-1738,530,4308,-142,349,727
72.07095,156,1284,-1739,529,4308,-142,349,727
72.07145,156,1284,-1739,529,4301,-142,349,726
72.07195,156,1285,-1739,530,4287,-142,349,726
72.07245,156,1285,-1738,529,4265,-142,349,726
72.07295,156,1285,-1739,529,4261,-142,350,726
72.07345,156,1284,-1739,530,4262,-142,350,726
72.07395,156,1284,-1739,530,4265,-142,350,726
72.07445,156,1284,-1738,530,4269,-141,349,727
72.07495,156,1284,-1739,530,4267,-141,350,726
72.07545,157,1284,-1739,529,4261,-141,349,727
72.07595,156,1284,-1739,529,4268,-141,349,726
72.07645,156,1284,-1738,530,4268,-141,349,726
72.07695,156,1284,-1738,529,4272,-141,349,726
72.07745,156,1284,-1738,529,4274,-142,349,727
72.07795,156,1284,-1738,529,4273,-141,349,727
72.07845,156,1285,-1739,530,4268,-141,349,727
72.07895,156,1284,-1739,529,4264,-141,350,727
72.07945,156,1285,-1740,530,4265,-141,349,727
72.07995,156,1284,-1741,530,4271,-141,349,726
72.08045,156,1284,-1741,530,4307,-141,349,727
72.08095,156,1284,-1742,529,4314,-141,350,727
72.08145,156,1284,-1742,530,4301,-141,350,726
72.08195,156,1284,-1742,529,4279,-141,350,726
72.08245,156,1284,-1741,530,4256,-141,350,726
72.08295,157,1284,-1737,530,4250,-142,349,726
72.08345,156,1284,-1735,530,4252,-141,349,726
72.08395,156,1284,-1735,530,4261,-142,349,726
72.08445,156,1284,-1737,531,4267,-142,349,727
72.08495,156,1284,-1738,531,4267,-142,350,726
72.08545,156,1284,-1738,531,4264,-141,349,726
72.08595,156,1284,-1739,531,4268,-142,350,726
72.08645,156,1284,-1739,531,4272,-142,350,726
72.08695,156,1284,-1739,531,4273,-141,349,726
72.08745,156,1284,-1740,531,4274,-142,349,726
72.08795,156,1285,-1739,531,4275,-142,350,727
72.08845,156,1284,-1739,531,4273,-141,350,726
72.08895,156,1284,-1739,530,4267,-141,350,727
72.08945,157,1284,-1738,529,4271,-141,349,726
72.09005,156,1284,-1738,528,4279,-141,349,726
72.09055,156,1284,-1738,528,4314,-141,349,727
72.09105,156,1284,-1738,528,4315,-141,349,726
72.09155,156,1284,-1738,528,4303,-141,349,726
72.09205,156,1284,-1739,529,4281,-141,349,726
72.09255,156,1284,-1739,529,4257,-140,350,726
72.09305,156,1284,-1739,530,4251,-141,350,726
72.09355,156,1284,-1739,530,4255,-141,349,727
72.09405,157,1284,-1739,529,4261,-141,350,727
72.09455,157,1284,-1738,530,4259,-141,350,727
72.09505,156,1285,-1739,530,4260,-141,350,727
72.09555,156,1284,-1739,530,4261,-141,350,726
72.09605,156,1284,-1739,530,4264,-141,349,726
72.09655,157,1284,-1739,530,4269,-141,350,726
72.09705,156,1284,-1739,530,4269,-142,349,726
72.09755,156,1284,-1739,530,4268,-141,349,726
72.09805,156,1284,-1739,530,4268,-141,349,726
72.09855,156,1284,-1738,529,4267,-141,349,727
72.09905,156,1284,-1739,530,4265,-141,350,726
72.09955,156,1284,-1739,530,4260,-141,349,727
72.10005,157,1284,-1739,530,4275,-141,349,727
72.10055,156,1284,-1739,530,4308,-141,349,727
72.10105,156,1284,-1739,530,4308,-141,349,726
72.10155,156,1284,-1740,530,4300,-141,349,727
72.10205,156,1284,-1740,529,4278,-141,350,726
72.10255,156,1284,-1740,530,4252,-141,350,726
72.10305,157,1285,-1740,530,4250,-141,350,726
72.10355,156,1284,-1740,530,4256,-141,349,727
72.10405,156,1285,-1740,530,4265,-142,350,727
72.10455,156,1284,-1740,530,4264,-141,349,727
72.10505,156,1285,-1739,530,4266,-141,349,727
72.10555,156,1284,-1738,529,4268,-141,349,726
72.10605,156,1284,-1737,529,4271,-141,350,726
72.10655,156,1284,-1736,529,4276,-141,350,726
72.10705,156,1284,-1737,530,4275,-141,350,726
72.10755,156,1284,-1737,531,4274,-142,349,727
72.10805,156,1284,-1738,531,4275,-141,349,726
72.10855,156,1284,-1738,531,4269,-141,349,727
72.10905,156,1284,-1739,531,4268,-141,350,727
72.10955,156,1284,-1739,531,4263,-142,349,726
72.11005,156,1284,-1739,532,4275,-141,350,727
72.11055,157,1284,-1739,532,4309,-142,350,727
72.11105,156,1285,-1739,532,4303,-141,350,727
72.11155,156,1284,-1739,532,4294,-141,350,726
72.11205,156,1285,-1739,531,4272,-142,350,726
72.11255,156,1285,-1739,530,4254,-141,349,726
72.11305,156,1285,-1739,529,4253,-141,349,727
72.11355,156,1284,-1739,528,4253,-142,349,726
72.11405,156,1284,-1739,528,4253,-142,349,726
72.11455,156,1284,-1739,529,4259,-141,349,726
72.11505,157,1284,-1739,528,4258,-141,350,726
72.11555,156,1284,-1738,528,4258,-141,349,726
72.11605,156,1284,-1738,529,4263,-141,350,727
72.11655,156,1285,-1738,529,4265,-141,349,726
72.11705,156,1284,-1738,529,4262,-141,349,727
72.11755,156,1285,-1738,530,4266,-141,349,726
72.11805,156,1284,-1739,530,4265,-141,350,727
72.11855,156,1284,-1739,530,4268,-141,350,726
72.11905,156,1284,-1739,530,4264,-141,350,726
72.11955,156,1285,-1739,531,4267,-141,350,726
72.12005,156,1284,-1739,531,4283,-141,350,727
72.12055,156,1285,-1739,531,4316,-141,350,727
72.12105,156,1285,-1739,530,4310,-141,350,726
72.12155,157,1284,-1739,530,4301,-141,350,726
72.12205,156,1284,-1739,529,4281,-141,350,726
72.12255,156,1284,-1738,529,4260,-141,350,726
72.12305,156,1285,-1739,530,4255,-141,350,726
72.12355,156,1284,-1738,530,4258,-141,349,727
72.12405,156,1284,-1739,530,4265,-141,349,726
72.12455,156,1284,-1739,531,4266,-141,349,726
72.12505,156,1284,-1739,531,4269,-141,349,726
72.12555,156,1284,-1740,531,4270,-141,348,727
72.12605,156,1284,-1739,531,4269,-141,348,726
72.12655,156,1285,-1740,532,4266,-142,348,726
72.12705,156,1284,-1739,531,4269,-141,348,726
72.12755,156,1284,-1739,530,4271,-142,347,726
72.12805,156,1284,-1738,528,4270,-141,347,727
72.12855,156,1284,-1738,526,4267,-141,348,727
72.12905,156,1285,-1737,527,4259,-142,347,726
72.12955,156,1285,-1738,527,4257,-142,348,726
72.13005,157,1284,-1738,529,4280,-141,347,726
72.13055,156,1284,-1739,530,4307,-142,348,726
72.13105,156,1284,-1738,530,4302,-142,348,726
72.13155,156,1284,-1739,529,4293,-142,349,726
72.13205,156,1284,-1739,529,4264,-142,349,726
72.13255,156,1284,-1739,530,4245,-142,349,726
72.13305,156,1284,-1738,530,4243,-141,350,726
72.13355,156,1284,-1738,530,4249,-141,350,726
72.13405,156,1284,-1738,531,4256,-141,350,727
72.13455,156,1284,-1739,531,4260,-141,350,726
72.13505,156,1284,-1739,531,4257,-141,350,726
72.13555,156,1284,-1739,531,4262,-141,350,727
72.13605,157,1284,-1739,532,4265,-141,350,726
72.13655,156,1284,-1739,531,4262,-141,350,726
72.13705,157,1284,-1738,530,4266,-141,350,726
72.13755,156,1284,-1739,529,4270,-141,350,727
72.13805,157,1284,-1738,529,4271,-141,350,727
72.13855,157,1284,-1738,528,4266,-141,350,727
72.13905,157,1284,-1738,528,4265,-142,350,727
72.13955,157,1284,-1738,528,4265,-141,350,726
72.14005,157,1284,-1738,529,4289,-141,350,727
72.14055,157,1284,-1739,529,4319,-141,349,727
72.14105,156,1284,-1739,529,4311,-141,350,726
72.14155,156,1285,-1739,530,4298,-141,350,727
72.14205,156,1284,-1739,529,4268,-141,350,726
72.14255,156,1284,-1739,529,4247,-141,350,727
72.14305,156,1285,-1739,529,4246,-141,350,727
72.14355,156,1284,-1739,530,4248,-141,350,727
72.14405,156,1284,-1739,530,4254,-141,350,726
72.14455,156,1284,-1739,530,4258,-141,350,726
72.14505,156,1285,-1739,530,4264,-141,350,726
72.14555,156,1284,-1739,530,4265,-141,350,727
72.14605,156,1284,-1740,530,4264,-141,350,727
72.14655,156,1284,-1741,530,4257,-141,350,727
72.14705,156,1284,-1741,530,4251,-141,350,727
72.14755,156,1284,-1740,530,4253,-141,350,726
72.14805,156,1284,-1740,530,4257,-141,350,727
72.14855,157,1284,-1738,530,4260,-141,350,726
72.14905,157,1285,-1738,529,4254,-141,350,727
72.14955,156,1284,-1737,529,4256,-141,350,727
72.15005,156,1284,-1738,530,4278,-141,349,727
72.15055,157,1284,-1738,530,4298,-141,349,727
72.15115,156,1284,-1739,529,4293,-141,350,727
72.15165,156,1284,-1739,530,4283,-141,350,727
72.15215,156,1284,-1739,529,4255,-141,350,726
72.15265,156,1284,-1739,530,4240,-141,350,726
72.15315,156,1284,-1739,530,4246,-141,350,727
72.15365,156,1284,-1739,530,4251,-141,350,727
72.15415,156,1284,-1739,530,4252,-141,350,727
72.15465,156,1285,-1739,531,4253,-141,350,726
72.15515,156,1284,-1739,531,4254,-141,350,726
72.15565,156,1284,-1739,531,4263,-142,350,726
72.15615,156,1284,-1739,531,4268,-141,350,726
72.15665,157,1284,-1739,531,4269,-141,350,726
72.15715,156,1284,-1739,531,4268,-141,350,726
72.157646,156,1285,-1739,530,4267,-141,350,726
72.15815,156,1284,-1738,529,4266,-141,350,726
72.15865,157,1285,-1738,529,4264,-141,350,726
72.15915,156,1285,-1739,529,4260,-141,349,726
72.15965,157,1285,-1739,529,4258,-141,350,726
72.16015,156,1284,-1739,529,4286,-141,349,727
72.16065,157,1285,-1739,528,4306,-141,349,727
72.16115,156,1285,-1739,528,4295,-141,350,727
72.16165,156,1285,-1739,528,4280,-142,350,726
72.16215,156,1285,-1738,529,4249,-141,350,726
72.16265,156,1285,-1738,531,4240,-141,350,726
72.16315,156,1285,-1739,531,4239,-142,350,726
72.16365,156,1285,-1739,531,4243,-142,350,726
72.16415,156,1285,-1739,532,4249,-141,350,726
72.16465,156,1284,-1739,532,4249,-142,350,726
72.16515,156,1285,-1739,533,4250,-142,350,727
72.16565,156,1284,-1740,533,4249,-142,350,726
72.16615,156,1284,-1740,532,4247,-141,350,727
72.16665,156,1285,-1739,531,4251,-142,349,726
72.16715,156,1284,-1738,530,4251,-142,349,727
72.16765,156,1285,-1738,529,4256,-142,349,726
72.16815,156,1285,-1738,528,4254,-141,349,727
72.16865,156,1284,-1738,528,4255,-141,350,727
72.16915,156,1285,-1739,529,4249,-141,350,727
72.16965,157,1285,-1739,529,4248,-141,350,727
72.17015,156,1284,-1739,529,4281,-141,349,727
72.17065,156,1285,-1739,529,4297,-141,350,727
72.17115,156,1284,-1739,529,4293,-141,350,727
72.17165,156,1285,-1738,528,4282,-141,350,727
72.17215,156,1285,-1738,528,4251,-141,350,727
72.17265,156,1284,-1739,529,4240,-141,350,727
72.17315,156,1285,-1739,529,4242,-141,350,727
72.17365,156,1284,-1739,529,4249,-141,350,727
72.17415,157,1285,-1740,529,4256,-141,350,727
72.17465,156,1284,-1740,529,4257,-141,349,727
72.17515,156,1285,-1740,529,4257,-141,350,727
72.17565,156,1284,-1740,529,4256,-141,350,727
72.17615,156,1285,-1739,529,4256,-141,350,727
72.17665,157,1284,-1739,529,4256,-141,350,727
72.17715,156,1284,-1739,530,4256,-141,350,727
72.17765,156,1284,-1740,530,4256,-141,349,726
72.17815,156,1284,-1740,530,4257,-141,349,727
72.17865,156,1284,-1740,530,4261,-141,349,727
72.17915,156,1284,-1740,530,4256,-141,349,726
72.17965,157,1284,-1739,530,4254,-141,349,727
72.18015,157,1284,-1741,530,4292,-141,349,727
72.18065,156,1284,-1741,530,4299,-141,349,727
72.18115,157,1284,-1740,531,4291,-141,350,727
72.18165,157,1284,-1740,531,4273,-141,350,727
72.18215,157,1285,-1739,532,4240,-141,350,727
72.18265,157,1284,-1738,531,4231,-141,350,727
72.18315,157,1285,-1737,530,4233,-141,350,727
72.18365,157,1284,-1736,529,4240,-141,349,727
72.18415,157,1284,-1737,529,4249,-141,350,727
72.18465,157,1284,-1736,528,4252,-141,350,727
72.18515,157,1284,-1736,529,4254,-141,349,727
72.18565,156,1284,-1736,529,4255,-141,350,727
72.18615,157,1285,-1738,529,4256,-141,349,727
72.18665,157,1285,-1739,529,4255,-141,350,727
72.18715,157,1284,-1739,529,4256,-141,350,727
72.18765,157,1285,-1739,529,4260,-141,350,727
72.18815,157,1285,-1739,529,4265,-141,349,727
72.18865,157,1285,-1739,529,4264,-141,349,727
72.18915,156,1285,-1739,529,4262,-141,350,727
72.18965,156,1284,-1739,530,4265,-141,349,727
72.19015,156,1285,-1740,529,4300,-141,349,727
72.19065,155,1285,-1740,529,4305,-141,350,727
72.19115,156,1284,-1741,529,4296,-141,350,727
72.19165,156,1285,-1740,529,4276,-141,350,727
72.19215,156,1285,-1740,530,4246,-141,350,727
72.19265,156,1284,-1740,530,4239,-141,350,727
72.19315,156,1284,-1740,530,4242,-141,350,727
72.19365,156,1285,-1738,530,4248,-142,349,727
72.19415,156,1284,-1738,530,4253,-141,349,727
72.19465,156,1285,-1737,530,4252,-141,350,727
72.19515,156,1284,-1738,530,4251,-141,349,727
72.19565,156,1285,-1738,530,4256,-141,350,727
72.19615,156,1284,-1738,529,4259,-141,350,727
72.19665,156,1285,-1738,529,4259,-141,350,727
72.19715,156,1284,-1738,529,4258,-141,350,727
72.19765,156,1285,-1738,530,4258,-141,349,727
72.19815,156,1285,-1738,529,4257,-141,349,727
72.19865,156,1285,-1738,529,4257,-141,350,727
72.19915,156,1285,-1737,529,4256,-141,349,727
72.19965,156,1284,-1737,530,4261,-141,349,727
72.20015,157,1284,-1737,530,4299,-141,349,727
72.20065,156,1284,-1737,530,4304,-141,349,727
72.20115,156,1284,-1737,530,4299,-141,349,727
72.20165,157,1284,-1738,530,4276,-141,350,727
72.20215,156,1285,-1739,530,4245,-141,350,727
72.20265,156,1284,-1739,530,4241,-141,350,727
72.20315,156,1285,-1740,530,4243,-141,349,727
72.20365,156,1284,-1740,529,4253,-141,350,727
72.20415,156,1285,-1740,529,4261,-141,349,727
72.20465,156,1284,-1739,529,4263,-142,350,727
72.20515,157,1285,-1738,528,4266,-141,349,727
72.20565,157,1284,-1738,529,4268,-141,349,727
72.20615,156,1284,-1738,529,4270,-141,349,727
72.20665,157,1284,-1739,529,4270,-141,349,727
72.20715,156,1284,-1739,530,4270,-141,349,727
72.20765,157,1284,-1740,530,4270,-141,349,727
72.20815,156,1284,-1739,530,4269,-141,349,727
72.20865,156,1284,-1739,530,4267,-141,350,727
72.20915,157,1284,-1738,530,4262,-141,350,727
72.20965,157,1284,-1738,531,4269,-141,350,727
72.21015,157,1284,-1738,531,4304,-141,350,727
72.21065,157,1284,-1738,531,4304,-141,349,727
72.21115,156,1284,-1738,531,4296,-141,349,727
72.21165,156,1284,-1738,531,4275,-142,349,727
72.21215,157,1284,-1739,531,4246,-141,350,727
72.21275,156,1284,-1739,532,4243,-141,350,727
72.21325,157,1284,-1738,532,4246,-141,350,726
72.21375,156,1285,-1738,533,4255,-141,350,727
72.21425,156,1285,-1738,533,4263,-141,350,726
72.21475,156,1284,-1738,533,4261,-141,350,727
72.21525,156,1285,-1738,532,4264,-141,350,727
72.21575,155,1285,-1739,531,4261,-141,350,727
72.21625,156,1285,-1740,529,4262,-141,350,727
72.21675,156,1285,-1739,527,4265,-141,349,727
72.21725,156,1284,-1740,526,4267,-141,350,727
72.21775,156,1284,-1739,527,4268,-141,350,726
72.21825,156,1284,-1739,527,4270,-141,350,727
72.21875,156,1284,-1738,527,4273,-141,349,727
72.21925,156,1285,-1738,526,4269,-141,349,727
72.21975,156,1284,-1738,526,4278,-141,348,727
72.22025,156,1284,-1739,527,4315,-141,348,727
72.22075,156,1284,-1739,527,4317,-141,349,727
72.22125,156,1284,-1739,528,4310,-141,349,727
72.22175,156,1284,-1739,528,4286,-141,349,727
72.22225,156,1284,-1739,529,4257,-141,349,727
72.22275,156,1284,-1738,530,4256,-141,349,727
72.22325,156,1284,-1738,531,4260,-141,349,727
72.22375,156,1284,-1738,531,4268,-141,349,727
72.22425,156,1284,-1738,532,4275,-141,350,727
72.22475,156,1284,-1738,532,4276,-141,349,727
72.22525,156,1285,-1738,531,4276,-141,349,727
72.22575,157,1284,-1738,531,4275,-141,349,727
72.22625,156,1285,-1738,530,4274,-141,349,727
72.22675,156,1284,-1738,529,4271,-141,349,727
72.22725,156,1285,-1738,529,4271,-141,349,727
72.22775,156,1284,-1738,529,4274,-141,350,727
72.22825,156,1285,-1738,529,4276,-141,349,727
72.22875,156,1284,-1739,529,4274,-141,350,727
72.22925,156,1284,-1739,529,4269,-141,349,727
72.22975,156,1284,-1740,529,4279,-141,349,727
72.23025,156,1284,-1740,529,4313,-141,348,727
72.23075,157,1284,-1740,529,4309,-141,349,727
72.23125,156,1284,-1739,529,4300,-141,349,727
72.23175,156,1285,-1739,529,4274,-141,350,727
72.23225,156,1285,-1738,530,4250,-141,350,727
72.23275,156,1284,-1739,531,4248,-141,350,727
72.23325,156,1284,-1739,532,4255,-141,349,727
72.23375,156,1284,-1739,532,4262,-142,349,727
72.23425,156,1285,-1740,532,4266,-142,349,727
72.23475,156,1285,-1741,533,4266,-141,350,727
72.23525,156,1285,-1741,533,4267,-141,350,727
72.23575,156,1285,-1740,532,4272,-141,349,727
72.23625,156,1284,-1740,530,4275,-141,350,727
72.23675,156,1284,-1740,529,4277,-141,349,727
72.23725,157,1284,-1740,527,4278,-141,349,727
72.23775,156,1284,-1737,526,4279,-141,349,727
72.23825,157,1284,-1735,526,4281,-141,349,727
72.23875,156,1285,-1735,527,4282,-141,349,727
72.23925,156,1284,-1736,528,4280,-141,349,727
72.23975,156,1285,-1737,529,4293,-141,349,727
72.24025,156,1285,-1739,530,4327,-140,349,727
72.24075,156,1285,-1739,530,4325,-141,349,727
72.24125,156,1285,-1739,531,4316,-140,349,727
72.24175,156,1284,-1740,531,4288,-141,349,727
72.24225,156,1285,-1740,530,4259,-141,349,727
72.24275,156,1285,-1739,529,4256,-141,349,727
72.24325,156,1284,-1739,529,4258,-141,349,727
72.24375,156,1285,-1739,529,4265,-141,349,727
72.24425,156,1285,-1739,530,4273,-141,349,727
72.24475,156,1285,-1738,529,4274,-141,349,727
72.24525,156,1284,-1738,529,4274,-141,349,727
72.24575,156,1285,-1737,528,4275,-141,349,727
72.24625,156,1284,-1737,528,4275,-141,349,727
72.24675,156,1285,-1737,529,4274,-141,349,727
72.24725,156,1284,-1738,530,4273,-141,349,727
72.24775,156,1285,-1739,531,4272,-141,349,727
72.24825,157,1285,-1739,531,4272,-141,350,727
72.24875,156,1284,-1740,531,4270,-141,350,727
72.24925,156,1285,-1739,531,4266,-141,350,727
72.24975,156,1285,-1739,532,4281,-141,349,727
72.25025,157,1285,-1739,531,4315,-141,349,727
72.25075,156,1284,-1738,530,4310,-141,349,727
72.25125,156,1285,-1738,529,4300,-141,349,727
72.25175,156,1284,-1738,526,4273,-141,349,727
72.25225,156,1285,-1738,527,4250,-141,349,727
72.25275,156,1284,-1738,527,4250,-141,349,727
72.25325,156,1285,-1738,527,4256,-141,349,727
72.25375,156,1284,-1738,528,4265,-141,349,727
72.25425,156,1285,-1738,529,4270,-141,350,727
72.25475,156,1284,-1738,531,4272,-141,349,727
72.25525,156,1285,-1738,531,4274,-141,350,727
72.25575,156,1285,-1739,530,4276,-141,349,727
72.25625,156,1285,-1739,530,4277,-141,350,727
72.25675,156,1285,-1739,529,4278,-141,350,727
72.25725,156,1284,-1739,530,4278,-141,350,727
72.25775,156,1285,-1739,529,4278,-141,350,727
72.25825,156,1285,-1739,529,4276,-141,349,727
72.25875,156,1285,-1739,528,4274,-141,349,727
72.25925,157,1284,-1738,529,4272,-141,349,727
72.25975,157,1284,-1738,529,4289,-141,348,727
72.26025,157,1284,-1738,530,4319,-141,349,727
72.26075,156,1285,-1738,530,4315,-141,349,727
72.26125,156,1285,-1738,530,4305,-142,349,727
72.26175,156,1285,-1738,529,4273,-141,350,727
72.26225,157,1285,-1738,529,4251,-141,350,727
72.26275,157,1285,-1738,529,4249,-141,349,727
72.26325,157,1285,-1738,530,4252,-141,350,727
72.26375,157,1284,-1739,529,4260,-141,349,727
72.26425,156,1285,-1738,529,4263,-141,349,727
72.26475,157,1284,-1739,530,4263,-141,349,727
72.26525,157,1284,-1739,530,4263,-141,349,727
72.26575,156,1285,-1739,530,4264,-141,349,727
72.26625,157,1284,-1739,530,4263,-141,349,727
72.26675,157,1284,-1739,531,4261,-141,350,727
72.26725,156,1284,-1739,531,4264,-141,349,727
72.26775,156,1284,-1739,530,4268,-141,349,727
72.26825,156,1284,-1739,530,4269,-142,349,727
72.26875,157,1284,-1739,530,4267,-141,350,727
72.26925,156,1284,-1739,530,4262,-141,350,727
72.26975,157,1285,-1739,530,4284,-141,349,728
72.27025,156,1284,-1739,529,4312,-141,349,727
72.27075,156,1285,-1738,528,4309,-141,350,727
72.27125,157,1284,-1739,528,4295,-141,349,727
72.27175,156,1285,-1739,529,4263,-141,350,727
72.27225,156,1285,-1739,529,4246,-141,349,727
72.27275,156,1284,-1739,530,4248,-141,349,727
72.27325,156,1285,-1738,529,4255,-141,349,727
72.27375,156,1285,-1737,529,4261,-141,349,727
72.27435,157,1284,-1737,529,4262,-141,349,727
72.27485,156,1284,-1737,529,4259,-141,349,727
72.27535,156,1284,-1737,529,4261,-141,349,727
72.27585,156,1285,-1738,529,4265,-141,350,727
72.27635,156,1285,-1738,530,4264,-141,349,727
72.27685,156,1285,-1738,530,4264,-141,349,727
72.27735,156,1285,-1738,530,4264,-141,349,727
72.27785,156,1285,-1739,530,4263,-141,349,727
72.27835,156,1285,-1739,530,4263,-141,349,727
72.27885,156,1285,-1740,530,4263,-141,349,727
72.27935,156,1285,-1740,530,4260,-141,350,727
72.27985,157,1285,-1740,531,4283,-140,349,727
72.28035,156,1284,-1738,530,4306,-141,349,727
72.28085,156,1285,-1738,530,4299,-141,350,728
72.28135,156,1285,-1737,531,4288,-141,349,727
72.28185,156,1285,-1738,530,4259,-141,350,727
72.28235,156,1285,-1738,531,4234,-141,350,727
72.28285,156,1285,-1738,531,4235,-141,350,727
72.28335,156,1285,-1738,531,4239,-142,349,727
72.28385,156,1285,-1738,530,4247,-141,350,727
72.28435,157,1284,-1738,530,4254,-141,350,727
72.28485,156,1285,-1738,530,4258,-141,349,727
72.28535,156,1285,-1738,529,4260,-142,349,727
72.28585,156,1285,-1738,529,4261,-141,349,727
72.28635,156,1285,-1739,529,4262,-141,349,727
72.28685,156,1284,-1738,529,4263,-141,350,727
72.28735,156,1285,-1739,529,4264,-141,349,727
72.28785,156,1284,-1738,528,4265,-141,349,727
72.28835,156,1284,-1738,528,4267,-141,349,727
72.28885,157,1284,-1738,528,4266,-142,349,727
72.28935,156,1284,-1738,528,4262,-141,349,727
72.28985,156,1284,-1739,529,4290,-141,349,728
72.29035,156,1285,-1739,529,4312,-142,349,727
72.29085,156,1284,-1739,530,4307,-141,349,727
72.29135,156,1285,-1739,530,4289,-141,350,727
72.29185,156,1285,-1739,530,4253,-142,350,727
72.29235,156,1284,-1738,530,4237,-142,350,727
72.29285,157,1285,-1738,530,4239,-141,349,727
72.29335,156,1285,-1738,530,4244,-142,350,727
72.29385,156,1285,-1738,530,4253,-141,350,727
72.29435,156,1285,-1738,530,4256,-141,349,727
72.29485,156,1285,-1738,530,4257,-142,349,727
72.29535,156,1284,-1738,530,4258,-142,349,727
72.29585,156,1285,-1738,530,4259,-141,350,727
72.29635,156,1285,-1739,530,4258,-141,349,727
72.29685,156,1285,-1738,530,4258,-142,350,727
72.29735,156,1285,-1739,530,4258,-141,350,727
72.29785,156,1284,-1738,530,4257,-142,349,727
72.29835,156,1285,-1739,530,4255,-141,350,727
72.29885,156,1284,-1739,530,4253,-142,350,727
72.29935,156,1284,-1739,531,4253,-142,349,727
72.29985,157,1285,-1739,531,4285,-141,349,727
72.30035,156,1284,-1739,531,4304,-141,349,727
72.30085,157,1285,-1739,531,4299,-142,349,727
72.30135,156,1284,-1739,531,4286,-142,350,727
72.30185,157,1285,-1739,531,4251,-142,349,727
72.30235,157,1285,-1738,530,4238,-142,349,727
72.30285,156,1285,-1738,530,4238,-141,349,727
72.30335,156,1285,-1738,530,4243,-141,349,727
72.30385,156,1285,-1739,529,4253,-142,349,727
72.30435,156,1285,-1739,528,4257,-142,349,727
72.30485,156,1285,-1739,528,4259,-142,349,727
72.30535,156,1285,-1739,529,4260,-142,349,727
72.30585,156,1284,-1739,530,4262,-141,349,727
72.30635,156,1285,-1739,530,4260,-141,350,727
72.30685,156,1285,-1739,530,4259,-141,350,727
72.30735,156,1285,-1739,531,4262,-141,349,727
72.30785,156,1285,-1739,531,4264,-141,350,727
72.30835,156,1285,-1739,532,4263,-141,350,727
72.30885,157,1285,-1739,532,4261,-141,350,727
72.30935,156,1285,-1739,532,4256,-142,349,727
72.30985,156,1284,-1738,532,4288,-142,349,727
72.31035,157,1285,-1738,528,4300,-142,349,727
72.31085,156,1284,-1738,526,4291,-142,349,727
72.31135,156,1285,-1738,526,4273,-142,349,727
72.31185,156,1285,-1738,527,4239,-142,349,727
72.31235,156,1285,-1738,528,4229,-142,349,727
72.31285,156,1285,-1739,529,4233,-142,349,727
72.31335,156,1285,-1739,529,4240,-142,349,727
72.31385,156,1284,-1738,530,4245,-142,349,727
72.31435,156,1285,-1738,529,4244,-142,349,727
72.31485,156,1284,-1738,529,4243,-142,349,727
72.31535,156,1285,-1738,529,4246,-142,349,727
72.31585,156,1285,-1738,529,4249,-142,349,727
72.31635,156,1285,-1738,530,4251,-142,350,727
72.31685,156,1285,-1738,529,4253,-142,349,727
72.31735,157,1285,-1739,529,4253,-142,349,727
72.31785,156,1285,-1739,529,4254,-142,349,728
72.31835,156,1284,-1739,529,4255,-142,349,728
72.31885,157,1285,-1739,529,4258,-142,349,728
72.31935,156,1285,-1739,529,4261,-142,349,728
72.31985,157,1284,-1739,530,4295,-142,349,728
72.32035,156,1285,-1739,529,4302,-142,349,727
72.32085,156,1285,-1739,530,4295,-142,349,728
72.32135,156,1285,-1739,529,4275,-142,350,727
72.32185,156,1285,-1739,529,4246,-142,350,727
72.32235,156,1285,-1739,529,4230,-142,349,727
72.32285,157,1284,-1738,530,4233,-142,349,727
72.32335,157,1285,-1738,529,4241,-142,349,728
72.32385,156,1285,-1739,529,4247,-142,349,727
72.32435,157,1285,-1738,529,4255,-142,349,728
72.32485,156,1285,-1739,530,4255,-142,349,727
72.32535,156,1285,-1739,530,4258,-142,349,728
72.32585,156,1285,-1739,531,4254,-142,349,727
72.32635,156,1285,-1738,531,4256,-142,349,728
72.32685,156,1285,-1738,531,4253,-142,350,727
72.32735,156,1285,-1739,532,4256,-142,350,728
72.32785,156,1285,-1739,532,4253,-142,349,727
72.32835,156,1285,-1739,532,4255,-142,350,727
72.32885,156,1285,-1739,532,4250,-141,349,727
72.32935,157,1285,-1739,531,4250,-142,349,727
72.32985,157,1285,-1738,531,4285,-141,349,728
72.33035,156,1285,-1738,529,4290,-141,349,727
72.33085,156,1285,-1738,528,4284,-141,349,728
72.33135,156,1285,-1738,528,4258,-142,350,727
72.33185,156,1285,-1738,528,4229,-142,349,727
72.33235,156,1285,-1739,529,4219,-142,349,727
72.33285,156,1285,-1739,529,4224,-142,350,727
72.33335,156,1285,-1739,529,4234,-142,349,727
72.33385,156,1285,-1741,530,4243,-142,350,727
72.33435,156,1285,-1741,530,4246,-142,349,727
72.33485,157,1285,-1741,530,4248,-142,349,727
72.33535,156,1285,-1740,530,4248,-142,349,727
72.33595,156,1285,-1740,530,4250,-142,349,727
72.33645,156,1284,-1738,529,4252,-141,350,727
72.33695,156,1285,-1738,529,4254,-142,350,727
72.33745,156,1285,-1738,529,4255,-141,350,727
72.33795,157,1285,-1737,529,4256,-142,349,727
72.33845,156,1285,-1737,529,4255,-142,349,727
72.33895,157,1285,-1737,529,4255,-142,349,728
72.33945,156,1285,-1737,530,4265,-142,349,727
72.33995,156,1284,-1738,531,4307,-141,349,728
72.34045,156,1285,-1738,530,4306,-142,349,728
72.34095,156,1285,-1738,530,4302,-141,349,728
72.34145,156,1285,-1738,529,4279,-142,349,727
72.34195,156,1285,-1738,529,4243,-142,350,727
72.34245,157,1285,-1738,529,4233,-141,349,727
72.34295,156,1285,-1738,529,4233,-142,349,727
72.34345,156,1284,-1738,529,4241,-142,349,727
72.34395,156,1285,-1738,530,4249,-142,349,727
72.34445,156,1285,-1738,530,4251,-141,349,728
72.34495,156,1285,-1739,531,4253,-142,349,727
72.34545,156,1285,-1739,531,4257,-141,349,727
72.34595,156,1284,-1740,530,4254,-141,350,727
72.34645,156,1285,-1741,530,4249,-141,349,727
72.34695,156,1285,-1741,530,4248,-141,349,728
72.34745,156,1285,-1741,530,4253,-141,349,727
72.347946,156,1285,-1740,530,4258,-142,349,727
72.34845,156,1285,-1740,529,4255,-141,349,727
72.34895,156,1285,-1739,528,4250,-141,350,727
72.34945,156,1285,-1739,528,4258,-141,349,727
72.34995,156,1285,-1737,528,4293,-141,349,728
72.35045,156,1285,-1737,529,4297,-141,349,727
72.35095,156,1285,-1736,529,4291,-141,350,727
72.35145,156,1285,-1737,528,4261,-141,350,727
72.35195,156,1285,-1737,529,4231,-142,349,727
72.35245,156,1285,-1738,529,4229,-141,350,727
72.35295,156,1285,-1739,530,4237,-142,349,727
72.35345,156,1285,-1738,529,4245,-142,349,727
72.35395,156,1285,-1738,529,4253,-142,349,727
72.35445,156,1285,-1738,529,4254,-142,349,727
72.35495,156,1285,-1738,530,4256,-142,349,727
72.35545,156,1285,-1738,530,4261,-142,349,727
72.35595,156,1285,-1738,530,4265,-141,349,727
72.35645,157,1285,-1738,530,4266,-142,349,727
72.35695,156,1285,-1738,531,4267,-141,349,728
72.35745,156,1285,-1739,530,4268,-141,349,727
72.35795,156,1285,-1739,530,4271,-141,349,727
72.35845,156,1285,-1739,531,4267,-142,349,727
72.35895,156,1285,-1739,531,4263,-142,350,727
72.35945,156,1285,-1739,531,4271,-142,349,728
72.35995,156,1285,-1739,532,4305,-141,349,728
72.36045,156,1285,-1739,532,4310,-141,349,728
72.36095,156,1285,-1739,532,4303,-141,349,727
72.36145,156,1285,-1739,532,4278,-141,350,727
72.36195,156,1285,-1739,531,4243,-141,350,727
72.36245,156,1285,-1738,529,4233,-141,349,727
72.36295,156,1285,-1738,529,4239,-141,349,727
72.36345,156,1285,-1738,528,4245,-141,349,727
72.36395,156,1285,-1739,529,4250,-141,349,727
72.36445,157,1285,-1739,529,4255,-141,349,727
72.36495,156,1285,-1739,530,4258,-141,350,727
72.36545,156,1285,-1739,530,4259,-141,349,727
72.36595,156,1285,-1739,530,4261,-141,349,727
72.36645,157,1285,-1739,530,4262,-141,349,727
72.36695,156,1285,-1739,529,4264,-141,349,727
72.36745,156,1285,-1738,529,4266,-141,349,727
72.36795,156,1285,-1738,529,4267,-142,349,727
72.36845,156,1285,-1738,529,4267,-142,349,727
72.36895,156,1285,-1739,529,4266,-142,349,727
72.36945,157,1285,-1739,530,4275,-141,349,727
72.36995,156,1285,-1739,529,4308,-142,349,727
72.37045,156,1285,-1739,529,4309,-142,349,728
72.37095,156,1285,-1740,529,4301,-142,349,727
72.37145,156,1285,-1740,529,4277,-141,349,727
72.37195,157,1284,-1739,529,4249,-142,350,727
72.37245,157,1285,-1738,529,4245,-141,349,728
72.37295,156,1284,-1737,529,4254,-141,349,727
72.37345,156,1285,-1737,528,4266,-141,349,727
72.37395,156,1285,-1737,529,4269,-141,349,727
72.37445,156,1285,-1737,529,4269,-142,349,728
72.37495,157,1285,-1737,529,4270,-141,349,727
72.37545,156,1285,-1737,529,4275,-142,350,728
72.37595,157,1285,-1737,529,4272,-142,350,727
72.37645,156,1285,-1738,529,4275,-142,350,727
72.37695,157,1285,-1738,529,4271,-142,349,727
72.37745,156,1285,-1739,530,4269,-141,349,727
72.37795,157,1285,-1739,530,4269,-142,350,727
72.37845,157,1285,-1739,530,4266,-141,349,727
72.37895,157,1285,-1739,530,4268,-141,349,727
72.37945,156,1285,-1740,531,4285,-141,349,727
72.37995,156,1284,-1740,531,4315,-141,349,727
72.38045,156,1285,-1740,530,4312,-141,349,727
72.38095,156,1285,-1739,531,4303,-141,350,727
72.38145,156,1284,-1739,530,4275,-141,350,727
72.38195,156,1285,-1738,530,4250,-141,350,727
72.38245,156,1285,-1738,530,4243,-141,350,727
72.38295,156,1285,-1738,530,4247,-141,350,727
72.38345,156,1285,-1738,528,4257,-141,349,727
72.38395,156,1285,-1738,528,4263,-141,349,727
72.38445,157,1284,-1738,527,4268,-141,349,727
72.38495,156,1285,-1738,528,4271,-141,349,727
72.38545,156,1284,-1737,528,4272,-141,349,727
72.38595,156,1284,-1737,530,4272,-141,349,727
72.38645,156,1284,-1738,530,4269,-141,349,727
72.38695,156,1284,-1738,531,4271,-141,349,727
72.38745,156,1285,-1739,531,4275,-141,349,728
72.38795,156,1285,-1739,531,4278,-141,349,727
72.38845,156,1285,-1739,530,4284,-141,349,727
72.38895,156,1285,-1738,529,4279,-141,349,727
72.38945,156,1285,-1737,528,4292,-141,349,727
72.38995,156,1285,-1737,527,4320,-141,349,728
72.39045,156,1285,-1737,527,4318,-141,349,728
72.39095,155,1285,-1738,527,4311,-141,349,727
72.39145,156,1285,-1738,528,4280,-141,350,727
72.39195,156,1285,-1738,528,4248,-141,350,727
72.39245,156,1285,-1739,528,4245,-141,350,727
72.39295,156,1285,-1739,529,4252,-141,349,727
72.39345,156,1285,-1740,531,4260,-141,349,727
72.39395,156,1285,-1741,531,4263,-141,349,727
72.39445,156,1285,-1741,531,4262,-141,350,727
72.39495,156,1285,-1741,531,4264,-141,349,727
72.39545,156,1285,-1741,531,4268,-141,350,727
72.39595,156,1285,-1741,531,4270,-141,350,727
72.39645,156,1285,-1740,531,4269,-141,350,727
72.39695,156,1285,-1738,531,4268,-141,350,728
72.39755,156,1285,-1736,531,4268,-141,349,727
72.39805,156,1285,-1736,531,4272,-141,350,727
72.39855,156,1285,-1737,531,4268,-141,350,727
72.39905,156,1285,-1738,530,4264,-141,350,727
72.39955,156,1285,-1738,531,4284,-141,349,727
72.40005,156,1285,-1738,530,4312,-141,349,727
72.40055,156,1285,-1738,529,4309,-141,349,727
72.40105,156,1285,-1738,529,4300,-141,349,727
72.40155,156,1285,-1738,528,4270,-141,349,727
72.40205,156,1285,-1738,528,4248,-142,349,727
72.40255,156,1285,-1738,528,4242,-141,349,727
72.40305,156,1285,-1738,529,4248,-141,349,727
72.40355,156,1285,-1739,530,4256,-141,349,727
72.40405,156,1285,-1740,531,4260,-141,349,727
72.40455,156,1285,-1740,532,4266,-141,350,727
72.40505,156,1285,-1740,532,4271,-141,350,727
72.40555,156,1285,-1739,532,4272,-141,350,727
72.40605,156,1285,-1738,532,4273,-141,350,727
72.40655,156,1285,-1738,531,4274,-141,350,727
72.40705,156,1285,-1738,529,4274,-141,350,727
72.40755,156,1285,-1737,529,4273,-141,349,727
72.40805,156,1285,-1737,529,4272,-141,349,727
72.40855,156,1285,-1737,529,4271,-141,350,727
72.40905,156,1285,-1738,530,4267,-141,350,727
72.40955,156,1285,-1738,530,4287,-141,349,727
72.41005,157,1285,-1738,530,4309,-141,349,727
72.41055,156,1285,-1738,529,4305,-141,349,727
72.41105,156,1285,-1737,528,4293,-141,349,727
72.41155,156,1285,-1738,528,4257,-141,349,726
72.41205,156,1285,-1738,528,4238,-141,349,727
72.41255,156,1285,-1737,528,4241,-141,349,727
72.41305,156,1285,-1737,529,4242,-141,349,727
72.41355,156,1285,-1738,530,4248,-141,349,727
72.41405,156,1285,-1738,530,4253,-141,349,727
72.41455,156,1285,-1738,529,4255,-141,349,727
72.41505,156,1285,-1738,528,4255,-141,350,728
72.41555,156,1285,-1738,528,4257,-141,349,727
72.41605,156,1285,-1738,528,4262,-141,350,727
72.41655,156,1285,-1738,529,4259,-141,350,727
72.41705,156,1285,-1738,530,4259,-141,350,727
72.41755,156,1285,-1738,530,4259,-141,350,728
72.41805,156,1285,-1738,531,4259,-141,350,727
72.41855,156,1285,-1739,531,4260,-141,349,727
72.41905,156,1285,-1739,531,4258,-141,349,728
72.41955,156,1285,-1740,532,4285,-141,349,728
72.42005,156,1285,-1740,532,4311,-141,349,727
72.42055,156,1285,-1741,532,4306,-141,349,727
72.42105,156,1285,-1741,532,4290,-141,349,727
72.42155,156,1285,-1740,531,4257,-141,350,727
72.42205,156,1285,-1740,532,4240,-141,350,727
72.42255,156,1285,-1739,531,4236,-141,349,727
72.42305,156,1285,-1739,529,4243,-141,349,728
72.42355,156,1285,-1739,527,4251,-141,349,727
72.42405,156,1285,-1738,527,4259,-141,349,727
72.42455,156,1285,-1738,527,4259,-141,349,727
72.42505,156,1285,-1738,528,4257,-141,349,727
72.42555,156,1285,-1738,528,4256,-141,350,727
72.42605,156,1285,-1738,528,4253,-141,350,727
72.42655,156,1285,-1737,528,4250,-141,349,727
72.42705,156,1285,-1737,528,4253,-141,350,727
72.42755,156,1285,-1737,528,4256,-141,350,727
72.42805,156,1285,-1738,529,4256,-141,349,727
72.42855,156,1285,-1738,529,4255,-141,350,727
72.42905,156,1285,-1738,530,4252,-141,350,727
72.42955,156,1285,-1738,530,4278,-141,349,727
72.43005,156,1285,-1738,529,4294,-141,349,727
72.43055,156,1285,-1738,529,4287,-141,349,727
72.43105,156,1285,-1738,529,4271,-141,349,727
72.43155,157,1285,-1739,528,4234,-141,350,727
72.43205,156,1285,-1739,529,4218,-141,350,727
72.43255,156,1285,-1739,529,4220,-141,349,727
72.43305,156,1285,-1739,530,4229,-141,349,727
72.43355,157,1285,-1738,530,4240,-141,349,727
72.43405,156,1285,-1738,530,4242,-141,349,727
72.43455,156,1285,-1738,531,4242,-141,349,727
72.43505,156,1285,-1738,531,4245,-141,349,727
72.43555,156,1285,-1738,531,4250,-141,349,727
72.43605,156,1285,-1739,530,4251,-141,349,727
72.43655,156,1285,-1738,529,4252,-141,349,727
72.43705,156,1285,-1738,529,4253,-141,349,727
72.43755,156,1285,-1738,529,4255,-141,349,727
72.43805,156,1285,-1738,530,4256,-141,349,727
72.43855,156,1285,-1738,530,4258,-141,350,727
72.43905,156,1285,-1739,530,4259,-141,350,727
72.43955,156,1285,-1739,531,4291,-141,349,728
72.44005,156,1285,-1739,530,4304,-141,350,727
72.44055,156,1285,-1739,530,4301,-141,350,727
72.44105,156,1285,-1739,531,4281,-141,349,727
72.44155,156,1285,-1739,531,4246,-141,350,727
72.44205,156,1285,-1739,531,4231,-141,350,727
72.44255,156,1286,-1739,531,4228,-141,350,727
72.44305,156,1285,-1738,529,4234,-141,349,727
72.44355,156,1285,-1737,528,4242,-141,349,727
72.44405,156,1285,-1737,526,4245,-141,349,727
72.44455,156,1285,-1737,527,4248,-142,349,727
72.44505,156,1285,-1738,527,4252,-141,349,727
72.44555,156,1285,-1738,528,4253,-141,349,728
72.44605,156,1285,-1739,528,4253,-141,349,727
72.44655,156,1285,-1739,529,4256,-141,349,728
72.44705,156,1285,-1740,530,4253,-141,349,727
72.44755,156,1285,-1740,530,4254,-141,349,727
72.44805,156,1285,-1740,530,4249,-141,349,727
72.44855,156,1285,-1740,530,4247,-141,349,727
72.44905,156,1285,-1740,531,4249,-141,349,727
72.44955,156,1285,-1739,531,4282,-141,349,727
72.45005,156,1284,-1739,531,4291,-141,349,727
72.45055,156,1285,-1739,532,4286,-142,349,727
72.45105,156,1285,-1739,531,4268,-141,350,727
72.45155,156,1285,-1739,531,4232,-141,350,727
72.45205,156,1285,-1739,530,4222,-141,350,727
72.45255,156,1285,-1738,530,4225,-141,349,727
72.45305,156,1285,-1736,530,4236,-142,349,727
72.45355,156,1285,-1736,530,4245,-141,349,727
72.45405,156,1285,-1736,530,4250,-141,349,727
72.45455,156,1285,-1737,530,4255,-141,349,727
72.45505,156,1285,-1738,529,4257,-141,349,727
72.45555,156,1285,-1738,529,4260,-141,350,727
72.45605,156,1285,-1738,529,4261,-141,349,727
72.45655,156,1285,-1738,528,4262,-141,349,727
72.45705,156,1285,-1737,528,4263,-141,349,727
72.45755,157,1285,-1738,528,4263,-141,349,727
72.45805,156,1285,-1738,529,4260,-141,349,727
72.45865,156,1285,-1738,529,4257,-141,349,727
72.45915,156,1285,-1739,530,4263,-141,349,727
72.45965,156,1285,-1738,531,4299,-141,349,727
72.46015,156,1285,-1738,530,4304,-141,349,727
72.46065,156,1285,-1738,530,4297,-141,349,727
72.46115,156,1285,-1738,530,4277,-142,350,727
72.46165,156,1285,-1739,530,4246,-141,350,727
72.46215,156,1285,-1740,530,4236,-141,350,727
72.46265,156,1285,-1740,531,4235,-141,350,727
72.46315,156,1285,-1740,531,4243,-141,350,727
72.46365,156,1285,-1740,530,4248,-141,350,727
72.46415,156,1285,-1739,530,4251,-141,349,727
72.46465,156,1285,-1739,529,4255,-141,349,727
72.46515,156,1285,-1738,529,4256,-141,349,727
72.46565,156,1285,-1738,530,4255,-141,349,727
72.46615,156,1285,-1738,530,4254,-141,349,727
72.46665,156,1285,-1738,530,4254,-141,349,727
72.46715,156,1285,-1737,530,4260,-141,349,728
72.46765,156,1285,-1738,529,4263,-141,349,728
72.46815,156,1285,-1737,529,4269,-141,349,728
72.46865,156,1285,-1737,529,4269,-141,349,728
72.46915,156,1285,-1737,529,4273,-141,349,728
72.46965,156,1285,-1737,528,4306,-140,349,728
72.470146,156,1285,-1738,528,4308,-141,349,728
72.47065,156,1285,-1738,529,4302,-141,349,728
72.47115,156,1285,-1738,529,4280,-141,350,728
72.47165,156,1285,-1738,529,4249,-141,350,728
72.47215,156,1285,-1738,529,4242,-141,349,728
72.47265,156,1284,-1739,529,4244,-141,349,728
72.47315,157,1285,-1739,529,4252,-141,349,728
72.47365,156,1285,-1738,530,4262,-141,349,728
72.47415,156,1285,-1738,529,4264,-141,349,727
72.47465,156,1285,-1738,530,4263,-141,349,728
72.47515,156,1285,-1738,530,4262,-141,349,728
72.47565,156,1285,-1739,530,4268,-140,349,728
72.47615,156,1285,-1739,530,4269,-141,349,727
72.47665,156,1285,-1738,530,4268,-141,349,728
72.47715,156,1285,-1738,530,4263,-141,350,727
72.47765,156,1285,-1739,530,4267,-141,349,728
72.47815,156,1285,-1738,530,4264,-141,350,727
72.47865,156,1285,-1739,529,4266,-141,349,727
72.47915,156,1285,-1738,530,4272,-141,349,728
72.47965,156,1285,-1738,530,4304,-141,349,728
72.48015,156,1285,-1738,531,4308,-141,349,727
72.48065,156,1285,-1738,532,4300,-141,350,728
72.48115,156,1285,-1739,532,4273,-141,349,727
72.48165,156,1285,-1738,531,4246,-141,350,727
72.48215,156,1285,-1738,530,4236,-141,349,727
72.48265,156,1285,-1739,529,4234,-141,349,727
72.48315,156,1285,-1739,528,4241,-141,349,728
72.48365,156,1285,-1739,528,4253,-141,349,728
72.48415,156,1285,-1739,528,4260,-140,349,728
72.48465,156,1285,-1738,529,4266,-140,349,728
72.48515,156,1285,-1738,529,4268,-141,349,728
72.48565,156,1285,-1738,529,4270,-141,349,728
72.48615,156,1285,-1738,529,4269,-140,349,728
72.48665,156,1285,-1738,529,4270,-141,349,728
72.48715,156,1285,-1738,529,4271,-141,349,728
72.48765,156,1285,-1738,530,4272,-141,349,728
72.48815,156,1285,-1738,530,4273,-141,349,728
72.48865,156,1285,-1738,529,4274,-141,349,728
72.48915,156,1285,-1738,530,4283,-141,349,728
72.48965,156,1285,-1738,530,4314,-141,349,728
72.49015,156,1285,-1738,529,4313,-141,349,728
72.49065,156,1285,-1739,529,4305,-141,349,728
72.49115,156,1285,-1739,529,4279,-141,349,727
72.49165,156,1285,-1739,529,4245,-141,350,727
72.49215,156,1285,-1739,529,4234,-141,349,728
72.49265,156,1285,-1738,529,4235,-141,350,728
72.49315,156,1285,-1738,530,4252,-141,349,728
72.49365,156,1285,-1738,529,4260,-141,350,728
72.49415,156,1285,-1738,530,4263,-141,349,728
72.49465,156,1285,-1738,530,4265,-141,349,728
72.49515,156,1285,-1739,530,4265,-141,349,728
72.49565,156,1285,-1738,530,4265,-141,349,728
72.49615,156,1285,-1739,530,4266,-140,349,728
72.49665,156,1285,-1739,530,4264,-141,350,728
72.49715,156,1285,-1739,530,4263,-141,349,728
72.49765,156,1285,-1739,530,4261,-141,349,728
72.49815,156,1285,-1739,530,4257,-141,349,728
72.49865,156,1285,-1739,529,4256,-141,350,728
72.49915,156,1285,-1737,529,4271,-141,349,728
72.49965,156,1285,-1738,529,4306,-141,349,728
72.50015,156,1285,-1738,528,4305,-141,349,728
72.50065,156,1285,-1738,528,4298,-141,349,728
72.50115,156,1285,-1738,529,4272,-141,350,728
72.50165,156,1285,-1739,529,4247,-141,349,728
72.50215,156,1285,-1739,530,4240,-141,349,727
72.50265,156,1285,-1739,530,4240,-141,349,727
72.50315,157,1285,-1739,530,4246,-141,349,728
72.50365,156,1285,-1739,530,4252,-141,350,728
72.50415,156,1285,-1740,530,4261,-141,349,728
72.50465,156,1285,-1740,530,4268,-141,349,728
72.50515,156,1285,-1740,530,4270,-141,350,727
72.50565,157,1285,-1740,530,4269,-141,350,728
72.50615,157,1285,-1739,530,4261,-141,350,728
72.50665,157,1285,-1738,530,4266,-141,350,728
72.50715,156,1285,-1736,530,4272,-141,350,728
72.50765,157,1285,-1735,529,4272,-141,349,727
72.50815,156,1285,-1736,529,4270,-141,349,728
72.50865,156,1285,-1737,528,4263,-141,350,728
72.50915,157,1285,-1738,528,4278,-141,349,728
72.50965,157,1285,-1739,529,4309,-140,349,728
72.51015,157,1285,-1739,530,4306,-141,349,728
72.51065,156,1285,-1739,530,4298,-141,349,728
72.51115,156,1285,-1739,529,4268,-141,349,728
72.51165,156,1285,-1739,529,4238,-141,350,728
72.51215,156,1285,-1739,530,4233,-141,350,728
72.51265,156,1286,-1740,530,4237,-141,350,728
72.51315,156,1285,-1739,530,4247,-141,350,728
72.51365,156,1285,-1739,530,4252,-141,350,728
72.51415,156,1285,-1738,530,4252,-141,350,728
72.51465,156,1285,-1738,530,4253,-141,350,728
72.51515,156,1285,-1738,530,4257,-141,349,728
72.51565,156,1285,-1738,530,4260,-141,349,728
72.51615,156,1285,-1738,530,4261,-141,349,728
72.51665,156,1285,-1738,530,4261,-141,350,728
72.51715,156,1285,-1738,530,4263,-141,350,728
72.51765,156,1285,-1738,531,4263,-141,349,728
72.51815,156,1285,-1739,532,4264,-141,349,728
72.51865,156,1285,-1739,531,4263,-141,349,728
72.51915,156,1285,-1738,532,4278,-141,349,728
72.51975,156,1285,-1738,532,4309,-141,348,728
72.52025,156,1285,-1739,532,4307,-141,349,727
72.52075,156,1285,-1739,532,4299,-141,349,728
72.52125,156,1285,-1740,531,4269,-141,349,727
72.52175,156,1285,-1740,532,4249,-141,349,728
72.52225,156,1286,-1740,532,4244,-141,349,728
72.52275,156,1285,-1740,531,4249,-141,349,728
72.52325,156,1285,-1740,528,4258,-141,349,728
72.52375,156,1285,-1740,527,4263,-141,349,728
72.52425,156,1285,-1739,527,4264,-141,349,728
72.52475,156,1285,-1738,527,4266,-140,348,728
72.52525,156,1285,-1737,527,4269,-140,349,728
72.52575,156,1285,-1737,528,4269,-140,349,728
72.52625,156,1285,-1737,529,4268,-140,349,728
72.52675,156,1285,-1737,529,4268,-140,349,728
72.52725,156,1285,-1737,528,4267,-141,349,728
72.52775,156,1285,-1737,528,4267,-140,350,728
72.52825,156,1285,-1736,528,4267,-141,349,728
72.52875,156,1285,-1736,528,4266,-141,349,728
72.52925,157,1285,-1736,530,4284,-140,349,728
72.52975,157,1285,-1737,529,4309,-141,349,728
72.53025,157,1285,-1738,530,4303,-141,350,727
72.53075,157,1285,-1738,529,4292,-141,349,728
72.53125,156,1285,-1738,529,4257,-141,350,727
72.53175,157,1285,-1738,530,4233,-141,350,728
72.53225,157,1285,-1738,530,4227,-141,350,728
72.53275,156,1285,-1738,531,4234,-141,350,728
72.53325,157,1285,-1738,531,4249,-141,350,728
72.53375,157,1285,-1738,530,4257,-141,350,728
72.53425,156,1285,-1738,531,4262,-141,350,728
72.53475,157,1285,-1738,530,4264,-141,350,728
72.53525,156,1285,-1738,531,4264,-141,350,728
72.53575,156,1285,-1738,531,4265,-141,349,728
72.53625,156,1285,-1738,531,4266,-141,350,728
72.53675,156,1285,-1738,531,4267,-141,350,728
72.53725,155,1285,-1738,529,4268,-141,349,728
72.53775,155,1285,-1737,528,4268,-141,349,728
72.53825,155,1285,-1737,528,4267,-141,349,728
72.53875,156,1285,-1738,528,4268,-141,349,728
72.53925,156,1285,-1738,528,4295,-141,349,728
72.53975,156,1285,-1738,529,4320,-141,349,728
72.54025,156,1285,-1738,529,4314,-141,349,728
72.54075,156,1285,-1739,529,4304,-141,350,728
72.54125,156,1285,-1739,529,4272,-141,350,727
72.54175,156,1285,-1738,529,4250,-141,350,727
72.54225,156,1285,-1738,528,4241,-141,350,728
72.54275,156,1285,-1738,529,4240,-141,350,728
72.54325,156,1285,-1738,528,4254,-141,350,728
72.54375,156,1285,-1738,529,4261,-141,350,728
72.54425,156,1285,-1738,529,4264,-141,349,728
72.54475,156,1285,-1738,530,4267,-141,350,728
72.54525,156,1285,-1739,530,4268,-141,350,728
72.54575,156,1285,-1740,530,4267,-141,350,728
72.54625,156,1285,-1739,530,4263,-141,349,728
72.54675,156,1285,-1739,529,4264,-141,350,728
72.54725,156,1285,-1739,530,4266,-141,349,728
72.54775,156,1285,-1738,529,4266,-141,349,728
72.54825,156,1285,-1737,529,4265,-141,349,728
72.54875,156,1285,-1737,529,4264,-141,349,728
72.54925,156,1285,-1737,530,4288,-141,349,728
72.54975,156,1285,-1737,530,4308,-141,349,728
72.55025,156,1285,-1737,530,4303,-141,349,728
72.55075,156,1285,-1738,531,4293,-141,350,727
72.55125,156,1285,-1738,531,4258,-141,350,728
72.55175,156,1285,-1738,532,4233,-141,350,727
72.55225,156,1285,-1739,532,4235,-141,350,728
72.55275,156,1285,-1739,533,4239,-141,350,728
72.55325,156,1285,-1739,533,4255,-140,349,728
72.55375,156,1285,-1739,532,4263,-141,350,728
72.55425,156,1285,-1740,532,4264,-141,349,728
72.55475,156,1285,-1740,530,4266,-141,349,728
72.55525,156,1285,-1740,529,4272,-141,349,728
72.55575,156,1285,-1739,528,4274,-141,350,728
72.55625,156,1285,-1737,528,4276,-141,349,728
72.55675,156,1285,-1737,527,4276,-141,349,728
72.55725,156,1285,-1737,527,4275,-141,349,728
72.55775,156,1285,-1737,526,4275,-141,349,728
72.55825,156,1285,-1737,527,4274,-141,349,728
72.55875,156,1285,-1737,527,4271,-141,349,728
72.55925,156,1285,-1737,528,4299,-141,349,728
72.55975,156,1285,-1737,527,4316,-141,349,728
72.56025,156,1285,-1737,527,4309,-141,349,728
72.56075,156,1285,-1737,527,4296,-141,349,728
72.56125,156,1285,-1737,528,4263,-141,350,728
72.56175,156,1285,-1737,529,4246,-141,349,728
72.56225,156,1285,-1738,530,4245,-141,349,728
72.56275,156,1285,-1738,530,4248,-141,350,728
72.56325,156,1285,-1739,530,4250,-141,350,728
72.56375,156,1285,-1739,530,4255,-141,349,728
72.56425,156,1285,-1740,529,4257,-141,350,728
72.56475,156,1285,-1740,529,4259,-141,350,728
72.56525,156,1285,-1740,529,4263,-141,350,728
72.56575,156,1285,-1740,530,4265,-141,350,728
72.56625,156,1285,-1740,529,4265,-141,350,728
72.56675,156,1285,-1738,530,4265,-141,350,728
72.56725,156,1285,-1736,529,4266,-141,349,728
72.56775,156,1285,-1734,530,4267,-141,349,728
72.56825,156,1285,-1736,530,4267,-141,349,728
72.56875,156,1285,-1737,530,4267,-141,350,728
72.56925,156,1285,-1738,531,4299,-141,349,728
72.56975,156,1285,-1738,530,4310,-141,349,728
72.57025,156,1285,-1738,530,4303,-141,349,728
72.57075,156,1285,-1738,531,4290,-141,350,728
72.57125,156,1285,-1738,531,4256,-141,350,728
72.57175,156,1285,-1738,530,4240,-141,350,728
72.57225,156,1285,-1738,529,4241,-141,349,728
72.57275,156,1285,-1738,528,4247,-141,349,728
72.57325,156,1285,-1738,528,4259,-141,349,728
72.57375,156,1285,-1738,528,4265,-141,349,728
72.57425,156,1285,-1738,528,4268,-141,349,728
72.57475,156,1285,-1738,529,4269,-140,349,728
72.57525,156,1285,-1738,529,4269,-141,349,728
72.57575,156,1285,-1738,529,4268,-141,349,728
72.57625,157,1285,-1738,529,4268,-141,349,728
72.57675,156,1285,-1738,529,4268,-141,349,728
72.57725,156,1285,-1738,529,4267,-141,349,728
72.57775,156,1285,-1738,529,4265,-141,349,727
72.57825,156,1285,-1738,529,4262,-141,349,728
72.57875,156,1285,-1739,529,4263,-141,349,728
72.57925,156,1285,-1738,530,4304,-141,349,728
72.57975,156,1285,-1738,529,4312,-141,349,728
72.58035,156,1285,-1738,529,4303,-141,349,728
72.58085,156,1285,-1738,529,4284,-141,349,728
72.58135,156,1285,-1738,529,4251,-141,350,727
72.58185,156,1285,-1738,529,4239,-141,349,728
72.58235,156,1285,-1738,529,4236,-141,349,728
72.58285,156,1285,-1739,530,4241,-141,349,728
72.58335,156,1285,-1738,530,4253,-141,349,728
72.58385,156,1285,-1739,530,4258,-141,350,728
72.58435,156,1285,-1738,530,4260,-141,349,728
72.58485,156,1285,-1738,530,4265,-141,350,728
72.58535,156,1285,-1738,529,4266,-141,350,728
72.58585,156,1285,-1738,529,4264,-141,349,728
72.58635,156,1285,-1737,528,4263,-141,349,728
72.58685,156,1285,-1738,528,4267,-141,349,728
72.58735,156,1285,-1738,529,4269,-141,349,728
72.58785,156,1285,-1738,529,4271,-141,350,728
72.58835,156,1285,-1738,529,4272,-141,350,728
72.58885,156,1285,-1738,529,4275,-140,350,728
72.58935,156,1285,-1738,530,4311,-141,349,728
72.58985,156,1285,-1738,529,4314,-141,349,728
72.59035,156,1285,-1737,530,4306,-141,349,728
72.59085,156,1285,-1738,529,4287,-141,350,728
72.59135,156,1285,-1738,529,4253,-141,350,728
72.59185,156,1285,-1738,530,4238,-141,350,728
72.59235,156,1285,-1738,530,4239,-141,350,728
72.59285,156,1285,-1739,530,4244,-141,349,728
72.59335,156,1285,-1739,530,4255,-141,350,728
72.59385,156,1285,-1739,529,4259,-140,350,728
72.59435,156,1285,-1738,530,4262,-141,349,728
72.59485,156,1285,-1738,529,4265,-141,350,728
72.59535,156,1285,-1738,529,4266,-141,350,728
72.59585,156,1285,-1738,529,4266,-141,349,728
72.59635,156,1285,-1738,528,4265,-141,349,728
72.59685,156,1285,-1738,528,4264,-141,349,728
72.59735,156,1285,-1738,528,4263,-141,349,728
72.59785,156,1285,-1738,529,4263,-141,349,728
72.59835,156,1285,-1739,529,4262,-141,349,728
72.59885,156,1285,-1738,530,4268,-141,349,728
72.59935,156,1285,-1739,530,4304,-141,349,728
72.59985,156,1285,-1739,530,4307,-141,349,727
72.60035,156,1285,-1739,530,4299,-141,350,728
72.60085,156,1285,-1739,530,4275,-141,350,728
72.60135,156,1285,-1738,530,4249,-141,350,728
72.60185,156,1285,-1738,530,4243,-141,350,727
72.60235,156,1285,-1738,530,4244,-141,350,728
72.60285,156,1285,-1738,530,4246,-141,349,727
72.60335,156,1285,-1738,530,4252,-141,350,727
72.60385,156,1285,-1738,529,4255,-141,350,728
72.60435,156,1285,-1737,529,4258,-141,350,728
72.60485,156,1285,-1737,530,4267,-141,350,727
72.60535,156,1285,-1738,530,4273,-141,350,728
72.60585,156,1285,-1738,530,4270,-141,349,727
72.60635,156,1285,-1738,529,4273,-141,349,728
72.60685,156,1285,-1738,528,4271,-141,349,727
72.60735,156,1285,-1739,528,4273,-141,349,728
72.60785,156,1285,-1739,529,4270,-141,349,728
72.60835,156,1285,-1739,529,4270,-141,349,728
72.60885,156,1285,-1739,530,4278,-141,349,728
72.60935,156,1285,-1739,530,4311,-141,348,728
72.60985,156,1285,-1739,530,4308,-141,349,728
72.61035,156,1285,-1739,530,4299,-141,349,728
72.61085,156,1285,-1737,529,4276,-141,350,728
72.61135,156,1285,-1737,529,4246,-141,350,728
72.61185,156,1285,-1736,529,4235,-141,350,728
72.61235,156,1285,-1736,529,4236,-141,350,728
72.61285,156,1285,-1737,530,4241,-141,350,728
72.61335,156,1285,-1737,530,4250,-141,349,728
72.61385,156,1285,-1737,530,4254,-141,349,728
72.61435,156,1285,-1738,530,4257,-141,349,728
72.61485,156,1285,-1738,530,4257,-141,350,728
72.61535,156,1285,-1738,531,4258,-141,349,729
72.61585,156,1285,-1739,531,4258,-141,349,729
72.61635,156,1285,-1739,531,4254,-141,349,728
72.61685,156,1285,-1739,531,4255,-141,350,728
72.61735,156,1285,-1739,531,4260,-141,350,728
72.61785,156,1285,-1738,530,4259,-141,350,728
72.61835,156,1285,-1738,530,4258,-141,349,728
72.61885,156,1285,-1738,530,4272,-141,349,728
72.61935,157,1285,-1738,530,4307,-141,349,728
72.61985,156,1285,-1738,529,4307,-141,349,728
72.62035,157,1285,-1738,528,4298,-141,349,728
72.62085,156,1285,-1738,528,4274,-141,349,728
72.62135,157,1285,-1738,528,4247,-141,349,728
72.62185,156,1285,-1738,528,4242,-141,350,728
72.62235,156,1285,-1737,528,4245,-141,350,728
72.62285,156,1285,-1738,528,4247,-141,350,728
72.62335,157,1285,-1738,529,4253,-141,350,728
72.62385,156,1285,-1738,530,4256,-141,349,728
72.62435,156,1285,-1738,530,4257,-141,349,728
72.62485,157,1285,-1738,530,4260,-141,349,728
72.62535,156,1285,-1738,530,4260,-141,349,728
72.62585,156,1285,-1738,529,4256,-141,350,728
72.62635,156,1285,-1738,529,4256,-141,350,728
72.62685,156,1285,-1738,529,4259,-141,349,728
72.62735,156,1285,-1739,529,4260,-141,350,728
72.62785,156,1285,-1739,530,4260,-141,350,728
72.62835,155,1285,-1738,529,4259,-141,350,728
72.62885,156,1285,-1738,530,4268,-141,349,728
72.62935,156,1285,-1738,529,4301,-141,349,728
72.62985,156,1285,-1738,529,4296,-141,349,728
72.63035,156,1285,-1738,529,4286,-141,349,728
72.63085,156,1285,-1738,529,4260,-141,349,727
72.63135,156,1285,-1738,529,4229,-141,349,728
72.63185,156,1285,-1738,529,4216,-141,349,728
72.63235,156,1285,-1738,529,4222,-141,349,728
72.63285,156,1285,-1738,529,4232,-141,350,728
72.63335,156,1285,-1738,530,4241,-141,349,728
72.63385,156,1285,-1738,530,4246,-141,349,728
72.63435,156,1285,-1738,530,4250,-141,349,728
72.63485,156,1285,-1738,529,4254,-141,349,728
72.63535,156,1285,-1737,528,4255,-141,349,728
72.63585,156,1285,-1738,528,4256,-141,349,728
72.63635,156,1285,-1738,529,4257,-141,349,728
72.63685,156,1286,-1738,529,4257,-141,350,728
72.63735,156,1285,-1738,529,4258,-141,349,728
72.63785,156,1285,-1738,529,4259,-141,349,728
72.63835,156,1285,-1738,530,4259,-141,349,728
72.63885,156,1285,-1738,530,4273,-141,349,728
72.63935,156,1285,-1738,530,4306,-141,349,728
72.63985,156,1285,-1738,530,4303,-141,349,728
72.64035,156,1285,-1738,530,4294,-141,350,728
72.64085,156,1285,-1738,529,4267,-141,349,728
72.64135,156,1285,-1738,529,4241,-141,350,728
72.64195,156,1285,-1739,530,4236,-141,350,728
72.64245,155,1285,-1739,530,4237,-141,349,728
72.64295,156,1285,-1739,529,4241,-141,350,728
72.64345,156,1285,-1740,529,4243,-141,350,728
72.64395,156,1285,-1739,529,4248,-141,349,728
72.64445,156,1285,-1739,529,4250,-141,350,728
72.64495,156,1285,-1739,529,4252,-141,349,728
72.64545,156,1285,-1739,529,4256,-141,349,728
72.64595,156,1285,-1738,529,4258,-141,349,728
72.64645,156,1285,-1738,529,4257,-141,349,728
72.64695,156,1285,-1738,529,4256,-141,349,728
72.64745,156,1285,-1739,529,4255,-142,349,728
72.64795,156,1285,-1739,530,4254,-141,349,728
72.64845,156,1285,-1739,531,4252,-141,349,728
72.64895,156,1285,-1739,532,4267,-141,349,728
72.64945,156,1285,-1738,530,4296,-141,349,728
72.64995,156,1285,-1737,529,4293,-141,349,728
72.65045,156,1285,-1737,528,4285,-141,349,728
72.65095,156,1285,-1737,528,4259,-141,349,728
72.65145,156,1285,-1737,528,4231,-141,350,727
72.65195,156,1285,-1737,529,4223,-141,349,728
72.65245,156,1285,-1738,529,4222,-141,349,728
72.65295,156,1285,-1738,529,4235,-141,349,728
72.65345,156,1285,-1738,529,4247,-141,349,728
72.65395,156,1285,-1738,529,4252,-142,349,728
72.65445,156,1285,-1738,529,4256,-141,349,728
72.65495,156,1285,-1738,530,4259,-141,349,728
72.65545,156,1285,-1738,530,4261,-141,350,728
72.65595,156,1285,-1738,531,4262,-142,350,728
72.65645,156,1285,-1738,531,4263,-141,350,728
72.65695,156,1285,-1739,531,4263,-141,350,728
72.65745,156,1285,-1739,531,4262,-141,350,728
72.65795,156,1285,-1739,531,4258,-141,349,728
72.65845,156,1285,-1739,532,4258,-141,350,728
72.65895,156,1285,-1739,533,4280,-141,349,728
72.65945,156,1285,-1739,532,4307,-141,349,728
72.65995,156,1285,-1739,532,4302,-141,350,728
72.660446,156,1285,-1738,530,4291,-141,349,728
72.66095,156,1285,-1738,528,4262,-141,350,727
72.66145,156,1286,-1737,527,4239,-141,350,728
72.66195,156,1286,-1738,527,4233,-141,350,728
72.66245,156,1286,-1738,528,4239,-141,350,728
72.66295,157,1285,-1738,529,4244,-141,349,728
72.66345,156,1285,-1738,530,4249,-141,349,728
72.66395,156,1285,-1738,530,4251,-141,349,728
72.66445,156,1286,-1738,529,4253,-141,349,728
72.66495,156,1286,-1738,528,4257,-142,349,728
72.66545,156,1286,-1738,528,4257,-141,349,728
72.66595,155,1286,-1739,528,4255,-141,349,728
72.66645,155,1286,-1739,529,4258,-141,349,728
72.66695,155,1285,-1740,529,4262,-142,349,728
72.66745,155,1285,-1739,530,4264,-141,349,728
72.66795,155,1286,-1739,530,4264,-141,349,728
72.66845,156,1286,-1738,529,4263,-142,349,728
72.66895,156,1286,-1737,530,4286,-141,349,728
72.66945,155,1285,-1737,529,4310,-141,349,728
72.66995,156,1285,-1737,529,4304,-141,349,728
72.67045,155,1285,-1737,529,4293,-141,349,728
72.67095,156,1285,-1738,529,4263,-141,350,728
72.67145,155,1286,-1738,529,4244,-141,350,728
72.67195,156,1285,-1738,529,4239,-141,349,728
72.67245,156,1285,-1738,530,4243,-141,349,728
72.67295,156,1285,-1738,530,4252,-141,350,728
72.67345,156,1285,-1738,529,4261,-141,349,728
72.67395,156,1285,-1738,529,4264,-141,349,728
72.67445,156,1285,-1738,530,4268,-141,349,728
72.67495,156,1285,-1738,529,4271,-141,349,728
72.67545,156,1285,-1738,529,4272,-141,349,728
72.67595,156,1285,-1738,530,4271,-141,349,728
72.67645,156,1285,-1738,529,4270,-141,349,728
72.67695,156,1285,-1738,530,4269,-141,349,728
72.67745,156,1285,-1739,530,4268,-140,350,728
72.67795,156,1285,-1739,530,4266,-141,349,728
72.67845,156,1285,-1739,531,4261,-141,349,728
72.67895,156,1285,-1739,531,4284,-141,349,728
72.67945,156,1285,-1739,531,4304,-141,349,728
72.67995,156,1285,-1738,531,4295,-141,349,728
72.68045,156,1285,-1738,531,4282,-141,349,728
72.68095,156,1285,-1738,530,4251,-141,350,728
72.68145,156,1285,-1738,530,4237,-141,350,728
72.68195,156,1286,-1738,530,4240,-141,350,728
72.68245,156,1285,-1738,529,4250,-141,349,728
72.68295,156,1285,-1738,528,4259,-141,349,728
72.68345,156,1286,-1738,528,4263,-141,349,728
72.68395,156,1285,-1738,529,4271,-141,349,728
72.68445,156,1286,-1738,529,4273,-141,350,728
72.68495,156,1285,-1738,530,4276,-141,350,728
72.68545,156,1285,-1739,530,4280,-141,350,728
72.68595,156,1285,-1739,530,4281,-141,350,728
72.68645,156,1285,-1740,530,4281,-141,349,728
72.68695,156,1285,-1739,530,4281,-141,349,728
72.68745,156,1285,-1739,530,4283,-141,349,728
72.68795,156,1285,-1738,530,4284,-141,349,728
72.68845,156,1285,-1738,530,4284,-141,349,728
72.68895,156,1286,-1737,531,4313,-141,349,728
72.68945,156,1285,-1738,530,4330,-141,350,728
72.68995,156,1285,-1739,530,4323,-141,350,728
72.69045,156,1285,-1739,530,4311,-141,350,728
72.69095,156,1285,-1738,530,4278,-141,350,728
72.69145,156,1285,-1738,530,4257,-141,350,728
72.69195,156,1285,-1738,531,4253,-141,350,728
72.69245,156,1285,-1738,531,4256,-141,350,728
72.69295,156,1285,-1738,531,4264,-141,349,728
72.69345,156,1285,-1738,530,4271,-141,349,728
72.69395,156,1285,-1737,529,4275,-141,349,728
72.69445,156,1285,-1738,528,4277,-141,349,728
72.69495,156,1286,-1738,528,4277,-141,349,728
72.69545,156,1285,-1738,528,4280,-142,349,728
72.69595,156,1285,-1739,529,4283,-141,349,728
72.69645,156,1285,-1739,530,4285,-141,349,728
72.69695,156,1285,-1739,530,4286,-141,350,728
72.69745,156,1285,-1738,530,4284,-141,349,728
72.69795,156,1285,-1739,531,4283,-141,350,728
72.69845,156,1285,-1739,531,4287,-141,350,728
72.69895,156,1285,-1739,531,4325,-141,349,729
72.69945,156,1286,-1739,530,4340,-141,349,728
72.69995,156,1285,-1739,531,4330,-142,349,728
72.70045,156,1285,-1738,531,4318,-141,349,728
72.70095,156,1285,-1739,530,4287,-141,350,728
72.70145,156,1285,-1738,530,4274,-141,349,728
72.70195,156,1285,-1738,529,4273,-142,349,728
72.70245,156,1285,-1738,528,4277,-141,349,728
72.70295,156,1285,-1738,527,4281,-141,349,728
72.70355,156,1285,-1737,528,4287,-141,349,728
72.70405,156,1285,-1737,528,4290,-141,349,728
72.70455,156,1285,-1737,529,4292,-141,349,728
72.70505,156,1285,-1737,530,4297,-141,349,728
72.70555,156,1285,-1738,530,4297,-141,349,728
72.70605,156,1285,-1739,531,4295,-141,349,728
72.70655,156,1285,-1739,531,4298,-141,350,728
72.70705,156,1285,-1739,531,4300,-141,350,728
72.70755,156,1285,-1740,532,4300,-141,349,728
72.70805,156,1285,-1740,532,4298,-141,349,728
72.70855,156,1285,-1740,532,4297,-141,349,728
72.70905,156,1285,-1738,531,4329,-141,349,729
72.70955,156,1285,-1738,529,4337,-141,349,728
72.71005,156,1286,-1737,529,4324,-141,350,728
72.71055,156,1285,-1737,529,4310,-141,349,728
72.71105,156,1285,-1737,528,4280,-141,349,728
72.71155,156,1285,-1737,529,4266,-141,349,728
72.71205,156,1285,-1738,528,4262,-141,349,728
72.71255,156,1285,-1738,527,4266,-141,349,728
72.71305,156,1285,-1738,526,4273,-141,349,728
72.71355,156,1285,-1738,526,4280,-141,349,729
72.71405,156,1285,-1738,527,4282,-141,349,728
72.71455,156,1285,-1739,527,4281,-141,350,728
72.71505,156,1285,-1740,528,4288,-141,349,728
72.71555,156,1285,-1739,529,4292,-141,349,728
72.71605,156,1285,-1739,530,4292,-141,349,728
72.71655,156,1285,-1738,530,4293,-141,350,728
72.71705,157,1285,-1737,529,4293,-141,349,728
72.71755,156,1285,-1737,529,4293,-141,349,728
72.71805,156,1285,-1737,529,4293,-141,349,728
72.71855,156,1285,-1737,529,4297,-141,349,728
72.71905,156,1285,-1737,528,4332,-141,349,729
72.71955,156,1285,-1737,528,4339,-141,349,728
72.72005,157,1285,-1738,528,4328,-141,350,728
72.72055,156,1285,-1738,528,4312,-141,350,728
72.72105,157,1285,-1738,529,4283,-141,350,728
72.72155,156,1285,-1738,530,4275,-141,349,728
72.72205,156,1285,-1738,531,4278,-141,349,728
72.72255,156,1285,-1738,531,4285,-141,349,728
72.72305,156,1285,-1738,530,4291,-141,349,728
72.72355,156,1285,-1738,530,4291,-141,350,728
72.72405,156,1285,-1738,530,4292,-141,349,728
72.72455,155,1285,-1739,530,4295,-141,349,728
72.72505,155,1286,-1739,530,4296,-141,349,728
72.72555,156,1285,-1739,529,4298,-141,349,728
72.72605,155,1285,-1739,529,4299,-141,349,728
72.72655,156,1285,-1739,529,4298,-141,349,728
72.72705,156,1285,-1738,529,4297,-141,349,728
72.72755,156,1285,-1738,529,4296,-141,349,728
72.72805,156,1285,-1737,529,4295,-141,350,728
72.72855,155,1285,-1738,529,4300,-140,349,728
72.72905,156,1285,-1738,530,4334,-140,349,729
72.72955,156,1285,-1738,530,4334,-141,349,728
72.73005,156,1285,-1738,531,4320,-141,349,728
72.73055,156,1285,-1738,530,4301,-141,349,728
72.73105,156,1285,-1738,530,4271,-141,350,728
72.73155,156,1285,-1739,530,4257,-141,349,728
72.73205,156,1285,-1739,530,4258,-141,349,728
72.73255,156,1285,-1739,530,4264,-141,350,728
72.73305,156,1285,-1739,530,4274,-141,349,728
72.73355,156,1285,-1739,530,4281,-141,350,728
72.73405,156,1285,-1740,529,4285,-141,349,728
72.73455,156,1285,-1739,528,4287,-141,349,728
72.73505,156,1285,-1739,528,4288,-141,349,728
72.73555,156,1285,-1737,528,4289,-141,350,728
72.73605,156,1285,-1737,528,4290,-141,349,728
72.73655,156,1285,-1737,529,4290,-141,350,728
72.73705,156,1285,-1737,528,4290,-141,349,728
72.73755,156,1285,-1737,529,4287,-141,349,728
72.73805,156,1285,-1737,530,4288,-141,349,728
72.73855,156,1285,-1737,530,4300,-141,349,728
72.73905,156,1285,-1738,531,4337,-141,349,728
72.73955,156,1285,-1739,531,4341,-141,349,728
72.74005,156,1285,-1739,530,4332,-141,350,729
72.74055,156,1285,-1738,531,4307,-141,350,728
72.74105,156,1285,-1738,531,4273,-141,350,728
72.74155,156,1285,-1738,531,4269,-141,350,728
72.74205,156,1285,-1737,530,4271,-141,350,728
72.74255,156,1286,-1737,529,4275,-141,350,728
72.74305,156,1285,-1738,528,4276,-141,349,728
72.74355,156,1285,-1738,528,4281,-141,350,728
72.74405,156,1285,-1738,528,4284,-141,349,728
72.74455,156,1285,-1738,530,4286,-141,349,728
72.74505,156,1285,-1739,530,4289,-141,349,728
72.74555,156,1285,-1740,531,4287,-141,349,728
72.74605,156,1285,-1741,531,4286,-141,349,728
72.74655,156,1285,-1740,530,4289,-141,349,728
72.74705,156,1285,-1739,530,4289,-141,350,728
72.74755,156,1285,-1737,529,4288,-141,350,728
72.74805,156,1285,-1736,529,4287,-141,349,728
72.74855,156,1285,-1736,529,4296,-141,349,728
72.74905,156,1285,-1737,529,4330,-141,349,728
72.74955,157,1285,-1737,528,4330,-141,349,728
72.75005,156,1285,-1737,528,4321,-141,349,728
72.75055,156,1285,-1737,527,4294,-141,349,728
72.75105,156,1285,-1737,528,4267,-141,350,728
72.75155,156,1286,-1738,529,4260,-141,350,728
72.75205,156,1285,-1738,528,4257,-141,349,728
72.75255,156,1285,-1739,528,4263,-141,349,728
72.75305,156,1285,-1739,529,4268,-141,349,728
72.75355,156,1285,-1738,529,4276,-141,349,728
72.75405,156,1285,-1737,529,4279,-141,349,728
72.75455,156,1285,-1737,529,4283,-141,349,728
72.75505,156,1285,-1737,529,4288,-141,349,728
72.75555,156,1285,-1738,530,4289,-141,349,728
72.75605,156,1285,-1738,530,4290,-141,349,729
72.75655,156,1285,-1738,530,4289,-141,350,728
72.75705,156,1285,-1738,529,4284,-141,350,728
72.75755,156,1285,-1737,530,4287,-141,349,729
72.75805,156,1285,-1737,530,4286,-141,350,728
72.75855,156,1285,-1737,530,4292,-141,349,729
72.75905,156,1285,-1737,529,4326,-141,349,728
72.75955,156,1285,-1738,529,4323,-141,350,728
72.76005,156,1285,-1738,528,4317,-141,350,728
72.76055,156,1285,-1737,528,4291,-141,350,728
72.76105,155,1285,-1737,528,4263,-141,350,728
72.76155,156,1285,-1738,529,4257,-141,350,728
72.76205,156,1285,-1738,528,4258,-141,350,728
72.76265,156,1285,-1738,529,4263,-141,350,728
72.76305,156,1285,-1739,529,4266,-141,349,728
72.76355,156,1285,-1739,530,4264,-141,349,728
72.76405,155,1285,-1738,530,4267,-141,349,728
72.76455,156,1286,-1738,530,4268,-141,349,728
72.76515,155,1285,-1738,530,4271,-141,349,728
72.76565,156,1285,-1738,530,4274,-141,349,728
72.76615,156,1285,-1738,529,4275,-141,349,728
72.76665,156,1285,-1738,530,4276,-141,349,728
72.76715,156,1286,-1738,530,4276,-141,349,728
72.76765,156,1286,-1738,530,4277,-141,349,728
72.76815,156,1285,-1738,530,4275,-141,350,728
72.76865,156,1285,-1738,530,4287,-141,349,728
72.76915,156,1285,-1737,529,4318,-141,349,728
72.76965,156,1285,-1737,529,4313,-141,349,728
72.77015,156,1285,-1738,529,4305,-141,349,728
72.77065,156,1285,-1738,530,4280,-141,349,728
72.77115,156,1285,-1739,530,4254,-141,350,727
72.77165,156,1285,-1738,530,4247,-141,350,728
72.77215,156,1285,-1739,531,4246,-141,350,728
72.77265,156,1285,-1739,531,4256,-141,350,728
72.77315,156,1285,-1739,530,4268,-141,349,728
72.77365,156,1285,-1739,529,4273,-141,350,728
72.77415,156,1285,-1738,528,4275,-141,349,728
72.77465,156,1285,-1738,528,4276,-141,349,728
72.77515,156,1285,-1739,528,4275,-141,350,728
72.77565,156,1285,-1740,528,4274,-141,349,728
72.77615,156,1285,-1741,529,4273,-141,349,729
72.77665,156,1285,-1741,530,4271,-141,350,729
72.77715,156,1285,-1741,530,4265,-141,349,729
72.77765,156,1285,-1741,529,4261,-141,350,728
72.77815,156,1285,-1741,529,4263,-141,350,729
72.77865,156,1285,-1739,530,4286,-141,349,729
72.77915,156,1285,-1737,532,4315,-141,349,729
72.77965,156,1285,-1735,532,4310,-141,349,728
72.78015,156,1285,-1736,532,4300,-141,350,728
72.78065,156,1285,-1737,531,4274,-141,350,728
72.78115,156,1285,-1738,529,4250,-141,350,728
72.78165,156,1285,-1738,528,4244,-141,349,728
72.78215,156,1285,-1737,527,4247,-141,350,728
72.782646,156,1285,-1738,528,4252,-141,350,728
72.78315,156,1285,-1737,528,4254,-141,350,729
72.78365,156,1285,-1737,529,4259,-141,350,728
72.78415,156,1285,-1737,529,4258,-141,350,728
72.78465,156,1285,-1737,529,4264,-141,350,728
72.78515,156,1285,-1738,529,4269,-141,349,728
72.78565,156,1285,-1737,529,4267,-141,349,728
72.78615,156,1285,-1738,529,4269,-141,350,728
72.78665,156,1285,-1738,529,4273,-141,349,729
72.78715,156,1285,-1738,529,4273,-141,350,728
72.78765,156,1285,-1738,529,4270,-141,350,728
72.78815,156,1285,-1738,529,4273,-141,349,728
72.78865,156,1285,-1738,529,4295,-141,349,729
72.78915,156,1285,-1737,529,4322,-141,349,728
72.78965,156,1285,-1737,528,4314,-141,349,729
72.79015,156,1285,-1737,528,4305,-141,350,728
72.79065,156,1285,-1737,528,4272,-141,350,728
72.79115,156,1285,-1737,528,4252,-141,350,728
72.79165,156,1285,-1737,530,4249,-141,350,728
72.79215,156,1285,-1737,530,4246,-141,349,728
72.79265,156,1285,-1738,531,4251,-141,350,728
72.79315,156,1285,-1739,531,4254,-141,350,728
72.79365,156,1285,-1739,531,4261,-141,350,728
72.79415,156,1285,-1739,531,4264,-141,350,728
72.79465,156,1285,-1739,531,4267,-141,350,729
72.79515,156,1286,-1739,532,4270,-141,350,728
72.79565,156,1286,-1739,531,4267,-141,350,728
72.79615,156,1285,-1739,531,4271,-141,350,728
72.79665,156,1286,-1739,532,4272,-141,350,728
72.79715,156,1285,-1739,531,4270,-141,350,728
72.79765,156,1285,-1738,532,4270,-141,349,728
72.79815,156,1285,-1738,532,4267,-141,350,728
72.79865,156,1285,-1738,532,4290,-141,349,729
72.79915,156,1285,-1738,530,4315,-141,349,728
72.79965,156,1285,-1737,527,4307,-141,349,728
72.80015,156,1285,-1737,525,4300,-141,350,728
72.80065,156,1285,-1737,525,4271,-141,350,728
72.80115,155,1285,-1737,526,4250,-141,350,728
72.80165,156,1285,-1737,527,4248,-141,349,728
72.80215,156,1285,-1737,528,4252,-141,350,728
72.80265,156,1285,-1738,529,4259,-141,350,728
72.80315,156,1285,-1738,529,4262,-141,350,728
72.80365,156,1285,-1738,529,4262,-141,350,728
72.80415,156,1285,-1738,529,4267,-141,349,728
72.80465,156,1285,-1738,530,4271,-141,349,728
72.80515,156,1286,-1738,529,4274,-141,349,728
72.80565,156,1285,-1738,529,4279,-141,349,728
72.80615,156,1285,-1737,529,4281,-141,349,728
72.80665,156,1285,-1738,529,4280,-141,349,728
72.80715,156,1285,-1737,529,4280,-141,350,728
72.80765,156,1285,-1738,529,4279,-141,349,728
72.80815,156,1285,-1738,530,4276,-141,350,728
72.80865,156,1285,-1738,530,4299,-140,349,728
72.80915,157,1285,-1738,530,4320,-141,349,728
72.80965,156,1285,-1738,530,4312,-141,350,728
72.81015,156,1285,-1739,530,4301,-141,349,729
72.81065,156,1285,-1738,530,4268,-141,350,728
72.81115,156,1285,-1738,531,4245,-141,349,728
72.81165,156,1285,-1739,531,4248,-141,350,728
72.81215,156,1285,-1739,531,4251,-141,350,728
72.81265,156,1286,-1739,531,4254,-141,350,728
72.81315,156,1285,-1739,531,4255,-141,350,728
72.81365,156,1285,-1738,529,4258,-141,349,728
72.81415,156,1285,-1738,528,4263,-141,349,728
72.81465,156,1285,-1738,527,4267,-141,349,728
72.81515,156,1285,-1738,527,4270,-141,349,728
72.81565,156,1285,-1738,527,4270,-141,349,728
72.81615,156,1285,-1738,528,4271,-140,350,728
72.81665,156,1285,-1738,528,4272,-140,350,728
72.81715,156,1285,-1738,529,4270,-141,350,728
72.81765,156,1285,-1738,529,4268,-141,350,728
72.81815,155,1285,-1738,530,4270,-141,349,728
72.81865,156,1285,-1737,530,4301,-140,350,728
72.81915,156,1285,-1737,529,4321,-141,350,729
72.81965,155,1285,-1737,529,4314,-141,349,728
72.82015,155,1285,-1738,529,4297,-140,349,728
72.82065,155,1285,-1738,528,4268,-141,349,728
72.82115,155,1285,-1739,528,4254,-141,349,728
72.82165,156,1285,-1739,528,4254,-141,349,728
72.82215,156,1285,-1739,528,4260,-141,349,728
72.82265,156,1285,-1738,529,4266,-141,349,728
72.82315,156,1285,-1738,530,4267,-141,350,728
72.82365,156,1285,-1737,530,4270,-141,349,729
72.82415,156,1285,-1737,529,4273,-141,349,728
72.82465,156,1285,-1737,529,4270,-140,349,728
72.82515,156,1285,-1737,529,4274,-141,350,728
72.82565,156,1285,-1738,530,4275,-140,350,728
72.82625,156,1285,-1738,531,4275,-140,349,729
72.82675,156,1285,-1739,531,4277,-140,350,728
72.82725,156,1286,-1738,531,4273,-141,350,728
72.82775,155,1285,-1738,530,4276,-140,350,728
72.82825,156,1285,-1738,531,4276,-140,350,728
72.82875,156,1285,-1739,531,4306,-140,349,729
72.82925,156,1285,-1739,530,4320,-141,349,728
72.82975,156,1285,-1739,529,4308,-141,349,728
72.83025,156,1285,-1739,530,4296,-141,350,728
72.83075,156,1285,-1739,530,4261,-141,350,728
72.83125,156,1285,-1739,531,4245,-140,350,728
72.83175,156,1285,-1739,531,4244,-141,350,728
72.83225,156,1285,-1739,532,4243,-141,350,728
72.83275,156,1285,-1738,531,4251,-141,350,728
72.83325,156,1285,-1739,530,4256,-140,350,728
72.83375,156,1285,-1738,530,4263,-141,350,728
72.83425,156,1285,-1739,529,4267,-141,349,728
72.83475,156,1285,-1738,529,4272,-141,349,728
72.83525,156,1285,-1739,528,4276,-141,349,728
72.83575,156,1285,-1738,528,4277,-141,349,728
72.83625,156,1285,-1738,528,4277,-141,349,728
72.83675,156,1285,-1738,527,4278,-141,349,728
72.83725,156,1285,-1738,527,4279,-141,349,729
72.83775,156,1285,-1739,528,4279,-141,349,728
72.83825,156,1285,-1738,529,4278,-141,349,728
72.83875,156,1285,-1737,529,4317,-140,349,728
72.83925,156,1285,-1737,530,4330,-141,349,728
72.83975,156,1285,-1737,529,4324,-141,350,728
72.84025,156,1285,-1738,529,4306,-141,349,728
72.84075,156,1285,-1739,529,4271,-141,350,728
72.84125,156,1285,-1739,530,4258,-141,350,728
72.84175,156,1285,-1739,529,4258,-141,350,728
72.84225,156,1285,-1739,529,4261,-141,350,728
72.84275,156,1285,-1738,529,4266,-141,349,728
72.84325,156,1286,-1737,528,4267,-141,350,728
72.84375,156,1285,-1737,528,4266,-141,350,728
72.84425,156,1286,-1737,529,4269,-141,350,728
72.84475,156,1285,-1738,529,4271,-141,349,728
72.84525,156,1285,-1738,529,4274,-141,349,728
72.84575,156,1285,-1738,529,4277,-141,349,728
72.84625,156,1285,-1738,529,4278,-140,349,728
72.84675,156,1285,-1738,529,4276,-141,350,728
72.84725,156,1285,-1738,529,4274,-140,350,728
72.84775,156,1286,-1738,529,4273,-140,350,728
72.84825,156,1285,-1738,530,4275,-140,349,729
72.84875,156,1285,-1738,530,4309,-140,349,729
72.84925,156,1285,-1738,530,4308,-141,349,728
72.84975,156,1286,-1738,530,4301,-141,349,728
72.85025,156,1285,-1739,530,4290,-141,350,728
72.85075,156,1285,-1738,531,4259,-140,350,728
72.85125,156,1285,-1739,532,4248,-141,350,728
72.85175,156,1285,-1738,531,4249,-141,350,728
72.85225,156,1285,-1739,530,4252,-141,350,728
72.85275,156,1285,-1738,529,4255,-141,350,728
72.85325,156,1285,-1738,529,4258,-141,349,728
72.85375,156,1285,-1738,528,4263,-141,349,728
72.85425,156,1285,-1738,528,4269,-141,349,728
72.85475,155,1285,-1739,529,4275,-141,349,728
72.85525,156,1285,-1740,529,4279,-141,349,728
72.85575,156,1285,-1740,530,4280,-141,349,728
72.85625,156,1285,-1741,530,4280,-141,350,728
72.85675,156,1285,-1742,531,4279,-141,350,728
72.85725,156,1285,-1742,530,4276,-141,350,728
72.85775,156,1285,-1742,530,4274,-141,350,728
72.85825,156,1285,-1740,531,4282,-140,349,728
72.85875,157,1285,-1738,531,4317,-141,349,728
72.85925,156,1285,-1736,530,4320,-141,349,728
72.85975,156,1285,-1735,529,4311,-141,350,728
72.86025,156,1285,-1734,529,4288,-141,350,728
72.86075,156,1285,-1736,530,4255,-141,350,728
72.86125,156,1285,-1737,529,4247,-141,350,728
72.86175,157,1285,-1738,530,4248,-141,350,728
72.86225,156,1285,-1738,530,4254,-141,350,728
72.86275,156,1285,-1739,531,4258,-141,350,728
72.86325,156,1285,-1739,532,4256,-141,350,728
72.86375,156,1286,-1739,531,4258,-141,349,728
72.86425,156,1285,-1739,530,4261,-141,349,728
72.86475,156,1285,-1739,531,4262,-141,349,728
72.86525,156,1285,-1739,532,4264,-141,349,728
72.86575,156,1285,-1740,533,4264,-141,350,728
72.86625,156,1285,-1740,533,4266,-140,350,729
72.86675,155,1285,-1739,533,4270,-140,350,728
72.86725,156,1286,-1737,531,4266,-140,350,728
72.86775,156,1285,-1737,528,4270,-140,349,728
72.86825,156,1285,-1737,527,4279,-140,350,728
72.86875,156,1285,-1737,526,4314,-140,349,728
72.86925,156,1285,-1736,526,4315,-141,349,728
72.86975,156,1285,-1737,526,4308,-140,350,728
72.87025,156,1285,-1737,526,4284,-140,350,728
72.87075,156,1285,-1737,526,4253,-141,350,728
72.87125,156,1285,-1737,527,4248,-140,350,728
72.87175,156,1285,-1738,527,4251,-140,349,728
72.87225,156,1285,-1738,527,4252,-140,349,728
72.87275,156,1285,-1738,528,4258,-141,349,728
72.87325,156,1285,-1738,528,4261,-140,349,728
72.87375,156,1285,-1738,529,4266,-141,349,728
72.87425,156,1285,-1738,528,4270,-141,349,728
72.87475,156,1286,-1738,529,4273,-141,349,728
72.87525,155,1285,-1738,529,4275,-141,350,728
72.87575,155,1286,-1738,529,4274,-141,349,728
72.87625,155,1285,-1738,529,4273,-141,349,728
72.87675,155,1285,-1738,529,4273,-141,349,728
72.87725,156,1285,-1739,530,4271,-141,349,728
72.87775,156,1285,-1738,530,4270,-141,349,728
72.87825,156,1285,-1738,530,4280,-140,349,728
72.87875,156,1285,-1738,529,4314,-141,349,728
72.87925,156,1285,-1738,529,4314,-140,350,729
72.87975,156,1285,-1738,529,4305,-141,350,728
72.88025,156,1285,-1738,529,4275,-141,350,728
72.88075,156,1286,-1739,530,4249,-141,350,728
72.88125,156,1285,-1739,529,4244,-141,350,728
72.88175,156,1285,-1738,530,4245,-141,350,728
72.88225,156,1286,-1738,529,4252,-141,349,728
72.88275,156,1285,-1737,529,4257,-141,349,728
72.88325,156,1285,-1738,529,4260,-141,349,728
72.88375,156,1285,-1738,529,4260,-141,349,728
72.88425,156,1285,-1738,528,4265,-141,349,728
72.88475,156,1285,-1738,529,4268,-141,349,728
72.88525,156,1286,-1738,528,4271,-141,349,728
72.88575,156,1285,-1738,529,4276,-141,349,728
72.88625,156,1285,-1738,529,4277,-141,350,728
72.88675,156,1285,-1738,528,4276,-141,350,728
72.88735,156,1286,-1737,528,4274,-141,349,728
72.88785,156,1286,-1737,528,4276,-141,349,728
72.88835,156,1285,-1737,528,4290,-140,349,728
72.88885,156,1285,-1737,529,4324,-141,349,729
72.88935,156,1286,-1738,529,4321,-141,350,728
72.88985,156,1286,-1738,528,4309,-140,350,728
72.89035,155,1285,-1738,528,4289,-141,350,728
72.89085,155,1286,-1737,528,4261,-140,350,728
72.89135,156,1286,-1738,529,4254,-141,350,728
72.89185,156,1285,-1738,530,4253,-141,350,728
72.89235,156,1286,-1739,530,4253,-140,350,728
72.89285,156,1285,-1740,531,4257,-141,350,728
72.89335,156,1286,-1740,531,4259,-141,350,728
72.89385,156,1286,-1742,531,4265,-141,350,728
72.89435,156,1286,-1743,531,4269,-141,349,728
72.89485,156,1286,-1743,531,4272,-141,349,728
72.89535,156,1286,-1743,531,4274,-141,349,728
72.89585,156,1286,-1741,531,4274,-141,349,728
72.89635,156,1286,-1737,530,4273,-141,350,728
72.89685,156,1286,-1734,528,4270,-141,349,728
72.89735,156,1286,-1733,527,4266,-141,349,729
72.89785,156,1285,-1734,527,4265,-141,350,728
72.89835,156,1285,-1736,528,4277,-141,349,728
72.89885,156,1285,-1737,529,4315,-141,349,728
72.89935,156,1285,-1737,528,4316,-141,350,728
72.89985,156,1285,-1738,529,4308,-141,350,728
72.90035,156,1285,-1739,529,4281,-141,350,728
72.90085,156,1286,-1739,529,4253,-141,350,728
72.90135,156,1285,-1739,529,4248,-141,350,729
72.90185,156,1286,-1738,529,4251,-141,350,729
72.90235,156,1286,-1737,529,4253,-141,350,728
72.90285,156,1286,-1737,530,4257,-141,350,729
72.90335,156,1285,-1737,529,4263,-141,349,728
72.90385,156,1286,-1736,529,4262,-141,349,729
72.90435,156,1285,-1736,529,4270,-141,350,728
72.90485,156,1285,-1736,529,4270,-140,349,728
72.90535,156,1286,-1737,530,4277,-141,349,728
72.90585,156,1286,-1738,530,4283,-141,349,728
72.90635,156,1285,-1739,530,4285,-141,349,728
72.90685,156,1285,-1739,529,4284,-141,349,728
72.90735,156,1285,-1739,529,4283,-141,349,728
72.90785,156,1285,-1739,530,4280,-140,349,728
72.90835,156,1285,-1739,531,4292,-141,349,728
72.90885,156,1285,-1740,531,4323,-141,349,728
72.90935,155,1285,-1740,531,4319,-141,349,728
72.90985,156,1286,-1740,530,4309,-141,349,727
72.91035,156,1285,-1740,529,4280,-141,350,728
72.91085,156,1285,-1740,529,4246,-141,350,728
72.91135,156,1285,-1740,528,4245,-141,349,728
72.91185,156,1285,-1739,529,4249,-141,349,728
72.91235,156,1286,-1737,529,4251,-141,349,728
72.91285,155,1286,-1736,529,4254,-141,350,727
72.91335,156,1285,-1736,528,4255,-141,349,728
72.91385,156,1285,-1737,528,4254,-141,350,728
72.91435,156,1285,-1738,528,4262,-141,350,728
72.91485,155,1285,-1738,529,4265,-141,350,728
72.91535,156,1285,-1738,529,4262,-141,350,728
72.91585,156,1286,-1740,530,4271,-141,349,728
72.91635,155,1286,-1740,530,4274,-141,349,728
72.91685,156,1285,-1741,530,4275,-141,349,728
72.91735,155,1285,-1740,530,4276,-141,349,728
72.91785,156,1285,-1740,530,4275,-141,350,728
72.91835,156,1285,-1740,530,4293,-141,349,729
72.91885,156,1285,-1740,529,4322,-141,349,728
72.91935,155,1286,-1737,528,4314,-141,349,728
72.91985,156,1285,-1735,528,4310,-141,349,728
72.92035,156,1285,-1734,528,4282,-141,350,728
72.92085,155,1285,-1736,528,4258,-141,350,729
72.92135,156,1286,-1736,528,4254,-140,349,729
72.92185,156,1285,-1737,528,4255,-140,349,729
72.92235,156,1285,-1737,528,4262,-141,349,729
72.92285,155,1285,-1737,529,4268,-141,350,729
72.92335,155,1285,-1737,530,4271,-141,350,729
72.92385,156,1285,-1737,531,4269,-140,350,729
72.92435,155,1285,-1737,530,4272,-141,350,729
72.92485,156,1285,-1738,531,4274,-141,350,729
72.92535,156,1286,-1738,532,4276,-141,350,729
72.92585,156,1286,-1738,533,4279,-140,350,729
72.92635,156,1285,-1739,533,4280,-141,350,729
72.92685,156,1286,-1739,534,4279,-141,350,729
72.92735,156,1285,-1739,533,4279,-141,350,729
72.92785,155,1285,-1738,532,4276,-140,350,729
72.92835,156,1285,-1738,531,4297,-140,349,729
72.92885,155,1285,-1739,529,4322,-141,349,729
72.92935,156,1285,-1739,529,4315,-141,349,729
72.92985,155,1285,-1739,528,4306,-140,349,728
72.93035,156,1286,-1739,527,4275,-141,349,728
72.93085,155,1285,-1738,526,4256,-141,350,728
72.93135,156,1285,-1737,527,4253,-141,349,729
72.93185,156,1286,-1737,527,4253,-140,349,729
72.93235,156,1285,-1737,528,4250,-141,349,728
72.93285,156,1285,-1738,529,4253,-141,349,728
72.93335,156,1285,-1738,528,4261,-141,349,728
72.93385,156,1285,-1739,529,4269,-141,349,728
72.93435,156,1285,-1739,529,4274,-141,349,728
72.93485,156,1285,-1739,529,4278,-141,349,728
72.93535,156,1286,-1739,529,4279,-141,350,728
72.93585,156,1285,-1738,529,4279,-141,349,728
72.93635,156,1285,-1737,528,4280,-141,350,728
72.93685,156,1285,-1737,528,4278,-141,349,728
72.93735,156,1285,-1737,528,4276,-141,350,728
72.93785,156,1285,-1737,529,4277,-141,350,728
72.93835,156,1285,-1737,530,4305,-141,349,729
72.93885,156,1285,-1737,529,4330,-141,350,728
72.93935,156,1285,-1737,529,4321,-141,349,728
72.93985,156,1285,-1738,529,4314,-141,350,728
72.94035,156,1285,-1738,530,4284,-141,350,728
72.94085,156,1285,-1738,530,4261,-141,350,728
72.94135,156,1285,-1738,530,4258,-141,349,728
72.94185,156,1285,-1738,529,4260,-141,350,728
72.94235,156,1285,-1737,530,4266,-141,349,728
72.94285,156,1285,-1737,529,4268,-141,349,728
72.94335,156,1285,-1738,529,4267,-141,349,728
72.94385,156,1285,-1738,529,4267,-141,349,728
72.94435,156,1285,-1738,529,4271,-141,349,728
72.94485,156,1285,-1738,529,4272,-140,349,728
72.94535,156,1285,-1738,530,4274,-141,349,729
72.94585,156,1285,-1739,529,4277,-141,349,728
72.94635,156,1285,-1738,530,4274,-141,349,728
72.94685,156,1285,-1738,530,4276,-141,349,728
72.94735,156,1285,-1739,530,4277,-141,350,728
72.94785,156,1285,-1739,530,4274,-141,349,728
72.94845,156,1285,-1739,530,4300,-140,349,728
72.94895,156,1285,-1739,530,4320,-141,349,729
72.94945,156,1286,-1738,530,4314,-141,350,729
72.94995,156,1285,-1738,529,4299,-141,350,728
72.95045,155,1285,-1737,529,4266,-141,350,728
72.95095,156,1285,-1737,529,4251,-141,350,728
72.95145,156,1285,-1738,530,4252,-141,350,728
72.95195,156,1285,-1737,530,4254,-141,349,728
72.95245,156,1285,-1738,530,4257,-140,350,728
72.95295,156,1285,-1738,530,4261,-141,350,728
72.95345,156,1285,-1738,531,4264,-140,349,728
72.95395,156,1285,-1738,531,4267,-141,349,728
72.95445,156,1285,-1738,531,4273,-140,349,728
72.95495,156,1285,-1738,530,4278,-140,349,728
72.95545,156,1285,-1738,529,4283,-141,349,728
72.95595,156,1285,-1738,529,4286,-140,349,728
72.95645,156,1285,-1738,529,4286,-141,349,728
72.95695,156,1285,-1738,529,4285,-141,349,728
72.95745,156,1285,-1737,529,4285,-140,349,728
72.95795,156,1285,-1737,529,4282,-141,349,728
72.95845,156,1285,-1738,529,4310,-141,349,728
72.95895,156,1285,-1738,529,4326,-141,349,728
72.95945,156,1285,-1738,529,4319,-141,349,728
72.95995,156,1285,-1738,529,4306,-141,349,728
72.96045,156,1286,-1738,529,4273,-141,350,728
72.96095,156,1286,-1738,530,4254,-140,350,728
72.96145,155,1285,-1737,529,4253,-141,350,728
72.96195,156,1285,-1737,529,4257,-141,349,728
72.96245,156,1285,-1737,529,4264,-141,350,729
72.96295,156,1285,-1737,530,4266,-141,350,728
72.96345,155,1285,-1737,529,4262,-141,350,728
72.96395,155,1285,-1738,529,4263,-140,350,728
72.96445,155,1286,-1737,529,4267,-141,350,728
72.96495,155,1286,-1738,530,4270,-140,349,728
72.96545,155,1286,-1739,530,4272,-140,350,728
72.96595,155,1285,-1740,531,4276,-141,349,728
72.96645,155,1285,-1739,531,4278,-141,350,729
72.96695,156,1285,-1739,531,4278,-141,350,728
72.96745,155,1286,-1739,531,4274,-141,350,728
72.96795,156,1285,-1738,531,4279,-141,350,728
72.96845,156,1285,-1738,531,4314,-141,349,728
72.96895,156,1285,-1738,529,4323,-141,349,728
72.96945,156,1285,-1737,528,4316,-141,349,728
72.96995,156,1285,-1737,527,4303,-141,349,728
72.97045,156,1286,-1737,527,4271,-141,350,728
72.97095,156,1286,-1737,528,4256,-141,349,728
72.97145,156,1285,-1738,529,4258,-141,349,728
72.97195,156,1286,-1738,529,4264,-141,350,728
72.97245,156,1286,-1738,530,4266,-141,349,728
72.972946,155,1285,-1738,529,4267,-141,349,728
72.97345,156,1286,-1739,530,4270,-141,350,728
72.97395,155,1286,-1739,530,4274,-141,349,728
72.97445,155,1285,-1739,530,4278,-141,349,728
72.97495,155,1285,-1738,529,4281,-141,349,728
72.97545,156,1285,-1738,530,4282,-140,350,728
72.97595,155,1285,-1738,530,4282,-141,350,728
72.97645,155,1286,-1738,530,4280,-141,350,728
72.97695,156,1285,-1738,530,4277,-141,350,728
72.97745,156,1285,-1738,530,4276,-141,349,728
72.97795,156,1286,-1738,531,4282,-141,349,728
72.97845,156,1285,-1738,532,4318,-141,349,728
72.97895,156,1285,-1738,531,4326,-141,349,728
72.97945,156,1285,-1738,530,4317,-141,350,728
72.97995,155,1286,-1738,528,4298,-141,350,728
72.98045,155,1285,-1738,526,4264,-141,350,728
72.98095,156,1285,-1738,526,4251,-141,350,728
72.98145,156,1285,-1738,526,4250,-141,350,728
72.98195,156,1285,-1738,527,4255,-141,350,728
72.98245,156,1285,-1738,528,4261,-141,349,728
72.98295,156,1285,-1738,529,4263,-141,349,728
72.98345,156,1285,-1738,530,4263,-140,349,728
72.98395,156,1285,-1738,531,4264,-141,349,727
72.98445,156,1285,-1738,532,4267,-141,349,728
72.98495,156,1285,-1738,531,4265,-141,350,728
72.98545,156,1285,-1738,531,4271,-141,350,728
72.98595,156,1285,-1738,531,4276,-141,350,728
72.98645,156,1285,-1738,531,4278,-141,349,728
72.98695,156,1285,-1739,532,4277,-141,350,728
72.98745,156,1285,-1740,532,4276,-141,350,727
72.98795,155,1285,-1741,533,4281,-141,350,727
72.98845,156,1285,-1740,533,4312,-141,349,728
72.98895,156,1285,-1738,532,4317,-141,350,728
72.98945,156,1285,-1737,529,4315,-141,349,728
72.98995,156,1286,-1736,527,4297,-141,350,728
72.99045,156,1285,-1737,527,4264,-141,350,727
72.99095,156,1285,-1737,529,4249,-141,349,728
72.99145,156,1286,-1738,530,4244,-141,349,728
72.99195,155,1285,-1738,529,4252,-141,349,727
72.99245,156,1286,-1738,528,4254,-141,350,728
72.99295,156,1286,-1738,528,4250,-141,349,728
72.99345,156,1286,-1737,527,4256,-141,350,728
72.99395,156,1285,-1738,528,4260,-141,349,728
72.99445,156,1285,-1738,528,4264,-141,349,728
72.99495,156,1285,-1738,529,4266,-141,350,728
72.99545,155,1286,-1738,530,4271,-141,350,728
72.99595,156,1285,-1739,531,4271,-141,350,728
72.99645,155,1285,-1739,531,4270,-141,350,728
72.99695,156,1285,-1739,531,4268,-141,350,728
72.99745,156,1286,-1739,531,4266,-141,350,727
72.99795,156,1285,-1739,531,4271,-141,350,728
72.99845,156,1285,-1739,531,4302,-141,349,728
72.99895,156,1285,-1738,530,4307,-141,349,728
72.99945,155,1285,-1738,529,4301,-141,349,727
72.99995,155,1286,-1738,528,4278,-141,349,727
73.00045,155,1286,-1738,528,4244,-141,350,727
73.00095,156,1286,-1738,528,4234,-141,349,728
73.00145,155,1285,-1738,528,4236,-141,349,728
73.00195,156,1286,-1739,528,4249,-141,349,727
73.00245,156,1285,-1739,528,4255,-141,350,728
73.00295,156,1285,-1739,529,4253,-141,349,728
73.00345,156,1286,-1738,529,4258,-141,349,728
73.00395,156,1285,-1737,530,4259,-141,349,728
73.00445,156,1285,-1737,530,4263,-141,350,728
73.00495,156,1286,-1737,530,4266,-141,349,728
73.00545,156,1286,-1738,530,4269,-141,350,728
73.00595,155,1286,-1738,530,4273,-141,350,728
73.00645,155,1285,-1738,529,4273,-141,350,728
73.00695,155,1286,-1739,529,4273,-140,349,728
73.00745,155,1285,-1738,529,4271,-141,350,728
73.00795,156,1285,-1738,530,4278,-141,349,728
73.00845,156,1285,-1738,530,4311,-141,349,728
73.00905,156,1285,-1737,529,4308,-141,350,727
73.00955,155,1286,-1738,529,4299,-141,349,727
73.01005,156,1285,-1738,528,4273,-141,349,727
73.01055,155,1286,-1738,528,4242,-141,349,728
73.01105,156,1285,-1738,528,4234,-141,350,727
73.01155,156,1285,-1739,529,4240,-141,350,728
73.01205,156,1286,-1739,530,4243,-141,350,728
73.01255,156,1286,-1740,531,4248,-141,350,728
73.01305,156,1286,-1741,531,4249,-141,350,727
73.01355,156,1286,-1740,531,4249,-141,349,728
73.01405,155,1286,-1739,531,4248,-141,349,728
73.01455,156,1285,-1739,531,4257,-141,349,728
73.01505,156,1285,-1739,532,4263,-141,349,728
73.01555,156,1285,-1739,532,4264,-140,350,728
73.01605,155,1286,-1738,531,4264,-141,350,728
73.01655,156,1286,-1736,529,4263,-141,349,728
73.01705,156,1286,-1736,528,4261,-141,350,728
73.01755,156,1286,-1736,528,4261,-141,349,728
73.01805,156,1286,-1736,529,4275,-141,349,728
73.01855,156,1285,-1737,530,4310,-141,349,728
73.01905,156,1286,-1738,530,4310,-141,349,728
73.01955,155,1286,-1738,531,4303,-141,349,728
73.02005,155,1286,-1739,530,4278,-141,350,728
73.02055,156,1286,-1739,529,4250,-141,349,727
73.02105,155,1286,-1740,527,4243,-141,349,728
73.02155,156,1286,-1739,526,4242,-141,349,728
73.02205,156,1286,-1739,526,4254,-141,349,728
73.02255,156,1286,-1739,526,4261,-141,349,728
73.02305,156,1286,-1738,527,4263,-141,349,728
73.02355,156,1286,-1737,528,4262,-141,350,728
73.02405,156,1286,-1736,528,4261,-141,349,728
73.02455,156,1286,-1736,528,4264,-141,350,728
73.02505,156,1286,-1737,529,4265,-141,349,728
73.02555,156,1286,-1737,530,4266,-141,350,728
73.02605,156,1285,-1737,530,4267,-141,349,728
73.02655,156,1286,-1737,530,4266,-141,350,728
73.02705,156,1286,-1736,530,4265,-141,349,727
73.02755,156,1286,-1736,529,4263,-141,349,728
73.02805,156,1285,-1737,530,4271,-141,349,728
73.02855,156,1286,-1738,530,4307,-141,349,728
73.02905,156,1285,-1739,530,4307,-141,349,728
73.02955,156,1285,-1739,530,4298,-141,350,728
73.03005,156,1285,-1738,530,4271,-141,350,727
73.03055,155,1286,-1738,530,4240,-141,350,728
73.03105,155,1286,-1737,529,4228,-141,350,727
73.03155,155,1286,-1737,529,4232,-141,350,728
73.03205,155,1286,-1737,529,4236,-141,350,727
73.03255,155,1286,-1737,529,4239,-141,349,728
73.03305,155,1285,-1737,528,4238,-141,350,727
73.03355,156,1286,-1737,529,4245,-141,350,728
73.03405,155,1285,-1738,530,4246,-141,350,728
73.03455,155,1285,-1739,531,4255,-141,350,728
73.03505,155,1286,-1739,531,4261,-141,350,728
73.03555,156,1285,-1739,533,4264,-141,350,728
73.03605,156,1286,-1740,533,4266,-141,350,728
73.03655,156,1285,-1739,534,4266,-141,350,728
73.03705,156,1285,-1739,534,4266,-141,350,728
73.03755,156,1285,-1739,533,4265,-141,349,728
73.03805,156,1286,-1738,532,4280,-141,349,728
73.03855,156,1285,-1738,529,4313,-141,349,728
73.03905,156,1286,-1737,527,4312,-141,349,728
73.03955,156,1285,-1737,526,4304,-141,349,728
73.04005,156,1286,-1736,525,4276,-141,349,728
73.04055,156,1285,-1736,525,4250,-141,349,728
73.04105,155,1286,-1737,525,4243,-140,349,728
73.04155,156,1286,-1737,525,4243,-141,349,728
73.04205,156,1285,-1737,525,4249,-141,349,728
73.04255,155,1286,-1738,527,4253,-141,349,728
73.04305,156,1286,-1738,528,4254,-141,349,728
73.04355,156,1286,-1739,529,4254,-141,349,728
73.04405,156,1286,-1740,530,4252,-141,349,728
73.04455,156,1286,-1740,530,4257,-141,349,728
73.04505,156,1285,-1741,529,4259,-141,349,728
73.04555,156,1285,-1740,529,4262,-141,349,728
73.04605,156,1285,-1739,529,4264,-141,349,728
73.04655,156,1286,-1739,529,4263,-141,349,728
73.04705,156,1285,-1738,528,4261,-141,349,728
73.04755,156,1285,-1737,528,4258,-141,349,728
73.04805,156,1286,-1736,529,4274,-141,349,728
73.04855,156,1286,-1736,528,4301,-141,349,728
73.04905,156,1285,-1736,529,4295,-141,349,728
73.04955,156,1285,-1737,529,4289,-141,349,728
73.05005,156,1285,-1737,530,4263,-141,350,728
73.05055,156,1286,-1738,530,4239,-141,350,728
73.05105,156,1285,-1738,530,4233,-141,350,728
73.05155,156,1286,-1738,530,4236,-141,349,728
73.05205,156,1285,-1738,530,4244,-141,350,728
73.05255,155,1285,-1739,530,4244,-141,350,728
73.05305,156,1285,-1739,529,4244,-141,350,728
73.05355,155,1286,-1739,527,4247,-141,350,728
73.05405,155,1285,-1738,527,4252,-141,349,728
73.05455,155,1286,-1738,527,4259,-141,349,728
73.05505,155,1286,-1738,529,4264,-141,349,728
73.05555,155,1286,-1738,530,4266,-141,350,728
73.05605,156,1286,-1739,530,4266,-141,350,729
73.05655,155,1286,-1739,530,4263,-141,350,728
73.05705,155,1285,-1738,530,4257,-141,349,728
73.05755,155,1285,-1737,530,4261,-141,349,728
73.05805,156,1286,-1737,530,4286,-141,349,729
73.05855,156,1285,-1737,529,4312,-141,349,728
73.05905,156,1286,-1737,528,4302,-141,349,729
73.05955,156,1286,-1737,528,4294,-141,349,728
73.06005,156,1285,-1737,528,4260,-141,350,728
73.06055,156,1286,-1737,529,4241,-140,350,728
73.06105,156,1285,-1738,529,4238,-141,349,728
73.06155,156,1286,-1738,529,4240,-141,350,728
73.06205,156,1286,-1739,529,4247,-141,349,728
73.06255,155,1285,-1738,529,4250,-141,350,728
73.06305,156,1286,-1738,528,4251,-141,350,728
73.06355,156,1286,-1736,528,4249,-141,350,728
73.06405,156,1286,-1736,529,4246,-141,349,728
73.06455,156,1286,-1736,529,4250,-141,349,728
73.06505,156,1286,-1737,529,4251,-141,349,728
73.06555,156,1285,-1738,530,4254,-141,349,728
73.06605,156,1285,-1739,530,4258,-141,349,728
73.06655,156,1285,-1739,530,4259,-141,349,728
73.06705,156,1286,-1739,531,4259,-141,349,728
73.06755,156,1286,-1739,530,4258,-141,349,728
73.06805,155,1286,-1739,530,4281,-141,349,729
73.06855,155,1285,-1739,529,4304,-141,349,729
73.06905,155,1286,-1739,529,4295,-141,349,728
73.06955,155,1285,-1740,529,4285,-141,349,728
73.07005,155,1285,-1740,529,4260,-141,350,728
73.07065,155,1286,-1741,530,4240,-141,350,728
73.07115,155,1286,-1740,530,4234,-141,349,728
73.07165,156,1285,-1737,530,4237,-141,349,728
73.07215,155,1285,-1735,529,4246,-141,349,728
73.07265,156,1285,-1735,530,4247,-141,349,728
73.07315,155,1286,-1737,530,4247,-141,349,728
73.07365,156,1285,-1738,531,4250,-141,349,729
73.07415,155,1286,-1738,530,4251,-141,349,729
73.07465,156,1286,-1738,529,4251,-141,349,729
73.07515,156,1286,-1739,528,4253,-141,349,729
73.07565,156,1285,-1738,528,4257,-140,349,729
73.07615,155,1286,-1738,528,4258,-140,349,729
73.07665,156,1286,-1738,529,4258,-141,349,729
73.07715,156,1285,-1738,530,4259,-141,349,729
73.07765,156,1285,-1738,530,4257,-140,350,729
73.07815,156,1285,-1738,531,4284,-141,349,729
73.07865,156,1286,-1738,531,4304,-141,349,729
73.07915,156,1285,-1738,531,4298,-141,350,729
73.07965,156,1286,-1738,530,4285,-141,350,729
73.08015,156,1285,-1738,530,4251,-141,350,729
73.08065,156,1286,-1738,529,4232,-141,350,729
73.08115,156,1286,-1739,529,4229,-141,350,729
73.08165,155,1286,-1740,528,4233,-140,350,729
73.08215,156,1286,-1739,528,4240,-141,350,729
73.08265,155,1285,-1738,528,4243,-141,349,729
73.08315,156,1286,-1737,528,4246,-141,349,729
73.08365,156,1285,-1736,527,4247,-141,349,729
73.08415,156,1286,-1736,527,4247,-141,349,729
73.08465,156,1286,-1736,528,4252,-140,349,728
73.08515,156,1285,-1737,528,4255,-141,349,729
73.08565,156,1285,-1737,529,4263,-140,349,729
73.08615,156,1285,-1737,529,4262,-141,349,729
73.08665,156,1286,-1737,529,4261,-141,349,729
73.08715,156,1285,-1737,529,4260,-140,350,729
73.08765,155,1285,-1739,529,4260,-141,350,729
73.08815,156,1285,-1739,530,4291,-140,349,729
73.08865,156,1285,-1739,529,4307,-141,349,729
73.08915,156,1285,-1739,529,4300,-140,349,729
73.08965,156,1286,-1738,528,4290,-141,350,728
73.09015,155,1285,-1738,529,4260,-141,350,728
73.09065,156,1286,-1738,529,4247,-141,350,728
73.09115,156,1286,-1738,529,4243,-141,350,729
73.09165,156,1286,-1739,528,4243,-141,349,728
73.09215,156,1285,-1739,529,4243,-141,349,729
73.09265,156,1285,-1739,529,4244,-141,349,728
73.09315,156,1286,-1738,529,4241,-141,349,729
73.09365,155,1286,-1738,529,4245,-141,349,729
73.09415,155,1286,-1737,529,4246,-141,349,729
73.09465,155,1286,-1737,529,4250,-141,349,729
73.095146,155,1286,-1737,529,4255,-141,349,728
73.09565,155,1286,-1737,529,4258,-141,349,728
73.09615,155,1286,-1737,529,4263,-141,349,728
73.09665,155,1286,-1737,529,4260,-141,350,729
73.09715,155,1286,-1737,530,4256,-141,350,729
73.09765,156,1286,-1738,530,4254,-141,349,729
73.09815,156,1286,-1738,530,4288,-141,349,729
73.09865,156,1286,-1738,530,4301,-141,349,728
73.09915,156,1286,-1738,529,4296,-140,349,729
73.09965,156,1285,-1738,529,4286,-141,349,728
73.10015,156,1286,-1738,529,4251,-141,350,728
73.10065,156,1286,-1738,530,4242,-140,349,729
73.10115,156,1286,-1738,530,4242,-140,349,728
73.10165,156,1285,-1738,530,4243,-141,349,728
73.10215,156,1286,-1738,530,4253,-141,349,728
73.10265,156,1286,-1738,530,4259,-141,349,728
73.10315,157,1285,-1739,530,4261,-141,349,729
73.10365,156,1286,-1739,530,4261,-141,350,729
73.10415,156,1286,-1739,530,4255,-141,349,729
73.10465,156,1285,-1739,530,4261,-141,349,729
73.10515,156,1286,-1738,529,4265,-141,349,729
73.10565,156,1285,-1737,529,4270,-140,349,729
73.10615,156,1286,-1736,529,4275,-141,349,729
73.10665,156,1285,-1735,529,4276,-141,349,729
73.10715,156,1285,-1735,529,4276,-140,349,729
73.10765,156,1286,-1736,529,4278,-140,349,729
73.10815,156,1286,-1737,530,4312,-140,349,729
73.10865,155,1286,-1738,529,4318,-140,349,729
73.10915,155,1286,-1738,529,4311,-140,349,729
73.10965,154,1286,-1739,529,4293,-140,350,729
73.11015,154,1286,-1740,529,4261,-141,349,729
73.11065,155,1286,-1739,529,4249,-141,349,729
73.11115,155,1286,-1739,529,4246,-141,349,728
73.11165,155,1286,-1739,529,4250,-141,349,728
73.11215,155,1286,-1738,529,4262,-141,350,729
73.11265,155,1286,-1737,529,4262,-141,349,728
73.11315,155,1286,-1737,530,4255,-140,349,729
73.11365,155,1286,-1737,529,4259,-141,349,729
73.11415,155,1286,-1738,530,4258,-140,349,729
73.11465,155,1286,-1738,529,4262,-141,349,729
73.11515,155,1286,-1738,529,4267,-140,349,729
73.11565,156,1286,-1738,529,4271,-141,349,729
73.11615,155,1286,-1738,529,4273,-141,349,729
73.11665,155,1286,-1738,529,4273,-140,349,729
73.11715,155,1286,-1738,529,4274,-140,349,729
73.11765,156,1286,-1739,529,4279,-140,349,728
73.11815,156,1286,-1739,530,4316,-141,349,729
73.11865,156,1285,-1739,529,4325,-140,349,729
73.11915,155,1286,-1739,529,4315,-140,349,728
73.11965,155,1286,-1739,529,4294,-141,350,728
73.12015,156,1286,-1739,529,4268,-141,350,728
73.12065,155,1286,-1739,529,4259,-141,350,728
73.12115,156,1286,-1739,530,4260,-140,349,729
73.12165,156,1286,-1739,531,4266,-141,349,729
73.12215,156,1286,-1739,530,4268,-140,349,728
73.12265,156,1286,-1738,530,4270,-140,349,728
73.12315,155,1286,-1738,530,4278,-141,350,728
73.12365,155,1286,-1738,530,4278,-140,349,729
73.12415,156,1286,-1738,530,4279,-140,350,729
73.12465,156,1286,-1738,530,4276,-141,349,729
73.12515,155,1286,-1738,530,4275,-141,350,728
73.12565,155,1286,-1738,530,4279,-141,349,728
73.12615,156,1286,-1739,529,4285,-141,349,728
73.12665,155,1286,-1739,529,4286,-141,350,728
73.12715,156,1286,-1739,529,4284,-141,350,729
73.12765,155,1286,-1739,530,4288,-140,349,729
73.12815,156,1286,-1738,531,4317,-140,349,729
73.12865,155,1286,-1737,530,4316,-140,349,729
73.12915,155,1286,-1737,530,4310,-141,349,728
73.12965,155,1286,-1737,530,4292,-141,349,728
73.13015,156,1286,-1738,530,4266,-140,350,728
73.13065,156,1286,-1737,531,4257,-140,349,728
73.13115,155,1286,-1738,531,4254,-141,349,729
73.13165,155,1286,-1738,530,4257,-141,349,728
73.13225,155,1286,-1737,528,4259,-141,349,729
73.13275,155,1286,-1737,528,4262,-141,349,729
73.13325,155,1286,-1738,528,4259,-140,349,729
73.13375,156,1286,-1738,528,4260,-140,349,728
73.13425,156,1286,-1738,529,4266,-140,349,728
73.13475,156,1286,-1738,529,4278,-141,349,728
73.13525,156,1286,-1738,529,4283,-140,349,728
73.13575,155,1286,-1738,530,4285,-141,349,728
73.13625,155,1286,-1738,530,4284,-141,349,728
73.13675,156,1286,-1738,530,4281,-141,349,728
73.13725,155,1286,-1738,529,4280,-141,349,728
73.13775,156,1286,-1738,531,4293,-140,349,728
73.13825,155,1286,-1738,530,4330,-141,349,728
73.13875,155,1286,-1738,529,4332,-141,349,728
73.13925,156,1286,-1738,529,4325,-141,349,728
73.13975,155,1286,-1738,529,4300,-141,349,728
73.14025,155,1286,-1738,529,4271,-141,349,728
73.14075,156,1286,-1738,529,4264,-141,349,728
73.14125,156,1286,-1738,528,4263,-141,349,728
73.14175,155,1286,-1737,529,4268,-141,349,728
73.14225,155,1286,-1737,528,4271,-141,349,728
73.14275,155,1286,-1737,528,4273,-140,349,728
73.14325,155,1286,-1737,528,4273,-140,349,728
73.14375,155,1286,-1737,528,4273,-141,349,728
73.14425,155,1286,-1737,529,4271,-140,349,728
73.14475,155,1286,-1737,530,4275,-140,349,728
73.14525,156,1286,-1738,530,4277,-141,349,728
73.14575,156,1286,-1738,530,4279,-140,349,728
73.14625,156,1286,-1738,530,4281,-141,349,728
73.14675,156,1286,-1738,530,4280,-140,349,728
73.14725,155,1286,-1739,531,4277,-140,349,728
73.14775,156,1286,-1739,532,4286,-140,349,728
73.14825,155,1286,-1739,532,4319,-141,349,729
73.14875,155,1286,-1739,532,4318,-140,349,728
73.14925,155,1286,-1739,532,4307,-141,349,728
73.14975,156,1286,-1739,532,4287,-141,350,728
73.15025,155,1286,-1739,532,4262,-141,350,728
73.15075,155,1286,-1739,532,4255,-141,350,728
73.15125,155,1286,-1739,532,4253,-141,350,728
73.15175,155,1286,-1738,530,4259,-141,349,728
73.15225,155,1286,-1738,527,4264,-141,349,728
73.15275,155,1286,-1737,526,4264,-141,349,728
73.15325,155,1286,-1738,527,4263,-141,349,728
73.15375,155,1286,-1738,528,4266,-141,349,728
73.15425,155,1286,-1738,529,4269,-141,350,728
73.15475,155,1286,-1738,530,4276,-141,349,728
73.15525,155,1286,-1739,531,4281,-141,349,728
73.15575,155,1286,-1739,532,4285,-141,349,728
73.15625,155,1286,-1739,533,4286,-141,349,728
73.15675,155,1286,-1739,532,4285,-141,349,728
73.15725,156,1286,-1739,530,4283,-141,349,728
73.15775,155,1286,-1738,529,4295,-140,349,728
73.15825,156,1286,-1737,528,4326,-141,349,729
73.15875,155,1286,-1737,527,4323,-141,349,728
73.15925,155,1286,-1737,527,4310,-141,349,728
73.15975,155,1286,-1737,526,4287,-141,349,728
73.16025,155,1286,-1737,527,4260,-141,349,728
73.16075,156,1286,-1737,528,4253,-141,349,728
73.16125,156,1286,-1738,529,4255,-141,350,729
73.16175,155,1286,-1738,529,4261,-140,349,728
73.16225,156,1286,-1738,529,4261,-141,350,729
73.16275,156,1286,-1738,529,4267,-141,349,729
73.16325,156,1286,-1738,529,4263,-140,349,728
73.16375,156,1286,-1739,529,4259,-140,349,729
73.16425,156,1286,-1739,530,4266,-140,350,729
73.16475,156,1286,-1739,530,4265,-140,349,728
73.16525,156,1286,-1739,530,4265,-140,349,729
73.16575,156,1286,-1739,531,4271,-140,349,729
73.16625,156,1286,-1738,531,4271,-140,350,729
73.16675,156,1286,-1737,532,4271,-141,350,728
73.16725,156,1286,-1737,532,4271,-141,350,728
73.16775,156,1286,-1737,532,4289,-141,349,728
73.16825,156,1286,-1738,531,4321,-141,349,728
73.16875,155,1286,-1738,531,4316,-141,349,728
73.16925,156,1286,-1738,530,4309,-141,349,728
73.16975,156,1286,-1738,528,4285,-140,349,728
73.17025,156,1286,-1737,527,4261,-141,349,728
73.17075,156,1286,-1737,526,4255,-141,349,729
73.17125,155,1286,-1738,527,4253,-141,349,729
73.17175,156,1286,-1738,528,4255,-141,349,729
73.17225,155,1286,-1738,529,4260,-140,349,729
73.17275,155,1286,-1738,529,4260,-141,349,728
73.17325,155,1286,-1738,531,4261,-141,350,728
73.17375,155,1286,-1738,531,4266,-141,350,728
73.17425,155,1286,-1738,531,4270,-141,349,728
73.17475,155,1286,-1738,531,4275,-141,349,728
73.17525,155,1286,-1739,531,4277,-141,349,729
73.17575,155,1286,-1738,532,4277,-141,349,728
73.17625,155,1286,-1739,530,4271,-141,349,728
73.17675,155,1286,-1739,529,4271,-141,349,728
73.17725,155,1286,-1738,527,4273,-141,349,728
73.17775,155,1286,-1738,527,4291,-141,349,728
73.17825,156,1286,-1737,527,4321,-141,349,729
73.17875,155,1286,-1737,527,4318,-141,349,729
73.17925,155,1286,-1737,528,4304,-141,349,728
73.17975,155,1286,-1738,528,4274,-141,349,728
73.18025,155,1286,-1737,529,4254,-141,349,728
73.18075,155,1286,-1738,529,4251,-141,349,729
73.18125,155,1286,-1738,529,4251,-141,349,728
73.18175,155,1286,-1738,529,4252,-141,349,728
73.18225,156,1286,-1739,529,4259,-141,349,728
73.18275,155,1286,-1739,529,4263,-140,349,729
73.18325,155,1286,-1739,529,4265,-140,349,729
73.18375,155,1286,-1739,529,4261,-140,349,729
73.18425,156,1286,-1739,529,4259,-141,349,729
73.18475,156,1286,-1739,529,4265,-140,349,729
73.18525,155,1286,-1739,529,4268,-140,349,728
73.18575,156,1286,-1738,529,4270,-140,349,728
73.18625,155,1286,-1737,529,4279,-140,349,729
73.18675,155,1286,-1736,529,4281,-141,349,729
73.18725,156,1286,-1737,529,4274,-141,349,729
73.18775,155,1286,-1737,529,4294,-141,349,729
73.18825,155,1286,-1737,529,4321,-141,349,729
73.18875,155,1286,-1738,529,4318,-141,349,729
73.18925,155,1286,-1738,529,4309,-141,349,729
73.18975,155,1286,-1738,529,4281,-141,349,729
73.19025,155,1286,-1738,529,4258,-140,350,729
73.19075,156,1286,-1738,529,4253,-141,349,729
73.19125,155,1286,-1738,529,4252,-141,349,729
73.19175,155,1286,-1738,529,4256,-141,349,729
73.19225,155,1286,-1737,529,4261,-141,349,729
73.19285,156,1286,-1738,529,4260,-141,349,729
73.19335,155,1286,-1738,529,4258,-140,349,729
73.19385,155,1286,-1738,530,4260,-141,349,729
73.19435,155,1286,-1737,530,4263,-140,349,729
73.19485,156,1286,-1737,530,4269,-140,349,729
73.19535,155,1286,-1738,530,4272,-141,349,729
73.19585,155,1286,-1738,530,4276,-141,349,729
73.19635,156,1286,-1738,531,4276,-140,350,729
73.19685,155,1286,-1739,531,4275,-141,350,729
73.19735,156,1286,-1738,531,4272,-140,350,729
73.19785,156,1286,-1739,533,4295,-140,349,729
73.19835,156,1286,-1739,532,4318,-140,350,729
73.19885,156,1286,-1739,532,4313,-140,350,729
73.19935,155,1286,-1739,531,4302,-141,349,729
73.19985,155,1286,-1739,531,4271,-140,350,729
73.20035,155,1286,-1739,532,4249,-140,349,729
73.20085,155,1286,-1739,532,4246,-140,349,729
73.20135,155,1286,-1739,532,4252,-140,350,729
73.20185,155,1286,-1739,532,4259,-140,349,729
73.20235,155,1286,-1738,529,4263,-141,349,729
73.20285,156,1286,-1737,526,4266,-140,349,729
73.20335,156,1286,-1737,526,4267,-141,349,729
73.20385,156,1286,-1737,526,4265,-141,349,729
73.20435,156,1286,-1737,527,4270,-140,349,729
73.20485,156,1286,-1738,528,4274,-140,349,729
73.20535,156,1286,-1738,528,4277,-141,349,729
73.20585,156,1286,-1738,528,4281,-140,349,729
73.20635,156,1286,-1737,528,4281,-140,349,729
73.20685,156,1286,-1737,528,4280,-140,349,729
73.20735,156,1286,-1737,529,4278,-140,349,729
73.20785,156,1286,-1737,529,4303,-140,349,729
73.20835,156,1286,-1737,529,4319,-141,349,729
73.20885,156,1286,-1737,528,4311,-141,349,729
73.20935,156,1286,-1738,529,4300,-141,349,729
73.20985,156,1286,-1738,529,4270,-141,349,729
73.21035,156,1286,-1738,529,4252,-141,350,729
73.21085,156,1286,-1738,529,4248,-141,349,729
73.21135,156,1286,-1737,530,4248,-141,349,729
73.21185,156,1286,-1738,530,4252,-141,349,729
73.21235,155,1286,-1738,530,4255,-141,349,729
73.21285,155,1286,-1738,530,4253,-141,349,729
73.21335,154,1286,-1738,530,4250,-141,349,729
73.21385,154,1287,-1739,530,4250,-141,350,730
73.21435,154,1287,-1739,529,4253,-141,349,730
73.21485,154,1287,-1739,529,4263,-141,349,729
73.21535,155,1286,-1739,529,4267,-141,349,730
73.21585,155,1286,-1739,529,4265,-140,349,729
73.21635,155,1286,-1739,529,4266,-141,349,730
73.21685,155,1286,-1739,529,4262,-141,349,730
73.21735,156,1286,-1739,529,4267,-141,349,730
73.21785,155,1286,-1739,529,4301,-141,349,730
73.21835,156,1286,-1739,528,4318,-140,349,730
73.21885,155,1286,-1738,528,4311,-141,349,730
73.21935,156,1286,-1737,528,4298,-141,349,730
73.21985,155,1286,-1736,528,4265,-141,350,730
73.22035,155,1286,-1737,529,4249,-141,349,729
73.22085,156,1286,-1738,531,4247,-141,349,730
73.22135,156,1286,-1738,532,4246,-140,350,730
73.22185,155,1286,-1739,532,4256,-140,350,730
73.22235,156,1286,-1739,532,4263,-140,349,730
73.22285,155,1286,-1739,532,4266,-141,350,730
73.22335,156,1286,-1740,531,4267,-141,349,730
73.22385,155,1286,-1739,530,4267,-141,349,730
73.22435,156,1286,-1738,529,4265,-141,349,730
73.22485,156,1286,-1738,528,4265,-140,349,730
73.22535,155,1286,-1739,528,4267,-140,349,730
73.22585,155,1286,-1740,528,4266,-140,349,730
73.22635,155,1286,-1740,529,4267,-140,349,730
73.22685,154,1286,-1741,530,4270,-140,349,730
73.22735,155,1286,-1741,531,4269,-140,349,730
73.22785,155,1286,-1741,531,4301,-140,349,730
73.22835,155,1286,-1739,531,4313,-140,349,730
73.22885,155,1286,-1736,530,4306,-140,349,729
73.22935,155,1286,-1734,529,4289,-140,349,730
73.22985,155,1286,-1734,528,4250,-140,349,730
73.23035,155,1286,-1738,528,4238,-140,349,730
73.23085,155,1286,-1740,529,4238,-141,349,730
73.23135,155,1286,-1741,529,4239,-141,349,729
73.23185,155,1287,-1741,529,4243,-141,350,730
73.23235,155,1286,-1740,529,4243,-141,349,730
73.23285,155,1286,-1740,528,4247,-141,349,730
73.23335,155,1286,-1739,528,4248,-140,350,730
73.23385,155,1286,-1738,530,4250,-141,350,730
73.23435,155,1286,-1737,531,4253,-141,350,730
73.23485,155,1286,-1737,531,4260,-141,349,730
73.23535,155,1286,-1737,531,4263,-141,349,730
73.23585,156,1286,-1738,531,4267,-141,349,730
73.23635,155,1286,-1738,531,4269,-140,349,730
73.23685,155,1286,-1738,531,4269,-141,350,730
73.23735,155,1287,-1738,531,4271,-140,349,730
73.23785,155,1286,-1738,531,4306,-141,349,730
73.23835,155,1286,-1738,530,4315,-141,349,730
73.23885,155,1286,-1738,528,4308,-141,349,730
73.23935,156,1286,-1736,527,4290,-141,349,730
73.23985,156,1286,-1735,527,4257,-141,349,730
73.24035,157,1286,-1734,528,4243,-141,349,730
73.24085,156,1286,-1735,529,4241,-140,349,730
73.24135,157,1286,-1736,530,4248,-141,349,730
73.24185,157,1286,-1738,531,4253,-140,348,730
73.24235,156,1286,-1740,531,4254,-141,349,729
73.24285,156,1286,-1740,532,4254,-140,349,730
73.24335,156,1286,-1740,533,4250,-140,349,729
73.24385,156,1286,-1739,533,4250,-141,350,730
73.24435,156,1286,-1737,532,4252,-140,350,730
73.24485,156,1286,-1737,531,4258,-141,349,730
73.24535,156,1286,-1737,530,4262,-140,349,730
73.24585,156,1286,-1737,530,4265,-141,350,730
73.24635,155,1286,-1737,530,4265,-141,349,730
73.24685,155,1286,-1737,528,4264,-140,350,730
73.24735,156,1286,-1737,527,4266,-140,350,730
73.24785,156,1286,-1736,525,4300,-140,349,730
73.24835,156,1286,-1737,524,4302,-141,349,730
73.24885,156,1286,-1737,525,4295,-141,349,730
73.24935,156,1286,-1737,527,4279,-141,349,730
73.24985,155,1286,-1737,529,4249,-141,349,730
73.25035,155,1286,-1737,530,4239,-141,349,730
73.25085,155,1286,-1738,530,4239,-141,349,730
73.25135,154,1286,-1737,529,4241,-141,349,730
73.25185,154,1286,-1737,530,4246,-141,349,730
73.25235,155,1287,-1738,529,4249,-140,348,730
73.25285,155,1286,-1738,529,4249,-141,349,730
73.25335,155,1286,-1739,529,4247,-141,349,730
73.25385,154,1286,-1739,530,4249,-141,349,730
73.25445,155,1286,-1739,530,4253,-140,349,730
73.25495,154,1287,-1739,530,4262,-141,350,730
73.25545,155,1286,-1738,530,4266,-140,349,730
73.25595,155,1287,-1738,531,4269,-141,350,730
73.25645,155,1286,-1738,532,4267,-140,350,730
73.25695,155,1286,-1738,532,4266,-141,350,730
73.25745,155,1287,-1738,532,4275,-140,350,730
73.25795,155,1286,-1739,530,4311,-141,349,730
73.25845,155,1287,-1738,528,4312,-140,349,730
73.25895,155,1286,-1738,526,4304,-141,349,730
73.25945,155,1287,-1738,527,4280,-140,349,730
73.25995,155,1287,-1738,528,4249,-140,349,730
73.26045,155,1286,-1738,529,4241,-141,349,730
73.26095,155,1287,-1738,530,4242,-141,350,730
73.26145,155,1287,-1738,530,4247,-140,349,730
73.26195,155,1286,-1738,530,4251,-140,349,730
73.26245,155,1286,-1738,530,4253,-140,349,730
73.26295,155,1287,-1738,530,4254,-141,349,730
73.26345,155,1286,-1739,529,4254,-140,349,730
73.26395,155,1287,-1739,529,4253,-141,349,730
73.26445,155,1286,-1738,529,4251,-141,349,730
73.26495,155,1287,-1737,528,4254,-141,349,730
73.26545,155,1287,-1737,528,4256,-141,349,730
73.26595,155,1286,-1737,528,4257,-140,349,730
73.26645,155,1286,-1738,529,4262,-140,349,730
73.26695,155,1286,-1740,530,4264,-140,349,730
73.26745,156,1286,-1740,530,4273,-140,349,730
73.26795,155,1286,-1740,531,4308,-141,349,730
73.26845,156,1286,-1740,531,4308,-140,349,730
73.26895,155,1286,-1740,531,4300,-141,349,730
73.26945,155,1286,-1740,531,4277,-141,349,729
73.26995,155,1286,-1740,531,4248,-141,350,730
73.27045,155,1286,-1737,530,4238,-140,349,730
73.27095,155,1286,-1736,529,4243,-140,349,730
73.27145,155,1286,-1735,528,4249,-140,349,730
73.27195,155,1286,-1735,527,4253,-140,349,730
73.27245,155,1286,-1737,527,4257,-140,349,730
73.27295,155,1286,-1738,527,4258,-141,350,730
73.27345,155,1286,-1738,527,4255,-141,349,730
73.27395,155,1286,-1738,528,4256,-140,349,730
73.27445,156,1286,-1738,528,4257,-140,349,729
73.27495,155,1286,-1738,529,4262,-140,349,730
73.27545,155,1286,-1738,530,4260,-140,349,730
73.27595,155,1286,-1738,530,4265,-140,349,730
73.27645,156,1286,-1737,530,4268,-141,349,730
73.27695,155,1286,-1737,530,4266,-141,349,730
73.27745,155,1286,-1738,530,4275,-140,349,730
73.27795,155,1286,-1738,530,4309,-141,349,730
73.27845,155,1286,-1739,530,4309,-141,349,730
73.27895,155,1287,-1739,530,4301,-141,349,730
73.27945,155,1286,-1739,531,4275,-140,349,730
73.27995,155,1286,-1739,530,4244,-141,350,729
73.28045,156,1286,-1739,531,4234,-141,349,729
73.28095,155,1287,-1739,531,4231,-141,349,729
73.28145,155,1286,-1739,531,4237,-140,349,730
73.28195,155,1287,-1739,531,4243,-141,349,730
73.28245,155,1286,-1739,531,4250,-141,349,730
73.28295,155,1287,-1739,530,4255,-141,349,730
73.28345,155,1286,-1738,529,4256,-141,349,730
73.28395,155,1286,-1738,529,4257,-141,349,729
73.28445,155,1286,-1739,530,4255,-141,350,730
73.28495,155,1286,-1739,530,4254,-141,349,730
73.285446,155,1286,-1739,529,4260,-141,349,729
73.28595,155,1286,-1738,528,4263,-140,349,730
73.28645,155,1286,-1737,528,4263,-141,349,729
73.28695,155,1286,-1736,527,4267,-141,349,730
73.28745,156,1286,-1736,528,4275,-141,349,729
73.28795,155,1286,-1736,528,4310,-141,349,730
73.28845,155,1286,-1737,528,4306,-141,349,730
73.28895,155,1287,-1736,528,4304,-141,349,729
73.28945,155,1286,-1737,529,4282,-141,349,729
73.28995,155,1286,-1737,530,4250,-141,349,729
73.29045,155,1286,-1738,530,4243,-141,349,729
73.29095,155,1286,-1738,530,4244,-141,350,729
73.29145,155,1287,-1738,530,4247,-141,349,729
73.29195,155,1287,-1738,530,4249,-141,349,729
73.29245,155,1286,-1738,530,4251,-141,349,729
73.29295,156,1286,-1738,530,4250,-141,349,729
73.29345,155,1287,-1738,530,4248,-141,350,730
73.29395,155,1286,-1738,530,4249,-141,349,730
73.29445,155,1286,-1738,529,4257,-141,349,730
73.29495,155,1286,-1738,529,4264,-141,349,729
73.29545,155,1286,-1738,530,4267,-141,350,730
73.29595,156,1286,-1738,530,4263,-141,349,729
73.29645,156,1286,-1737,530,4262,-141,350,729
73.29695,155,1286,-1738,529,4258,-141,349,729
73.29745,156,1286,-1738,530,4271,-141,349,729
73.29795,156,1286,-1738,530,4304,-140,349,729
73.29845,155,1286,-1738,530,4302,-140,349,729
73.29895,156,1286,-1739,530,4294,-140,349,729
73.29945,155,1287,-1739,530,4268,-141,349,729
73.29995,156,1286,-1738,530,4242,-140,349,729
73.30045,156,1286,-1738,530,4239,-140,350,729
73.30095,156,1286,-1738,530,4242,-140,349,729
73.30145,156,1286,-1738,529,4248,-140,349,729
73.30195,155,1287,-1738,528,4251,-140,349,729
73.30245,155,1287,-1738,528,4254,-140,349,729
73.30295,155,1286,-1737,528,4256,-140,349,729
73.30345,154,1286,-1737,528,4258,-140,349,729
73.30395,155,1286,-1737,529,4260,-140,350,729
73.30445,155,1286,-1738,529,4260,-141,349,729
73.30495,155,1286,-1738,530,4263,-140,349,729
73.30545,155,1286,-1738,530,4268,-141,349,729
73.30595,155,1286,-1738,529,4269,-141,349,729
73.30645,155,1286,-1738,529,4271,-141,349,729
73.30695,155,1287,-1737,529,4272,-141,349,729
73.30745,155,1286,-1738,531,4288,-140,349,729
73.30795,155,1286,-1739,531,4316,-141,348,730
73.30845,155,1286,-1739,531,4312,-141,349,729
73.30895,155,1286,-1739,531,4306,-141,349,729
73.30945,155,1286,-1739,531,4274,-141,349,729
73.30995,155,1286,-1739,531,4246,-141,350,729
73.31045,155,1287,-1740,531,4241,-141,350,729
73.31095,155,1286,-1739,531,4243,-141,350,729
73.31145,155,1287,-1739,531,4246,-141,349,729
73.31195,155,1286,-1739,529,4249,-141,349,729
73.31245,155,1286,-1738,529,4251,-140,349,729
73.31295,155,1286,-1739,529,4251,-140,349,729
73.31345,155,1286,-1739,530,4247,-141,349,729
73.31395,155,1286,-1740,530,4247,-141,349,729
73.31445,155,1287,-1740,531,4248,-141,349,729
73.31495,156,1286,-1740,531,4254,-141,349,729
73.31555,155,1286,-1740,532,4257,-140,350,729
73.31605,155,1286,-1738,532,4261,-140,349,729
73.31655,155,1287,-1737,531,4263,-141,349,729
73.31705,155,1286,-1737,529,4262,-140,349,729
73.31755,155,1287,-1737,528,4282,-140,349,729
73.31805,155,1286,-1738,527,4309,-141,349,729
73.31855,155,1286,-1738,527,4305,-140,349,729
73.31905,155,1286,-1738,527,4296,-140,349,728
73.31955,155,1286,-1738,527,4267,-141,350,728
73.32005,155,1286,-1737,528,4247,-140,350,728
73.32055,155,1287,-1737,528,4244,-141,349,729
73.32105,155,1287,-1737,529,4248,-140,349,729
73.32155,155,1287,-1737,529,4252,-140,349,729
73.32205,155,1287,-1737,529,4255,-140,349,729
73.32255,155,1286,-1737,529,4258,-140,349,729
73.32305,155,1286,-1738,529,4260,-141,349,729
73.32355,155,1286,-1737,529,4262,-141,349,729
73.32405,156,1286,-1737,529,4262,-141,349,728
73.32455,155,1286,-1738,530,4261,-141,349,729
73.32505,155,1286,-1738,530,4267,-141,349,729
73.32555,156,1286,-1738,530,4264,-141,349,729
73.32605,155,1286,-1738,531,4263,-140,349,729
73.32655,156,1286,-1738,531,4266,-141,349,729
73.32705,155,1286,-1738,530,4265,-141,349,729
73.32755,155,1286,-1738,531,4288,-141,349,729
73.32805,155,1287,-1738,530,4310,-141,349,729
73.32855,155,1287,-1738,529,4303,-140,349,729
73.32905,155,1287,-1738,528,4295,-141,349,729
73.32955,155,1286,-1738,528,4265,-141,350,728
73.33005,155,1287,-1738,528,4244,-141,349,729
73.33055,155,1286,-1738,528,4244,-141,349,729
73.33105,155,1286,-1738,529,4241,-141,349,728
73.33155,155,1287,-1738,529,4242,-140,349,729
73.33205,155,1287,-1738,529,4247,-141,349,729
73.33255,155,1287,-1738,529,4247,-141,349,729
73.33305,155,1287,-1738,530,4245,-140,349,728
73.33355,155,1287,-1738,529,4245,-141,349,729
73.33405,155,1286,-1738,530,4250,-141,349,728
73.33455,155,1287,-1738,530,4250,-140,349,729
73.33505,155,1287,-1738,531,4260,-141,349,729
73.33555,155,1287,-1738,531,4260,-141,349,728
73.33605,155,1286,-1738,531,4260,-141,350,728
73.33655,155,1286,-1738,531,4264,-141,350,728
73.33705,156,1286,-1738,532,4267,-141,350,728
73.33755,156,1286,-1738,533,4296,-141,349,729
73.33805,156,1286,-1738,534,4317,-141,349,728
73.33855,155,1287,-1738,533,4308,-141,349,728
73.33905,155,1286,-1739,532,4301,-141,349,728
73.33955,156,1286,-1738,530,4271,-141,349,728
73.34005,155,1287,-1738,529,4253,-141,349,729
73.34055,156,1286,-1738,528,4250,-141,349,729
73.34105,156,1286,-1738,527,4247,-141,348,729
73.34155,156,1286,-1738,527,4250,-141,349,729
73.34205,156,1286,-1738,527,4252,-141,349,729
73.34255,156,1286,-1739,528,4254,-141,349,729
73.34305,156,1286,-1738,528,4255,-141,349,729
73.34355,156,1286,-1739,528,4256,-141,349,729
73.34405,156,1286,-1739,528,4257,-141,349,729
73.34455,156,1286,-1739,529,4257,-140,349,729
73.34505,156,1286,-1738,528,4258,-141,349,729
73.34555,156,1286,-1737,528,4261,-141,349,729
73.34605,156,1286,-1737,528,4262,-140,349,729
73.34655,156,1286,-1737,529,4263,-141,349,729
73.34705,156,1287,-1737,528,4263,-141,349,729
73.34755,156,1286,-1737,528,4291,-141,348,729
73.34805,156,1286,-1737,528,4309,-141,349,729
73.34855,156,1286,-1737,529,4302,-141,349,729
73.34905,156,1286,-1738,530,4290,-141,349,729
73.34955,156,1286,-1738,530,4258,-141,349,729
73.35005,156,1287,-1738,530,4242,-141,349,729
73.35055,156,1286,-1738,529,4241,-141,349,729
73.35105,155,1287,-1738,529,4244,-141,349,729
73.35155,155,1287,-1737,530,4248,-141,350,729
73.35205,154,1287,-1737,529,4249,-141,349,729
73.35255,154,1288,-1738,529,4252,-141,349,729
73.35305,154,1287,-1737,530,4254,-141,349,729
73.35355,155,1287,-1738,530,4251,-141,349,729
73.35405,155,1287,-1738,530,4253,-141,349,729
73.35455,155,1287,-1739,530,4256,-141,349,729
73.35505,155,1287,-1739,531,4264,-141,349,729
73.35555,155,1287,-1739,531,4268,-141,349,729
73.35605,156,1287,-1739,531,4273,-141,349,729
73.35655,155,1287,-1739,531,4275,-141,349,729
73.35705,155,1287,-1739,531,4275,-140,349,729
73.35755,155,1287,-1739,531,4307,-141,349,729
73.35805,155,1287,-1739,531,4319,-141,349,729
73.35855,155,1287,-1739,532,4310,-141,349,729
73.35905,154,1287,-1739,531,4293,-141,349,729
73.35955,155,1287,-1739,529,4258,-141,349,729
73.36005,155,1287,-1738,527,4242,-141,349,729
73.36055,155,1287,-1738,526,4241,-141,349,729
73.36105,155,1287,-1737,527,4248,-141,349,729
73.36155,155,1287,-1737,527,4255,-141,349,729
73.36205,155,1287,-1737,528,4256,-141,349,729
73.36255,155,1287,-1737,529,4258,-141,349,729
73.36305,155,1287,-1738,529,4258,-141,349,729
73.36355,155,1287,-1738,529,4259,-141,349,729
73.36405,155,1287,-1738,529,4257,-141,349,729
73.36455,155,1287,-1738,529,4255,-141,349,729
73.36505,155,1287,-1738,529,4258,-140,349,729
73.36555,155,1287,-1738,529,4260,-141,349,729
73.36605,155,1287,-1738,530,4262,-141,349,729
73.36655,155,1286,-1738,529,4266,-141,349,729
73.36705,155,1287,-1738,530,4269,-141,349,729
73.36755,155,1287,-1737,530,4303,-141,348,729
73.36805,155,1287,-1737,529,4309,-141,349,729
73.36855,155,1287,-1738,530,4301,-141,349,729
73.36905,155,1287,-1738,529,4288,-141,349,729
73.36955,155,1287,-1738,529,4257,-141,349,729
73.37005,155,1287,-1738,529,4246,-141,349,729
73.37055,155,1287,-1738,529,4247,-141,349,729
73.37105,155,1287,-1738,530,4250,-141,349,729
73.37155,155,1287,-1738,530,4255,-141,349,729
73.37205,155,1287,-1738,530,4257,-141,349,729
73.37255,155,1287,-1738,530,4260,-141,350,729
73.37305,155,1287,-1738,529,4261,-141,349,729
73.37355,155,1286,-1738,529,4258,-141,349,729
73.37405,156,1287,-1738,530,4260,-141,349,729
73.37455,155,1287,-1738,530,4261,-141,349,729
73.37505,155,1287,-1738,531,4266,-141,349,729
73.37555,155,1287,-1738,530,4269,-141,349,729
73.37605,155,1287,-1738,530,4268,-141,349,729
73.37665,155,1287,-1738,529,4267,-141,349,729
73.37715,155,1287,-1738,530,4274,-141,349,729
73.37765,155,1287,-1738,530,4312,-141,348,729
73.37815,155,1287,-1738,529,4317,-141,349,729
73.37865,155,1287,-1738,530,4309,-141,349,729
73.37915,155,1287,-1738,530,4288,-141,349,729
73.37965,155,1287,-1739,530,4255,-141,349,729
73.38015,155,1287,-1740,531,4244,-141,349,729
73.38065,155,1286,-1741,531,4243,-140,349,729
73.38115,155,1287,-1742,530,4248,-141,349,729
73.38165,155,1286,-1742,529,4252,-141,349,729
73.38215,156,1286,-1741,529,4253,-141,349,729
73.38265,156,1286,-1741,529,4255,-141,349,729
73.38315,156,1286,-1742,530,4257,-141,349,729
73.38365,156,1287,-1739,530,4259,-141,349,729
73.38415,156,1286,-1736,530,4261,-141,349,729
73.38465,156,1286,-1733,530,4261,-141,349,729
73.38515,156,1286,-1733,530,4261,-141,349,729
73.38565,156,1286,-1734,531,4265,-141,349,729
73.38615,156,1286,-1736,530,4265,-141,349,729
73.38665,156,1287,-1737,530,4268,-141,349,729
73.38715,156,1286,-1737,529,4277,-141,349,730
73.38765,156,1287,-1737,527,4314,-141,349,729
73.38815,156,1286,-1737,527,4322,-141,349,729
73.38865,156,1286,-1738,528,4313,-141,349,730
73.38915,156,1287,-1738,529,4293,-141,349,729
73.38965,155,1286,-1737,529,4266,-141,349,729
73.39015,156,1287,-1737,529,4255,-141,349,729
73.39065,155,1287,-1737,529,4253,-141,349,729
73.39115,155,1286,-1737,529,4258,-141,349,729
73.39165,155,1287,-1737,529,4258,-141,349,729
73.39215,154,1287,-1737,529,4257,-141,349,730
73.39265,155,1287,-1737,529,4260,-140,349,729
73.39315,154,1287,-1737,529,4264,-141,349,729
73.39365,154,1287,-1738,529,4256,-141,349,729
73.39415,154,1287,-1738,529,4256,-140,349,729
73.39465,155,1286,-1737,530,4257,-141,349,729
73.39515,154,1287,-1738,530,4264,-141,350,729
73.39565,155,1287,-1738,529,4267,-141,349,729
73.39615,154,1287,-1738,529,4270,-141,349,729
73.39665,155,1286,-1738,529,4270,-141,349,729
73.39715,155,1287,-1738,530,4275,-141,349,729
73.39765,155,1286,-1738,530,4310,-141,349,730
73.39815,155,1287,-1738,529,4313,-141,349,729
73.39865,155,1287,-1738,530,4309,-141,349,729
73.39915,155,1287,-1738,530,4283,-141,349,729
73.39965,155,1287,-1738,530,4252,-141,350,729
73.40015,155,1287,-1738,530,4242,-141,349,729
73.40065,155,1287,-1738,531,4245,-140,349,729
73.40115,155,1286,-1738,530,4255,-141,349,729
73.40165,155,1287,-1738,531,4261,-141,349,729
73.40215,155,1287,-1738,531,4263,-141,349,729
73.40265,155,1287,-1738,531,4265,-141,349,729
73.40315,155,1286,-1738,530,4267,-141,349,729
73.40365,155,1287,-1737,529,4269,-141,349,729
73.40415,155,1287,-1737,529,4270,-141,349,729
73.40465,155,1287,-1737,528,4270,-141,349,730
73.40515,155,1287,-1738,529,4276,-140,349,729
73.40565,155,1287,-1739,529,4283,-141,349,729
73.40615,155,1287,-1739,530,4281,-141,349,729
73.40665,155,1287,-1739,530,4282,-141,350,730
73.40715,155,1287,-1738,531,4293,-141,349,729
73.407646,155,1287,-1738,531,4329,-141,349,729
73.40815,155,1287,-1738,530,4323,-141,349,729
73.40865,155,1287,-1737,529,4312,-141,349,730
73.40915,155,1287,-1738,529,4291,-141,349,729
73.40965,155,1287,-1737,529,4267,-141,350,729
73.41015,155,1287,-1738,529,4256,-141,349,729
73.41065,155,1286,-1738,529,4257,-141,349,729
73.41115,155,1287,-1738,529,4262,-141,349,729
73.41165,155,1287,-1739,530,4264,-141,349,730
73.41215,155,1287,-1739,530,4264,-141,349,729
73.41265,155,1286,-1739,530,4271,-140,349,729
73.41315,155,1286,-1738,530,4266,-141,350,729
73.41365,155,1287,-1738,530,4260,-140,349,729
73.41415,155,1287,-1737,529,4261,-141,349,729
73.41465,155,1287,-1738,530,4263,-141,349,729
73.41515,155,1286,-1738,530,4270,-140,349,729
73.41565,155,1287,-1739,530,4274,-141,349,730
73.41615,155,1287,-1740,531,4275,-141,349,729
73.41665,155,1286,-1740,530,4279,-141,349,729
73.41715,155,1286,-1740,530,4290,-141,349,730
73.41765,155,1286,-1740,530,4324,-141,348,729
73.41815,156,1287,-1739,529,4327,-141,349,729
73.41865,155,1287,-1738,529,4316,-141,349,729
73.41915,155,1287,-1738,529,4289,-141,349,729
73.41965,155,1287,-1738,529,4262,-141,349,729
73.42015,155,1287,-1736,529,4258,-141,349,729
73.42065,155,1286,-1735,529,4260,-141,349,729
73.42115,156,1287,-1735,530,4268,-141,349,729
73.42165,155,1287,-1736,530,4273,-141,349,729
73.42215,155,1287,-1737,531,4275,-141,349,729
73.42265,155,1287,-1738,531,4278,-141,349,729
73.42315,155,1287,-1738,531,4280,-141,349,730
73.42365,156,1287,-1738,531,4281,-141,349,729
73.42415,156,1286,-1738,530,4286,-141,349,729
73.42465,155,1286,-1738,529,4282,-141,349,729
73.42515,155,1287,-1738,529,4277,-141,349,729
73.42565,155,1286,-1737,528,4280,-141,349,729
73.42615,155,1286,-1737,528,4281,-141,349,729
73.42665,155,1286,-1738,528,4281,-141,349,729
73.42715,155,1286,-1738,528,4297,-141,349,730
73.42765,155,1286,-1738,529,4331,-141,349,729
73.42815,155,1286,-1738,529,4333,-141,349,729
73.42865,155,1286,-1738,530,4321,-141,349,729
73.42915,155,1287,-1738,530,4293,-141,350,729
73.42965,155,1286,-1738,530,4266,-141,350,729
73.43015,155,1286,-1738,530,4259,-141,349,729
73.43065,155,1287,-1738,530,4260,-141,350,729
73.43115,155,1286,-1738,530,4264,-141,349,729
73.43165,155,1286,-1738,530,4267,-140,349,729
73.43215,155,1286,-1738,529,4266,-141,349,729
73.43265,155,1287,-1737,529,4269,-140,349,729
73.43315,155,1287,-1737,529,4271,-141,349,729
73.43365,155,1287,-1737,528,4268,-141,349,729
73.43415,155,1286,-1737,529,4270,-141,349,729
73.43465,155,1286,-1738,529,4271,-141,349,729
73.43515,155,1287,-1738,529,4278,-141,349,729
73.43565,155,1286,-1738,529,4283,-141,349,729
73.43615,155,1287,-1738,529,4287,-140,349,730
73.43665,155,1286,-1737,529,4287,-141,349,729
73.43715,155,1287,-1738,529,4308,-141,349,730
73.43775,155,1286,-1738,529,4336,-141,349,730
73.43825,156,1286,-1738,529,4337,-141,348,729
73.43875,156,1286,-1738,529,4330,-141,349,729
73.43925,155,1286,-1738,530,4297,-141,350,729
73.43975,155,1286,-1738,530,4269,-141,349,729
73.44025,155,1286,-1738,530,4263,-141,349,729
73.44075,155,1287,-1738,530,4269,-141,349,729
73.44125,155,1287,-1738,530,4277,-141,349,729
73.44175,155,1287,-1737,529,4278,-141,349,729
73.44225,155,1287,-1737,530,4278,-141,349,729
73.44275,155,1286,-1737,529,4279,-141,349,729
73.44325,155,1287,-1738,529,4280,-141,349,729
73.44375,155,1286,-1738,529,4280,-141,349,729
73.44425,155,1287,-1738,529,4282,-141,349,729
73.44475,155,1287,-1738,530,4279,-141,349,729
73.44525,155,1286,-1739,530,4283,-141,349,729
73.44575,155,1287,-1739,531,4286,-140,349,729
73.44625,155,1287,-1739,530,4286,-141,349,729
73.44675,155,1287,-1739,530,4286,-141,349,729
73.44725,155,1287,-1739,531,4305,-141,349,729
73.44775,155,1286,-1738,530,4330,-141,349,729
73.44825,155,1286,-1737,529,4323,-141,349,729
73.44875,155,1287,-1738,529,4315,-141,349,729
73.44925,155,1287,-1737,529,4288,-141,350,729
73.44975,155,1287,-1738,529,4267,-141,350,729
73.45025,155,1287,-1738,529,4263,-141,349,729
73.45075,155,1286,-1738,529,4267,-141,349,729
73.45125,155,1287,-1738,529,4273,-141,349,729
73.45175,155,1287,-1737,529,4273,-141,349,729
73.45225,155,1287,-1738,530,4273,-141,349,729
73.45275,155,1287,-1738,530,4275,-141,349,729
73.45325,155,1287,-1738,531,4276,-141,349,728
73.45375,155,1287,-1738,531,4274,-141,349,729
73.45425,155,1286,-1738,531,4280,-141,349,728
73.45475,155,1287,-1738,531,4280,-141,349,729
73.45525,155,1287,-1738,531,4289,-141,349,729
73.45575,155,1286,-1738,531,4289,-141,349,729
73.45625,155,1286,-1738,531,4290,-141,349,728
73.45675,155,1287,-1737,530,4292,-141,349,729
73.45725,155,1286,-1737,529,4319,-141,349,729
73.45775,155,1286,-1737,528,4340,-141,349,729
73.45825,156,1286,-1737,528,4332,-141,349,729
73.45875,155,1286,-1737,528,4321,-140,349,729
73.45925,156,1286,-1737,528,4289,-141,349,728
73.45975,156,1287,-1738,529,4269,-141,350,729
73.46025,156,1287,-1737,529,4269,-141,350,728
73.46075,156,1287,-1738,529,4270,-141,350,728
73.46125,156,1286,-1739,530,4279,-141,349,729
73.46175,156,1286,-1739,530,4281,-141,350,728
73.46225,156,1287,-1739,530,4277,-141,350,728
73.46275,156,1286,-1739,530,4282,-141,349,728
73.46325,156,1286,-1739,531,4283,-141,349,728
73.46375,156,1286,-1739,531,4282,-141,349,729
73.46425,156,1287,-1738,532,4281,-141,349,729
73.46475,156,1286,-1738,532,4276,-141,349,729
73.46525,155,1287,-1739,532,4272,-141,350,729
73.46575,155,1287,-1739,532,4277,-141,349,729
73.46625,155,1287,-1738,531,4280,-141,349,729
73.46675,155,1287,-1738,530,4280,-141,349,729
73.46725,155,1287,-1738,530,4310,-141,349,730
73.46775,155,1287,-1738,529,4334,-141,349,730
73.46825,155,1287,-1738,529,4334,-141,349,730
73.46875,155,1286,-1738,529,4323,-141,349,729
73.46925,155,1287,-1738,529,4290,-141,350,729
73.46975,155,1286,-1738,529,4266,-141,349,729
73.47025,155,1287,-1737,528,4263,-141,349,730
73.47075,155,1287,-1737,527,4268,-141,349,729
73.47125,155,1286,-1737,528,4279,-141,349,729
73.47175,155,1287,-1737,529,4277,-141,349,729
73.47225,155,1286,-1737,529,4276,-141,349,729
73.47275,155,1287,-1737,530,4278,-141,349,729
73.47325,155,1287,-1737,529,4280,-141,349,729
73.47375,155,1286,-1737,529,4276,-141,349,729
73.47425,155,1287,-1737,529,4276,-141,350,729
73.47475,155,1286,-1738,530,4278,-141,349,729
73.47525,155,1287,-1738,530,4278,-141,349,729
73.47575,155,1286,-1737,530,4281,-141,349,729
73.47625,155,1287,-1737,530,4283,-141,349,729
73.47675,155,1286,-1738,530,4283,-141,349,729
73.47725,155,1286,-1738,531,4311,-141,349,729
73.47775,155,1286,-1738,529,4330,-141,349,729
73.47825,155,1286,-1738,529,4323,-141,349,729
73.47875,155,1287,-1739,530,4310,-142,349,729
73.47925,155,1287,-1738,530,4277,-141,350,729
73.47975,155,1287,-1739,531,4256,-141,349,729
73.48025,155,1287,-1739,532,4252,-141,349,729
73.48075,155,1287,-1739,532,4258,-141,349,729
73.48125,155,1287,-1739,532,4265,-141,349,729
73.48175,155,1287,-1739,532,4267,-141,350,729
73.48225,155,1286,-1739,532,4267,-141,349,729
73.48275,155,1287,-1739,532,4269,-141,349,729
73.48325,155,1287,-1738,532,4270,-141,349,729
73.48375,155,1287,-1738,530,4272,-141,349,729
73.48425,155,1287,-1738,529,4274,-141,349,729
73.48475,155,1287,-1738,528,4272,-141,349,729
73.48525,155,1287,-1738,526,4275,-141,349,729
73.48575,155,1287,-1738,525,4277,-141,349,729
73.48625,155,1286,-1737,526,4278,-141,349,729
73.48675,155,1287,-1737,527,4282,-141,349,729
73.48725,155,1286,-1737,529,4315,-141,349,729
73.48775,155,1286,-1738,530,4326,-141,350,729
73.48825,155,1287,-1738,530,4319,-141,349,729
73.48875,155,1286,-1739,530,4309,-141,350,729
73.48925,155,1286,-1740,531,4279,-142,349,729
73.48975,156,1287,-1740,531,4265,-141,349,729
73.49025,155,1287,-1740,530,4264,-141,349,729
73.49075,156,1287,-1739,529,4267,-141,349,729
73.49125,155,1287,-1738,528,4273,-141,349,729
73.49175,155,1287,-1738,528,4272,-142,349,729
73.49225,155,1287,-1737,528,4270,-141,349,729
73.49275,155,1287,-1736,528,4270,-141,349,729
73.49325,156,1286,-1736,528,4270,-141,349,729
73.49375,155,1287,-1736,528,4266,-141,349,729
73.49425,155,1286,-1737,528,4267,-141,348,729
73.49475,156,1287,-1737,529,4267,-141,349,729
73.49525,155,1286,-1738,529,4272,-141,349,729
73.49575,155,1287,-1738,529,4274,-141,349,729
73.49625,155,1286,-1739,530,4275,-141,349,729
73.49675,155,1287,-1739,530,4278,-141,349,729
73.49725,155,1286,-1739,530,4311,-141,349,730
73.49775,155,1287,-1738,530,4320,-141,349,730
73.49835,155,1286,-1738,529,4317,-142,349,729
73.49885,155,1286,-1738,529,4299,-141,349,729
73.49935,155,1287,-1738,529,4261,-141,350,729
73.49985,155,1286,-1739,530,4248,-141,349,729
73.50035,155,1287,-1739,530,4250,-141,349,729
73.50085,155,1287,-1739,530,4255,-141,349,729
73.50135,155,1286,-1738,530,4262,-141,349,729
73.50185,155,1287,-1738,530,4264,-142,349,729
73.50235,156,1287,-1738,530,4264,-141,350,729
73.50285,156,1287,-1737,530,4267,-141,350,729
73.50335,156,1287,-1737,530,4268,-141,350,729
73.50385,156,1286,-1737,530,4269,-141,350,729
73.50435,156,1287,-1737,531,4271,-141,350,729
73.50485,156,1287,-1739,531,4272,-142,350,729
73.50535,156,1286,-1740,531,4270,-141,350,729
73.50585,156,1287,-1740,531,4274,-142,350,729
73.50635,156,1287,-1740,530,4275,-141,350,729
73.50685,156,1287,-1739,530,4279,-141,349,729
73.50735,156,1286,-1738,531,4316,-141,349,730
73.50785,156,1286,-1737,530,4323,-141,349,729
73.50835,157,1286,-1737,529,4319,-141,350,729
73.50885,156,1286,-1737,528,4296,-142,349,729
73.50935,156,1286,-1737,527,4260,-141,349,729
73.50985,156,1286,-1737,528,4249,-141,349,729
73.51035,156,1286,-1738,528,4250,-141,349,729
73.51085,156,1287,-1737,529,4253,-141,349,729
73.51135,155,1287,-1738,529,4258,-141,349,729
73.51185,155,1287,-1738,529,4258,-141,350,729
73.51235,155,1287,-1738,529,4258,-141,349,729
73.51285,155,1287,-1738,530,4260,-142,349,730
73.51335,154,1287,-1738,530,4259,-141,349,729
73.51385,155,1287,-1738,530,4258,-141,349,730
73.51435,155,1287,-1738,530,4255,-142,350,729
73.51485,154,1287,-1738,529,4258,-141,349,730
73.51535,155,1286,-1737,529,4261,-141,349,729
73.51585,155,1287,-1737,529,4267,-141,349,730
73.51635,155,1286,-1737,529,4267,-141,349,729
73.51685,155,1287,-1737,530,4276,-141,349,730
73.51735,155,1287,-1738,530,4309,-141,348,730
73.51785,155,1287,-1738,529,4315,-141,349,730
73.51835,155,1287,-1738,530,4309,-141,349,730
73.51885,155,1286,-1738,529,4286,-141,349,729
73.51935,155,1287,-1738,529,4253,-142,349,729
73.51985,155,1287,-1738,529,4237,-141,349,729
73.52035,156,1287,-1737,529,4238,-141,349,729
73.52085,155,1286,-1738,529,4248,-141,349,730
73.52135,155,1287,-1738,529,4257,-141,349,729
73.52185,155,1287,-1739,530,4263,-141,349,730
73.52235,155,1286,-1738,529,4261,-141,349,730
73.52285,155,1287,-1738,529,4265,-142,350,730
73.52335,155,1287,-1739,529,4268,-141,349,730
73.52385,155,1287,-1739,529,4268,-142,349,730
73.52435,154,1287,-1739,529,4268,-141,349,730
73.52485,155,1287,-1738,528,4265,-141,349,730
73.52535,155,1287,-1738,529,4267,-141,349,730
73.52585,155,1286,-1738,529,4268,-141,349,730
73.52635,155,1287,-1739,530,4268,-141,349,730
73.52685,155,1286,-1739,532,4278,-141,349,730
73.52735,155,1287,-1738,532,4313,-142,348,730
73.52785,155,1287,-1738,531,4312,-142,349,730
73.52835,155,1287,-1738,530,4305,-142,349,730
73.52885,155,1287,-1738,530,4283,-141,349,730
73.52935,155,1287,-1739,530,4255,-142,349,730
73.52985,155,1287,-1740,530,4245,-141,350,730
73.53035,155,1287,-1741,530,4243,-141,350,730
73.53085,155,1287,-1741,529,4249,-141,349,730
73.53135,155,1287,-1741,528,4252,-141,349,730
73.53185,155,1287,-1742,528,4251,-141,350,730
73.53235,155,1287,-1742,528,4250,-141,349,730
73.53285,155,1287,-1741,529,4252,-142,349,730
73.53335,155,1287,-1738,529,4252,-141,349,730
73.53385,155,1287,-1736,530,4250,-141,349,730
73.53435,155,1287,-1735,530,4252,-141,349,730
73.53485,155,1287,-1737,531,4253,-141,349,730
73.53535,155,1286,-1738,533,4258,-141,349,730
73.53585,155,1287,-1738,534,4261,-141,349,730
73.53635,155,1287,-1737,534,4264,-141,349,730
73.53685,155,1287,-1737,534,4277,-141,349,730
73.53735,155,1287,-1737,533,4312,-141,349,730
73.53785,155,1287,-1737,532,4313,-141,349,730
73.53835,155,1287,-1738,532,4308,-141,348,730
73.53885,155,1287,-1737,530,4284,-141,349,730
73.53935,155,1286,-1737,527,4257,-141,349,730
73.53985,155,1287,-1736,526,4252,-141,349,730
73.54035,155,1287,-1737,526,4254,-141,349,730
73.54085,155,1287,-1739,528,4260,-141,349,730
73.54135,155,1287,-1740,529,4263,-141,349,730
73.54185,155,1286,-1741,531,4263,-141,349,730
73.54235,155,1287,-1742,532,4261,-141,349,730
73.54285,155,1286,-1742,533,4262,-141,350,730
73.54335,155,1287,-1743,534,4263,-141,350,730
73.54385,155,1286,-1743,535,4263,-141,350,730
73.54435,155,1287,-1740,534,4264,-141,350,730
73.54485,155,1286,-1736,534,4263,-142,350,730
73.54535,155,1286,-1734,534,4261,-141,350,730
73.54585,155,1287,-1734,533,4264,-141,350,730
73.54635,155,1286,-1735,531,4264,-141,350,730
73.54685,155,1286,-1736,531,4276,-141,349,730
73.54735,155,1286,-1736,529,4311,-141,348,730
73.54785,155,1287,-1736,527,4310,-141,348,730
73.54835,155,1287,-1736,525,4301,-141,348,730
73.54885,155,1287,-1737,524,4276,-141,349,730
73.54935,155,1287,-1736,524,4249,-141,349,730
73.54985,155,1286,-1736,526,4244,-141,349,730
73.55035,155,1287,-1737,528,4246,-141,349,731
73.55085,155,1286,-1737,529,4251,-141,349,730
73.55135,155,1287,-1737,529,4251,-141,349,730
73.55185,155,1287,-1738,529,4254,-141,349,730
73.55235,155,1287,-1738,529,4257,-141,349,730
73.55285,155,1287,-1738,529,4259,-141,349,731
73.55335,155,1287,-1738,530,4257,-141,349,730
73.55385,155,1287,-1739,530,4252,-141,349,730
73.55435,155,1287,-1739,530,4258,-141,349,730
73.55485,155,1287,-1739,530,4264,-141,350,731
73.55535,155,1287,-1739,530,4271,-141,349,730
73.55585,155,1287,-1738,529,4270,-141,349,731
73.55635,155,1287,-1737,528,4276,-141,349,730
73.55685,155,1286,-1737,529,4288,-141,349,731
73.55735,155,1287,-1737,529,4323,-141,349,731
73.55785,155,1286,-1737,530,4318,-141,349,730
73.55835,155,1287,-1737,530,4307,-141,349,730
73.55885,155,1287,-1737,530,4284,-141,349,730
73.55945,155,1287,-1737,530,4257,-141,349,730
73.55995,155,1287,-1737,530,4249,-141,349,730
73.56045,155,1286,-1736,530,4252,-141,349,731
73.56095,155,1287,-1737,530,4258,-141,349,730
73.56145,155,1287,-1737,531,4258,-141,349,730
73.56195,155,1287,-1738,531,4263,-141,349,730
73.56245,155,1287,-1738,531,4265,-141,350,731
73.56295,155,1286,-1739,531,4264,-141,349,731
73.56345,155,1287,-1739,532,4259,-141,350,730
73.56395,155,1286,-1740,532,4259,-141,350,730
73.56445,155,1287,-1739,531,4265,-141,349,730
73.56495,155,1287,-1738,529,4265,-141,350,731
73.56545,155,1287,-1737,527,4265,-141,349,730
73.56595,155,1287,-1737,526,4265,-141,349,731
73.56645,155,1287,-1737,527,4268,-141,349,731
73.56695,155,1287,-1737,529,4284,-141,349,731
73.56745,155,1286,-1737,529,4315,-141,349,731
73.56795,155,1287,-1738,530,4312,-141,349,730
73.56845,156,1287,-1737,530,4306,-141,349,731
73.56895,155,1287,-1737,530,4285,-141,349,730
73.56945,155,1287,-1737,530,4259,-141,349,730
73.56995,155,1287,-1737,530,4258,-141,349,730
73.57045,155,1287,-1738,531,4260,-141,349,730
73.57095,155,1287,-1737,531,4266,-141,349,730
73.57145,156,1287,-1738,531,4271,-141,349,730
73.57195,155,1287,-1738,530,4271,-141,349,730
73.57245,155,1287,-1738,529,4270,-141,349,730
73.57295,155,1287,-1738,529,4272,-141,349,730
73.57345,155,1287,-1738,528,4272,-141,349,730
73.57395,155,1287,-1739,528,4269,-141,349,731
73.57445,155,1287,-1738,528,4268,-141,349,731
73.57495,155,1287,-1738,529,4263,-141,349,731
73.57545,155,1287,-1737,529,4268,-141,349,731
73.57595,156,1287,-1737,529,4270,-141,349,731
73.57645,155,1286,-1736,529,4271,-141,349,731
73.57695,156,1286,-1736,530,4293,-141,348,731
73.57745,156,1287,-1737,529,4322,-141,349,731
73.57795,156,1287,-1738,529,4318,-141,349,731
73.57845,155,1287,-1738,529,4309,-141,349,731
73.57895,155,1287,-1739,529,4279,-141,350,731
73.57945,155,1287,-1738,529,4255,-141,349,730
73.57995,155,1287,-1739,529,4252,-141,349,730
73.58045,155,1287,-1739,529,4258,-141,349,731
73.58095,156,1286,-1738,529,4264,-141,349,731
73.58145,155,1287,-1738,530,4262,-141,349,731
73.58195,156,1287,-1738,530,4261,-141,350,730
73.58245,155,1287,-1738,530,4262,-141,349,730
73.58295,155,1287,-1738,529,4269,-141,349,730
73.58345,155,1287,-1738,529,4273,-141,349,731
73.58395,155,1287,-1738,529,4273,-141,349,731
73.58445,155,1288,-1738,530,4271,-141,349,731
73.58495,154,1287,-1739,530,4270,-141,350,731
73.58545,154,1287,-1738,529,4269,-141,350,730
73.58595,155,1287,-1738,529,4274,-141,349,731
73.58645,155,1287,-1738,530,4279,-141,349,730
73.58695,155,1286,-1739,530,4301,-141,348,731
73.58745,155,1287,-1739,530,4331,-142,349,731
73.58795,155,1287,-1740,530,4324,-141,349,730
73.58845,155,1287,-1739,530,4314,-141,349,730
73.58895,155,1287,-1739,529,4289,-142,350,730
73.58945,155,1287,-1739,530,4269,-141,350,730
73.58995,155,1287,-1740,530,4267,-141,349,731
73.59045,155,1287,-1740,530,4268,-141,349,731
73.59095,155,1287,-1739,530,4268,-141,349,730
73.59145,155,1286,-1737,530,4267,-141,349,730
73.59195,155,1287,-1736,529,4271,-141,349,730
73.59245,155,1287,-1736,529,4273,-141,349,730
73.59295,155,1287,-1737,529,4273,-141,349,730
73.59345,155,1287,-1737,530,4269,-141,349,730
73.59395,155,1287,-1738,530,4269,-141,349,730
73.59445,155,1286,-1738,530,4270,-141,349,730
73.59495,155,1287,-1738,530,4274,-141,350,730
73.59545,155,1287,-1738,531,4278,-141,349,730
73.59595,155,1287,-1738,531,4281,-141,350,730
73.59645,155,1286,-1737,531,4280,-141,349,730
73.59695,155,1287,-1738,531,4303,-141,349,730
73.59745,155,1286,-1738,531,4323,-141,349,730
73.597946,155,1287,-1738,531,4316,-141,349,730
73.59845,155,1287,-1738,530,4305,-141,350,730
73.59895,155,1287,-1738,530,4273,-141,350,730
73.59945,155,1287,-1739,530,4252,-141,350,730
73.59995,155,1286,-1739,530,4250,-141,350,730
73.60045,155,1287,-1739,529,4257,-141,350,730
73.60095,155,1286,-1739,530,4266,-141,349,730
73.60145,155,1287,-1739,530,4270,-141,350,730
73.60195,155,1287,-1738,531,4270,-141,349,730
73.60245,155,1287,-1738,530,4270,-141,349,731
73.60295,155,1287,-1738,530,4271,-141,349,731
73.60345,155,1287,-1738,530,4268,-141,350,730
73.60395,155,1287,-1737,529,4271,-141,349,731
73.60445,155,1287,-1738,529,4277,-141,350,730
73.60495,155,1287,-1738,528,4275,-141,349,731
73.60545,155,1287,-1738,528,4282,-141,349,731
73.60595,155,1287,-1738,529,4281,-141,349,731
73.60645,155,1287,-1738,529,4279,-141,349,731
73.60695,155,1287,-1738,530,4311,-140,349,731
73.60745,155,1287,-1738,529,4329,-141,349,731
73.60795,155,1287,-1738,529,4322,-141,349,731
73.60845,155,1287,-1738,529,4311,-141,349,730
73.60895,155,1287,-1738,529,4279,-141,349,731
73.60945,155,1287,-1738,529,4265,-141,350,730
73.60995,155,1287,-1737,529,4259,-141,349,731
73.61045,155,1287,-1737,529,4263,-141,349,730
73.61095,155,1287,-1737,529,4266,-141,349,731
73.61145,155,1287,-1738,530,4271,-141,349,731
73.61195,155,1287,-1738,530,4266,-141,350,730
73.61245,155,1287,-1738,530,4264,-140,349,730
73.61295,155,1287,-1738,530,4270,-140,349,731
73.61345,155,1287,-1738,530,4269,-141,349,730
73.61395,155,1287,-1739,529,4260,-141,349,731
73.61445,155,1287,-1739,530,4262,-141,349,730
73.61495,155,1287,-1738,530,4260,-140,350,730
73.61545,155,1287,-1739,530,4268,-141,349,731
73.61595,155,1287,-1738,529,4272,-140,349,731
73.61645,155,1287,-1739,529,4269,-141,349,731
73.61695,155,1287,-1739,530,4301,-141,349,731
73.61745,155,1287,-1739,530,4319,-141,349,731
73.61795,155,1287,-1739,530,4313,-141,349,730
73.61845,155,1287,-1739,531,4301,-141,349,731
73.61895,155,1287,-1739,530,4272,-141,349,730
73.61945,155,1287,-1738,530,4253,-141,350,730
73.62005,155,1287,-1739,530,4256,-141,349,730
73.62055,155,1287,-1739,530,4261,-141,349,731
73.62105,155,1287,-1739,530,4268,-141,349,730
73.62155,155,1287,-1738,530,4267,-141,349,730
73.62205,155,1287,-1738,529,4273,-141,349,730
73.62255,155,1287,-1738,530,4275,-141,349,730
73.62305,155,1287,-1738,530,4276,-141,349,730
73.62355,155,1287,-1737,529,4276,-141,349,730
73.62405,156,1287,-1737,529,4278,-141,349,730
73.62455,155,1287,-1737,529,4278,-141,350,730
73.62505,155,1287,-1737,529,4277,-141,349,730
73.62555,156,1287,-1737,529,4273,-141,349,730
73.62605,156,1287,-1738,529,4275,-141,349,730
73.62655,156,1287,-1738,529,4277,-141,349,730
73.62705,156,1287,-1738,530,4312,-141,349,730
73.62755,156,1287,-1739,530,4324,-141,349,730
73.62805,156,1287,-1739,530,4318,-141,349,730
73.62855,156,1287,-1738,530,4301,-141,350,730
73.62905,155,1287,-1738,530,4268,-141,349,730
73.62955,156,1286,-1738,530,4255,-141,350,730
73.63005,155,1286,-1738,531,4253,-141,349,730
73.63055,155,1287,-1738,531,4255,-141,349,730
73.63105,156,1287,-1738,531,4261,-141,350,730
73.63155,156,1287,-1738,531,4260,-142,349,730
73.63205,155,1287,-1738,532,4259,-141,349,730
73.63255,155,1287,-1738,531,4262,-141,349,730
73.63305,155,1287,-1738,530,4264,-141,349,730
73.63355,155,1287,-1737,528,4262,-141,349,730
73.63405,155,1287,-1737,528,4263,-141,349,730
73.63455,155,1286,-1737,528,4264,-141,349,730
73.63505,155,1287,-1738,528,4269,-141,349,731
73.63555,156,1287,-1738,529,4274,-141,349,730
73.63605,156,1287,-1739,528,4274,-141,349,730
73.63655,156,1286,-1739,529,4283,-141,349,730
73.63705,156,1287,-1739,530,4321,-141,349,730
73.63755,156,1287,-1739,529,4327,-141,349,731
73.63805,155,1287,-1738,529,4321,-141,349,730
73.63855,156,1287,-1737,529,4299,-141,350,730
73.63905,155,1287,-1737,529,4270,-141,350,730
73.63955,155,1287,-1737,529,4260,-141,349,730
73.64005,155,1287,-1738,530,4261,-141,349,730
73.64055,155,1287,-1738,530,4270,-141,349,730
73.64105,155,1287,-1738,529,4275,-141,349,730
73.64155,154,1287,-1738,529,4276,-141,349,731
73.64205,154,1287,-1738,529,4274,-141,349,730
73.64255,154,1287,-1738,529,4269,-141,349,730
73.64305,154,1287,-1738,529,4274,-141,349,730
73.64355,154,1287,-1738,529,4277,-141,349,730
73.64405,154,1287,-1738,530,4278,-141,349,730
73.64455,154,1287,-1738,530,4277,-141,349,730
73.64505,154,1287,-1738,530,4275,-141,349,730
73.64555,154,1287,-1739,531,4278,-141,349,730
73.64605,154,1287,-1739,530,4278,-141,349,730
73.64655,155,1287,-1740,531,4284,-141,349,730
73.64705,155,1287,-1740,531,4319,-140,349,731
73.64755,155,1287,-1739,530,4319,-141,349,730
73.64805,155,1287,-1738,530,4308,-141,349,730
73.64855,155,1287,-1738,530,4293,-140,350,730
73.64905,155,1287,-1738,529,4265,-141,350,730
73.64955,155,1287,-1738,529,4257,-141,350,730
73.65005,155,1286,-1738,530,4258,-141,349,730
73.65055,155,1287,-1738,530,4265,-141,349,730
73.65105,155,1287,-1738,530,4270,-141,349,730
73.65155,155,1287,-1738,530,4271,-141,349,730
73.65205,155,1287,-1737,530,4270,-141,350,730
73.65255,155,1287,-1737,529,4269,-141,349,730
73.65305,155,1287,-1738,529,4271,-141,349,730
73.65355,155,1287,-1737,528,4272,-141,349,730
73.65405,155,1287,-1738,529,4270,-141,349,730
73.65455,155,1287,-1738,529,4271,-141,349,730
73.65505,155,1287,-1739,529,4274,-141,349,730
73.65555,155,1287,-1739,530,4280,-141,349,730
73.65605,155,1286,-1739,530,4283,-141,349,730
73.65655,155,1287,-1740,530,4293,-141,349,730
73.65705,155,1286,-1739,530,4331,-141,349,730
73.65755,155,1287,-1738,529,4333,-141,349,730
73.65805,155,1287,-1737,529,4324,-141,349,730
73.65855,155,1287,-1737,529,4299,-141,350,730
73.65905,155,1287,-1738,529,4268,-141,349,730
73.65955,155,1287,-1738,529,4260,-141,349,730
73.66005,155,1287,-1738,529,4261,-141,350,730
73.66055,155,1287,-1738,529,4267,-141,349,730
73.66105,155,1286,-1739,529,4271,-141,349,730
73.66155,155,1287,-1738,529,4273,-141,350,730
73.66205,155,1287,-1738,529,4274,-141,349,730
73.66255,155,1287,-1739,529,4273,-141,350,730
73.66305,155,1287,-1739,530,4272,-141,350,730
73.66355,155,1287,-1739,530,4273,-141,349,730
73.66405,155,1287,-1739,530,4273,-141,349,730
73.66455,155,1287,-1739,530,4273,-141,349,730
73.66505,155,1287,-1738,529,4273,-141,349,730
73.66555,155,1287,-1738,530,4270,-141,349,730
73.66605,155,1287,-1738,530,4273,-141,349,730
73.66655,155,1286,-1737,530,4286,-141,349,730
73.66705,155,1287,-1738,530,4322,-141,349,730
73.66755,155,1287,-1738,529,4325,-141,349,730
73.66805,155,1287,-1738,529,4318,-141,349,730
73.66855,155,1287,-1738,529,4294,-141,350,730
73.66905,155,1287,-1738,529,4265,-141,350,730
73.66955,155,1287,-1739,529,4259,-141,350,730
73.67005,155,1287,-1739,530,4261,-141,350,730
73.67055,155,1287,-1739,530,4267,-141,349,730
73.67105,155,1286,-1740,530,4271,-141,349,730
73.67155,155,1287,-1740,531,4272,-141,349,730
73.67205,155,1287,-1739,531,4273,-141,349,730
73.67255,155,1287,-1739,531,4276,-141,350,730
73.67305,155,1287,-1739,532,4277,-141,349,730
73.67355,155,1287,-1738,532,4275,-141,350,730
73.67405,155,1287,-1739,532,4273,-141,350,730
73.67455,156,1287,-1739,532,4273,-141,349,730
73.67505,156,1287,-1739,532,4276,-141,349,730
73.67555,155,1287,-1739,532,4280,-141,349,730
73.67605,155,1287,-1738,531,4281,-141,349,730
73.67655,155,1287,-1737,529,4292,-141,349,730
73.67705,156,1287,-1737,528,4325,-141,349,730
73.67755,156,1287,-1737,528,4324,-141,349,730
73.67805,155,1287,-1737,528,4315,-141,349,730
73.67855,155,1287,-1737,528,4290,-141,349,730
73.67905,155,1287,-1738,529,4260,-141,349,730
73.67955,156,1287,-1738,529,4252,-141,350,730
73.68005,156,1287,-1738,528,4254,-141,349,730
73.68055,155,1287,-1738,529,4261,-141,349,730
73.68115,155,1287,-1738,529,4264,-141,349,730
73.68165,156,1287,-1738,529,4266,-141,349,730
73.68215,155,1287,-1739,529,4266,-141,349,730
73.68265,155,1287,-1738,529,4267,-141,349,730
73.68315,154,1287,-1738,530,4269,-141,349,730
73.68365,155,1287,-1738,530,4270,-141,349,730
73.68415,154,1287,-1738,529,4272,-141,349,730
73.68465,155,1287,-1738,530,4272,-141,349,730
73.68515,155,1287,-1738,529,4270,-141,349,730
73.68565,155,1287,-1738,529,4274,-141,349,730
73.68615,155,1287,-1738,529,4275,-141,349,730
73.68665,155,1287,-1738,529,4291,-141,349,730
73.68715,155,1287,-1738,529,4324,-141,349,730
73.68765,155,1287,-1738,529,4322,-141,349,730
73.68815,155,1287,-1738,530,4316,-140,349,730
73.68865,155,1287,-1738,530,4292,-141,349,730
73.68915,154,1287,-1738,530,4267,-141,349,730
73.68965,155,1287,-1739,530,4262,-141,349,730
73.69015,155,1287,-1739,531,4263,-141,350,730
73.69065,155,1287,-1739,531,4269,-141,349,730
73.69115,155,1287,-1738,531,4272,-141,350,729
73.69165,155,1287,-1738,530,4272,-141,349,730
73.69215,155,1287,-1737,530,4266,-141,349,729
73.69265,155,1287,-1737,530,4266,-141,349,730
73.69315,155,1287,-1737,529,4264,-141,349,730
73.69365,155,1287,-1738,529,4269,-141,349,730
73.69415,155,1287,-1738,528,4268,-141,350,730
73.69465,155,1287,-1738,528,4267,-141,349,730
73.69515,155,1286,-1738,529,4268,-141,349,730
73.69565,155,1287,-1738,529,4271,-141,349,730
73.69615,155,1287,-1738,529,4273,-140,349,729
73.69665,155,1287,-1738,530,4288,-141,349,730
73.69715,155,1287,-1739,530,4317,-141,348,730
73.69765,155,1287,-1739,530,4317,-141,349,730
73.69815,155,1287,-1739,530,4310,-141,349,730
73.69865,155,1287,-1739,530,4281,-141,350,730
73.69915,155,1287,-1738,529,4255,-140,350,730
73.69965,155,1287,-1738,530,4251,-141,350,730
73.70015,155,1287,-1738,530,4254,-141,350,730
73.70065,155,1287,-1738,530,4261,-141,350,730
73.70115,155,1287,-1738,531,4264,-141,349,730
73.70165,155,1287,-1739,531,4267,-141,349,730
73.70215,155,1287,-1739,531,4269,-141,349,730
73.70265,155,1287,-1739,530,4268,-141,349,730
73.70315,155,1287,-1739,529,4269,-141,349,730
73.70365,155,1287,-1739,530,4272,-141,349,730
73.70415,155,1287,-1739,530,4275,-141,349,730
73.70465,155,1287,-1739,530,4277,-140,349,730
73.70515,155,1287,-1739,530,4279,-141,349,730
73.70565,155,1287,-1739,531,4277,-141,349,729
73.70615,155,1287,-1740,531,4278,-141,350,730
73.70665,155,1287,-1740,532,4295,-140,349,730
73.70715,155,1287,-1741,532,4328,-140,349,730
73.70765,155,1287,-1742,531,4328,-141,349,730
73.70815,155,1287,-1742,531,4318,-141,349,730
73.70865,155,1287,-1742,530,4287,-141,350,730
73.70915,155,1287,-1741,530,4262,-141,350,730
73.70965,155,1287,-1738,530,4258,-140,350,730
73.71015,155,1287,-1735,530,4259,-141,349,730
73.71065,155,1287,-1734,530,4265,-141,349,730
73.71115,155,1287,-1735,528,4266,-141,349,730
73.71165,155,1287,-1736,528,4267,-141,349,730
73.71215,155,1287,-1737,528,4270,-141,349,730
73.71265,155,1287,-1738,529,4270,-141,349,730
73.71315,155,1287,-1738,529,4269,-141,349,730
73.71365,155,1287,-1739,528,4270,-141,349,730
73.71415,155,1287,-1740,529,4267,-141,349,730
73.71465,155,1287,-1740,529,4265,-141,349,730
73.71515,155,1287,-1739,529,4265,-141,349,730
73.71565,155,1287,-1737,528,4268,-141,349,730
73.71615,155,1287,-1736,529,4272,-141,349,730
73.71665,155,1287,-1736,530,4299,-141,349,730
73.71715,155,1287,-1737,530,4327,-141,349,730
73.71765,155,1287,-1738,529,4324,-140,349,730
73.71815,155,1287,-1738,529,4314,-141,349,730
73.71865,155,1287,-1738,528,4283,-141,350,730
73.71915,155,1287,-1739,528,4259,-141,350,730
73.71965,155,1287,-1740,529,4255,-141,349,730
73.720146,155,1287,-1740,529,4261,-141,349,730
73.72065,155,1287,-1739,530,4271,-141,349,730
73.72115,155,1287,-1739,529,4275,-141,349,730
73.72165,155,1287,-1739,530,4279,-141,349,730
73.72215,155,1287,-1739,530,4281,-141,350,730
73.72265,155,1287,-1738,530,4282,-141,349,729
73.72315,155,1287,-1737,530,4282,-141,349,730
73.72365,155,1287,-1736,530,4280,-141,350,730
73.72415,155,1287,-1736,531,4285,-141,350,730
73.72465,155,1287,-1737,531,4287,-141,350,730
73.72515,155,1287,-1738,531,4286,-141,349,730
73.72565,155,1287,-1738,530,4282,-141,350,730
73.72615,155,1287,-1738,530,4283,-141,349,730
73.72665,155,1287,-1738,531,4309,-140,349,730
73.72715,155,1287,-1739,532,4332,-141,349,730
73.72765,155,1287,-1739,534,4328,-141,349,729
73.72815,155,1287,-1740,533,4319,-141,349,729
73.72865,155,1287,-1739,533,4283,-141,349,729
73.72915,155,1287,-1740,533,4262,-141,349,729
73.72965,155,1287,-1739,531,4260,-141,349,729
73.73015,155,1287,-1739,531,4262,-141,349,729
73.73065,155,1287,-1738,531,4269,-141,349,729
73.73115,155,1287,-1737,531,4271,-140,349,729
73.73165,155,1287,-1736,529,4273,-141,349,729
73.73215,155,1287,-1736,527,4273,-141,349,729
73.73265,155,1287,-1737,525,4272,-141,349,729
73.73315,155,1287,-1737,526,4274,-140,349,730
73.73365,155,1287,-1738,527,4278,-141,349,730
73.73415,155,1287,-1738,527,4280,-141,350,730
73.73465,155,1287,-1738,528,4281,-140,349,729
73.73515,155,1287,-1738,528,4281,-141,349,730
73.73565,155,1287,-1738,529,4281,-141,349,729
73.73615,155,1287,-1738,528,4287,-140,349,730
73.73665,155,1287,-1738,528,4316,-141,349,730
73.73715,155,1287,-1738,528,4341,-141,349,730
73.73765,155,1287,-1738,528,4338,-141,349,730
73.73815,155,1287,-1738,528,4326,-141,349,730
73.73865,155,1287,-1738,528,4294,-141,349,730
73.73915,155,1287,-1738,529,4277,-141,349,730
73.73965,155,1287,-1737,529,4275,-141,349,730
73.74015,155,1287,-1738,529,4278,-141,349,730
73.74065,155,1287,-1738,529,4283,-141,349,730
73.74115,156,1287,-1738,530,4286,-141,349,730
73.74165,155,1286,-1738,530,4287,-141,350,730
73.74225,155,1287,-1738,532,4286,-141,350,731
73.74275,155,1287,-1739,533,4283,-141,350,730
73.74325,156,1287,-1739,534,4279,-141,350,730
73.74375,155,1287,-1739,534,4284,-141,350,730
73.74425,155,1287,-1740,535,4287,-141,350,730
73.74475,155,1287,-1740,534,4286,-141,350,730
73.74525,155,1287,-1739,534,4286,-141,349,730
73.74575,155,1287,-1739,532,4283,-141,349,729
73.74625,155,1287,-1738,531,4284,-141,349,730
73.74675,156,1287,-1738,530,4312,-141,349,730
73.74725,155,1287,-1738,528,4332,-141,349,730
73.74775,155,1287,-1737,526,4328,-141,349,730
73.74825,154,1287,-1737,525,4315,-141,349,730
73.74875,154,1287,-1737,525,4281,-141,349,730
73.74925,154,1288,-1737,526,4265,-141,349,730
73.74975,154,1287,-1737,527,4263,-141,349,730
73.75025,154,1288,-1737,528,4268,-141,349,730
73.75075,155,1287,-1738,530,4274,-141,349,730
73.75125,154,1287,-1738,530,4274,-141,349,730
73.75175,155,1287,-1738,530,4275,-141,349,730
73.75225,155,1287,-1738,529,4278,-141,349,730
73.75275,155,1287,-1739,530,4278,-141,350,730
73.75325,155,1287,-1738,530,4279,-141,350,730
73.75375,155,1287,-1738,530,4281,-141,349,730
73.75425,155,1287,-1738,530,4279,-141,350,730
73.75475,155,1287,-1739,530,4279,-141,350,730
73.75525,155,1287,-1739,530,4281,-141,349,730
73.75575,155,1287,-1740,530,4287,-140,349,730
73.75625,155,1287,-1741,531,4293,-140,349,730
73.75675,155,1287,-1741,531,4330,-140,349,731
73.75725,155,1287,-1741,530,4340,-140,349,730
73.75775,155,1287,-1739,528,4328,-140,349,730
73.75825,155,1287,-1739,527,4314,-140,349,730
73.75875,154,1287,-1739,527,4281,-141,350,730
73.75925,155,1287,-1739,528,4263,-141,349,730
73.75975,154,1287,-1737,529,4262,-141,349,730
73.76025,155,1287,-1735,529,4269,-141,349,730
73.76075,155,1287,-1734,529,4276,-141,349,730
73.76125,155,1287,-1735,528,4278,-141,349,730
73.76175,155,1287,-1736,529,4280,-141,349,730
73.76225,155,1287,-1737,530,4280,-141,349,730
73.76275,155,1287,-1738,531,4280,-141,350,730
73.76325,156,1287,-1738,531,4278,-141,350,730
73.76375,155,1287,-1738,530,4277,-141,350,730
73.76425,156,1287,-1739,530,4278,-141,350,730
73.76475,156,1287,-1739,530,4278,-141,349,730
73.76525,156,1287,-1739,530,4277,-141,349,730
73.76575,155,1287,-1739,530,4276,-141,349,730
73.76625,156,1287,-1738,530,4283,-141,349,730
73.76675,156,1287,-1737,529,4320,-140,349,730
73.76725,156,1287,-1737,529,4328,-141,349,730
73.76775,155,1287,-1736,529,4324,-141,349,730
73.76825,155,1287,-1737,530,4307,-141,349,730
73.76875,155,1287,-1738,530,4274,-141,349,730
73.76925,155,1287,-1739,531,4264,-141,349,730
73.76975,155,1288,-1740,530,4265,-140,350,730
73.77025,154,1287,-1740,532,4271,-140,349,730
73.77075,154,1287,-1740,532,4276,-141,350,730
73.77125,153,1288,-1740,533,4279,-140,350,730
73.77175,154,1288,-1740,533,4281,-140,350,730
73.77225,154,1287,-1739,532,4280,-141,349,730
73.77275,154,1287,-1738,530,4279,-141,350,730
73.77325,154,1287,-1737,528,4280,-141,350,730
73.77375,155,1287,-1737,527,4282,-141,350,730
73.77425,155,1287,-1737,527,4278,-141,350,730
73.77475,154,1287,-1737,527,4276,-141,350,730
73.77525,155,1287,-1737,529,4275,-141,349,730
73.77575,155,1287,-1738,530,4276,-141,350,730
73.77625,155,1287,-1739,531,4284,-141,349,730
73.77675,155,1287,-1739,531,4322,-141,349,730
73.77725,154,1287,-1738,531,4328,-141,349,730
73.77775,155,1287,-1738,530,4322,-141,349,730
73.77825,155,1287,-1738,530,4301,-141,349,730
73.77875,154,1287,-1738,529,4270,-141,349,730
73.77925,155,1287,-1737,530,4260,-141,349,730
73.77975,155,1287,-1738,530,4260,-141,349,730
73.78025,155,1287,-1738,530,4264,-141,349,730
73.78075,154,1287,-1737,529,4268,-141,349,730
73.78125,154,1287,-1737,529,4269,-141,349,730
73.78175,155,1287,-1737,528,4270,-141,349,730
73.78225,155,1287,-1737,528,4271,-140,349,730
73.78275,155,1287,-1738,528,4271,-141,349,730
73.78325,155,1287,-1738,529,4271,-141,349,730
73.78375,155,1287,-1738,530,4274,-140,349,730
73.78425,155,1287,-1739,530,4275,-140,349,730
73.78475,155,1287,-1739,530,4276,-140,349,730
73.78525,155,1287,-1738,530,4277,-140,349,730
73.78575,155,1287,-1738,530,4273,-140,350,730
73.78625,155,1287,-1738,531,4283,-140,349,730
73.78675,155,1287,-1738,531,4322,-140,349,730
73.78725,155,1287,-1738,531,4325,-141,349,730
73.78775,155,1287,-1738,530,4321,-140,349,730
73.78825,155,1287,-1738,529,4301,-141,349,730
73.78875,155,1287,-1738,529,4272,-141,350,730
73.78925,155,1287,-1738,529,4266,-141,350,730
73.78975,154,1287,-1737,528,4267,-141,349,730
73.79025,155,1287,-1737,528,4272,-141,349,730
73.79075,155,1287,-1737,529,4275,-141,349,730
73.79125,154,1287,-1738,529,4273,-141,349,730
73.79175,155,1287,-1737,529,4274,-140,349,730
73.79225,155,1287,-1738,529,4275,-141,349,730
73.79275,155,1287,-1738,529,4273,-141,349,730
73.79325,155,1287,-1738,529,4272,-141,349,731
73.79375,155,1287,-1738,529,4271,-141,349,730
73.79425,155,1287,-1738,530,4263,-141,349,730
73.79475,155,1287,-1738,530,4266,-141,350,730
73.79525,155,1287,-1739,530,4269,-141,349,730
73.79575,155,1287,-1739,530,4271,-141,349,730
73.79625,155,1287,-1739,530,4286,-141,349,730
73.79675,155,1287,-1739,530,4322,-141,349,730
73.79725,155,1287,-1738,529,4321,-141,349,730
73.79775,155,1287,-1738,530,4313,-141,349,730
73.79825,155,1287,-1737,529,4286,-141,350,730
73.79875,155,1287,-1738,529,4257,-141,349,730
73.79925,155,1287,-1738,529,4248,-141,349,730
73.79975,155,1287,-1738,529,4252,-141,349,730
73.80025,154,1287,-1738,530,4263,-141,349,730
73.80075,154,1287,-1738,529,4268,-141,349,730
73.80125,154,1287,-1738,529,4269,-141,349,731
73.80175,154,1287,-1738,530,4271,-141,350,730
73.80225,155,1287,-1738,530,4268,-141,349,730
73.80275,154,1287,-1738,530,4271,-141,350,730
73.80335,154,1287,-1739,530,4274,-140,349,730
73.80385,155,1287,-1739,531,4275,-141,349,730
73.80435,155,1287,-1739,531,4277,-141,349,730
73.80485,155,1287,-1738,530,4279,-141,349,730
73.80535,155,1287,-1738,531,4279,-141,350,730
73.80585,155,1287,-1738,531,4278,-141,349,730
73.80635,155,1287,-1738,531,4292,-141,349,730
73.80685,155,1287,-1738,532,4327,-140,349,730
73.80735,155,1287,-1738,531,4327,-141,350,730
73.80785,155,1287,-1739,531,4321,-141,349,730
73.80835,154,1287,-1739,530,4297,-141,350,730
73.80885,155,1287,-1738,529,4267,-141,350,730
73.80935,155,1287,-1738,528,4260,-141,349,730
73.80985,155,1287,-1738,528,4259,-141,349,730
73.81035,154,1287,-1739,528,4264,-141,349,730
73.81085,155,1287,-1739,528,4269,-141,349,730
73.81135,155,1287,-1738,529,4270,-141,349,730
73.81185,155,1287,-1738,529,4271,-141,349,730
73.81235,154,1287,-1737,529,4270,-141,349,730
73.81285,155,1287,-1738,530,4267,-141,349,730
73.81335,155,1287,-1738,531,4267,-141,350,730
73.81385,155,1287,-1738,531,4267,-141,349,730
73.81435,155,1287,-1738,531,4263,-141,349,730
73.81485,155,1288,-1738,530,4261,-141,349,730
73.81535,155,1287,-1738,531,4264,-141,349,730
73.81585,155,1287,-1738,531,4264,-141,350,730
73.81635,155,1287,-1738,531,4283,-141,349,730
73.81685,155,1287,-1738,531,4320,-140,349,730
73.81735,155,1287,-1738,529,4322,-141,349,730
73.81785,155,1287,-1738,529,4314,-141,349,730
73.81835,155,1287,-1739,528,4288,-141,350,730
73.81885,155,1287,-1739,529,4262,-141,350,730
73.81935,155,1287,-1739,529,4256,-141,349,730
73.81985,155,1287,-1739,530,4259,-141,349,730
73.82035,155,1287,-1739,529,4266,-141,349,730
73.82085,155,1287,-1739,529,4271,-141,349,730
73.82135,155,1287,-1739,529,4273,-141,349,730
73.82185,154,1287,-1739,529,4276,-140,349,730
73.82235,155,1287,-1740,530,4278,-140,349,730
73.82285,155,1287,-1739,529,4279,-141,349,730
73.82335,155,1287,-1739,530,4279,-141,349,730
73.82385,155,1287,-1738,529,4280,-141,349,731
73.82435,155,1287,-1738,530,4280,-140,349,731
73.82485,155,1287,-1738,529,4276,-141,350,730
73.82535,155,1287,-1738,529,4275,-141,349,730
73.82585,155,1287,-1737,529,4276,-141,350,730
73.82635,155,1287,-1736,530,4292,-140,349,731
73.82685,155,1287,-1737,530,4325,-141,349,730
73.82735,155,1287,-1737,530,4320,-141,349,731
73.82785,155,1287,-1737,530,4317,-141,349,730
73.82835,155,1287,-1738,529,4289,-141,349,730
73.82885,155,1287,-1738,530,4267,-141,350,730
73.82935,155,1287,-1738,529,4263,-141,349,730
73.82985,155,1287,-1737,530,4265,-141,350,730
73.83035,155,1287,-1738,530,4268,-141,350,730
73.83085,155,1287,-1737,529,4266,-141,350,730
73.83135,155,1287,-1738,530,4265,-141,349,730
73.83185,155,1287,-1737,529,4269,-140,349,730
73.83235,155,1287,-1737,529,4271,-141,349,730
73.83285,155,1288,-1738,529,4270,-141,349,730
73.83335,155,1287,-1738,529,4271,-141,349,730
73.83385,155,1288,-1738,530,4273,-140,349,731
73.83435,155,1287,-1738,529,4270,-141,349,730
73.83485,155,1287,-1738,530,4266,-141,349,730
73.83535,155,1287,-1739,530,4271,-140,350,730
73.83585,155,1287,-1739,530,4275,-141,350,730
73.83635,155,1287,-1739,531,4299,-141,349,730
73.83685,155,1287,-1739,530,4332,-141,349,730
73.83735,155,1287,-1738,530,4330,-141,349,730
73.83785,155,1287,-1738,530,4321,-141,349,730
73.83835,154,1287,-1738,529,4292,-141,349,730
73.83885,155,1287,-1738,529,4268,-141,349,730
73.83935,155,1287,-1738,530,4264,-141,350,730
73.83985,155,1287,-1737,530,4269,-141,350,730
73.84035,155,1287,-1738,530,4278,-141,349,730
73.84085,155,1287,-1738,530,4282,-141,349,730
73.84135,155,1287,-1738,529,4282,-140,349,730
73.84185,155,1287,-1739,530,4282,-141,349,730
73.84235,155,1287,-1738,530,4282,-141,349,730
73.84285,155,1287,-1739,530,4280,-141,350,730
73.84335,155,1287,-1739,530,4280,-141,349,730
73.84385,155,1287,-1739,530,4280,-141,350,730
73.84435,154,1287,-1739,530,4281,-141,350,730
73.84485,154,1287,-1738,530,4282,-141,350,730
73.84535,155,1287,-1738,530,4281,-141,349,730
73.84585,155,1287,-1738,530,4278,-141,350,730
73.84635,155,1287,-1738,530,4302,-141,349,730
73.84685,155,1287,-1738,530,4327,-141,349,731
73.84735,155,1287,-1738,530,4321,-141,349,730
73.84785,155,1287,-1738,530,4309,-141,350,730
73.84835,155,1287,-1738,530,4284,-141,350,730
73.84885,154,1287,-1738,530,4265,-141,349,730
73.84935,155,1287,-1738,530,4261,-141,349,730
73.84985,155,1287,-1738,530,4264,-141,350,730
73.85035,155,1287,-1738,530,4271,-141,349,730
73.85085,155,1287,-1739,531,4275,-141,349,730
73.85135,155,1287,-1739,531,4277,-141,349,730
73.85185,155,1288,-1739,531,4278,-141,350,730
73.85235,155,1287,-1738,530,4278,-141,349,730
73.85285,155,1287,-1738,530,4276,-141,349,730
73.85335,155,1287,-1737,529,4278,-141,349,730
73.85385,155,1287,-1738,528,4280,-140,349,730
73.85435,155,1287,-1738,528,4278,-141,350,730
73.85485,155,1287,-1738,529,4278,-141,349,730
73.85535,155,1288,-1738,529,4282,-141,349,730
73.85585,155,1287,-1738,530,4282,-141,349,730
73.85635,155,1287,-1738,530,4312,-140,349,731
73.85685,155,1287,-1738,529,4337,-141,349,730
73.85735,155,1287,-1738,529,4330,-141,349,730
73.85785,155,1287,-1737,529,4323,-141,349,730
73.85835,155,1287,-1738,529,4291,-141,349,730
73.85885,155,1287,-1738,529,4270,-141,350,730
73.85935,155,1287,-1739,530,4266,-141,350,730
73.85985,155,1287,-1739,530,4268,-141,349,730
73.86035,155,1287,-1739,531,4273,-141,350,730
73.86085,155,1287,-1739,531,4276,-141,350,729
73.86135,155,1287,-1738,531,4277,-141,350,730
73.86185,155,1287,-1739,531,4274,-141,349,730
73.86235,155,1287,-1739,531,4278,-141,350,730
73.86285,155,1287,-1739,531,4279,-141,350,730
73.86335,155,1287,-1738,531,4276,-141,350,730
73.86385,155,1287,-1738,530,4276,-141,350,730
73.86445,155,1287,-1738,529,4276,-141,350,730
73.86495,155,1287,-1738,528,4276,-141,349,730
73.86545,155,1287,-1738,528,4276,-141,350,730
73.86595,155,1287,-1739,528,4272,-141,349,730
73.86645,155,1287,-1739,529,4304,-140,349,731
73.86695,155,1287,-1739,530,4326,-141,349,730
73.86745,155,1287,-1739,529,4318,-141,349,730
73.86795,155,1287,-1739,530,4313,-141,349,730
73.86845,154,1288,-1738,529,4284,-141,349,730
73.86895,154,1287,-1738,529,4264,-141,349,730
73.86945,154,1287,-1738,530,4262,-141,349,730
73.86995,154,1287,-1739,529,4265,-141,350,730
73.87045,154,1287,-1739,530,4271,-141,350,730
73.87095,155,1287,-1739,530,4272,-141,350,730
73.87145,154,1287,-1738,531,4274,-141,349,730
73.87195,155,1287,-1738,531,4280,-141,349,730
73.87245,155,1287,-1738,531,4282,-141,349,730
73.87295,155,1287,-1738,531,4279,-141,349,730
73.87345,154,1287,-1737,530,4279,-141,350,729
73.87395,155,1287,-1738,529,4279,-141,349,730
73.87445,155,1287,-1738,529,4272,-141,350,730
73.87495,155,1287,-1738,530,4274,-141,349,729
73.87545,155,1287,-1738,530,4274,-141,349,729
73.87595,155,1288,-1737,530,4270,-141,349,730
73.87645,155,1287,-1737,530,4305,-141,349,730
73.87695,155,1287,-1738,530,4330,-141,349,730
73.87745,155,1287,-1738,529,4326,-141,349,730
73.87795,155,1287,-1738,529,4312,-142,349,730
73.87845,154,1287,-1738,529,4277,-142,350,729
73.87895,155,1287,-1738,528,4257,-141,350,730
73.87945,155,1288,-1739,530,4250,-141,350,730
73.87995,155,1287,-1738,529,4259,-141,349,729
73.88045,155,1287,-1738,528,4267,-141,349,729
73.88095,155,1287,-1738,528,4263,-141,349,730
73.88145,155,1288,-1737,529,4264,-141,350,730
73.88195,155,1287,-1738,529,4270,-141,349,730
73.88245,154,1287,-1738,530,4272,-141,350,730
73.88295,155,1287,-1738,530,4271,-141,349,730
73.88345,155,1287,-1738,530,4271,-141,349,730
73.88395,155,1288,-1738,530,4273,-141,350,730
73.88445,155,1287,-1738,529,4275,-141,350,730
73.88495,155,1287,-1737,530,4275,-140,349,730
73.88545,155,1287,-1738,529,4275,-140,350,730
73.88595,155,1287,-1738,529,4274,-141,349,730
73.88645,155,1287,-1738,530,4311,-140,349,731
73.88695,155,1288,-1738,530,4323,-141,349,731
73.88745,155,1288,-1738,529,4313,-141,349,730
73.88795,155,1288,-1739,530,4301,-141,349,730
73.88845,155,1288,-1739,529,4275,-141,349,730
73.88895,155,1288,-1739,530,4265,-141,349,730
73.88945,155,1288,-1739,530,4264,-141,349,730
73.88995,155,1288,-1738,530,4269,-141,349,730
73.89045,154,1287,-1738,529,4274,-141,350,730
73.89095,155,1288,-1738,530,4275,-142,349,730
73.89145,155,1287,-1738,529,4276,-141,349,730
73.89195,154,1287,-1739,529,4275,-141,350,730
73.89245,154,1287,-1739,530,4273,-141,349,730
73.89295,155,1287,-1739,530,4269,-141,350,730
73.89345,155,1288,-1739,530,4269,-141,349,730
73.89395,154,1288,-1739,530,4270,-141,349,730
73.89445,155,1288,-1739,529,4267,-141,350,730
73.89495,155,1288,-1738,529,4265,-141,350,730
73.89545,154,1288,-1738,530,4267,-141,349,730
73.89595,155,1287,-1737,530,4273,-141,349,730
73.89645,155,1287,-1739,530,4309,-141,349,730
73.89695,155,1287,-1739,530,4317,-141,349,730
73.89745,155,1287,-1739,530,4312,-141,350,730
73.89795,155,1288,-1740,530,4295,-141,349,730
73.89845,155,1287,-1739,530,4262,-141,349,730
73.89895,155,1287,-1739,530,4251,-141,350,730
73.89945,155,1287,-1739,530,4252,-141,349,730
73.89995,155,1287,-1737,529,4258,-141,350,730
73.90045,155,1287,-1737,529,4263,-141,349,730
73.90095,155,1287,-1737,529,4266,-141,350,730
73.90145,155,1287,-1737,529,4268,-141,350,730
73.90195,155,1288,-1737,529,4269,-141,349,730
73.90245,155,1287,-1737,530,4270,-141,350,730
73.90295,155,1287,-1737,530,4270,-141,350,730
73.90345,155,1287,-1738,531,4269,-141,349,730
73.90395,154,1287,-1738,531,4272,-141,349,730
73.90445,155,1288,-1738,531,4274,-141,349,730
73.90495,155,1287,-1738,530,4277,-141,349,730
73.90545,155,1287,-1738,529,4278,-141,349,730
73.90595,155,1287,-1739,530,4283,-141,348,730
73.90645,155,1288,-1740,530,4319,-141,348,730
73.90695,154,1287,-1741,530,4326,-141,348,730
73.90745,154,1287,-1740,530,4318,-141,349,730
73.90795,154,1288,-1739,529,4300,-141,350,730
73.90845,155,1288,-1738,530,4268,-141,350,730
73.90895,155,1287,-1738,529,4257,-141,350,730
73.90945,155,1287,-1738,529,4257,-141,350,730
73.90995,155,1288,-1738,529,4261,-141,349,730
73.910446,155,1287,-1738,529,4263,-141,350,730
73.91095,155,1287,-1738,530,4262,-141,349,730
73.91145,155,1288,-1737,530,4265,-141,349,730
73.91195,155,1288,-1737,530,4269,-141,349,730
73.91245,155,1288,-1738,530,4270,-141,349,730
73.91295,155,1287,-1738,530,4265,-141,350,730
73.91345,155,1287,-1739,530,4264,-141,349,730
73.91395,155,1287,-1738,530,4265,-141,349,730
73.91445,155,1287,-1738,529,4262,-141,349,730
73.91495,155,1287,-1738,530,4260,-141,349,730
73.91545,155,1287,-1738,530,4260,-141,350,730
73.91595,155,1287,-1738,531,4271,-141,349,730
73.91645,155,1287,-1739,531,4312,-141,349,730
73.91695,155,1287,-1739,531,4318,-141,349,730
73.91745,155,1287,-1739,530,4313,-141,349,730
73.91795,155,1287,-1738,529,4291,-141,350,730
73.91845,155,1287,-1737,529,4260,-141,350,730
73.91895,155,1288,-1737,530,4250,-141,350,730
73.91945,155,1287,-1738,530,4253,-141,350,730
73.91995,155,1288,-1738,531,4260,-141,350,730
73.92045,155,1288,-1738,531,4267,-141,350,730
73.92095,155,1288,-1738,530,4270,-141,349,730
73.92145,155,1287,-1738,531,4273,-141,349,730
73.92195,154,1288,-1738,531,4276,-141,350,730
73.92245,154,1288,-1739,530,4278,-141,349,730
73.92295,154,1287,-1739,530,4277,-141,349,730
73.92345,154,1288,-1740,531,4278,-141,350,730
73.92395,154,1287,-1740,531,4279,-141,350,730
73.92445,155,1287,-1741,532,4279,-141,350,730
73.92495,154,1288,-1741,533,4279,-141,350,730
73.92545,154,1288,-1741,532,4276,-142,350,730
73.92605,155,1287,-1740,531,4282,-141,349,730
73.92655,155,1287,-1740,530,4318,-141,349,730
73.92705,155,1287,-1738,529,4321,-141,349,730
73.92755,154,1287,-1736,529,4313,-141,349,730
73.92805,155,1288,-1735,530,4292,-141,349,730
73.92855,155,1287,-1736,529,4265,-141,350,730
73.92905,154,1288,-1737,529,4257,-141,350,730
73.92955,154,1287,-1737,529,4258,-141,350,730
73.93005,155,1287,-1738,530,4262,-141,350,730
73.93055,155,1287,-1738,531,4264,-141,350,730
73.93105,155,1287,-1738,532,4266,-141,350,730
73.93155,156,1287,-1739,532,4267,-142,350,730
73.93205,156,1287,-1738,531,4268,-141,350,730
73.93255,156,1287,-1739,530,4268,-141,349,730
73.93305,156,1287,-1739,529,4266,-141,349,730
73.93355,156,1287,-1739,528,4268,-141,349,730
73.93405,156,1287,-1738,528,4269,-141,349,730
73.93455,156,1287,-1737,527,4267,-141,349,730
73.93505,156,1287,-1736,528,4266,-141,350,730
73.93555,156,1288,-1736,528,4267,-141,349,730
73.93605,156,1287,-1737,529,4281,-141,349,730
73.93655,156,1287,-1739,529,4318,-141,349,730
73.93705,155,1287,-1739,530,4322,-142,349,730
73.93755,155,1287,-1739,532,4317,-141,349,730
73.93805,155,1287,-1739,533,4296,-142,350,730
73.93855,155,1287,-1739,533,4269,-141,349,730
73.93905,155,1288,-1739,532,4263,-141,350,730
73.93955,155,1288,-1738,531,4265,-141,349,730
73.94005,154,1287,-1738,530,4270,-142,349,730
73.94055,154,1288,-1738,530,4274,-141,349,730
73.94105,153,1288,-1738,531,4275,-141,349,730
73.94155,154,1288,-1739,532,4274,-141,350,730
73.94205,154,1288,-1740,533,4274,-141,349,730
73.94255,154,1288,-1740,533,4274,-141,350,730
73.94305,154,1288,-1739,530,4272,-141,349,730
73.94355,154,1288,-1738,529,4272,-141,349,730
73.94405,154,1288,-1739,528,4273,-141,349,730
73.94455,154,1288,-1739,529,4274,-141,349,730
73.94505,154,1287,-1739,528,4274,-141,349,730
73.94555,154,1287,-1739,526,4272,-141,349,730
73.94605,155,1288,-1739,526,4282,-141,349,730
73.94655,155,1287,-1739,525,4315,-141,349,731
73.94705,155,1287,-1738,526,4314,-141,349,730
73.94755,155,1287,-1737,528,4302,-141,349,730
73.94805,155,1287,-1736,528,4283,-141,349,730
73.94855,154,1288,-1735,528,4259,-141,350,730
73.94905,154,1288,-1735,529,4252,-141,349,730
73.94955,154,1287,-1737,529,4254,-141,350,730
73.95005,155,1287,-1738,529,4259,-141,349,731
73.95055,155,1288,-1739,529,4262,-141,349,730
73.95105,154,1287,-1738,529,4258,-141,350,730
73.95155,155,1287,-1738,529,4265,-141,349,730
73.95205,155,1287,-1738,530,4270,-141,350,730
73.95255,155,1287,-1739,530,4270,-141,349,730
73.95305,155,1287,-1739,531,4268,-141,349,730
73.95355,154,1287,-1739,532,4268,-141,349,730
73.95405,155,1287,-1738,532,4269,-141,349,730
73.95455,155,1287,-1738,531,4268,-141,349,730
73.95505,155,1287,-1738,531,4266,-141,350,730
73.95555,155,1287,-1738,530,4267,-141,349,730
73.95605,155,1288,-1738,530,4284,-141,349,730
73.95655,154,1287,-1738,529,4320,-141,348,730
73.95705,154,1287,-1737,528,4321,-141,349,730
73.95755,155,1287,-1737,528,4315,-141,348,730
73.95805,154,1288,-1738,528,4287,-141,349,730
73.95855,154,1287,-1739,528,4257,-141,349,730
73.95905,155,1287,-1739,529,4249,-141,349,730
73.95955,155,1288,-1739,529,4252,-141,349,730
73.96005,154,1287,-1739,530,4260,-141,349,730
73.96055,155,1288,-1739,530,4264,-141,349,730
73.96105,155,1288,-1738,530,4265,-141,349,731
73.96155,155,1287,-1738,529,4265,-141,349,731
73.96205,155,1287,-1737,529,4261,-141,349,731
73.96255,155,1287,-1737,530,4260,-141,349,730
73.96305,155,1287,-1738,530,4260,-141,350,731
73.96355,155,1287,-1737,530,4263,-142,350,730
73.96405,155,1287,-1738,529,4260,-141,349,731
73.96455,155,1287,-1738,529,4262,-141,349,730
73.96505,155,1288,-1738,529,4260,-141,349,730
73.96555,155,1287,-1738,529,4261,-141,350,730
73.96605,155,1287,-1738,530,4279,-141,349,731
73.96655,155,1287,-1738,530,4310,-141,349,731
73.96705,155,1287,-1738,530,4304,-141,349,730
73.96755,155,1287,-1738,529,4296,-141,349,730
73.96805,155,1287,-1738,529,4273,-141,349,731
73.96855,155,1287,-1738,529,4253,-141,349,730
73.96905,155,1287,-1738,529,4246,-141,349,730
73.96955,155,1287,-1738,530,4252,-141,349,731
73.97005,155,1288,-1738,530,4258,-141,349,730
73.97055,155,1287,-1738,530,4258,-141,349,731
73.97105,155,1287,-1738,530,4263,-141,349,731
73.97155,155,1287,-1737,530,4263,-141,349,730
73.97205,155,1287,-1738,530,4264,-141,350,730
73.97255,155,1288,-1738,530,4269,-141,349,730
73.97305,155,1287,-1738,530,4268,-141,349,731
73.97355,155,1287,-1738,530,4266,-141,349,731
73.97405,155,1287,-1739,530,4262,-141,349,731
73.97455,154,1288,-1739,531,4258,-141,349,731
73.97505,154,1288,-1739,531,4255,-141,349,731
73.97555,154,1288,-1739,531,4255,-141,349,730
73.97605,154,1287,-1739,532,4278,-141,349,731
73.97655,154,1288,-1739,531,4312,-141,349,731
73.97705,154,1287,-1739,531,4306,-141,349,731
73.97755,154,1287,-1739,530,4296,-141,349,730
73.97805,154,1288,-1739,529,4269,-141,350,730
73.97855,155,1288,-1738,529,4252,-141,349,730
73.97905,155,1287,-1738,529,4249,-141,350,730
73.97955,154,1287,-1738,529,4249,-141,349,730
73.98005,155,1287,-1738,530,4253,-141,349,730
73.98055,155,1287,-1738,530,4256,-141,350,730
73.98105,155,1287,-1738,531,4256,-141,350,730
73.98155,155,1287,-1739,531,4257,-141,350,730
73.98205,155,1288,-1738,531,4257,-141,349,731
73.98255,155,1288,-1739,530,4255,-141,349,730
73.98305,155,1287,-1738,531,4253,-141,349,731
73.98355,155,1288,-1738,530,4258,-141,349,730
73.98405,155,1287,-1738,529,4257,-141,349,730
73.98455,155,1288,-1739,529,4263,-141,350,731
73.98505,155,1288,-1739,530,4264,-141,350,730
73.98555,155,1288,-1740,530,4257,-141,350,731
73.98605,155,1287,-1740,531,4283,-141,349,731
73.98655,155,1287,-1740,531,4308,-141,349,731
73.98715,155,1287,-1740,531,4304,-141,349,731
73.98765,155,1287,-1739,530,4296,-140,349,731
73.98815,155,1288,-1738,529,4270,-141,350,731
73.98865,155,1288,-1736,529,4252,-141,350,731
73.98915,155,1287,-1735,528,4251,-141,349,731
73.98965,154,1288,-1735,529,4254,-141,350,731
73.99015,154,1288,-1737,530,4260,-141,350,731
73.99065,154,1288,-1738,531,4260,-141,350,731
73.99115,154,1288,-1739,531,4259,-141,350,731
73.99165,154,1288,-1739,531,4263,-141,350,730
73.99215,154,1288,-1738,532,4265,-141,349,730
73.99265,154,1288,-1738,533,4268,-141,349,730
73.99315,154,1288,-1738,534,4265,-141,350,730
73.99365,154,1288,-1738,534,4263,-141,350,730
73.99415,155,1288,-1738,532,4264,-141,349,730
73.99465,154,1287,-1737,529,4261,-141,349,730
73.99515,155,1288,-1737,526,4258,-141,349,730
73.99565,155,1288,-1737,527,4258,-141,349,730
73.99615,155,1287,-1737,527,4287,-141,349,731
73.99665,154,1288,-1737,528,4309,-141,349,731
73.99715,155,1288,-1738,528,4301,-141,349,731
73.99765,155,1287,-1738,529,4290,-141,350,730
73.99815,155,1288,-1738,529,4258,-141,350,731
73.99865,155,1288,-1738,529,4241,-141,350,730
73.99915,155,1288,-1738,530,4236,-141,349,731
73.99965,154,1288,-1738,530,4246,-141,349,730
74.00015,154,1288,-1739,530,4253,-141,349,730
74.00065,154,1288,-1738,529,4260,-141,349,730
74.00115,155,1288,-1738,529,4263,-141,349,730
74.00165,154,1287,-1739,529,4265,-141,349,730
74.00215,154,1288,-1739,529,4265,-141,349,730
74.00265,155,1288,-1738,529,4266,-141,349,730
74.00315,155,1288,-1739,529,4265,-141,349,731
74.00365,155,1288,-1739,530,4265,-141,349,731
74.00415,154,1288,-1739,531,4262,-141,349,730
74.00465,154,1288,-1739,531,4264,-141,349,731
74.00515,155,1288,-1738,530,4272,-141,349,731
74.00565,155,1288,-1737,530,4268,-141,349,731
74.00615,154,1288,-1737,531,4296,-141,349,731
74.00665,155,1288,-1738,530,4317,-141,349,730
74.00715,155,1287,-1738,530,4313,-141,350,730
74.00765,155,1287,-1738,530,4306,-141,349,730
74.00815,154,1288,-1739,531,4274,-141,350,730
74.00865,154,1288,-1739,531,4259,-141,349,731
74.00915,154,1288,-1739,532,4255,-141,349,730
74.00965,155,1288,-1738,532,4253,-142,349,730
74.01015,154,1288,-1738,531,4261,-141,349,730
74.01065,155,1288,-1738,530,4266,-141,349,730
74.01115,155,1288,-1737,530,4266,-141,349,730
74.01165,155,1287,-1737,530,4267,-141,348,731
74.01215,155,1288,-1737,528,4266,-141,349,731
74.01265,155,1288,-1737,528,4261,-141,349,731
74.01315,154,1288,-1737,528,4257,-141,349,731
74.01365,155,1288,-1737,528,4256,-141,349,731
74.01415,155,1288,-1738,528,4258,-141,349,731
74.01465,154,1287,-1738,528,4256,-141,350,731
74.01515,155,1288,-1738,529,4254,-141,349,731
74.01565,155,1287,-1738,530,4256,-141,349,731
74.01615,154,1288,-1738,530,4293,-141,349,731
74.01665,155,1288,-1738,530,4310,-141,349,731
74.01715,155,1288,-1738,529,4307,-141,349,731
74.01765,154,1288,-1738,530,4294,-141,349,731
74.01815,155,1288,-1738,530,4263,-141,350,731
74.01865,155,1288,-1739,530,4250,-141,350,731
74.01915,155,1288,-1739,530,4250,-141,350,731
74.01965,155,1288,-1739,529,4255,-141,349,731
74.02015,155,1288,-1738,529,4262,-141,349,731
74.02065,155,1288,-1737,529,4265,-141,349,731
74.02115,155,1288,-1738,530,4267,-141,349,731
74.02165,155,1288,-1738,529,4270,-141,349,731
74.02215,155,1287,-1739,529,4271,-141,349,731
74.02265,155,1288,-1739,530,4270,-141,349,731
74.02315,155,1288,-1739,530,4272,-141,350,731
74.02365,155,1287,-1739,531,4274,-141,349,731
74.02415,155,1288,-1739,531,4274,-141,349,730
74.02465,155,1287,-1738,531,4275,-141,349,731
74.02515,155,1287,-1738,530,4277,-141,349,731
74.02565,155,1287,-1739,530,4274,-141,349,730
74.02615,156,1288,-1739,532,4307,-141,349,731
74.02665,155,1287,-1739,532,4320,-141,349,730
74.02715,155,1288,-1739,532,4311,-141,349,731
74.02765,155,1288,-1739,531,4297,-141,350,730
74.02815,155,1288,-1738,532,4264,-141,350,730
74.02865,155,1288,-1738,531,4256,-141,349,731
74.02915,155,1288,-1738,530,4257,-141,350,730
74.02965,155,1288,-1738,529,4256,-141,349,730
74.03015,155,1288,-1737,529,4260,-141,350,730
74.03065,155,1288,-1737,528,4259,-141,349,730
74.03115,155,1288,-1737,528,4261,-141,349,731
74.03165,154,1288,-1736,528,4264,-141,349,730
74.03215,154,1287,-1736,529,4262,-141,349,731
74.032646,154,1288,-1736,529,4264,-141,349,730
74.03315,154,1288,-1737,529,4260,-141,349,730
74.03365,154,1288,-1738,528,4264,-141,349,730
74.03415,154,1288,-1738,529,4267,-141,349,730
74.03465,154,1288,-1738,529,4266,-141,349,730
74.03515,154,1288,-1738,529,4262,-141,349,730
74.03565,154,1288,-1738,530,4268,-141,349,730
74.03615,154,1288,-1738,530,4307,-141,349,731
74.03665,154,1288,-1738,529,4316,-141,349,731
74.03715,154,1288,-1738,529,4308,-141,349,731
74.03765,154,1288,-1738,529,4289,-141,349,730
74.03815,154,1288,-1738,529,4260,-141,349,731
74.03865,154,1288,-1738,529,4254,-141,349,730
74.03915,155,1288,-1738,529,4254,-141,349,730
74.03965,155,1287,-1738,529,4264,-141,349,731
74.04015,154,1288,-1738,529,4271,-141,349,730
74.04065,154,1288,-1738,529,4269,-141,349,731
74.04115,155,1288,-1738,529,4273,-141,349,730
74.04165,154,1288,-1738,530,4270,-141,349,731
74.04215,154,1288,-1738,530,4272,-141,349,730
74.04265,154,1288,-1738,530,4269,-141,349,730
74.04315,154,1288,-1738,530,4271,-141,349,731
74.04365,154,1288,-1738,530,4271,-141,349,731
74.04415,154,1288,-1738,529,4266,-140,349,731
74.04465,154,1288,-1738,529,4265,-140,349,731
74.04515,155,1288,-1738,530,4266,-141,349,731
74.04565,155,1288,-1738,530,4274,-141,349,730
74.04615,155,1288,-1738,530,4308,-141,349,731
74.04665,155,1288,-1738,530,4316,-141,349,730
74.04715,155,1288,-1737,530,4306,-141,349,730
74.04775,154,1287,-1738,530,4285,-141,349,730
74.04825,155,1288,-1738,529,4258,-141,350,730
74.04875,155,1288,-1739,530,4252,-140,349,731
74.04925,155,1288,-1739,530,4252,-141,349,730
74.04975,155,1288,-1739,530,4254,-141,349,730
74.05025,154,1288,-1738,530,4262,-141,349,730
74.05075,155,1288,-1738,530,4265,-141,349,730
74.05125,154,1288,-1738,530,4266,-141,349,730
74.05175,154,1288,-1738,529,4267,-141,349,730
74.05225,154,1288,-1738,529,4268,-141,349,730
74.05275,155,1288,-1739,529,4267,-141,349,730
74.05325,154,1288,-1739,530,4266,-141,350,730
74.05375,155,1287,-1740,530,4266,-141,349,730
74.05425,154,1288,-1739,531,4268,-141,349,730
74.05475,155,1288,-1739,530,4268,-141,349,730
74.05525,154,1288,-1738,530,4265,-141,349,730
74.05575,154,1288,-1737,530,4276,-141,349,731
74.05625,154,1288,-1737,530,4313,-140,349,731
74.05675,154,1288,-1737,530,4313,-140,349,731
74.05725,154,1288,-1738,530,4307,-141,349,731
74.05775,154,1288,-1738,530,4286,-141,349,731
74.05825,154,1288,-1737,530,4258,-141,349,730
74.05875,155,1288,-1738,530,4251,-141,349,730
74.05925,154,1288,-1739,530,4256,-141,349,730
74.05975,155,1288,-1738,530,4262,-141,349,730
74.06025,154,1288,-1738,529,4265,-141,349,730
74.06075,154,1288,-1738,529,4266,-141,349,730
74.06125,154,1288,-1738,530,4267,-141,349,730
74.06175,154,1288,-1738,529,4268,-141,350,730
74.06225,154,1288,-1738,530,4267,-141,349,730
74.06275,154,1288,-1738,530,4264,-141,349,731
74.06325,154,1288,-1738,530,4264,-141,350,730
74.06375,154,1288,-1738,530,4261,-141,349,730
74.06425,154,1288,-1738,529,4264,-141,349,730
74.06475,155,1288,-1738,529,4266,-141,349,731
74.06525,154,1288,-1738,529,4264,-141,350,730
74.06575,155,1288,-1738,529,4269,-141,349,731
74.06625,155,1288,-1738,530,4306,-141,349,731
74.06675,154,1288,-1739,530,4307,-141,349,731
74.06725,154,1287,-1738,530,4300,-141,349,730
74.06775,154,1288,-1739,529,4280,-141,350,730
74.06825,154,1288,-1738,529,4259,-141,350,730
74.06875,155,1288,-1738,529,4254,-141,349,730
74.06925,155,1288,-1738,530,4254,-141,349,730
74.06975,154,1288,-1738,530,4260,-141,349,730
74.07025,155,1288,-1738,531,4263,-141,350,730
74.07075,154,1288,-1738,530,4262,-141,350,730
74.07125,154,1288,-1738,530,4266,-141,349,731
74.07175,154,1288,-1738,530,4271,-141,349,730
74.07225,154,1288,-1738,530,4269,-141,349,730
74.07275,155,1288,-1738,530,4273,-141,349,730
74.07325,154,1288,-1738,530,4273,-141,349,730
74.07375,155,1288,-1738,530,4271,-141,349,730
74.07425,155,1287,-1739,530,4272,-141,349,730
74.07475,154,1288,-1739,530,4269,-141,349,730
74.07525,155,1288,-1739,530,4264,-141,350,730
74.07575,154,1288,-1739,531,4277,-141,349,730
74.07625,154,1287,-1740,530,4311,-141,349,731
74.07675,155,1288,-1739,530,4313,-141,349,731
74.07725,155,1288,-1739,530,4302,-140,350,731
74.07775,154,1288,-1739,530,4276,-141,350,730
74.07825,154,1288,-1738,529,4250,-141,350,730
74.07875,155,1288,-1738,529,4248,-141,350,730
74.07925,154,1288,-1737,530,4253,-141,349,731
74.07975,154,1288,-1737,530,4260,-141,349,731
74.08025,154,1288,-1737,530,4258,-141,349,731
74.08075,154,1288,-1737,530,4257,-141,349,730
74.08125,154,1288,-1738,529,4260,-141,349,730
74.08175,154,1288,-1737,530,4265,-141,349,730
74.08225,154,1288,-1738,530,4267,-141,349,730
74.08275,155,1288,-1738,530,4267,-141,349,730
74.08325,155,1288,-1738,529,4267,-141,349,730
74.08375,154,1288,-1738,530,4268,-141,349,730
74.08425,154,1287,-1738,530,4268,-141,349,730
74.08475,154,1288,-1738,530,4270,-141,349,731
74.08525,154,1288,-1738,530,4268,-141,349,730
74.08575,154,1287,-1738,530,4279,-141,349,731
74.08625,155,1288,-1738,530,4313,-141,349,731
74.08675,154,1287,-1738,530,4311,-141,349,731
74.08725,155,1288,-1738,529,4304,-141,349,730
74.08775,154,1288,-1738,529,4278,-141,349,730
74.08825,154,1288,-1738,530,4261,-141,349,730
74.08875,154,1288,-1738,530,4262,-141,349,730
74.08925,155,1288,-1738,530,4265,-141,350,731
74.08975,155,1288,-1739,530,4269,-141,349,731
74.09025,155,1288,-1739,530,4268,-141,349,731
74.09075,155,1288,-1738,531,4268,-141,349,730
74.09125,155,1288,-1739,530,4270,-141,349,730
74.09175,154,1288,-1738,530,4275,-141,349,731
74.09225,154,1288,-1738,530,4275,-140,349,730
74.09275,155,1288,-1737,530,4269,-141,349,730
74.09325,155,1288,-1737,529,4271,-141,349,730
74.09375,154,1288,-1738,529,4271,-141,349,731
74.09425,155,1287,-1738,530,4270,-141,349,731
74.09475,154,1288,-1738,530,4264,-141,349,731
74.09525,154,1288,-1739,530,4258,-141,349,730
74.09575,154,1288,-1739,531,4278,-141,349,731
74.09625,155,1288,-1739,531,4314,-141,349,731
74.09675,154,1287,-1738,531,4310,-141,349,730
74.09725,154,1287,-1738,530,4301,-141,349,731
74.09775,154,1288,-1738,530,4278,-141,349,730
74.09825,155,1288,-1738,530,4252,-141,349,731
74.09875,155,1288,-1738,530,4251,-141,350,731
74.09925,155,1287,-1738,530,4250,-141,349,730
74.09975,155,1287,-1738,529,4257,-141,349,731
74.10025,155,1288,-1738,529,4265,-141,349,730
74.10075,155,1288,-1738,530,4264,-141,349,731
74.10125,155,1288,-1738,530,4268,-141,349,731
74.10175,155,1287,-1738,530,4266,-141,350,730
74.10225,155,1288,-1738,530,4264,-141,349,730
74.10275,155,1288,-1738,530,4269,-141,349,731
74.10325,155,1288,-1738,530,4273,-140,349,731
74.10375,155,1288,-1738,529,4270,-141,349,731
74.10425,155,1288,-1738,529,4271,-141,349,730
74.10475,155,1288,-1738,529,4274,-141,349,731
74.10525,155,1288,-1738,529,4278,-141,350,731
74.10575,155,1288,-1738,530,4294,-140,349,731
74.10625,155,1288,-1739,530,4321,-141,349,731
74.10675,155,1288,-1738,531,4320,-141,349,731
74.10725,155,1288,-1738,532,4311,-141,349,731
74.10775,155,1288,-1738,532,4283,-141,350,730
74.10835,154,1288,-1738,532,4262,-141,350,730
74.10885,155,1288,-1738,532,4262,-141,349,731
74.10935,154,1288,-1739,531,4263,-141,350,731
74.10985,154,1288,-1739,531,4263,-141,349,731
74.11035,153,1288,-1738,530,4260,-141,349,730
74.11085,153,1288,-1738,529,4262,-141,350,731
74.11135,153,1288,-1738,528,4270,-141,349,730
74.11185,153,1288,-1738,528,4271,-141,349,731
74.11235,154,1287,-1738,528,4273,-141,349,730
74.11285,154,1288,-1738,529,4270,-141,349,730
74.11335,154,1288,-1737,529,4269,-141,349,730
74.11385,154,1288,-1738,529,4267,-141,349,730
74.11435,154,1288,-1737,529,4267,-141,349,730
74.11485,155,1288,-1738,529,4264,-141,349,731
74.11535,154,1288,-1738,529,4258,-141,349,730
74.11585,154,1288,-1738,530,4280,-141,349,731
74.11635,154,1288,-1738,530,4309,-141,349,731
74.11685,154,1288,-1738,530,4306,-141,349,730
74.11735,154,1288,-1738,530,4299,-141,349,730
74.11785,154,1288,-1738,530,4274,-141,349,730
74.11835,154,1288,-1739,530,4254,-141,350,730
74.11885,154,1288,-1739,530,4250,-141,349,730
74.11935,154,1288,-1739,529,4256,-141,349,730
74.11985,154,1288,-1739,530,4264,-141,350,730
74.12035,154,1288,-1739,529,4268,-141,349,730
74.12085,154,1288,-1738,529,4269,-141,349,731
74.12135,154,1288,-1738,529,4271,-141,349,730
74.12185,154,1288,-1739,530,4269,-141,349,730
74.12235,155,1288,-1739,530,4274,-140,349,730
74.12285,154,1288,-1740,530,4276,-141,349,731
74.12335,154,1288,-1740,530,4275,-140,349,730
74.12385,154,1288,-1738,530,4271,-141,349,731
74.12435,154,1288,-1738,530,4273,-141,349,731
74.12485,154,1288,-1737,529,4270,-141,349,731
74.12535,154,1288,-1737,530,4268,-140,349,731
74.12585,154,1288,-1737,530,4294,-140,348,731
74.12635,154,1288,-1738,530,4313,-141,349,731
74.12685,154,1288,-1738,530,4309,-141,349,731
74.12735,154,1288,-1738,530,4298,-141,349,731
74.12785,154,1288,-1738,530,4267,-141,349,731
74.12835,154,1288,-1737,530,4250,-141,349,731
74.12885,154,1288,-1737,530,4252,-141,349,731
74.12935,154,1288,-1737,530,4254,-141,349,731
74.12985,154,1288,-1737,529,4259,-141,349,731
74.13035,154,1288,-1737,529,4261,-141,349,731
74.13085,154,1288,-1737,530,4261,-141,349,730
74.13135,154,1288,-1737,530,4262,-141,349,730
74.13185,154,1288,-1738,530,4267,-141,349,730
74.13235,154,1288,-1737,531,4269,-141,349,731
74.13285,154,1288,-1738,531,4268,-141,349,731
74.13335,154,1288,-1738,532,4261,-141,349,731
74.13385,154,1288,-1739,532,4259,-141,349,730
74.13435,155,1288,-1739,532,4262,-141,349,731
74.13485,154,1288,-1740,531,4266,-141,349,730
74.13535,154,1287,-1739,532,4258,-141,349,731
74.13585,155,1288,-1739,532,4291,-141,349,731
74.13635,155,1288,-1738,531,4307,-141,349,731
74.13685,154,1288,-1737,530,4303,-141,349,731
74.13735,154,1288,-1737,529,4294,-141,349,731
74.13785,155,1288,-1738,528,4265,-141,349,730
74.13835,154,1288,-1738,528,4253,-141,349,730
74.13885,155,1288,-1738,528,4258,-141,349,730
74.13935,154,1288,-1738,529,4263,-141,349,731
74.13985,154,1288,-1738,529,4268,-141,349,731
74.14035,154,1288,-1738,529,4265,-141,349,731
74.14085,154,1288,-1738,529,4264,-141,349,730
74.14135,155,1288,-1738,530,4265,-141,350,731
74.14185,155,1288,-1738,529,4269,-141,349,731
74.14235,155,1288,-1738,530,4262,-141,349,731
74.14285,155,1288,-1738,530,4260,-141,349,730
74.14335,154,1288,-1738,530,4265,-141,349,730
74.14385,155,1288,-1738,531,4269,-141,350,731
74.14435,155,1288,-1738,532,4270,-141,349,731
74.14485,155,1288,-1738,532,4264,-141,349,731
74.14535,155,1288,-1738,532,4264,-141,349,731
74.14585,155,1288,-1739,533,4298,-141,349,731
74.14635,155,1288,-1739,532,4308,-141,349,730
74.14685,154,1288,-1739,532,4301,-141,349,730
74.14735,155,1288,-1739,531,4291,-141,349,731
74.14785,155,1288,-1738,530,4258,-141,350,731
74.14835,155,1288,-1738,529,4242,-141,349,730
74.14885,155,1288,-1737,528,4244,-141,349,731
74.14935,155,1288,-1738,529,4251,-141,349,731
74.14985,155,1288,-1738,529,4252,-141,349,731
74.15035,155,1288,-1738,530,4249,-141,349,730
74.15085,155,1288,-1738,531,4253,-141,349,731
74.15135,154,1289,-1738,531,4263,-141,349,731
74.15185,154,1288,-1738,530,4261,-141,349,731
74.15235,154,1288,-1738,530,4260,-141,349,730
74.15285,154,1288,-1738,529,4261,-141,349,730
74.15335,154,1288,-1738,528,4264,-141,349,730
74.15385,154,1288,-1738,528,4265,-141,349,730
74.15435,154,1288,-1738,529,4266,-141,349,730
74.15485,154,1288,-1737,529,4265,-141,349,730
74.15535,154,1288,-1737,530,4266,-140,349,731
74.15585,155,1288,-1737,530,4302,-141,348,731
74.15635,155,1288,-1738,530,4306,-141,349,731
74.15685,154,1288,-1738,530,4303,-140,348,731
74.15735,154,1288,-1738,529,4288,-141,348,731
74.15785,154,1289,-1739,529,4256,-141,349,731
74.15835,154,1288,-1738,530,4243,-141,349,731
74.15885,154,1288,-1738,530,4242,-141,349,731
74.15935,154,1288,-1739,530,4250,-141,350,730
74.15985,154,1288,-1738,530,4256,-141,350,731
74.16035,155,1288,-1738,530,4261,-141,349,731
74.16085,155,1288,-1738,530,4259,-141,349,731
74.16135,154,1288,-1737,530,4258,-141,349,731
74.16185,155,1287,-1738,530,4259,-141,349,731
74.16235,155,1288,-1737,530,4260,-141,349,730
74.16285,155,1288,-1738,530,4260,-141,349,731
74.16335,154,1288,-1738,530,4263,-141,349,731
74.16385,155,1288,-1738,531,4257,-141,349,731
74.16435,154,1288,-1738,531,4255,-141,350,731
74.16485,155,1288,-1739,532,4255,-141,349,731
74.16535,155,1288,-1739,532,4260,-141,349,731
74.16585,155,1288,-1739,532,4296,-141,349,731
74.16635,155,1288,-1739,532,4300,-141,349,731
74.16685,155,1288,-1738,532,4296,-141,349,731
74.16735,155,1288,-1738,531,4279,-141,349,731
74.16785,154,1288,-1737,530,4248,-141,350,731
74.16835,155,1288,-1738,529,4242,-141,349,731
74.16895,155,1288,-1737,529,4246,-141,350,731
74.16945,154,1288,-1737,528,4251,-141,349,731
74.16995,154,1288,-1738,528,4256,-141,349,731
74.17045,154,1288,-1738,528,4258,-141,349,731
74.17095,155,1288,-1737,529,4260,-141,349,731
74.17145,155,1288,-1737,529,4262,-141,349,731
74.17195,154,1288,-1737,529,4264,-141,349,731
74.17245,154,1288,-1738,529,4265,-141,349,731
74.17295,154,1288,-1737,530,4267,-140,349,731
74.17345,154,1288,-1738,529,4265,-141,349,732
74.17395,154,1288,-1738,530,4264,-141,349,731
74.17445,154,1288,-1738,530,4269,-141,349,731
74.17495,155,1288,-1738,529,4263,-141,349,731
74.17545,154,1288,-1738,530,4263,-141,349,731
74.17595,155,1288,-1738,531,4299,-141,349,731
74.17645,155,1288,-1738,530,4301,-141,349,731
74.17695,154,1288,-1739,530,4298,-141,349,731
74.17745,154,1288,-1739,530,4278,-141,350,731
74.17795,154,1288,-1739,531,4250,-141,349,731
74.17845,154,1288,-1739,531,4244,-141,349,731
74.17895,154,1288,-1738,530,4245,-141,349,731
74.17945,154,1288,-1738,530,4250,-141,349,731
74.17995,155,1288,-1738,531,4254,-141,349,731
74.18045,154,1288,-1739,531,4254,-141,349,731
74.18095,154,1288,-1739,530,4255,-141,349,731
74.18145,154,1288,-1739,530,4256,-141,349,731
74.18195,154,1288,-1739,529,4255,-141,349,731
74.18245,154,1288,-1739,529,4253,-141,349,731
74.18295,154,1288,-1739,528,4256,-141,349,731
74.18345,154,1288,-1739,529,4260,-141,349,731
74.18395,154,1288,-1739,529,4260,-141,349,731
74.18445,154,1288,-1739,529,4262,-141,349,731
74.18495,154,1288,-1739,530,4262,-141,349,731
74.18545,154,1288,-1738,530,4272,-141,349,731
74.18595,154,1288,-1738,530,4307,-141,349,731
74.18645,155,1288,-1738,530,4306,-140,349,731
74.18695,154,1288,-1737,530,4302,-141,349,731
74.18745,154,1288,-1737,529,4280,-141,349,731
74.18795,154,1288,-1737,529,4253,-141,349,731
74.18845,154,1288,-1738,529,4251,-141,349,731
74.18895,154,1288,-1737,529,4254,-141,349,731
74.18945,154,1288,-1737,530,4260,-141,349,731
74.18995,155,1288,-1738,530,4263,-141,349,731
74.19045,154,1288,-1738,530,4262,-141,349,731
74.19095,154,1288,-1738,530,4265,-140,349,731
74.19145,155,1288,-1738,530,4268,-141,350,731
74.19195,154,1288,-1738,530,4268,-141,349,731
74.19245,155,1288,-1738,530,4267,-141,349,731
74.19295,155,1288,-1738,530,4266,-141,349,731
74.19345,155,1288,-1738,530,4263,-141,349,731
74.19395,155,1288,-1739,530,4261,-141,349,731
74.19445,155,1288,-1739,530,4263,-141,349,731
74.19495,155,1288,-1739,529,4261,-141,349,731
74.19545,155,1288,-1739,530,4268,-141,349,731
74.19595,155,1288,-1739,530,4303,-141,349,731
74.19645,155,1288,-1738,530,4303,-141,349,731
74.19695,155,1288,-1737,529,4299,-141,349,731
74.19745,154,1288,-1737,529,4275,-141,349,731
74.19795,155,1288,-1737,530,4247,-141,349,731
74.19845,155,1288,-1737,530,4239,-141,350,731
74.19895,155,1288,-1738,530,4243,-141,349,731
74.19945,154,1288,-1738,530,4252,-141,349,731
74.19995,154,1288,-1738,530,4258,-141,349,731
74.20045,154,1288,-1737,530,4259,-141,349,731
74.20095,154,1288,-1737,530,4261,-141,349,731
74.20145,154,1288,-1738,530,4263,-141,349,731
74.20195,154,1289,-1738,530,4264,-141,349,731
74.20245,154,1288,-1737,530,4264,-141,349,732
74.20295,154,1288,-1737,530,4267,-141,349,731
74.20345,154,1288,-1738,530,4271,-141,349,731
74.20395,154,1288,-1738,530,4267,-141,349,731
74.20445,154,1288,-1739,530,4267,-140,349,731
74.20495,154,1288,-1739,530,4268,-141,349,731
74.20545,154,1288,-1738,530,4283,-141,349,732
74.20595,154,1288,-1738,530,4318,-140,349,731
74.20645,154,1288,-1738,530,4320,-141,349,731
74.20695,154,1288,-1738,530,4307,-140,349,731
74.20745,154,1288,-1738,530,4281,-141,349,731
74.20795,154,1288,-1738,530,4255,-141,349,731
74.20845,154,1288,-1738,529,4251,-140,349,731
74.20895,154,1288,-1738,530,4254,-141,349,731
74.20945,154,1288,-1738,530,4259,-141,349,731
74.20995,154,1288,-1738,530,4263,-141,349,731
74.21045,154,1288,-1738,529,4264,-141,349,731
74.21095,154,1288,-1738,530,4265,-141,349,731
74.21145,155,1288,-1738,530,4266,-141,349,731
74.21195,154,1288,-1738,530,4267,-141,349,731
74.21245,154,1288,-1738,530,4267,-141,349,731
74.21295,154,1288,-1738,530,4266,-141,349,731
74.21345,154,1288,-1739,530,4263,-141,349,731
74.21395,154,1288,-1739,530,4260,-141,349,731
74.21445,154,1289,-1739,530,4260,-141,349,731
74.21495,155,1288,-1738,530,4259,-141,349,731
74.21545,154,1288,-1738,531,4269,-141,349,731
74.21595,154,1288,-1738,530,4303,-141,349,731
74.21645,154,1288,-1737,530,4303,-141,349,731
74.21695,154,1288,-1737,530,4297,-141,349,731
74.21745,154,1288,-1738,529,4274,-141,349,731
74.21795,154,1288,-1738,530,4251,-141,349,731
74.21845,154,1288,-1738,530,4250,-141,349,731
74.21895,154,1288,-1738,530,4253,-141,349,731
74.21945,154,1288,-1738,530,4259,-141,349,731
74.21995,154,1288,-1738,530,4264,-141,349,731
74.22045,154,1288,-1738,530,4266,-141,349,731
74.22095,154,1288,-1738,530,4268,-141,349,731
74.22145,154,1288,-1738,530,4270,-141,349,731
74.22195,154,1288,-1738,530,4270,-141,349,731
74.22245,154,1288,-1739,530,4269,-141,349,731
74.222946,154,1288,-1738,530,4273,-141,349,731
74.22345,154,1288,-1738,530,4276,-141,349,731
74.22395,154,1288,-1738,530,4274,-141,349,731
74.22445,154,1288,-1738,529,4275,-141,349,731
74.22495,154,1288,-1738,530,4273,-141,349,731
74.22545,154,1288,-1738,530,4289,-141,349,731
74.22595,154,1288,-1738,530,4318,-141,349,731
74.22645,154,1288,-1738,530,4312,-141,349,731
74.22695,154,1288,-1737,530,4304,-141,349,731
74.22745,154,1288,-1738,530,4276,-141,350,731
74.22795,154,1288,-1738,530,4253,-141,350,731
74.22845,155,1288,-1738,530,4251,-141,350,731
74.22895,155,1288,-1738,530,4255,-141,349,732
74.22945,155,1288,-1739,530,4261,-141,349,731
74.23005,155,1288,-1738,531,4262,-141,349,731
74.23055,154,1288,-1738,530,4257,-141,349,731
74.23105,155,1288,-1738,530,4258,-141,349,731
74.23155,155,1288,-1738,530,4262,-141,349,731
74.23205,155,1288,-1738,530,4263,-141,349,731
74.23255,155,1288,-1739,529,4263,-141,349,731
74.23305,155,1288,-1739,530,4263,-141,349,731
74.23355,155,1288,-1739,530,4262,-141,349,731
74.23405,155,1288,-1740,530,4261,-141,349,731
74.23455,155,1288,-1740,531,4262,-141,349,731
74.23505,155,1288,-1740,530,4260,-141,349,731
74.23555,155,1288,-1739,531,4278,-141,349,731
74.23605,155,1288,-1738,530,4306,-140,349,731
74.23655,154,1288,-1738,530,4302,-141,349,731
74.23705,154,1288,-1737,530,4297,-141,349,731
74.23755,154,1288,-1737,529,4269,-141,349,731
74.23805,154,1288,-1737,529,4249,-141,349,731
74.23855,154,1288,-1737,530,4246,-141,349,731
74.23905,154,1288,-1738,531,4252,-140,349,731
74.23955,153,1288,-1738,531,4261,-141,349,731
74.24005,153,1288,-1738,531,4264,-141,349,731
74.24055,154,1288,-1737,530,4265,-141,349,731
74.24105,154,1289,-1737,529,4266,-141,349,731
74.24155,154,1288,-1737,529,4266,-141,349,731
74.24205,154,1288,-1737,529,4265,-141,349,731
74.24255,154,1288,-1737,528,4264,-141,349,731
74.24305,154,1288,-1737,528,4264,-141,349,731
74.24355,154,1288,-1738,528,4263,-141,349,731
74.24405,154,1288,-1738,529,4261,-141,349,731
74.24455,154,1288,-1738,529,4261,-141,349,731
74.24505,154,1288,-1738,529,4260,-141,349,731
74.24555,154,1288,-1738,529,4285,-140,349,731
74.24605,154,1288,-1738,529,4309,-141,349,731
74.24655,154,1288,-1738,529,4301,-141,349,731
74.24705,154,1288,-1738,529,4288,-141,350,731
74.24755,154,1288,-1737,530,4259,-141,350,731
74.24805,154,1288,-1737,530,4238,-141,350,731
74.24855,154,1289,-1738,531,4237,-141,349,731
74.24905,154,1288,-1738,531,4242,-141,349,731
74.24955,154,1288,-1738,530,4250,-141,349,731
74.25005,154,1288,-1739,530,4254,-141,349,731
74.25055,154,1288,-1739,529,4256,-141,349,731
74.25105,154,1288,-1739,529,4258,-141,349,731
74.25155,154,1288,-1739,529,4259,-141,349,731
74.25205,154,1288,-1739,529,4259,-141,349,731
74.25255,155,1288,-1739,530,4260,-141,349,731
74.25305,154,1289,-1738,530,4261,-141,349,731
74.25355,154,1288,-1738,530,4258,-141,349,731
74.25405,154,1288,-1738,530,4257,-141,349,731
74.25455,154,1288,-1739,530,4259,-141,349,731
74.25505,154,1289,-1738,530,4260,-141,349,731
74.25555,155,1288,-1738,531,4285,-141,348,731
74.25605,154,1288,-1738,530,4307,-141,348,731
74.25655,154,1288,-1738,529,4302,-141,349,731
74.25705,154,1289,-1738,530,4294,-141,349,731
74.25755,154,1288,-1738,529,4264,-141,349,730
74.25805,154,1288,-1738,529,4248,-141,349,731
74.25855,154,1288,-1738,529,4250,-141,349,731
74.25905,154,1289,-1738,529,4248,-141,349,731
74.25955,154,1288,-1738,529,4251,-141,349,731
74.26005,154,1289,-1738,530,4252,-141,349,731
74.26055,154,1288,-1739,530,4254,-141,349,731
74.26105,154,1288,-1738,531,4255,-141,349,731
74.26155,154,1288,-1738,530,4256,-141,349,731
74.26205,154,1289,-1739,531,4254,-141,349,731
74.26255,154,1288,-1739,530,4254,-141,349,731
74.26305,154,1288,-1739,531,4257,-141,349,731
74.26355,154,1288,-1739,530,4258,-141,349,731
74.26405,154,1288,-1739,529,4255,-141,349,731
74.26455,154,1288,-1739,529,4255,-141,349,731
74.26505,154,1288,-1738,528,4254,-141,349,731
74.26555,154,1288,-1738,529,4285,-141,349,731
74.26605,154,1288,-1738,529,4304,-141,349,731
74.26655,154,1288,-1737,530,4296,-141,349,731
74.26705,154,1289,-1738,530,4287,-141,349,731
74.26755,154,1288,-1739,530,4256,-141,350,731
74.26805,154,1288,-1739,530,4241,-141,350,731
74.26855,154,1289,-1739,530,4243,-141,349,731
74.26905,154,1288,-1738,530,4247,-141,349,731
74.26955,154,1288,-1738,529,4253,-141,349,731
74.27005,154,1289,-1737,529,4253,-141,349,731
74.27055,154,1289,-1737,529,4255,-141,349,731
74.27105,154,1288,-1737,530,4260,-141,349,731
74.27155,154,1289,-1737,530,4264,-141,349,731
74.27205,154,1288,-1737,530,4266,-141,349,731
74.27255,154,1288,-1737,530,4267,-142,349,731
74.27305,154,1288,-1738,530,4268,-142,349,731
74.27355,154,1288,-1737,530,4265,-141,349,731
74.27405,154,1288,-1738,530,4263,-141,349,731
74.27455,154,1288,-1739,530,4263,-141,349,731
74.27505,155,1288,-1739,530,4262,-141,349,731
74.27555,154,1288,-1739,530,4290,-141,348,731
74.27605,154,1288,-1738,529,4302,-141,349,731
74.27655,154,1288,-1738,530,4296,-141,349,731
74.27705,154,1288,-1739,529,4287,-141,349,731
74.27755,154,1288,-1740,529,4257,-141,350,730
74.27805,154,1288,-1741,530,4242,-141,349,731
74.27855,154,1288,-1742,530,4246,-141,350,730
74.27905,154,1288,-1743,530,4250,-141,349,731
74.27955,154,1288,-1743,531,4258,-141,349,730
74.28005,154,1288,-1741,531,4256,-141,350,731
74.28055,154,1288,-1738,531,4258,-141,349,731
74.28105,155,1288,-1735,531,4255,-141,349,731
74.28155,154,1288,-1733,531,4254,-141,349,731
74.28205,155,1288,-1734,532,4255,-142,349,731
74.28255,154,1288,-1736,532,4257,-141,349,731
74.28305,155,1288,-1736,532,4260,-141,349,730
74.28355,155,1288,-1737,532,4263,-141,349,731
74.28405,154,1288,-1737,531,4267,-141,349,730
74.28455,154,1289,-1737,529,4265,-141,349,730
74.28505,154,1288,-1736,527,4271,-141,349,731
74.28555,155,1288,-1737,526,4306,-141,348,731
74.28605,154,1288,-1737,527,4310,-141,349,731
74.28655,154,1288,-1738,528,4301,-141,349,730
74.28705,154,1288,-1738,528,4285,-141,349,730
74.28755,154,1288,-1738,529,4260,-141,349,730
74.28805,154,1289,-1738,529,4252,-141,349,731
74.28855,154,1288,-1738,530,4255,-141,349,731
74.28905,154,1288,-1738,530,4258,-141,349,731
74.28955,154,1288,-1738,530,4263,-141,349,731
74.29005,154,1288,-1738,530,4265,-141,349,731
74.29055,154,1288,-1738,530,4266,-141,349,731
74.29105,154,1288,-1738,530,4266,-141,349,731
74.29165,154,1289,-1738,529,4266,-141,349,731
74.29215,154,1289,-1738,530,4265,-141,349,731
74.29265,154,1288,-1738,530,4266,-141,349,731
74.29315,154,1288,-1738,530,4265,-141,349,732
74.29365,154,1288,-1738,530,4263,-141,350,731
74.29415,154,1288,-1737,531,4265,-141,350,731
74.29465,154,1288,-1738,530,4262,-141,349,731
74.29515,154,1289,-1738,531,4265,-141,349,731
74.29565,154,1288,-1738,531,4298,-141,349,731
74.29615,154,1289,-1738,530,4303,-142,349,731
74.29665,154,1288,-1738,531,4295,-141,349,731
74.29715,154,1288,-1738,530,4278,-142,349,731
74.29765,154,1288,-1738,530,4250,-141,349,731
74.29815,154,1288,-1738,530,4242,-141,349,731
74.29865,154,1289,-1738,530,4244,-141,349,731
74.29915,154,1288,-1738,529,4249,-141,349,731
74.29965,154,1288,-1738,529,4256,-141,349,731
74.30015,154,1288,-1738,530,4258,-141,349,731
74.30065,155,1288,-1738,530,4261,-141,349,731
74.30115,155,1288,-1738,531,4262,-141,349,731
74.30165,155,1288,-1739,531,4262,-141,349,731
74.30215,155,1288,-1739,531,4261,-141,349,731
74.30265,155,1288,-1738,532,4264,-141,349,731
74.30315,155,1288,-1738,533,4268,-141,349,731
74.30365,155,1288,-1738,531,4269,-141,349,731
74.30415,155,1288,-1737,529,4269,-141,349,731
74.30465,155,1288,-1737,527,4271,-141,349,731
74.30515,155,1288,-1737,527,4279,-141,348,732
74.30565,155,1288,-1738,528,4317,-141,348,732
74.30615,155,1288,-1739,528,4325,-141,348,731
74.30665,155,1288,-1739,529,4315,-141,348,731
74.30715,155,1288,-1739,529,4291,-141,349,731
74.30765,155,1288,-1738,530,4258,-141,350,731
74.30815,155,1288,-1738,530,4251,-141,349,731
74.30865,155,1289,-1738,530,4254,-141,349,731
74.30915,154,1288,-1738,530,4259,-141,349,731
74.30965,155,1288,-1738,530,4262,-142,349,731
74.31015,154,1289,-1738,530,4260,-141,349,731
74.31065,153,1288,-1738,530,4263,-141,349,731
74.31115,153,1289,-1738,530,4267,-141,349,731
74.31165,153,1289,-1738,530,4268,-141,349,731
74.31215,153,1288,-1738,530,4268,-141,349,731
74.31265,154,1288,-1737,530,4269,-141,349,731
74.31315,153,1288,-1738,530,4268,-141,349,731
74.31365,154,1288,-1738,529,4264,-141,349,731
74.31415,154,1288,-1738,529,4260,-141,349,731
74.31465,154,1288,-1738,530,4260,-141,349,731
74.31515,154,1288,-1738,530,4268,-141,349,731
74.31565,154,1288,-1739,530,4300,-141,348,731
74.31615,154,1289,-1738,530,4302,-141,349,731
74.31665,154,1288,-1739,530,4296,-141,349,731
74.31715,154,1288,-1738,529,4278,-141,349,731
74.31765,154,1288,-1738,529,4252,-141,349,731
74.31815,154,1288,-1738,529,4245,-141,349,731
74.31865,154,1288,-1738,529,4247,-141,349,731
74.31915,154,1288,-1738,529,4257,-141,349,731
74.31965,154,1288,-1738,529,4263,-141,349,731
74.32015,154,1288,-1739,530,4265,-141,349,731
74.32065,154,1288,-1738,530,4267,-141,349,731
74.32115,154,1289,-1738,530,4268,-141,349,731
74.32165,154,1288,-1738,531,4271,-141,349,731
74.32215,154,1288,-1738,531,4271,-141,349,731
74.32265,154,1288,-1739,531,4273,-141,349,731
74.32315,154,1288,-1738,532,4274,-141,349,731
74.32365,154,1288,-1738,531,4274,-141,349,731
74.32415,154,1288,-1738,532,4272,-141,349,731
74.32465,154,1288,-1737,531,4270,-141,349,731
74.32515,154,1288,-1737,531,4279,-141,349,731
74.32565,154,1288,-1737,530,4313,-141,349,732
74.32615,154,1288,-1737,529,4313,-141,349,731
74.32665,154,1289,-1738,530,4309,-141,349,731
74.32715,154,1289,-1738,529,4278,-141,349,731
74.32765,154,1289,-1738,530,4251,-141,349,731
74.32815,154,1289,-1738,530,4246,-141,349,731
74.32865,154,1288,-1738,530,4250,-141,349,731
74.32915,154,1288,-1738,530,4260,-141,349,732
74.32965,154,1288,-1738,530,4264,-141,349,731
74.33015,154,1289,-1738,530,4267,-141,349,731
74.33065,154,1288,-1738,530,4263,-141,349,731
74.33115,154,1288,-1738,530,4261,-141,349,731
74.33165,154,1288,-1738,530,4261,-141,349,731
74.33215,154,1288,-1738,530,4262,-141,349,731
74.33265,154,1289,-1737,530,4263,-141,349,731
74.33315,154,1288,-1738,530,4265,-141,349,731
74.33365,154,1289,-1739,531,4263,-141,349,731
74.33415,154,1289,-1739,530,4262,-141,349,731
74.33465,154,1288,-1739,530,4262,-141,349,731
74.33515,154,1288,-1738,530,4275,-141,349,731
74.33565,154,1288,-1738,530,4306,-141,349,732
74.33615,154,1289,-1738,530,4306,-141,349,731
74.33665,154,1288,-1738,530,4302,-141,350,731
74.33715,154,1288,-1739,529,4277,-141,349,731
74.33765,154,1289,-1739,529,4253,-141,349,731
74.33815,154,1289,-1738,530,4252,-141,349,731
74.33865,154,1288,-1738,530,4256,-141,349,731
74.33915,154,1289,-1738,530,4263,-141,349,731
74.33965,154,1288,-1739,531,4267,-141,349,731
74.34015,154,1288,-1738,531,4269,-141,349,731
74.34065,154,1288,-1738,532,4270,-141,349,731
74.34115,154,1288,-1738,532,4270,-141,349,731
74.34165,154,1288,-1737,531,4267,-141,349,731
74.34215,155,1288,-1738,530,4265,-141,349,731
74.34265,154,1288,-1738,529,4266,-141,349,731
74.34315,154,1288,-1738,528,4270,-141,349,731
74.34365,154,1288,-1738,529,4269,-141,349,731
74.34415,154,1288,-1738,530,4268,-141,349,731
74.34465,154,1289,-1739,530,4266,-141,349,731
74.345146,154,1288,-1739,532,4280,-141,349,731
74.34565,154,1288,-1739,532,4313,-141,349,731
74.34615,154,1288,-1740,532,4311,-141,349,731
74.34665,154,1289,-1741,533,4299,-141,349,731
74.34715,154,1289,-1741,533,4273,-141,350,731
74.34765,154,1288,-1740,533,4248,-140,350,731
74.34815,154,1289,-1739,533,4243,-141,349,732
74.34865,154,1289,-1739,532,4249,-141,350,731
74.34915,154,1289,-1739,531,4261,-141,349,732
74.34965,155,1289,-1739,531,4259,-141,349,732
74.35015,154,1288,-1738,530,4262,-141,349,732
74.35065,154,1288,-1737,530,4268,-141,349,732
74.35115,154,1288,-1737,530,4271,-141,349,732
74.35165,154,1289,-1737,531,4271,-141,349,731
74.35215,154,1288,-1736,529,4270,-141,349,732
74.35275,154,1289,-1736,527,4267,-141,349,731
74.35325,154,1288,-1736,527,4271,-141,349,731
74.35375,154,1288,-1737,527,4266,-141,349,731
74.35425,154,1288,-1737,528,4263,-141,349,731
74.35475,154,1289,-1738,528,4265,-141,349,731
74.35525,154,1288,-1739,529,4283,-141,348,731
74.35575,154,1289,-1739,529,4313,-142,349,732
74.35625,154,1289,-1739,529,4311,-142,349,731
74.35675,154,1288,-1739,530,4307,-141,349,731
74.35725,154,1289,-1739,529,4280,-141,349,731
74.35775,154,1288,-1739,529,4255,-142,349,731
74.35825,154,1289,-1738,530,4253,-141,349,731
74.35875,154,1288,-1737,530,4257,-141,349,731
74.35925,154,1288,-1737,529,4262,-141,349,731
74.35975,154,1288,-1737,529,4265,-141,349,731
74.36025,154,1288,-1738,530,4266,-141,349,731
74.36075,154,1288,-1738,530,4267,-141,349,731
74.36125,154,1288,-1738,530,4268,-141,349,731
74.36175,154,1288,-1738,530,4269,-142,349,731
74.36225,154,1288,-1739,530,4269,-141,349,731
74.36275,154,1288,-1739,530,4270,-141,350,731
74.36325,154,1288,-1738,531,4269,-141,350,731
74.36375,154,1289,-1739,530,4267,-141,350,731
74.36425,154,1288,-1738,530,4265,-141,351,731
74.36475,154,1289,-1737,530,4264,-141,351,731
74.36525,154,1288,-1737,530,4284,-141,350,732
74.36575,154,1288,-1737,530,4313,-141,350,731
74.36625,154,1289,-1738,529,4314,-141,350,731
74.36675,154,1288,-1738,529,4301,-141,350,731
74.36725,154,1288,-1738,529,4268,-141,351,731
74.36775,154,1288,-1738,529,4249,-141,351,731
74.36825,154,1288,-1738,529,4247,-141,350,731
74.36875,154,1288,-1738,530,4252,-141,350,731
74.36925,154,1288,-1738,529,4261,-141,350,731
74.36975,154,1288,-1739,530,4268,-141,349,731
74.37025,154,1288,-1738,530,4269,-141,349,731
74.37075,154,1289,-1738,530,4271,-141,349,731
74.37125,154,1288,-1737,530,4273,-141,348,731
74.37175,154,1289,-1737,531,4275,-141,348,731
74.37225,154,1288,-1737,531,4276,-141,348,731
74.37275,154,1288,-1737,530,4278,-141,348,731
74.37325,154,1288,-1738,530,4278,-141,348,731
74.37375,154,1289,-1738,530,4276,-141,348,731
74.37425,154,1288,-1738,530,4274,-141,348,732
74.37475,154,1288,-1738,530,4273,-141,348,731
74.37525,154,1288,-1738,531,4299,-141,348,731
74.37575,154,1289,-1738,531,4316,-141,348,731
74.37625,154,1288,-1738,531,4307,-141,349,731
74.37675,154,1288,-1738,530,4297,-141,349,731
74.37725,154,1288,-1738,530,4271,-141,349,731
74.37775,154,1288,-1738,530,4253,-141,349,731
74.37825,154,1288,-1738,530,4254,-141,349,731
74.37875,154,1288,-1738,530,4257,-141,349,731
74.37925,154,1289,-1739,529,4261,-141,348,731
74.37975,155,1288,-1740,529,4262,-141,348,731
74.38025,154,1288,-1740,529,4263,-141,348,731
74.38075,154,1288,-1740,530,4263,-141,349,731
74.38125,154,1288,-1739,529,4263,-141,349,731
74.38175,154,1288,-1738,530,4261,-141,349,731
74.38225,154,1288,-1738,529,4260,-141,349,731
74.38275,154,1288,-1737,530,4266,-141,349,731
74.38325,154,1288,-1737,530,4269,-141,349,731
74.38375,154,1288,-1738,530,4269,-141,349,731
74.38425,154,1288,-1738,529,4269,-141,349,731
74.38475,154,1288,-1738,529,4267,-141,349,731
74.38525,155,1288,-1739,530,4293,-141,348,732
74.38575,154,1288,-1739,529,4318,-141,348,731
74.38625,155,1288,-1739,529,4317,-141,348,731
74.38675,154,1288,-1739,529,4300,-141,349,731
74.38725,155,1288,-1737,530,4269,-141,349,731
74.38775,154,1288,-1736,529,4252,-141,349,731
74.38825,155,1288,-1736,530,4253,-141,350,731
74.38875,155,1288,-1737,530,4261,-141,349,731
74.38925,155,1288,-1738,530,4268,-141,349,731
74.38975,154,1289,-1738,530,4267,-141,349,731
74.39025,154,1289,-1737,529,4268,-141,349,731
74.39075,154,1289,-1737,530,4272,-141,349,732
74.39125,153,1289,-1737,529,4274,-141,349,731
74.39175,153,1288,-1737,529,4277,-141,349,731
74.39225,154,1289,-1737,530,4273,-141,349,731
74.39275,154,1288,-1738,530,4271,-141,349,731
74.39325,154,1288,-1738,530,4270,-141,349,731
74.39375,154,1288,-1738,530,4267,-141,349,732
74.39425,154,1288,-1738,530,4265,-141,349,731
74.39475,154,1288,-1738,530,4268,-141,349,731
74.39525,154,1288,-1738,530,4294,-141,348,732
74.39575,154,1289,-1738,529,4308,-141,348,731
74.39625,154,1288,-1738,529,4305,-141,348,731
74.39675,154,1288,-1739,529,4288,-141,349,731
74.39725,154,1289,-1739,530,4257,-141,349,731
74.39775,154,1289,-1740,530,4241,-141,349,731
74.39825,154,1289,-1738,530,4241,-141,349,731
74.39875,154,1288,-1738,531,4248,-141,349,731
74.39925,154,1288,-1737,530,4255,-141,349,731
74.39975,154,1289,-1737,531,4257,-141,349,731
74.40025,154,1289,-1737,531,4259,-141,349,732
74.40075,154,1288,-1737,531,4261,-141,349,731
74.40125,154,1288,-1738,531,4266,-141,349,732
74.40175,154,1288,-1738,531,4264,-141,349,731
74.40225,154,1289,-1738,531,4266,-141,349,731
74.40275,154,1288,-1738,531,4264,-141,349,731
74.40325,154,1289,-1739,531,4264,-141,349,731
74.40375,154,1289,-1739,531,4265,-140,349,731
74.40425,154,1289,-1738,531,4264,-141,349,731
74.40475,154,1288,-1738,530,4266,-141,349,731
74.40525,154,1289,-1738,529,4301,-141,348,732
74.40575,154,1288,-1737,528,4316,-141,349,732
74.40625,154,1289,-1737,529,4315,-141,349,731
74.40675,154,1289,-1737,529,4299,-141,349,731
74.40725,154,1288,-1738,529,4258,-141,349,731
74.40775,154,1288,-1738,530,4246,-141,349,731
74.40825,154,1288,-1737,530,4245,-141,349,732
74.40875,155,1288,-1738,530,4252,-140,349,731
74.40925,154,1289,-1737,530,4263,-141,349,731
74.40975,155,1288,-1738,531,4261,-141,349,731
74.41025,154,1289,-1738,531,4259,-141,349,731
74.41075,154,1288,-1738,531,4260,-141,349,731
74.41125,154,1288,-1738,531,4261,-141,349,731
74.41175,154,1288,-1738,532,4262,-140,349,731
74.41225,154,1288,-1738,532,4261,-141,349,731
74.41275,154,1288,-1738,533,4261,-141,349,731
74.41325,154,1289,-1739,533,4260,-141,349,731
74.41375,154,1288,-1739,532,4255,-141,349,731
74.41435,154,1289,-1738,530,4253,-141,349,732
74.41485,154,1289,-1738,529,4257,-141,349,731
74.41535,154,1289,-1738,530,4296,-141,348,731
74.41585,154,1289,-1738,529,4298,-141,349,731
74.41635,154,1289,-1738,529,4290,-141,349,731
74.41685,154,1288,-1737,529,4275,-141,349,731
74.41735,154,1288,-1737,527,4248,-141,349,731
74.41785,154,1289,-1737,527,4240,-141,349,731
74.41835,154,1288,-1737,527,4243,-141,349,731
74.41885,154,1288,-1738,528,4248,-141,349,731
74.41935,154,1288,-1738,529,4255,-141,349,731
74.41985,154,1288,-1737,530,4257,-141,348,731
74.42035,155,1288,-1737,529,4259,-141,349,731
74.42085,155,1288,-1737,529,4260,-141,349,731
74.42135,155,1288,-1737,528,4261,-141,349,731
74.42185,155,1289,-1739,529,4261,-141,349,731
74.42235,155,1289,-1739,530,4263,-141,349,731
74.42285,155,1289,-1739,531,4268,-141,349,731
74.42335,155,1288,-1738,530,4269,-140,349,731
74.42385,154,1288,-1738,531,4269,-141,349,731
74.42435,155,1288,-1738,531,4265,-141,349,731
74.42485,154,1289,-1739,531,4269,-141,349,731
74.42535,154,1289,-1739,531,4304,-141,349,731
74.42585,154,1289,-1738,530,4309,-141,349,731
74.42635,154,1288,-1738,529,4302,-141,349,731
74.42685,154,1289,-1738,529,4279,-141,349,731
74.42735,154,1289,-1738,529,4249,-141,349,731
74.42785,154,1288,-1738,530,4241,-141,349,731
74.42835,154,1289,-1738,530,4243,-141,349,731
74.42885,154,1289,-1738,529,4251,-141,349,731
74.42935,154,1289,-1738,529,4256,-141,349,731
74.42985,154,1289,-1738,529,4254,-141,349,731
74.43035,154,1289,-1738,530,4255,-141,349,731
74.43085,154,1288,-1738,529,4258,-141,349,731
74.43135,154,1289,-1738,529,4259,-141,349,731
74.43185,153,1289,-1738,529,4259,-141,349,731
74.43235,153,1289,-1739,529,4259,-141,349,731
74.43285,154,1289,-1738,529,4260,-141,349,732
74.43335,154,1288,-1738,529,4262,-141,349,732
74.43385,154,1289,-1738,530,4264,-140,349,732
74.43435,154,1289,-1738,530,4263,-141,349,732
74.43485,154,1289,-1737,530,4269,-140,348,732
74.43535,154,1289,-1738,531,4305,-140,348,732
74.43585,154,1289,-1738,530,4304,-141,349,732
74.43635,154,1289,-1738,530,4295,-140,349,732
74.43685,154,1289,-1738,530,4273,-141,349,732
74.43735,154,1289,-1738,530,4249,-141,349,731
74.43785,154,1289,-1738,530,4244,-140,349,732
74.43835,154,1289,-1738,530,4245,-141,349,731
74.43885,154,1288,-1739,530,4256,-141,349,731
74.43935,154,1288,-1738,530,4261,-140,349,731
74.43985,154,1288,-1738,530,4262,-141,349,732
74.44035,154,1289,-1737,529,4264,-141,349,732
74.44085,154,1289,-1737,530,4270,-141,349,731
74.44135,154,1289,-1737,530,4271,-141,349,731
74.44185,154,1289,-1738,531,4265,-141,349,731
74.44235,154,1289,-1738,530,4263,-140,349,731
74.44285,154,1289,-1738,530,4264,-141,349,731
74.44335,154,1288,-1738,531,4264,-141,349,731
74.44385,154,1288,-1738,531,4265,-140,349,732
74.44435,154,1289,-1738,530,4263,-141,349,731
74.44485,154,1289,-1738,530,4276,-140,349,732
74.44535,154,1289,-1738,529,4309,-141,349,732
74.44585,154,1289,-1737,529,4314,-140,349,731
74.44635,154,1288,-1738,529,4306,-141,349,732
74.44685,154,1289,-1738,529,4276,-141,350,732
74.44735,154,1289,-1739,529,4246,-141,350,732
74.44785,154,1288,-1740,530,4245,-141,349,732
74.44835,154,1289,-1740,530,4246,-140,349,732
74.44885,154,1288,-1741,531,4254,-140,350,732
74.44935,154,1289,-1741,531,4261,-141,349,732
74.44985,154,1289,-1739,531,4263,-141,349,731
74.45035,154,1289,-1737,531,4264,-141,349,731
74.45085,154,1289,-1735,532,4261,-141,349,732
74.45135,154,1289,-1735,533,4261,-140,349,732
74.45185,154,1289,-1736,533,4267,-141,350,732
74.45235,154,1289,-1737,533,4269,-141,350,731
74.45285,154,1289,-1738,532,4269,-141,349,732
74.45335,154,1289,-1738,531,4264,-141,349,731
74.45385,154,1289,-1738,530,4265,-140,349,732
74.45435,154,1289,-1737,528,4263,-141,349,732
74.45485,154,1288,-1737,528,4279,-141,349,732
74.45535,154,1289,-1737,528,4314,-140,348,732
74.45585,154,1289,-1737,527,4312,-141,349,731
74.45635,154,1289,-1738,528,4303,-141,349,731
74.45685,154,1289,-1738,528,4277,-141,349,731
74.45735,154,1289,-1738,528,4252,-141,349,732
74.45785,154,1289,-1739,530,4250,-140,349,732
74.45835,154,1289,-1739,530,4257,-141,349,731
74.45885,154,1289,-1739,530,4263,-140,349,731
74.45935,154,1289,-1738,531,4260,-141,349,732
74.45985,154,1289,-1738,530,4261,-141,349,732
74.46035,154,1289,-1738,530,4267,-141,349,731
74.46085,154,1289,-1739,530,4268,-140,349,731
74.46135,154,1289,-1738,530,4262,-141,349,732
74.46185,154,1289,-1738,530,4260,-140,349,732
74.46235,154,1289,-1738,530,4268,-141,349,732
74.46285,154,1289,-1738,530,4272,-141,349,732
74.46335,154,1289,-1738,529,4271,-141,349,732
74.46385,154,1289,-1738,530,4269,-140,349,732
74.46435,154,1288,-1738,530,4264,-140,349,731
74.46485,154,1289,-1739,530,4274,-140,349,732
74.46535,154,1288,-1739,530,4304,-140,349,732
74.46585,154,1289,-1739,530,4307,-140,349,732
74.46635,154,1289,-1738,530,4302,-141,349,732
74.46685,154,1289,-1737,530,4275,-140,349,731
74.46735,154,1289,-1737,530,4246,-141,349,731
74.46785,155,1289,-1737,530,4240,-140,349,731
74.46835,155,1289,-1737,530,4242,-141,349,731
74.46885,154,1289,-1737,530,4252,-141,349,731
74.46935,154,1289,-1738,529,4257,-141,348,731
74.46985,155,1288,-1738,529,4258,-141,349,731
74.47035,154,1289,-1737,529,4263,-141,349,731
74.47085,154,1288,-1738,529,4266,-141,348,731
74.47135,154,1289,-1738,530,4269,-141,349,731
74.47185,154,1289,-1738,530,4270,-141,349,731
74.47235,155,1289,-1738,530,4272,-141,349,731
74.47285,155,1288,-1738,530,4272,-141,349,732
74.47335,154,1288,-1739,530,4274,-141,349,731
74.47385,154,1289,-1739,530,4275,-140,349,732
74.47435,154,1289,-1739,530,4267,-140,349,732
74.47485,154,1288,-1739,530,4283,-140,349,731
74.47545,154,1289,-1738,530,4315,-141,349,732
74.47595,153,1289,-1738,530,4304,-141,349,731
74.47645,153,1289,-1737,530,4297,-141,349,731
74.47695,153,1289,-1737,530,4265,-140,349,731
74.47745,153,1289,-1737,531,4242,-140,349,731
74.47795,153,1289,-1738,532,4241,-141,349,731
74.47845,153,1289,-1738,532,4246,-140,349,731
74.47895,154,1289,-1738,532,4255,-141,349,731
74.47945,154,1289,-1738,532,4259,-141,349,732
74.47995,154,1289,-1738,532,4260,-141,349,732
74.48045,154,1289,-1738,531,4264,-141,349,731
74.48095,154,1289,-1738,531,4265,-141,349,731
74.48145,154,1289,-1738,531,4259,-141,349,732
74.48195,154,1289,-1738,530,4258,-140,349,732
74.48245,154,1289,-1737,530,4263,-140,349,732
74.48295,154,1289,-1738,528,4266,-140,349,732
74.48345,153,1289,-1737,527,4267,-140,349,731
74.48395,154,1289,-1738,528,4266,-140,349,732
74.48445,154,1288,-1737,528,4260,-140,349,731
74.48495,154,1288,-1737,529,4278,-140,349,732
74.48545,154,1288,-1738,529,4309,-140,349,731
74.48595,155,1289,-1738,530,4309,-140,349,732
74.48645,155,1289,-1738,530,4299,-140,350,731
74.48695,154,1289,-1738,530,4273,-141,350,731
74.48745,154,1289,-1738,530,4243,-140,351,731
74.48795,154,1289,-1738,530,4243,-141,351,731
74.48845,155,1289,-1738,530,4248,-141,350,731
74.48895,155,1289,-1738,530,4258,-140,350,731
74.48945,154,1289,-1738,530,4265,-140,350,731
74.48995,154,1288,-1739,530,4268,-141,351,732
74.49045,154,1289,-1739,530,4269,-140,350,731
74.49095,154,1288,-1739,530,4274,-141,350,731
74.49145,154,1289,-1738,530,4269,-140,350,731
74.49195,155,1289,-1738,530,4267,-141,350,731
74.49245,154,1288,-1737,530,4267,-141,350,731
74.49295,155,1288,-1737,530,4267,-141,350,731
74.49345,154,1289,-1737,530,4264,-140,349,731
74.49395,154,1288,-1737,530,4261,-141,349,731
74.49445,154,1289,-1737,530,4261,-140,349,731
74.49495,153,1289,-1737,530,4280,-141,348,732
74.49545,153,1289,-1737,530,4308,-140,348,732
74.49595,153,1289,-1737,529,4307,-141,348,731
74.49645,153,1289,-1737,529,4296,-140,348,732
74.49695,153,1289,-1738,529,4265,-141,348,732
74.49745,153,1289,-1737,530,4248,-141,348,732
74.49795,153,1289,-1737,530,4248,-141,348,732
74.49845,153,1288,-1738,530,4250,-140,349,731
74.49895,154,1289,-1738,530,4253,-141,349,731
74.49945,154,1289,-1739,530,4252,-141,349,731
74.49995,154,1289,-1740,530,4253,-141,349,732
74.50045,154,1289,-1739,530,4257,-141,349,731
74.50095,154,1289,-1740,530,4263,-141,349,732
74.50145,153,1289,-1739,530,4259,-141,349,731
74.50195,154,1289,-1738,529,4261,-141,349,732
74.50245,153,1289,-1737,529,4263,-141,349,731
74.50295,154,1289,-1737,529,4269,-140,349,732
74.50345,153,1289,-1737,530,4268,-141,349,731
74.50395,154,1289,-1737,530,4269,-140,349,731
74.50445,154,1289,-1737,530,4265,-140,349,731
74.50495,154,1289,-1738,532,4289,-140,349,732
74.50545,154,1288,-1738,531,4317,-140,349,732
74.50595,154,1289,-1739,531,4318,-140,349,732
74.50645,153,1289,-1738,530,4308,-140,349,731
74.50695,153,1288,-1738,531,4274,-141,349,731
74.50745,154,1289,-1738,531,4251,-140,349,731
74.50795,154,1289,-1738,531,4248,-140,349,732
74.50845,154,1289,-1738,530,4253,-140,349,731
74.50895,154,1289,-1738,530,4265,-140,349,731
74.50945,154,1289,-1738,530,4261,-140,349,732
74.50995,154,1289,-1738,530,4260,-140,349,732
74.51045,154,1289,-1738,530,4270,-140,349,732
74.51095,154,1289,-1738,530,4273,-140,349,731
74.51145,154,1289,-1737,530,4272,-141,348,732
74.51195,154,1289,-1738,530,4268,-140,349,732
74.51245,154,1289,-1738,530,4272,-141,349,732
74.51295,154,1288,-1738,530,4273,-140,349,732
74.51345,154,1289,-1738,530,4271,-141,349,731
74.51395,154,1289,-1737,530,4266,-141,349,732
74.51445,154,1289,-1738,530,4257,-140,349,732
74.51495,154,1289,-1738,531,4287,-140,349,732
74.51545,154,1289,-1738,530,4311,-141,349,731
74.51595,154,1289,-1738,529,4302,-140,349,732
74.51645,153,1289,-1738,529,4286,-141,349,731
74.51695,154,1289,-1738,529,4256,-141,349,731
74.51745,154,1289,-1738,530,4241,-141,349,731
74.51795,154,1289,-1738,530,4242,-140,349,732
74.51845,154,1289,-1738,530,4250,-141,348,731
74.51895,154,1289,-1738,530,4263,-141,349,731
74.51945,154,1289,-1738,530,4263,-140,349,732
74.51995,154,1289,-1739,530,4264,-140,349,732
74.52045,154,1289,-1739,531,4271,-141,349,732
74.52095,154,1289,-1739,531,4273,-140,349,731
74.52145,154,1289,-1739,530,4274,-140,349,731
74.52195,154,1289,-1738,530,4271,-141,349,731
74.52245,154,1289,-1738,530,4271,-140,349,731
74.52295,154,1289,-1738,530,4273,-141,349,731
74.52345,154,1289,-1738,530,4274,-140,349,731
74.52395,154,1289,-1738,530,4274,-140,349,732
74.52445,154,1289,-1738,530,4272,-140,349,731
74.52495,154,1289,-1738,531,4303,-140,349,732
74.52545,154,1289,-1738,530,4319,-140,349,731
74.52595,154,1289,-1737,530,4314,-141,349,731
74.52645,154,1289,-1738,530,4298,-140,349,731
74.52695,154,1289,-1737,530,4263,-140,350,731
74.52745,154,1289,-1737,530,4244,-140,349,731
74.52795,154,1289,-1738,530,4246,-140,349,731
74.52845,154,1289,-1737,530,4251,-141,349,731
74.52895,154,1289,-1738,530,4260,-140,349,731
74.52945,154,1289,-1738,530,4265,-141,349,731
74.52995,154,1289,-1738,530,4266,-140,349,731
74.53045,154,1289,-1738,530,4265,-140,349,731
74.53095,154,1289,-1738,530,4265,-141,349,731
74.53145,154,1289,-1738,530,4265,-141,349,732
74.53195,154,1289,-1738,530,4266,-140,349,731
74.53245,154,1289,-1738,530,4271,-140,349,731
74.53295,154,1288,-1738,530,4267,-141,349,731
74.53345,154,1289,-1738,530,4263,-140,349,731
74.53395,154,1288,-1738,530,4263,-140,349,732
74.53445,154,1289,-1738,530,4265,-140,349,731
74.53495,154,1289,-1739,531,4303,-140,348,731
74.535446,154,1289,-1738,531,4311,-140,348,731
74.53605,154,1289,-1739,531,4301,-140,349,731
74.53655,154,1289,-1739,531,4287,-140,348,732
74.53705,154,1288,-1738,531,4260,-140,349,731
74.53755,154,1289,-1738,531,4254,-141,348,731
74.53805,154,1289,-1738,531,4255,-140,348,731
74.53855,153,1289,-1737,530,4259,-141,348,731
74.53905,154,1289,-1737,529,4266,-141,348,732
74.53955,154,1289,-1737,529,4270,-141,348,731
74.54005,154,1289,-1737,529,4275,-140,348,732
74.54055,154,1289,-1737,529,4273,-141,348,731
74.54105,154,1289,-1738,529,4275,-141,348,731
74.54155,154,1289,-1738,529,4268,-141,348,731
74.54205,154,1289,-1738,529,4266,-140,348,731
74.54255,154,1289,-1738,530,4270,-141,348,731
74.54305,154,1289,-1738,529,4271,-140,349,731
74.54355,154,1289,-1738,529,4272,-141,348,731
74.54405,154,1289,-1739,530,4271,-140,349,731
74.54455,154,1289,-1738,530,4270,-141,349,731
74.54505,154,1289,-1738,530,4305,-140,349,732
74.54555,154,1289,-1737,530,4317,-140,349,731
74.54605,154,1289,-1737,530,4314,-140,349,731
74.54655,154,1289,-1738,530,4292,-141,350,731
74.54705,153,1289,-1738,532,4253,-141,350,731
74.54755,154,1289,-1739,533,4244,-140,350,731
74.54805,154,1289,-1739,532,4245,-140,350,731
74.54855,154,1289,-1739,532,4251,-140,350,731
74.54905,154,1289,-1739,532,4259,-140,350,731
74.54955,154,1289,-1739,532,4259,-141,350,731
74.55005,154,1289,-1739,532,4262,-141,350,731
74.55055,154,1289,-1738,530,4267,-140,350,731
74.55105,154,1289,-1738,529,4270,-140,349,731
74.55155,154,1289,-1737,528,4270,-141,349,731
74.55205,154,1289,-1737,528,4270,-140,349,731
74.55255,153,1289,-1737,529,4271,-141,349,731
74.55305,154,1289,-1737,530,4272,-140,349,731
74.55355,154,1289,-1737,530,4273,-140,349,732
74.55405,154,1289,-1738,530,4272,-140,349,732
74.55455,154,1289,-1738,530,4278,-140,349,731
74.55505,154,1289,-1738,531,4316,-140,349,732
74.55555,154,1289,-1738,530,4319,-140,349,732
74.55605,154,1289,-1738,530,4312,-140,350,731
74.55655,154,1289,-1738,530,4292,-141,350,731
74.55705,153,1289,-1738,530,4254,-141,350,731
74.55755,154,1289,-1738,530,4248,-141,349,731
74.55805,153,1289,-1738,531,4251,-140,350,731
74.55855,154,1289,-1739,531,4257,-140,349,731
74.55905,154,1289,-1738,531,4265,-141,349,731
74.55955,154,1289,-1738,530,4267,-140,349,731
74.56005,154,1289,-1738,530,4268,-140,349,731
74.56055,153,1289,-1737,531,4268,-140,350,731
74.56105,154,1289,-1738,530,4269,-140,350,731
74.56155,153,1289,-1737,530,4269,-140,349,731
74.56205,154,1289,-1737,529,4269,-140,350,731
74.56255,154,1289,-1737,529,4270,-140,349,731
74.56305,154,1289,-1737,529,4269,-140,349,731
74.56355,154,1289,-1738,529,4268,-141,349,731
74.56405,154,1289,-1739,529,4267,-140,349,731
74.56455,154,1289,-1739,529,4270,-141,349,731
74.56505,154,1289,-1739,530,4305,-140,349,731
74.56555,154,1289,-1739,530,4310,-141,349,731
74.56605,154,1289,-1738,531,4304,-140,349,731
74.56655,154,1289,-1738,531,4284,-141,350,731
74.56705,154,1289,-1738,532,4253,-141,350,731
74.56755,154,1289,-1739,532,4244,-141,349,731
74.56805,154,1289,-1739,533,4244,-140,349,731
74.56855,154,1289,-1739,533,4253,-141,350,731
74.56905,154,1289,-1738,533,4260,-141,350,731
74.56955,154,1289,-1738,532,4264,-140,349,731
74.57005,154,1289,-1738,532,4269,-140,350,731
74.57055,154,1289,-1738,529,4270,-140,349,732
74.57105,154,1289,-1738,528,4271,-140,349,731
74.57155,154,1289,-1739,527,4276,-141,349,731
74.57205,154,1289,-1739,529,4274,-140,349,732
74.57255,154,1289,-1738,530,4274,-140,349,732
74.57305,154,1289,-1738,531,4277,-140,349,732
74.57355,154,1289,-1737,531,4275,-141,349,732
74.57405,154,1289,-1737,531,4275,-141,349,732
74.57455,154,1289,-1737,531,4281,-141,349,732
74.57505,154,1289,-1737,531,4313,-140,348,732
74.57555,154,1289,-1737,530,4314,-141,349,732
74.57605,154,1289,-1738,528,4304,-140,349,731
74.57655,154,1289,-1737,528,4275,-140,349,732
74.57705,154,1289,-1738,528,4241,-141,349,731
74.57755,154,1289,-1737,529,4238,-140,349,732
74.57805,154,1289,-1738,529,4242,-141,349,732
74.57855,154,1289,-1738,529,4255,-140,349,732
74.57905,154,1289,-1738,529,4263,-141,349,732
74.57955,154,1289,-1738,529,4264,-140,349,732
74.58005,154,1289,-1739,530,4263,-141,349,731
74.58055,154,1289,-1739,531,4261,-140,350,732
74.58105,154,1289,-1739,531,4255,-141,349,731
74.58155,154,1289,-1738,531,4255,-140,350,732
74.58205,154,1288,-1738,531,4255,-140,349,732
74.58255,154,1289,-1738,531,4262,-140,349,732
74.58305,154,1289,-1738,530,4265,-140,350,732
74.58355,154,1289,-1738,531,4265,-140,350,731
74.58405,154,1289,-1737,530,4264,-140,350,732
74.58455,154,1289,-1737,531,4269,-140,350,731
74.58505,154,1289,-1737,530,4306,-140,350,732
74.58555,154,1289,-1738,531,4306,-140,351,732
74.58605,154,1289,-1737,531,4301,-140,350,732
74.58655,154,1289,-1738,531,4279,-140,351,732
74.58705,154,1289,-1738,531,4248,-140,351,731
74.58755,154,1289,-1738,531,4241,-140,351,731
74.58805,154,1289,-1738,531,4243,-140,351,732
74.58855,154,1289,-1738,531,4252,-140,350,731
74.58905,154,1289,-1738,529,4264,-141,350,731
74.58955,154,1289,-1738,529,4262,-140,350,732
74.59005,154,1289,-1738,529,4262,-141,350,732
74.59055,154,1289,-1738,529,4271,-140,349,732
74.59105,154,1289,-1738,529,4273,-140,349,732
74.59155,154,1289,-1737,529,4271,-140,349,732
74.59205,154,1289,-1737,529,4268,-140,349,732
74.59255,154,1289,-1737,529,4267,-141,349,732
74.59305,154,1289,-1738,529,4266,-140,349,732
74.59355,154,1289,-1738,530,4265,-140,349,732
74.59405,153,1289,-1738,529,4262,-140,349,731
74.59455,154,1289,-1739,530,4269,-140,349,732
74.59505,154,1289,-1739,530,4298,-140,348,732
74.59555,154,1289,-1739,531,4302,-141,349,732
74.59605,154,1290,-1739,531,4293,-140,348,732
74.59655,153,1289,-1739,531,4263,-140,349,731
74.59715,154,1289,-1740,531,4234,-141,349,732
74.59765,154,1289,-1738,531,4226,-141,349,731
74.59815,154,1289,-1737,530,4234,-140,349,732
74.59865,154,1289,-1737,530,4241,-141,349,732
74.59915,154,1289,-1737,530,4252,-141,349,732
74.59965,154,1289,-1737,530,4256,-140,349,732
74.60015,154,1289,-1738,530,4258,-140,349,732
74.60065,154,1289,-1738,530,4259,-141,349,732
74.60115,154,1289,-1738,530,4259,-141,349,732
74.60165,154,1289,-1737,529,4259,-140,349,732
74.60215,154,1289,-1737,529,4260,-141,349,731
74.60265,154,1289,-1738,529,4260,-141,349,732
74.60315,154,1288,-1738,530,4257,-141,349,732
74.60365,154,1289,-1738,530,4261,-140,349,732
74.60415,154,1289,-1738,530,4262,-140,349,732
74.60465,154,1289,-1738,531,4275,-140,349,732
74.60515,154,1289,-1738,531,4309,-140,348,732
74.60565,154,1289,-1738,530,4309,-140,349,732
74.60615,154,1289,-1738,531,4301,-140,349,732
74.60665,154,1289,-1738,530,4276,-140,349,731
74.60715,154,1289,-1738,530,4248,-141,349,732
74.60765,153,1289,-1738,530,4237,-140,349,732
74.60815,153,1289,-1738,530,4241,-140,349,732
74.60865,153,1289,-1738,529,4250,-140,349,732
74.60915,153,1289,-1738,530,4255,-141,349,732
74.60965,153,1289,-1738,530,4258,-140,349,732
74.61015,154,1289,-1737,531,4260,-141,350,732
74.61065,154,1289,-1737,531,4260,-140,349,732
74.61115,154,1289,-1737,531,4260,-141,349,732
74.61165,154,1289,-1737,530,4260,-140,349,732
74.61215,154,1289,-1737,530,4260,-141,349,732
74.61265,153,1289,-1737,530,4260,-140,349,732
74.61315,154,1289,-1737,529,4257,-140,350,732
74.61365,154,1289,-1737,530,4253,-141,350,732
74.61415,154,1289,-1737,530,4252,-141,349,732
74.61465,154,1289,-1737,530,4265,-140,349,732
74.61515,154,1289,-1738,530,4296,-141,349,732
74.61565,154,1289,-1738,530,4295,-141,349,732
74.61615,154,1289,-1738,530,4284,-140,349,731
74.61665,154,1289,-1738,530,4255,-141,350,731
74.61715,153,1289,-1738,531,4226,-141,349,732
74.61765,154,1289,-1738,531,4225,-140,349,732
74.61815,154,1289,-1738,530,4239,-140,349,732
74.61865,154,1289,-1738,530,4250,-140,349,732
74.61915,154,1289,-1738,530,4254,-140,349,732
74.61965,154,1289,-1738,530,4256,-141,349,732
74.62015,154,1289,-1738,530,4257,-140,349,732
74.62065,154,1289,-1739,530,4258,-140,349,732
74.62115,154,1289,-1738,531,4257,-141,349,732
74.62165,153,1289,-1739,531,4258,-141,349,732
74.62215,154,1289,-1739,531,4263,-141,349,732
74.62265,154,1289,-1738,531,4267,-141,349,732
74.62315,154,1289,-1737,530,4268,-140,349,732
74.62365,153,1289,-1736,529,4268,-141,349,732
74.62415,154,1289,-1736,528,4266,-141,349,732
74.62465,154,1289,-1736,528,4284,-141,349,732
74.62515,154,1289,-1736,528,4311,-141,349,732
74.62565,154,1289,-1738,528,4306,-141,349,732
74.62615,153,1289,-1739,529,4297,-141,349,732
74.62665,153,1289,-1740,529,4267,-141,349,732
74.62715,154,1289,-1740,530,4242,-141,349,732
74.62765,154,1289,-1739,531,4236,-141,349,732
74.62815,154,1289,-1738,530,4243,-141,349,732
74.62865,154,1289,-1737,530,4250,-141,349,732
74.62915,154,1289,-1736,529,4253,-141,349,732
74.62965,153,1289,-1737,530,4257,-141,349,732
74.63015,154,1289,-1737,530,4259,-141,349,732
74.63065,154,1289,-1737,530,4259,-141,349,732
74.63115,154,1289,-1737,530,4258,-141,350,732
74.63165,154,1289,-1737,530,4258,-140,349,732
74.63215,154,1289,-1737,530,4258,-140,349,732
74.63265,154,1289,-1737,530,4259,-140,349,732
74.63315,154,1289,-1737,530,4259,-140,349,732
74.63365,154,1289,-1738,530,4261,-140,349,732
74.63415,154,1289,-1738,530,4258,-140,349,732
74.63465,154,1289,-1738,531,4278,-140,349,732
74.63515,154,1289,-1738,531,4303,-140,348,732
74.63565,154,1289,-1738,531,4299,-141,349,732
74.63615,154,1289,-1738,531,4287,-141,349,732
74.63665,154,1289,-1738,531,4254,-140,349,732
74.63715,154,1289,-1738,531,4235,-140,350,732
74.63765,154,1290,-1739,532,4235,-140,349,732
74.63815,154,1289,-1739,532,4244,-140,349,732
74.63865,154,1289,-1740,532,4253,-140,350,732
74.63915,153,1289,-1740,532,4260,-140,349,732
74.63965,153,1289,-1739,531,4263,-140,349,732
74.64015,153,1289,-1739,530,4265,-140,350,732
74.64065,154,1289,-1739,529,4265,-140,349,732
74.64115,153,1289,-1738,528,4265,-141,349,732
74.64165,154,1289,-1737,528,4265,-140,348,732
74.64215,153,1289,-1736,528,4265,-140,349,732
74.64265,154,1289,-1735,528,4265,-141,349,732
74.64315,154,1289,-1736,529,4265,-141,349,732
74.64365,154,1289,-1736,529,4264,-140,349,732
74.64415,154,1289,-1737,529,4262,-140,349,732
74.64465,155,1289,-1738,530,4286,-140,349,732
74.64515,155,1289,-1738,530,4308,-140,349,732
74.64565,154,1288,-1738,530,4303,-140,349,732
74.64615,155,1289,-1738,529,4292,-140,349,732
74.64665,154,1289,-1738,529,4258,-140,349,731
74.64715,155,1289,-1738,529,4238,-140,349,732
74.64765,154,1289,-1739,530,4229,-140,348,732
74.64815,155,1289,-1739,531,4237,-140,349,732
74.64865,154,1289,-1738,531,4248,-141,349,732
74.64915,155,1289,-1738,531,4251,-141,348,732
74.64965,155,1289,-1737,530,4256,-140,348,732
74.65015,154,1289,-1737,530,4259,-140,349,732
74.65065,154,1289,-1737,531,4260,-141,349,732
74.65115,154,1289,-1738,531,4261,-141,349,732
74.65165,154,1288,-1738,532,4261,-140,349,732
74.65215,154,1289,-1738,532,4261,-140,349,732
74.65265,154,1289,-1738,531,4262,-140,349,732
74.65315,154,1289,-1738,531,4259,-140,349,732
74.65365,153,1289,-1738,531,4260,-140,349,732
74.65415,153,1289,-1739,531,4262,-141,349,732
74.65465,153,1289,-1739,531,4290,-140,349,732
74.65515,153,1290,-1739,532,4310,-141,349,732
74.65565,153,1289,-1739,533,4305,-140,349,732
74.65615,153,1289,-1739,534,4291,-140,350,732
74.65665,153,1289,-1739,534,4255,-140,350,732
74.65715,153,1289,-1739,534,4238,-140,349,732
74.657646,153,1289,-1739,533,4239,-140,349,732
74.65825,154,1289,-1739,533,4247,-140,349,732
74.65875,154,1289,-1738,533,4257,-140,349,732
74.65925,154,1289,-1738,532,4260,-141,349,732
74.65975,154,1289,-1737,530,4260,-141,349,732
74.66025,154,1289,-1736,527,4260,-140,349,732
74.66075,154,1289,-1735,525,4260,-140,349,732
74.66125,153,1289,-1735,525,4258,-140,349,732
74.66175,154,1289,-1736,525,4259,-141,349,732
74.66225,154,1289,-1736,526,4263,-141,349,732
74.66275,154,1290,-1737,528,4264,-140,349,732
74.66325,153,1289,-1738,528,4263,-140,349,732
74.66375,153,1290,-1738,529,4262,-140,349,732
74.66425,153,1289,-1738,530,4259,-140,349,732
74.66475,153,1289,-1738,530,4288,-140,348,732
74.66525,153,1289,-1738,530,4303,-140,348,732
74.66575,153,1289,-1738,530,4297,-141,349,732
74.66625,153,1290,-1738,530,4286,-140,349,732
74.66675,153,1290,-1738,530,4254,-140,349,732
74.66725,153,1289,-1739,530,4238,-141,349,732
74.66775,153,1289,-1739,530,4236,-141,349,732
74.66825,154,1289,-1739,530,4243,-141,349,732
74.66875,153,1289,-1739,530,4250,-141,349,732
74.66925,153,1289,-1739,530,4255,-141,349,732
74.66975,153,1289,-1739,529,4260,-141,349,732
74.67025,153,1289,-1739,529,4264,-140,349,732
74.67075,153,1289,-1737,529,4265,-140,349,732
74.67125,153,1290,-1737,529,4266,-140,349,732
74.67175,154,1289,-1736,529,4268,-140,349,732
74.67225,153,1289,-1735,529,4270,-140,349,732
74.67275,154,1289,-1736,529,4270,-140,349,732
74.67325,154,1289,-1736,529,4270,-141,349,732
74.67375,154,1289,-1736,530,4270,-141,350,732
74.67425,154,1289,-1737,531,4269,-140,349,732
74.67475,154,1289,-1737,531,4299,-140,349,732
74.67525,154,1289,-1737,531,4308,-140,349,732
74.67575,154,1289,-1738,531,4302,-141,349,732
74.67625,154,1289,-1738,530,4282,-140,349,732
74.67675,154,1289,-1738,530,4246,-141,350,731
74.67725,154,1289,-1738,529,4235,-140,349,732
74.67775,154,1289,-1738,529,4233,-141,349,732
74.67825,154,1289,-1737,529,4246,-141,349,732
74.67875,154,1289,-1738,529,4257,-140,349,732
74.67925,154,1289,-1739,529,4261,-141,349,732
74.67975,154,1289,-1739,530,4263,-141,348,732
74.68025,154,1289,-1739,530,4262,-140,349,732
74.68075,154,1289,-1739,530,4262,-140,349,732
74.68125,154,1289,-1738,530,4262,-140,349,732
74.68175,154,1289,-1738,530,4261,-140,348,732
74.68225,153,1290,-1737,531,4262,-140,349,732
74.68275,153,1289,-1737,531,4264,-140,349,732
74.68325,153,1289,-1736,531,4264,-140,349,732
74.68375,153,1289,-1737,531,4265,-140,349,732
74.68425,153,1289,-1737,531,4269,-140,349,732
74.68475,153,1289,-1737,531,4304,-140,349,732
74.68525,153,1290,-1737,530,4310,-140,349,732
74.68575,153,1289,-1737,530,4304,-140,349,732
74.68625,153,1290,-1737,529,4287,-140,349,732
74.68675,153,1289,-1737,529,4255,-141,350,732
74.68725,153,1289,-1737,529,4247,-140,349,732
74.68775,154,1289,-1737,529,4246,-140,349,732
74.68825,154,1289,-1738,529,4254,-140,349,732
74.68875,153,1289,-1738,529,4264,-140,349,732
74.68925,154,1289,-1738,530,4268,-140,349,732
74.68975,153,1289,-1738,530,4273,-140,349,732
74.69025,154,1289,-1738,530,4276,-140,349,732
74.69075,153,1289,-1737,530,4276,-140,349,732
74.69125,153,1289,-1737,530,4275,-140,348,732
74.69175,154,1289,-1737,530,4275,-140,348,732
74.69225,154,1289,-1737,530,4274,-140,349,732
74.69275,153,1289,-1737,530,4272,-140,349,732
74.69325,153,1289,-1737,530,4269,-140,349,732
74.69375,154,1289,-1737,530,4270,-140,349,732
74.69425,154,1289,-1738,530,4277,-140,349,732
74.69475,153,1289,-1737,530,4311,-140,349,732
74.69525,153,1289,-1737,530,4314,-140,349,732
74.69575,154,1290,-1737,530,4307,-141,349,732
74.69625,154,1289,-1737,530,4283,-140,349,732
74.69675,153,1289,-1737,530,4249,-140,349,732
74.69725,154,1289,-1738,530,4239,-140,349,732
74.69775,154,1289,-1738,531,4243,-140,349,732
74.69825,154,1289,-1738,530,4254,-140,348,732
74.69875,154,1290,-1737,530,4262,-140,349,732
74.69925,153,1289,-1737,530,4266,-140,349,732
74.69975,153,1289,-1737,530,4268,-140,349,732
74.70025,154,1289,-1737,530,4269,-140,349,732
74.70075,153,1289,-1739,530,4269,-140,350,732
74.70125,154,1289,-1740,531,4268,-140,349,732
74.70175,154,1289,-1742,531,4271,-140,349,732
74.70225,154,1289,-1742,532,4274,-140,349,732
74.70275,153,1289,-1742,532,4276,-140,349,732
74.70325,153,1289,-1741,532,4277,-140,349,732
74.70375,153,1289,-1740,531,4277,-140,349,732
74.70425,154,1289,-1738,529,4285,-140,349,733
74.70475,153,1289,-1736,528,4319,-140,348,733
74.70525,153,1289,-1734,528,4317,-140,348,732
74.70575,153,1289,-1735,529,4311,-140,349,732
74.70625,154,1289,-1736,529,4295,-140,349,732
74.70675,153,1289,-1737,529,4267,-140,349,732
74.70725,153,1289,-1736,529,4259,-140,349,732
74.70775,154,1289,-1735,529,4257,-140,349,732
74.70825,153,1289,-1736,529,4266,-141,349,732
74.70875,153,1289,-1736,529,4269,-140,349,732
74.70925,154,1289,-1737,530,4271,-140,349,732
74.70975,154,1289,-1737,530,4273,-140,349,732
74.71025,153,1289,-1737,531,4276,-140,349,733
74.71075,153,1289,-1737,531,4276,-140,349,732
74.71125,154,1290,-1737,531,4272,-141,349,732
74.71175,153,1289,-1737,531,4275,-140,349,732
74.71225,154,1289,-1737,531,4278,-140,349,732
74.71275,154,1289,-1737,531,4277,-140,349,732
74.71325,153,1290,-1738,531,4276,-140,349,732
74.71375,154,1290,-1738,530,4273,-140,349,732
74.71425,154,1289,-1738,530,4280,-140,349,733
74.71475,154,1289,-1737,530,4311,-140,349,732
74.71525,154,1289,-1737,530,4306,-141,349,732
74.71575,153,1289,-1738,530,4303,-140,349,732
74.71625,154,1289,-1737,530,4279,-140,350,732
74.71675,154,1289,-1738,530,4248,-141,350,732
74.71725,154,1289,-1737,530,4244,-140,349,732
74.71775,154,1289,-1737,530,4248,-141,350,732
74.71825,153,1289,-1737,530,4257,-140,349,732
74.71875,154,1289,-1737,530,4265,-140,349,732
74.71925,154,1289,-1737,530,4270,-140,349,732
74.71985,153,1289,-1737,530,4274,-140,349,732
74.72035,154,1289,-1737,531,4275,-140,349,732
74.72085,153,1289,-1738,531,4276,-141,349,732
74.72135,153,1289,-1738,531,4277,-140,349,732
74.72185,153,1289,-1738,532,4279,-140,349,732
74.72235,154,1289,-1738,532,4281,-140,349,732
74.72285,153,1289,-1738,532,4281,-140,350,732
74.72335,153,1289,-1738,532,4281,-140,349,732
74.72385,154,1289,-1738,532,4281,-140,350,732
74.72435,153,1289,-1738,532,4291,-140,349,732
74.72485,153,1289,-1738,533,4323,-140,349,732
74.72535,153,1289,-1737,531,4320,-141,349,732
74.72585,154,1289,-1737,530,4311,-140,349,732
74.72635,154,1289,-1736,527,4286,-140,349,731
74.72685,153,1290,-1735,527,4257,-141,349,732
74.72735,153,1289,-1737,527,4247,-141,349,732
74.72785,154,1289,-1737,528,4249,-140,349,732
74.72835,153,1289,-1739,529,4258,-141,349,732
74.72885,154,1289,-1739,529,4265,-141,349,732
74.72935,153,1290,-1739,530,4267,-140,349,732
74.72985,153,1289,-1739,530,4270,-140,349,732
74.73035,154,1289,-1738,531,4271,-140,350,732
74.73085,153,1289,-1737,530,4270,-140,350,732
74.73135,154,1289,-1736,530,4269,-140,350,733
74.73185,153,1289,-1736,530,4267,-140,350,733
74.73235,154,1289,-1737,530,4263,-140,351,733
74.73285,154,1290,-1738,531,4261,-140,351,733
74.73335,153,1289,-1738,531,4262,-140,351,733
74.73385,154,1289,-1739,531,4265,-140,351,733
74.73435,154,1289,-1738,532,4281,-140,350,733
74.73485,154,1289,-1738,531,4311,-140,350,733
74.73535,154,1289,-1737,530,4309,-141,351,732
74.73585,154,1289,-1737,530,4303,-140,351,733
74.73635,154,1289,-1736,529,4279,-140,350,732
74.73685,153,1289,-1737,529,4246,-140,350,732
74.73735,153,1289,-1736,529,4246,-140,350,732
74.73785,153,1289,-1737,529,4252,-141,349,732
74.73835,154,1289,-1737,530,4264,-140,349,732
74.73885,154,1289,-1738,530,4272,-141,348,733
74.73935,154,1290,-1739,530,4275,-140,348,732
74.73985,154,1289,-1739,530,4272,-140,348,733
74.74035,154,1289,-1738,530,4275,-140,348,732
74.74085,154,1290,-1738,529,4270,-140,348,732
74.74135,154,1289,-1737,529,4270,-141,349,732
74.74185,154,1289,-1737,529,4272,-140,348,732
74.74235,154,1289,-1737,530,4274,-140,348,733
74.74285,153,1289,-1737,530,4273,-141,348,732
74.74335,153,1289,-1737,530,4269,-140,349,733
74.74385,154,1290,-1738,530,4270,-140,349,732
74.74435,154,1289,-1738,531,4281,-141,348,733
74.74485,154,1289,-1738,531,4316,-141,348,733
74.74535,153,1290,-1738,531,4309,-141,349,732
74.74585,153,1289,-1738,530,4300,-141,349,732
74.74635,154,1289,-1738,529,4277,-141,349,732
74.74685,153,1289,-1738,529,4252,-141,349,733
74.74735,153,1289,-1738,529,4244,-141,349,732
74.74785,153,1289,-1737,528,4239,-140,349,732
74.74835,154,1289,-1737,529,4252,-141,349,732
74.74885,154,1290,-1737,530,4258,-141,349,732
74.74935,154,1289,-1737,530,4260,-141,349,732
74.74985,154,1289,-1737,531,4264,-141,348,732
74.75035,154,1289,-1738,530,4268,-141,349,732
74.75085,153,1289,-1739,531,4269,-141,349,732
74.75135,154,1289,-1740,531,4269,-141,349,732
74.75185,154,1290,-1740,531,4270,-141,349,732
74.75235,153,1290,-1739,530,4271,-141,349,732
74.75285,154,1290,-1739,530,4271,-141,349,732
74.75335,153,1290,-1737,530,4271,-141,349,732
74.75385,153,1289,-1736,530,4271,-141,349,732
74.75435,154,1290,-1736,530,4287,-140,349,732
74.75485,154,1290,-1736,530,4315,-141,349,732
74.75535,154,1290,-1737,530,4312,-140,349,732
74.75585,154,1290,-1737,530,4305,-141,350,732
74.75635,153,1290,-1737,531,4273,-141,349,732
74.75685,154,1289,-1738,531,4246,-141,350,732
74.75735,153,1289,-1738,531,4244,-141,349,732
74.75785,154,1289,-1738,531,4247,-141,349,732
74.75835,154,1289,-1738,531,4257,-140,349,732
74.75885,154,1289,-1738,532,4262,-141,349,732
74.75935,153,1289,-1737,531,4265,-141,349,732
74.75985,154,1289,-1737,530,4268,-141,349,732
74.76035,153,1289,-1736,529,4268,-141,349,732
74.76085,153,1289,-1737,529,4268,-141,349,732
74.76135,154,1290,-1738,529,4268,-141,349,732
74.76185,154,1289,-1738,529,4267,-141,349,732
74.76235,154,1289,-1738,529,4268,-141,349,732
74.76285,154,1289,-1738,530,4268,-141,349,732
74.76335,154,1289,-1737,530,4266,-141,349,732
74.76385,154,1289,-1737,530,4263,-141,349,732
74.76435,154,1289,-1737,531,4284,-141,349,732
74.76485,154,1289,-1738,530,4309,-141,349,732
74.76535,154,1289,-1737,529,4303,-141,349,732
74.76585,153,1290,-1737,529,4294,-141,349,732
74.76635,154,1290,-1737,529,4265,-141,349,732
74.76685,154,1290,-1737,529,4245,-141,350,732
74.76735,154,1289,-1737,530,4242,-141,349,732
74.76785,154,1290,-1738,530,4243,-141,349,732
74.76835,153,1289,-1737,530,4253,-141,349,732
74.76885,154,1290,-1737,530,4258,-141,349,732
74.76935,153,1289,-1738,530,4261,-141,349,732
74.76985,154,1290,-1738,530,4266,-141,349,732
74.77035,154,1290,-1737,530,4268,-141,349,732
74.77085,153,1290,-1737,529,4268,-141,349,732
74.77135,153,1290,-1737,530,4270,-141,349,733
74.77185,153,1289,-1737,530,4271,-141,349,732
74.77235,153,1289,-1738,530,4268,-141,349,732
74.77285,154,1290,-1737,531,4269,-141,349,732
74.77335,154,1289,-1737,531,4271,-141,349,732
74.77385,154,1289,-1737,530,4273,-141,349,732
74.77435,154,1289,-1737,531,4297,-141,349,733
74.77485,153,1289,-1738,530,4316,-141,349,733
74.77535,154,1289,-1738,530,4304,-141,349,732
74.77585,154,1289,-1738,530,4293,-141,349,732
74.77635,154,1290,-1738,529,4263,-141,350,732
74.77685,154,1289,-1738,530,4241,-141,349,732
74.77735,154,1289,-1738,530,4239,-141,349,732
74.77785,153,1289,-1738,530,4244,-141,349,732
74.77835,154,1289,-1738,531,4256,-141,350,732
74.77885,154,1289,-1738,531,4262,-141,349,732
74.77935,153,1290,-1738,531,4265,-141,349,732
74.77985,154,1290,-1738,531,4264,-141,349,732
74.78035,154,1289,-1737,532,4263,-142,350,732
74.78095,153,1290,-1737,532,4259,-141,349,732
74.78145,153,1289,-1737,532,4259,-141,349,732
74.78195,153,1290,-1737,532,4264,-142,349,732
74.78245,154,1289,-1737,530,4265,-141,349,732
74.78295,154,1289,-1737,529,4267,-141,349,732
74.78345,153,1290,-1737,529,4268,-141,349,732
74.78395,154,1290,-1736,528,4266,-141,349,732
74.78445,153,1290,-1737,530,4295,-140,349,733
74.78495,154,1290,-1737,530,4313,-140,349,732
74.785446,153,1290,-1738,531,4303,-140,349,732
74.78595,153,1290,-1738,531,4296,-140,349,732
74.78645,153,1290,-1738,531,4267,-141,349,732
74.78695,154,1289,-1738,532,4250,-141,349,732
74.78745,153,1289,-1738,533,4248,-141,349,732
74.78795,154,1289,-1738,533,4249,-141,350,732
74.78845,154,1289,-1738,533,4260,-141,349,732
74.78895,154,1289,-1738,533,4267,-141,349,732
74.78945,153,1289,-1738,533,4271,-140,349,732
74.78995,154,1289,-1738,533,4275,-141,349,732
74.79045,153,1290,-1737,532,4276,-141,349,732
74.79095,153,1290,-1737,530,4276,-141,349,732
74.79145,154,1289,-1737,529,4275,-141,349,733
74.79195,154,1289,-1736,527,4273,-141,349,732
74.79245,153,1290,-1736,527,4268,-141,349,732
74.79295,154,1289,-1737,528,4271,-141,349,732
74.79345,153,1289,-1737,529,4272,-141,349,732
74.79395,153,1290,-1738,530,4270,-141,349,732
74.79445,154,1290,-1738,532,4299,-141,348,732
74.79495,153,1289,-1738,531,4313,-141,349,732
74.79545,153,1290,-1738,531,4306,-141,349,732
74.79595,154,1290,-1738,530,4293,-141,349,732
74.79645,153,1290,-1738,530,4257,-141,349,732
74.79695,153,1290,-1738,529,4237,-141,349,732
74.79745,154,1289,-1737,528,4236,-141,349,732
74.79795,153,1290,-1736,528,4241,-141,349,732
74.79845,153,1289,-1736,528,4250,-141,349,732
74.79895,153,1289,-1736,528,4256,-140,349,732
74.79945,154,1289,-1737,528,4261,-141,349,732
74.79995,153,1290,-1737,529,4265,-141,350,732
74.80045,154,1289,-1737,529,4267,-141,349,732
74.80095,154,1289,-1737,530,4267,-141,349,732
74.80145,154,1289,-1738,529,4268,-141,349,732
74.80195,153,1289,-1738,530,4268,-141,349,732
74.80245,153,1289,-1738,530,4270,-141,349,732
74.80295,154,1290,-1738,530,4270,-141,349,732
74.80345,153,1290,-1738,530,4271,-141,349,732
74.80395,153,1290,-1737,530,4272,-141,349,732
74.80445,154,1290,-1738,530,4307,-141,348,733
74.80495,153,1289,-1737,530,4318,-141,349,732
74.80545,153,1290,-1738,530,4308,-141,349,732
74.80595,153,1290,-1737,529,4298,-141,349,732
74.80645,153,1290,-1737,529,4266,-141,349,732
74.80695,153,1289,-1737,529,4254,-141,349,732
74.80745,153,1290,-1738,529,4254,-141,349,732
74.80795,153,1290,-1737,530,4255,-141,349,732
74.80845,154,1289,-1737,529,4262,-141,349,732
74.80895,153,1290,-1737,530,4265,-141,349,732
74.80945,153,1290,-1737,530,4267,-141,349,732
74.80995,154,1290,-1737,529,4270,-141,349,732
74.81045,153,1290,-1737,530,4271,-140,349,732
74.81095,154,1290,-1737,530,4271,-141,349,732
74.81145,153,1289,-1737,530,4270,-140,349,733
74.81195,154,1290,-1737,530,4270,-141,349,732
74.81245,154,1289,-1737,530,4265,-141,349,732
74.81295,154,1290,-1737,530,4265,-140,349,732
74.81345,154,1290,-1737,530,4267,-141,349,732
74.81395,154,1289,-1738,531,4272,-141,349,732
74.81445,154,1289,-1738,531,4306,-141,349,732
74.81495,154,1289,-1738,530,4310,-141,349,732
74.81545,154,1289,-1737,530,4303,-141,349,732
74.81595,154,1289,-1737,530,4285,-141,349,732
74.81645,154,1290,-1737,530,4251,-141,350,732
74.81695,154,1290,-1737,530,4238,-141,349,732
74.81745,154,1289,-1737,530,4240,-141,349,732
74.81795,154,1290,-1737,530,4247,-141,349,732
74.81845,154,1290,-1738,530,4259,-141,349,732
74.81895,154,1290,-1738,530,4264,-141,349,732
74.81945,153,1289,-1738,530,4268,-141,349,732
74.81995,153,1290,-1738,529,4270,-141,349,732
74.82045,153,1289,-1738,529,4269,-141,349,732
74.82095,153,1290,-1737,530,4267,-141,349,732
74.82145,153,1289,-1737,530,4271,-140,350,732
74.82195,153,1289,-1737,530,4275,-141,349,732
74.82245,153,1290,-1737,531,4277,-141,349,732
74.82295,153,1289,-1738,531,4277,-141,349,732
74.82345,153,1290,-1737,531,4277,-141,349,732
74.82395,154,1289,-1738,531,4281,-140,349,732
74.82445,154,1289,-1738,532,4315,-141,349,732
74.82495,153,1289,-1737,531,4319,-141,349,732
74.82545,154,1290,-1737,530,4309,-141,349,732
74.82595,153,1289,-1737,529,4289,-141,349,732
74.82645,153,1290,-1737,529,4258,-141,349,732
74.82695,153,1289,-1737,529,4248,-141,349,732
74.82745,154,1290,-1737,529,4248,-140,349,732
74.82795,153,1290,-1737,529,4251,-140,349,732
74.82845,153,1289,-1737,529,4259,-141,349,732
74.82895,153,1289,-1737,530,4263,-141,349,732
74.82945,153,1289,-1737,530,4265,-140,349,732
74.82995,154,1289,-1737,531,4267,-140,349,732
74.83045,153,1289,-1737,530,4267,-140,349,732
74.83095,154,1289,-1737,530,4267,-140,349,732
74.83145,154,1289,-1737,530,4266,-141,350,732
74.83195,154,1289,-1737,530,4266,-141,349,732
74.83245,154,1289,-1737,530,4267,-140,349,732
74.83295,154,1289,-1737,530,4267,-141,349,732
74.83345,154,1289,-1737,529,4267,-141,349,732
74.83395,154,1289,-1736,530,4274,-141,349,732
74.83445,154,1289,-1736,530,4309,-141,349,732
74.83495,154,1289,-1737,529,4309,-141,349,732
74.83545,155,1289,-1737,530,4301,-141,349,732
74.83595,154,1290,-1737,530,4280,-141,349,732
74.83645,154,1289,-1738,529,4249,-140,349,732
74.83695,154,1290,-1737,530,4239,-140,349,732
74.83745,154,1289,-1738,530,4242,-140,349,732
74.83795,154,1290,-1738,530,4250,-141,349,732
74.83845,154,1289,-1738,530,4261,-140,349,733
74.83895,154,1290,-1738,530,4266,-141,349,732
74.83945,154,1290,-1738,530,4267,-140,349,732
74.83995,154,1290,-1738,530,4273,-140,349,732
74.84045,154,1290,-1738,530,4276,-141,349,732
74.84095,153,1290,-1738,530,4275,-141,349,732
74.84145,154,1290,-1738,530,4274,-141,349,732
74.84195,153,1290,-1738,530,4272,-141,349,732
74.84255,152,1290,-1737,530,4272,-141,349,732
74.84305,153,1290,-1738,530,4271,-141,349,732
74.84355,152,1290,-1738,530,4269,-141,349,732
74.84405,153,1290,-1737,530,4279,-141,349,733
74.84455,153,1290,-1737,531,4311,-141,349,733
74.84505,153,1290,-1738,530,4307,-141,349,732
74.84555,153,1290,-1737,530,4299,-141,349,732
74.84605,153,1290,-1737,529,4281,-141,349,732
74.84655,153,1290,-1737,530,4252,-141,350,732
74.84705,153,1290,-1737,530,4244,-141,350,732
74.84755,153,1290,-1738,530,4243,-141,349,732
74.84805,153,1290,-1737,530,4245,-141,350,732
74.84855,153,1290,-1738,530,4253,-141,349,732
74.84905,153,1290,-1737,530,4256,-141,349,732
74.84955,153,1289,-1737,530,4261,-141,349,732
74.85005,153,1290,-1737,530,4265,-141,349,732
74.85055,153,1290,-1737,530,4266,-140,349,732
74.85105,153,1289,-1737,530,4266,-141,349,732
74.85155,153,1290,-1737,530,4267,-141,349,732
74.85205,153,1290,-1737,530,4268,-141,349,732
74.85255,153,1290,-1737,530,4265,-140,349,732
74.85305,153,1290,-1737,530,4265,-140,349,732
74.85355,153,1290,-1737,530,4267,-141,349,733
74.85405,153,1290,-1737,530,4280,-140,349,733
74.85455,153,1290,-1738,530,4310,-140,349,733
74.85505,153,1290,-1737,530,4308,-140,349,733
74.85555,153,1290,-1738,530,4302,-141,349,732
74.85605,153,1290,-1737,530,4279,-140,349,732
74.85655,153,1290,-1737,530,4254,-141,349,732
74.85705,153,1290,-1737,530,4246,-141,349,732
74.85755,153,1290,-1737,530,4247,-141,349,732
74.85805,154,1290,-1737,530,4253,-140,349,732
74.85855,153,1290,-1737,530,4261,-141,349,732
74.85905,153,1290,-1738,530,4265,-141,349,732
74.85955,153,1290,-1738,530,4268,-141,349,732
74.86005,153,1289,-1737,529,4268,-141,349,732
74.86055,153,1290,-1737,530,4265,-141,349,732
74.86105,153,1290,-1737,530,4264,-141,349,732
74.86155,153,1290,-1738,530,4267,-141,349,732
74.86205,153,1290,-1738,530,4269,-141,349,732
74.86255,153,1290,-1737,530,4269,-141,349,733
74.86305,153,1290,-1737,530,4268,-141,350,733
74.86355,153,1290,-1738,530,4260,-141,349,732
74.86405,153,1290,-1738,531,4272,-141,349,733
74.86455,153,1290,-1738,530,4309,-141,349,733
74.86505,154,1290,-1737,530,4304,-141,349,733
74.86555,153,1290,-1738,530,4293,-141,349,732
74.86605,153,1290,-1737,530,4269,-141,350,732
74.86655,153,1290,-1737,530,4249,-141,349,732
74.86705,153,1290,-1738,530,4246,-141,349,732
74.86755,153,1290,-1737,530,4247,-141,349,732
74.86805,153,1290,-1738,530,4251,-141,349,732
74.86855,153,1290,-1738,530,4257,-141,349,732
74.86905,153,1290,-1737,529,4260,-141,349,732
74.86955,153,1290,-1737,530,4263,-140,349,732
74.87005,154,1290,-1737,530,4267,-141,349,732
74.87055,153,1290,-1737,530,4270,-141,349,732
74.87105,153,1290,-1737,530,4270,-141,349,732
74.87155,153,1290,-1737,530,4272,-141,349,732
74.87205,153,1290,-1737,530,4274,-141,349,732
74.87255,153,1290,-1737,530,4275,-141,349,732
74.87305,153,1290,-1738,530,4275,-141,349,732
74.87355,153,1290,-1738,530,4274,-141,349,732
74.87405,154,1290,-1738,530,4286,-141,349,732
74.87455,154,1290,-1738,530,4317,-141,349,732
74.87505,153,1290,-1738,530,4311,-141,349,732
74.87555,154,1290,-1738,530,4300,-141,349,732
74.87605,154,1290,-1737,530,4273,-141,349,732
74.87655,154,1290,-1737,530,4245,-140,349,732
74.87705,154,1290,-1737,530,4236,-140,349,731
74.87755,154,1290,-1737,530,4238,-141,349,732
74.87805,154,1290,-1737,530,4241,-141,349,732
74.87855,154,1290,-1737,530,4253,-141,349,733
74.87905,154,1290,-1737,530,4259,-141,349,732
74.87955,154,1290,-1737,530,4259,-141,349,733
74.88005,154,1290,-1737,530,4263,-141,349,733
74.88055,154,1289,-1737,530,4260,-141,349,733
74.88105,154,1290,-1737,530,4258,-141,349,733
74.88155,154,1290,-1737,530,4259,-141,349,733
74.88205,154,1290,-1737,530,4259,-140,349,733
74.88255,154,1290,-1737,529,4261,-141,349,733
74.88305,154,1290,-1737,530,4262,-141,349,733
74.88355,154,1290,-1738,530,4262,-141,349,733
74.88405,154,1290,-1738,531,4280,-140,349,733
74.88455,153,1290,-1738,531,4310,-141,349,733
74.88505,153,1291,-1737,530,4307,-141,349,733
74.88555,153,1290,-1737,531,4299,-141,350,733
74.88605,152,1290,-1737,530,4271,-141,350,733
74.88655,153,1290,-1737,531,4249,-141,350,733
74.88705,153,1290,-1737,530,4246,-141,349,733
74.88755,153,1290,-1737,530,4250,-141,350,732
74.88805,153,1290,-1737,530,4256,-141,349,733
74.88855,154,1290,-1737,530,4269,-141,349,732
74.88905,153,1290,-1737,531,4270,-140,349,732
74.88955,154,1290,-1738,530,4277,-141,349,732
74.89005,153,1290,-1738,531,4282,-141,349,732
74.89055,153,1290,-1738,531,4282,-141,349,732
74.89105,153,1290,-1738,531,4281,-140,349,733
74.89155,153,1290,-1738,531,4279,-140,349,732
74.89205,153,1290,-1738,531,4273,-141,349,733
74.89255,153,1290,-1738,531,4273,-141,350,732
74.89305,153,1290,-1738,532,4269,-141,350,733
74.89355,154,1290,-1738,531,4274,-141,349,733
74.89405,153,1290,-1738,531,4294,-140,349,733
74.89455,153,1290,-1737,529,4319,-140,349,733
74.89505,154,1290,-1737,528,4313,-141,349,732
74.89555,153,1290,-1737,528,4303,-141,350,733
74.89605,153,1290,-1737,528,4277,-141,349,732
74.89655,153,1290,-1737,529,4250,-141,350,732
74.89705,153,1290,-1737,529,4245,-141,349,732
74.89755,153,1290,-1737,529,4249,-141,349,732
74.89805,153,1290,-1737,530,4254,-141,350,732
74.89855,153,1290,-1737,530,4264,-141,350,732
74.89905,154,1290,-1737,530,4269,-141,350,733
74.89955,154,1290,-1737,531,4273,-141,350,733
74.90005,153,1290,-1738,530,4269,-140,350,732
74.90055,153,1290,-1737,530,4267,-141,350,732
74.90105,153,1290,-1738,530,4273,-141,350,732
74.90155,153,1290,-1738,531,4279,-141,351,732
74.90205,154,1290,-1737,531,4280,-141,350,732
74.90255,153,1290,-1738,530,4281,-141,351,732
74.90305,153,1290,-1738,530,4280,-140,350,732
74.90355,154,1290,-1738,530,4280,-141,351,732
74.90415,154,1290,-1737,530,4304,-141,350,733
74.90465,153,1290,-1737,530,4328,-141,349,733
74.90515,153,1290,-1737,529,4320,-140,349,733
74.90565,153,1290,-1737,529,4309,-141,349,732
74.90615,153,1290,-1737,529,4280,-141,349,733
74.90665,154,1290,-1737,529,4265,-141,349,733
74.90715,153,1290,-1737,530,4260,-141,349,733
74.907646,153,1290,-1737,530,4261,-140,349,732
74.90815,153,1290,-1737,530,4265,-141,348,733
74.90865,153,1290,-1737,530,4275,-140,348,733
74.90915,153,1290,-1738,530,4274,-141,349,733
74.90965,153,1290,-1738,530,4273,-141,349,732
74.91015,153,1290,-1737,530,4277,-141,349,733
74.91065,153,1290,-1738,530,4285,-141,349,732
74.91115,153,1290,-1737,530,4282,-141,348,733
74.91165,153,1290,-1737,530,4284,-141,349,733
74.91215,153,1290,-1737,530,4280,-141,349,733
74.91265,153,1290,-1737,530,4278,-141,349,733
74.91315,153,1290,-1737,530,4278,-141,349,733
74.91365,153,1290,-1737,531,4275,-140,349,733
74.91415,153,1290,-1738,531,4300,-140,348,733
74.91465,153,1290,-1737,531,4320,-140,348,733
74.91515,153,1290,-1737,531,4311,-141,349,733
74.91565,153,1291,-1737,531,4298,-141,349,732
74.91615,153,1290,-1737,531,4267,-141,348,732
74.91665,153,1290,-1737,531,4254,-141,349,732
74.91715,153,1290,-1737,531,4250,-140,348,732
74.91765,153,1290,-1737,531,4254,-141,348,733
74.91815,153,1290,-1738,530,4261,-140,348,733
74.91865,154,1290,-1737,530,4263,-140,348,733
74.91915,153,1290,-1738,528,4267,-140,348,733
74.91965,154,1290,-1737,528,4273,-141,348,732
74.92015,153,1290,-1738,528,4277,-141,348,732
74.92065,153,1290,-1737,528,4283,-140,348,732
74.92115,153,1290,-1737,529,4285,-141,348,733
74.92165,153,1290,-1738,530,4285,-141,348,732
74.92215,154,1290,-1738,531,4282,-141,348,732
74.92265,153,1290,-1739,532,4286,-141,348,732
74.92315,154,1290,-1739,532,4287,-140,349,732
74.92365,153,1290,-1739,532,4286,-140,349,732
74.92415,154,1290,-1738,532,4314,-140,349,733
74.92465,153,1290,-1738,531,4328,-141,348,732
74.92515,153,1290,-1738,531,4317,-141,349,732
74.92565,153,1290,-1738,531,4308,-141,349,732
74.92615,153,1290,-1738,531,4275,-141,350,732
74.92665,153,1290,-1738,530,4259,-140,349,732
74.92715,153,1290,-1737,530,4257,-140,350,732
74.92765,153,1290,-1738,531,4259,-141,350,732
74.92815,153,1290,-1737,531,4265,-141,350,732
74.92865,153,1290,-1737,532,4270,-140,350,732
74.92915,153,1290,-1736,532,4272,-141,350,732
74.92965,153,1290,-1737,532,4275,-140,350,732
74.93015,153,1290,-1737,531,4276,-140,350,732
74.93065,153,1290,-1737,530,4275,-140,350,732
74.93115,154,1290,-1737,528,4274,-141,350,732
74.93165,153,1290,-1737,527,4273,-141,350,732
74.93215,153,1290,-1736,527,4272,-141,349,732
74.93265,153,1290,-1736,528,4269,-141,350,732
74.93315,153,1290,-1737,528,4271,-141,349,732
74.93365,153,1290,-1737,529,4276,-140,350,732
74.93415,153,1290,-1737,530,4308,-141,349,733
74.93465,153,1290,-1737,529,4320,-140,349,733
74.93515,153,1290,-1737,529,4307,-141,349,732
74.93565,153,1290,-1737,529,4291,-140,350,732
74.93615,153,1290,-1737,529,4264,-141,349,732
74.93665,153,1290,-1737,529,4252,-141,349,732
74.93715,153,1290,-1737,530,4248,-141,349,732
74.93765,153,1290,-1737,530,4254,-141,350,732
74.93815,154,1290,-1737,530,4262,-140,350,732
74.93865,153,1290,-1737,530,4271,-141,350,732
74.93915,153,1290,-1737,530,4276,-140,349,732
74.93965,153,1290,-1737,530,4280,-141,350,732
74.94015,153,1290,-1737,530,4279,-141,350,733
74.94065,153,1290,-1737,530,4276,-141,350,732
74.94115,153,1290,-1737,530,4273,-141,350,732
74.94165,153,1290,-1737,530,4279,-140,349,733
74.94215,153,1290,-1737,530,4280,-140,350,732
74.94265,153,1290,-1737,530,4275,-140,349,732
74.94315,153,1290,-1737,530,4278,-140,350,732
74.94365,153,1290,-1737,530,4282,-140,350,733
74.94415,153,1290,-1738,530,4315,-140,349,733
74.94465,153,1290,-1737,530,4318,-140,350,732
74.94515,153,1290,-1737,529,4310,-140,350,733
74.94565,153,1290,-1737,529,4295,-140,350,732
74.94615,153,1290,-1737,530,4259,-140,350,732
74.94665,153,1290,-1737,529,4252,-140,350,732
74.94715,153,1290,-1737,530,4253,-140,350,732
74.94765,153,1290,-1737,530,4257,-140,349,732
74.94815,153,1290,-1737,530,4258,-140,349,732
74.94865,153,1290,-1737,530,4263,-140,349,732
74.94915,153,1290,-1737,530,4266,-140,349,732
74.94965,153,1290,-1738,530,4268,-140,349,732
74.95015,153,1290,-1738,530,4272,-140,349,732
74.95065,153,1290,-1738,530,4276,-140,350,732
74.95115,153,1290,-1737,530,4276,-140,349,732
74.95165,153,1290,-1738,530,4277,-140,349,732
74.95215,153,1290,-1737,530,4277,-140,350,732
74.95265,153,1290,-1737,531,4278,-140,349,732
74.95315,153,1290,-1737,530,4278,-140,350,732
74.95365,153,1290,-1737,530,4282,-140,349,732
74.95415,153,1290,-1737,531,4317,-140,349,733
74.95465,153,1290,-1737,530,4322,-140,349,732
74.95515,153,1290,-1737,530,4311,-140,350,732
74.95565,153,1290,-1737,529,4294,-141,350,732
74.95615,153,1290,-1738,529,4266,-141,350,732
74.95665,153,1290,-1738,530,4255,-140,350,732
74.95715,153,1290,-1738,529,4251,-140,349,732
74.95765,153,1290,-1738,530,4254,-140,350,732
74.95815,154,1290,-1737,529,4261,-140,350,732
74.95865,153,1290,-1737,529,4268,-141,349,732
74.95915,153,1290,-1737,529,4271,-140,350,732
74.95965,153,1290,-1736,529,4275,-140,350,732
74.96015,153,1290,-1737,529,4276,-140,349,732
74.96065,154,1290,-1737,530,4275,-140,349,732
74.96115,153,1290,-1737,530,4275,-140,349,733
74.96165,153,1290,-1737,530,4275,-140,349,732
74.96215,153,1290,-1737,531,4271,-140,350,732
74.96265,154,1290,-1737,530,4275,-140,349,732
74.96315,153,1290,-1737,530,4274,-140,350,732
74.96365,153,1290,-1737,530,4279,-140,349,732
74.96415,153,1290,-1737,530,4312,-140,349,732
74.96465,154,1290,-1737,530,4313,-140,349,732
74.96525,154,1290,-1738,530,4306,-140,349,733
74.96575,153,1290,-1738,530,4285,-140,350,732
74.96625,153,1290,-1737,529,4251,-140,350,732
74.96675,154,1290,-1737,529,4248,-140,349,732
74.96725,154,1290,-1737,529,4253,-140,349,732
74.96775,154,1290,-1737,530,4258,-140,350,732
74.96825,154,1290,-1737,530,4258,-140,349,732
74.96875,154,1290,-1737,530,4264,-140,349,732
74.96925,153,1290,-1738,530,4267,-140,349,732
74.96975,153,1290,-1738,530,4270,-140,350,732
74.97025,154,1290,-1738,530,4273,-141,350,733
74.97075,153,1290,-1738,530,4275,-140,349,732
74.97125,154,1290,-1738,530,4272,-141,350,732
74.97175,154,1290,-1737,530,4278,-140,349,732
74.97225,154,1290,-1738,530,4278,-140,350,732
74.97275,154,1290,-1737,531,4277,-140,349,733
74.97325,154,1290,-1736,530,4278,-140,350,732
74.97375,154,1290,-1736,531,4285,-141,349,732
74.97425,153,1290,-1736,530,4322,-140,349,732
74.97475,153,1290,-1737,529,4323,-140,349,733
74.97525,153,1291,-1738,530,4311,-140,349,732
74.97575,152,1290,-1738,530,4281,-140,350,732
74.97625,153,1291,-1738,530,4255,-141,350,732
74.97675,153,1290,-1738,530,4249,-140,350,732
74.97725,153,1290,-1738,529,4246,-141,349,732
74.97775,153,1290,-1738,529,4252,-140,349,733
74.97825,153,1290,-1738,529,4256,-141,349,732
74.97875,153,1290,-1738,530,4259,-140,349,732
74.97925,153,1290,-1737,529,4267,-141,350,732
74.97975,153,1290,-1736,530,4271,-140,350,732
74.98025,153,1290,-1736,530,4268,-140,350,732
74.98075,153,1291,-1736,529,4265,-141,350,733
74.98125,153,1290,-1737,530,4266,-140,349,732
74.98175,153,1290,-1737,530,4264,-140,350,732
74.98225,153,1290,-1737,530,4268,-141,350,733
74.98275,153,1290,-1737,530,4269,-140,349,733
74.98325,153,1290,-1737,530,4264,-141,349,732
74.98375,153,1290,-1737,529,4275,-140,349,733
74.98425,153,1290,-1737,529,4314,-140,349,732
74.98475,153,1290,-1737,529,4312,-141,349,732
74.98525,153,1290,-1737,529,4307,-141,349,732
74.98575,153,1290,-1737,529,4282,-141,350,732
74.98625,153,1290,-1737,530,4254,-141,350,732
74.98675,153,1290,-1737,530,4248,-141,350,732
74.98725,153,1290,-1737,530,4251,-141,350,732
74.98775,153,1290,-1737,530,4257,-140,350,733
74.98825,153,1290,-1738,530,4260,-141,350,733
74.98875,153,1290,-1737,530,4259,-140,349,732
74.98925,153,1290,-1737,530,4263,-141,349,732
74.98975,153,1290,-1737,530,4270,-140,350,732
74.99025,153,1290,-1737,531,4274,-141,350,733
74.99075,153,1290,-1737,531,4277,-140,349,732
74.99125,153,1290,-1737,531,4272,-141,350,732
74.99175,153,1290,-1737,531,4274,-141,350,732
74.99225,153,1290,-1738,532,4274,-140,349,732
74.99275,153,1290,-1738,532,4273,-141,349,732
74.99325,153,1290,-1737,531,4270,-141,349,732
74.99375,153,1290,-1737,530,4281,-141,349,732
74.99425,153,1290,-1737,530,4313,-140,349,733
74.99475,153,1290,-1737,529,4310,-140,349,732
74.99525,153,1290,-1737,529,4296,-141,349,732
74.99575,153,1290,-1737,528,4271,-141,350,732
74.99625,153,1290,-1737,528,4246,-141,349,732
74.99675,153,1290,-1737,528,4239,-140,350,732
74.99725,153,1290,-1737,529,4235,-141,349,733
74.99775,153,1290,-1738,529,4240,-141,349,733
74.99825,153,1290,-1737,529,4239,-141,349,733
74.99875,153,1290,-1737,529,4244,-140,349,733
74.99925,153,1290,-1736,529,4250,-140,350,732
74.99975,153,1290,-1737,530,4256,-141,349,732
75.00025,153,1290,-1737,530,4265,-141,349,732
75.00075,153,1290,-1737,530,4267,-141,350,733
75.00125,153,1290,-1738,531,4265,-141,349,732
75.00175,153,1290,-1738,532,4262,-141,350,733
75.00225,153,1290,-1738,531,4264,-141,349,732
75.00275,153,1290,-1738,530,4262,-141,349,732
75.00325,153,1290,-1737,529,4264,-141,349,732
75.00375,154,1290,-1737,528,4279,-141,349,733
75.00425,154,1290,-1737,528,4309,-141,349,733
75.00475,153,1290,-1737,528,4304,-141,349,733
75.00525,153,1290,-1737,528,4298,-141,349,732
75.00575,153,1290,-1736,528,4273,-141,350,732
75.00625,153,1291,-1736,529,4252,-141,350,732
75.00675,153,1290,-1736,529,4249,-141,349,732
75.00725,153,1290,-1736,529,4251,-141,350,732
75.00775,153,1290,-1736,529,4256,-141,349,733
75.00825,153,1291,-1737,529,4256,-141,349,733
75.00875,153,1290,-1737,529,4250,-140,349,733
75.00925,153,1290,-1738,529,4253,-141,349,733
75.00975,153,1290,-1739,529,4255,-141,350,733
75.01025,153,1290,-1740,530,4258,-141,350,733
75.01075,153,1290,-1738,531,4260,-141,350,732
75.01125,153,1290,-1737,531,4261,-141,350,732
75.01175,153,1290,-1736,532,4265,-141,349,732
75.01225,153,1290,-1737,531,4262,-141,350,732
75.01275,153,1290,-1737,532,4260,-141,349,732
75.01325,153,1290,-1737,532,4260,-141,350,732
75.01375,153,1290,-1737,532,4276,-140,350,732
75.01425,153,1290,-1738,531,4303,-141,350,732
75.01475,154,1290,-1738,530,4298,-141,350,732
75.01525,153,1290,-1738,531,4287,-140,351,732
75.01575,153,1291,-1738,531,4257,-141,351,732
75.01625,153,1291,-1738,531,4233,-140,351,732
75.01675,153,1290,-1738,529,4228,-141,351,732
75.01725,153,1290,-1738,528,4227,-141,351,732
75.01775,153,1290,-1738,527,4234,-141,351,732
75.01825,153,1290,-1737,527,4239,-141,351,732
75.01875,153,1290,-1736,528,4246,-141,351,732
75.01925,153,1290,-1736,528,4252,-141,350,732
75.01975,153,1290,-1736,528,4255,-140,350,732
75.02025,153,1290,-1736,528,4253,-141,350,732
75.02075,153,1290,-1736,529,4254,-141,349,732
75.02125,153,1290,-1736,528,4258,-141,349,732
75.02175,153,1290,-1736,528,4260,-141,348,732
75.02225,153,1290,-1736,528,4261,-141,348,732
75.02275,153,1290,-1736,528,4262,-141,348,732
75.02325,153,1290,-1736,528,4260,-141,348,732
75.02375,153,1290,-1736,530,4281,-141,348,732
75.02425,153,1290,-1737,529,4307,-141,348,732
75.02475,153,1290,-1737,529,4302,-141,348,732
75.02525,153,1291,-1737,530,4290,-141,349,733
75.02575,153,1290,-1737,530,4256,-141,349,733
75.02635,154,1290,-1737,531,4229,-141,349,733
75.02685,153,1290,-1737,530,4225,-141,349,733
75.02735,153,1290,-1737,530,4229,-141,348,733
75.02785,153,1290,-1737,530,4237,-141,348,733
75.02835,153,1290,-1737,530,4240,-141,349,733
75.02885,153,1290,-1737,529,4240,-141,349,733
75.02935,153,1290,-1737,530,4246,-141,349,733
75.02985,153,1290,-1737,530,4246,-141,349,733
75.03035,153,1291,-1737,530,4246,-141,350,733
75.03085,153,1290,-1738,530,4249,-141,350,733
75.03135,153,1290,-1738,530,4250,-141,350,733
75.03185,153,1291,-1738,531,4251,-141,349,733
75.03235,153,1290,-1739,531,4251,-141,349,733
75.03285,153,1291,-1738,531,4251,-141,350,733
75.03335,153,1291,-1738,530,4251,-141,349,732
75.03385,153,1290,-1738,530,4275,-141,348,733
75.03435,153,1290,-1738,529,4303,-141,348,733
75.03485,153,1290,-1737,528,4294,-141,348,732
75.03535,153,1291,-1736,528,4281,-141,348,733
75.03585,153,1290,-1735,528,4252,-141,349,732
75.03635,153,1291,-1736,529,4230,-141,349,732
75.03685,153,1290,-1736,529,4231,-141,349,733
75.03735,153,1290,-1736,529,4231,-141,349,732
75.03785,153,1290,-1737,529,4234,-141,349,732
75.03835,153,1290,-1737,530,4243,-141,349,733
75.03885,153,1291,-1737,530,4248,-141,349,733
75.03935,153,1290,-1737,530,4249,-141,349,733
75.03985,153,1291,-1737,530,4251,-141,349,733
75.04035,153,1290,-1737,529,4256,-141,349,733
75.04085,153,1290,-1736,530,4257,-141,349,733
75.04135,153,1290,-1736,529,4256,-141,350,733
75.04185,153,1290,-1737,529,4254,-141,349,733
75.04235,153,1290,-1737,529,4253,-141,349,733
75.04285,153,1290,-1738,529,4253,-141,349,733
75.04335,153,1291,-1738,529,4251,-141,349,733
75.04385,153,1290,-1738,530,4277,-141,349,733
75.04435,153,1290,-1738,530,4297,-141,349,733
75.04485,153,1290,-1738,530,4292,-141,349,733
75.04535,153,1291,-1738,530,4283,-141,349,733
75.04585,153,1291,-1738,529,4251,-141,350,733
75.04635,153,1290,-1738,529,4231,-141,350,733
75.04685,154,1291,-1737,529,4229,-141,349,733
75.04735,153,1291,-1737,529,4232,-140,349,733
75.04785,153,1290,-1736,529,4239,-141,349,733
75.04835,153,1290,-1736,529,4239,-141,349,733
75.04885,153,1291,-1737,530,4240,-141,349,733
75.04935,153,1290,-1736,530,4245,-141,350,733
75.04985,153,1290,-1736,531,4248,-141,349,733
75.05035,153,1290,-1737,531,4252,-141,349,733
75.05085,153,1291,-1737,531,4256,-141,349,733
75.05135,153,1290,-1737,531,4257,-141,349,733
75.05185,153,1291,-1737,531,4256,-141,349,733
75.05235,153,1291,-1737,531,4254,-141,349,733
75.05285,153,1290,-1737,531,4255,-141,349,733
75.05335,153,1290,-1736,531,4258,-141,349,733
75.05385,153,1291,-1736,531,4288,-141,349,733
75.05435,153,1291,-1736,530,4307,-141,349,733
75.05485,153,1291,-1737,529,4303,-141,349,733
75.05535,153,1291,-1737,528,4290,-141,349,733
75.05585,153,1291,-1738,528,4255,-141,350,732
75.05635,153,1290,-1737,529,4241,-141,350,733
75.05685,153,1291,-1737,529,4243,-141,350,732
75.05735,153,1291,-1737,529,4240,-141,349,733
75.05785,153,1290,-1737,529,4248,-141,350,733
75.05835,153,1291,-1737,530,4248,-141,350,733
75.05885,153,1291,-1737,530,4249,-141,349,733
75.05935,153,1290,-1737,530,4255,-141,349,733
75.05985,153,1291,-1737,529,4258,-141,349,733
75.06035,154,1291,-1737,530,4257,-141,349,733
75.06085,153,1291,-1737,529,4260,-141,349,733
75.06135,153,1290,-1737,530,4263,-141,349,733
75.06185,153,1291,-1737,530,4263,-141,349,732
75.06235,153,1291,-1736,530,4264,-141,349,733
75.06285,153,1290,-1737,530,4267,-141,349,733
75.06335,154,1290,-1737,530,4263,-141,349,733
75.06385,153,1290,-1736,529,4293,-141,348,733
75.06435,153,1290,-1736,530,4306,-141,349,733
75.06485,153,1290,-1736,530,4300,-141,349,733
75.06535,153,1291,-1737,530,4283,-141,349,733
75.06585,153,1291,-1737,529,4250,-141,349,733
75.06635,153,1290,-1738,530,4238,-141,350,733
75.06685,153,1291,-1738,530,4240,-141,349,733
75.06735,152,1291,-1738,530,4245,-141,349,733
75.06785,153,1291,-1737,531,4253,-141,349,733
75.06835,152,1291,-1737,532,4255,-141,349,733
75.06885,153,1291,-1737,533,4254,-141,349,733
75.06935,153,1290,-1738,533,4260,-141,349,733
75.06985,153,1290,-1739,533,4263,-141,350,733
75.07035,153,1291,-1739,534,4265,-141,349,733
75.07085,153,1291,-1739,533,4270,-141,349,733
75.07135,153,1291,-1738,533,4272,-141,350,733
75.07185,153,1291,-1738,531,4274,-141,349,732
75.07235,153,1291,-1736,529,4275,-141,349,733
75.07285,153,1291,-1736,528,4279,-141,349,733
75.07335,153,1291,-1735,526,4278,-141,349,733
75.07385,153,1291,-1735,527,4310,-141,348,734
75.07435,153,1291,-1736,527,4319,-140,349,733
75.07485,153,1290,-1736,528,4315,-141,349,733
75.07535,153,1290,-1737,528,4291,-141,349,733
75.07585,153,1291,-1737,529,4254,-141,349,733
75.07635,153,1291,-1737,530,4243,-141,349,733
75.07685,153,1291,-1737,530,4244,-140,349,733
75.07735,153,1290,-1738,529,4245,-141,349,733
75.07785,153,1291,-1738,530,4251,-140,349,733
75.07835,153,1290,-1738,530,4255,-141,349,733
75.07885,153,1291,-1738,530,4259,-141,349,733
75.07935,153,1291,-1737,530,4264,-141,349,733
75.07985,153,1291,-1736,530,4267,-141,349,733
75.08035,153,1291,-1736,530,4269,-141,349,733
75.08085,153,1291,-1736,530,4268,-141,349,733
75.08135,153,1291,-1736,529,4267,-141,350,733
75.08185,153,1291,-1737,530,4267,-141,349,733
75.08235,153,1291,-1737,530,4267,-141,350,733
75.08285,153,1291,-1737,530,4269,-141,349,733
75.08335,153,1291,-1737,530,4274,-140,349,733
75.08385,153,1291,-1737,530,4309,-141,349,733
75.08435,152,1291,-1737,530,4313,-141,349,733
75.08485,153,1291,-1737,530,4309,-141,348,733
75.08535,153,1291,-1737,529,4290,-141,349,733
75.08585,153,1291,-1736,529,4259,-141,349,733
75.08635,153,1291,-1736,529,4251,-140,348,733
75.08685,153,1291,-1736,530,4253,-140,348,733
75.08745,153,1291,-1737,530,4260,-141,348,733
75.08795,153,1291,-1737,530,4266,-141,348,733
75.08845,153,1291,-1737,530,4267,-141,348,733
75.08895,153,1291,-1737,530,4270,-141,348,733
75.08945,153,1291,-1737,531,4275,-141,348,733
75.08995,153,1291,-1737,531,4277,-140,348,733
75.09045,153,1291,-1736,530,4280,-141,348,733
75.09095,153,1291,-1736,531,4282,-141,348,733
75.09145,153,1291,-1737,531,4281,-140,349,733
75.09195,153,1291,-1738,531,4277,-140,348,733
75.09245,153,1290,-1739,531,4274,-140,349,733
75.09295,153,1291,-1739,532,4274,-141,349,733
75.09345,153,1291,-1739,531,4283,-141,349,733
75.09395,153,1291,-1738,531,4318,-140,348,733
75.09445,153,1291,-1738,529,4320,-141,349,733
75.09495,153,1291,-1737,528,4313,-140,349,733
75.09545,153,1290,-1737,528,4289,-141,349,733
75.09595,153,1291,-1735,529,4255,-141,350,733
75.09645,153,1290,-1735,530,4247,-141,350,733
75.09695,153,1291,-1735,530,4247,-140,350,733
75.09745,153,1290,-1736,530,4247,-141,350,733
75.097946,153,1291,-1736,530,4251,-141,350,733
75.09845,153,1291,-1737,530,4254,-140,350,733
75.09895,153,1291,-1737,530,4260,-141,350,733
75.09945,153,1291,-1737,530,4265,-140,350,733
75.09995,153,1290,-1737,530,4268,-141,350,733
75.10045,153,1290,-1737,530,4268,-141,350,733
75.10095,153,1291,-1737,530,4271,-141,350,733
75.10145,153,1291,-1736,531,4274,-141,350,733
75.10195,153,1291,-1737,531,4274,-141,350,733
75.10245,153,1291,-1738,532,4275,-141,350,733
75.10295,153,1291,-1739,533,4274,-141,350,733
75.10345,153,1291,-1739,534,4283,-141,350,733
75.10395,153,1291,-1739,534,4319,-141,349,733
75.10445,153,1290,-1740,533,4321,-141,350,733
75.10495,153,1291,-1739,530,4315,-141,350,733
75.10545,153,1291,-1739,528,4291,-141,350,733
75.10595,153,1291,-1737,528,4262,-141,350,733
75.10645,153,1291,-1734,529,4256,-141,349,733
75.10695,153,1291,-1733,530,4258,-141,349,733
75.10745,153,1290,-1735,531,4264,-140,350,733
75.10795,153,1291,-1736,531,4267,-140,350,733
75.10845,153,1291,-1736,530,4267,-141,350,733
75.10895,153,1291,-1736,531,4264,-140,350,733
75.10945,153,1291,-1737,531,4268,-141,350,733
75.10995,153,1291,-1737,531,4270,-141,350,733
75.11045,153,1291,-1737,529,4271,-140,350,733
75.11095,153,1291,-1736,529,4274,-140,350,733
75.11145,153,1291,-1736,529,4276,-140,351,733
75.11195,153,1291,-1736,529,4276,-141,350,733
75.11245,153,1291,-1736,529,4274,-141,351,733
75.11295,153,1291,-1737,530,4273,-141,351,733
75.11345,153,1291,-1737,531,4280,-141,351,733
75.11395,153,1291,-1737,531,4313,-141,351,733
75.11445,153,1291,-1737,530,4312,-140,351,733
75.11495,153,1291,-1737,529,4304,-140,351,733
75.11545,153,1291,-1737,528,4277,-140,351,733
75.11595,153,1291,-1737,528,4247,-140,351,733
75.11645,153,1291,-1737,528,4242,-140,350,733
75.11695,153,1291,-1736,528,4244,-140,350,733
75.11745,153,1291,-1736,529,4247,-141,349,733
75.11795,153,1291,-1736,529,4251,-140,349,733
75.11845,153,1291,-1736,529,4253,-140,349,733
75.11895,153,1291,-1736,529,4259,-141,348,733
75.11945,153,1291,-1736,529,4264,-140,349,733
75.11995,153,1290,-1736,530,4268,-140,349,733
75.12045,153,1291,-1736,530,4272,-141,348,733
75.12095,153,1291,-1737,530,4272,-140,349,733
75.12145,153,1291,-1737,530,4274,-140,348,733
75.12195,153,1290,-1737,529,4275,-141,349,733
75.12245,153,1291,-1738,530,4275,-141,349,733
75.12295,153,1291,-1737,530,4274,-140,349,733
75.12345,153,1291,-1737,530,4285,-140,348,733
75.12395,153,1291,-1737,530,4316,-141,349,733
75.12445,153,1291,-1737,530,4313,-140,349,733
75.12495,153,1291,-1737,530,4307,-141,349,733
75.12545,153,1290,-1737,530,4279,-141,350,733
75.12595,153,1291,-1736,529,4250,-141,349,733
75.12645,153,1291,-1737,530,4244,-141,349,733
75.12695,153,1291,-1737,530,4246,-140,349,733
75.12745,153,1291,-1736,530,4252,-141,349,733
75.12795,153,1291,-1735,530,4256,-140,349,733
75.12845,153,1291,-1735,529,4255,-140,349,733
75.12895,153,1291,-1736,530,4257,-140,349,733
75.12945,153,1291,-1736,530,4260,-140,349,733
75.12995,153,1291,-1736,529,4260,-140,349,733
75.13045,153,1291,-1736,529,4261,-141,349,733
75.13095,153,1291,-1737,530,4262,-141,349,733
75.13145,153,1291,-1737,530,4261,-141,350,733
75.13195,153,1291,-1737,530,4258,-141,349,732
75.13245,153,1291,-1737,530,4258,-141,349,733
75.13295,153,1291,-1736,530,4265,-141,349,733
75.13345,153,1291,-1736,530,4276,-141,348,733
75.13395,153,1291,-1736,530,4307,-140,348,733
75.13445,153,1291,-1736,529,4305,-141,349,733
75.13495,153,1291,-1736,530,4297,-141,349,733
75.13545,153,1291,-1737,530,4270,-141,349,732
75.13595,153,1291,-1737,530,4241,-141,350,733
75.13645,153,1291,-1737,531,4242,-140,350,733
75.13695,153,1291,-1737,531,4240,-141,350,733
75.13745,153,1291,-1737,531,4240,-141,349,733
75.13795,153,1291,-1737,531,4246,-141,349,733
75.13845,153,1291,-1737,531,4250,-141,349,733
75.13895,153,1291,-1737,531,4257,-141,349,733
75.13945,153,1291,-1737,531,4263,-141,349,733
75.13995,153,1291,-1736,530,4265,-141,349,733
75.14045,153,1291,-1737,529,4263,-140,349,733
75.14095,153,1291,-1736,528,4266,-140,349,733
75.14145,153,1291,-1736,528,4268,-140,349,733
75.14195,153,1291,-1736,528,4266,-141,349,733
75.14245,153,1291,-1737,529,4265,-141,349,733
75.14295,153,1291,-1736,529,4262,-140,349,733
75.14345,153,1291,-1737,530,4278,-140,349,733
75.14395,153,1291,-1737,530,4308,-140,349,732
75.14445,153,1291,-1737,529,4305,-141,349,732
75.14495,153,1291,-1737,530,4300,-141,349,733
75.14545,153,1291,-1736,529,4271,-141,349,732
75.14595,153,1291,-1736,530,4240,-141,349,733
75.14645,153,1291,-1736,530,4237,-140,350,732
75.14695,153,1291,-1736,529,4237,-140,349,732
75.14745,153,1291,-1736,530,4245,-140,349,733
75.14805,153,1291,-1736,530,4248,-140,350,733
75.14855,153,1291,-1736,530,4243,-141,349,732
75.14905,153,1291,-1736,530,4241,-141,349,733
75.14955,153,1291,-1736,531,4251,-141,349,733
75.15005,153,1291,-1737,531,4250,-141,350,733
75.15055,153,1291,-1737,531,4251,-141,349,733
75.15105,153,1291,-1737,531,4255,-141,349,733
75.15155,153,1291,-1737,531,4258,-141,349,733
75.15205,153,1291,-1737,531,4258,-141,349,733
75.15255,153,1291,-1737,531,4258,-141,349,733
75.15305,153,1291,-1737,530,4257,-141,349,733
75.15355,153,1291,-1737,530,4277,-141,349,733
75.15405,153,1291,-1737,530,4305,-141,349,733
75.15455,153,1291,-1738,530,4302,-141,349,733
75.15505,153,1291,-1738,531,4294,-141,350,733
75.15555,153,1291,-1738,530,4264,-141,349,733
75.15605,153,1291,-1738,531,4239,-141,350,733
75.15655,153,1291,-1737,531,4236,-141,350,733
75.15705,152,1291,-1737,531,4239,-141,349,733
75.15755,153,1291,-1736,531,4242,-140,350,733
75.15805,153,1291,-1737,530,4243,-141,349,733
75.15855,153,1291,-1737,530,4244,-141,349,733
75.15905,153,1292,-1736,528,4247,-140,349,733
75.15955,153,1291,-1737,528,4253,-140,349,733
75.16005,153,1291,-1737,528,4256,-141,349,733
75.16055,153,1291,-1737,529,4257,-140,349,733
75.16105,153,1291,-1737,529,4257,-140,349,733
75.16155,153,1291,-1737,530,4257,-141,349,733
75.16205,153,1291,-1736,530,4257,-141,349,733
75.16255,153,1291,-1736,530,4256,-141,349,733
75.16305,153,1291,-1736,530,4253,-141,349,733
75.16355,153,1291,-1736,531,4275,-141,349,733
75.16405,153,1291,-1736,530,4296,-141,349,733
75.16455,153,1291,-1736,530,4290,-141,349,733
75.16505,153,1291,-1736,529,4282,-141,349,733
75.16555,153,1291,-1736,528,4251,-141,349,733
75.16605,153,1291,-1736,528,4230,-140,349,733
75.16655,153,1291,-1737,529,4228,-140,349,733
75.16705,153,1291,-1736,530,4233,-141,349,733
75.16755,153,1291,-1737,530,4241,-141,349,733
75.16805,153,1291,-1737,530,4244,-140,349,733
75.16855,154,1291,-1737,530,4244,-141,349,733
75.16905,154,1291,-1737,530,4246,-141,349,733
75.16955,153,1291,-1737,530,4251,-140,349,733
75.17005,153,1291,-1737,530,4253,-141,349,733
75.17055,154,1291,-1737,530,4257,-141,349,733
75.17105,153,1291,-1737,530,4260,-141,349,733
75.17155,154,1291,-1737,530,4260,-141,349,733
75.17205,154,1291,-1736,530,4259,-141,349,733
75.17255,154,1291,-1737,530,4260,-141,349,733
75.17305,153,1291,-1736,530,4263,-141,349,733
75.17355,153,1291,-1736,530,4289,-141,349,733
75.17405,153,1291,-1736,529,4310,-141,349,733
75.17455,153,1291,-1736,530,4302,-141,349,733
75.17505,153,1291,-1736,530,4289,-141,350,733
75.17555,153,1291,-1736,530,4254,-141,350,733
75.17605,152,1292,-1736,530,4232,-141,350,733
75.17655,152,1292,-1736,530,4230,-140,350,733
75.17705,152,1292,-1736,529,4234,-141,349,733
75.17755,151,1292,-1736,529,4236,-141,350,733
75.17805,152,1292,-1736,529,4239,-140,350,733
75.17855,152,1291,-1736,529,4240,-140,349,733
75.17905,153,1292,-1736,529,4247,-140,350,733
75.17955,153,1291,-1736,530,4250,-141,349,733
75.18005,153,1291,-1736,530,4251,-141,349,733
75.18055,153,1291,-1737,530,4253,-141,349,733
75.18105,153,1291,-1737,530,4253,-141,349,733
75.18155,153,1291,-1737,530,4253,-141,349,733
75.18205,153,1291,-1737,530,4253,-141,349,733
75.18255,153,1291,-1737,530,4253,-141,349,733
75.18305,153,1291,-1737,531,4253,-141,349,733
75.18355,153,1291,-1737,531,4282,-141,349,733
75.18405,153,1291,-1737,530,4301,-141,349,733
75.18455,154,1291,-1737,530,4296,-141,349,733
75.18505,153,1291,-1736,529,4284,-141,349,733
75.18555,153,1291,-1737,529,4252,-141,349,732
75.18605,154,1291,-1736,529,4234,-141,349,733
75.18655,154,1291,-1736,529,4238,-141,349,733
75.18705,154,1291,-1737,529,4239,-141,349,733
75.18755,154,1291,-1736,530,4244,-140,349,733
75.18805,154,1292,-1737,530,4250,-140,349,733
75.18855,153,1291,-1737,530,4254,-141,349,733
75.18905,153,1291,-1737,531,4253,-140,350,733
75.18955,153,1291,-1737,530,4257,-141,350,733
75.19005,153,1292,-1737,530,4260,-141,350,733
75.19055,152,1291,-1737,530,4261,-140,350,734
75.19105,152,1292,-1736,530,4265,-140,350,733
75.19155,151,1292,-1736,530,4270,-141,351,733
75.19205,152,1291,-1736,530,4265,-140,350,733
75.19255,152,1291,-1736,530,4261,-141,351,733
75.19305,152,1291,-1736,530,4261,-140,351,733
75.19355,152,1291,-1736,530,4293,-140,350,733
75.19405,152,1291,-1736,530,4305,-141,351,733
75.19455,153,1291,-1736,530,4301,-140,351,733
75.19505,152,1291,-1736,530,4286,-141,350,732
75.19555,153,1291,-1736,530,4251,-141,350,732
75.19605,153,1291,-1736,530,4239,-141,350,733
75.19655,152,1292,-1736,530,4237,-141,349,733
75.19705,153,1291,-1736,531,4235,-141,349,733
75.19755,153,1292,-1736,530,4235,-141,349,733
75.19805,153,1292,-1736,530,4235,-141,349,733
75.19855,152,1291,-1735,529,4238,-141,348,733
75.19905,152,1292,-1736,529,4244,-141,348,733
75.19955,153,1291,-1736,529,4251,-141,348,733
75.20005,152,1291,-1736,529,4256,-141,348,733
75.20055,153,1291,-1737,529,4259,-141,348,733
75.20105,153,1291,-1737,529,4260,-141,348,733
75.20155,153,1292,-1737,530,4261,-141,349,733
75.20205,153,1291,-1737,530,4261,-141,348,733
75.20255,152,1291,-1737,531,4262,-141,349,733
75.20305,153,1291,-1737,530,4265,-141,349,733
75.20355,152,1291,-1737,530,4300,-141,348,733
75.20405,152,1291,-1737,530,4306,-141,349,733
75.20455,153,1291,-1737,530,4303,-141,349,733
75.20505,152,1291,-1737,530,4290,-141,349,733
75.20555,152,1291,-1737,530,4257,-141,349,733
75.20605,153,1291,-1737,530,4246,-141,349,733
75.20655,153,1292,-1736,529,4246,-141,349,733
75.20705,152,1292,-1736,529,4251,-141,349,733
75.20755,153,1291,-1736,529,4257,-141,349,733
75.20805,153,1292,-1736,530,4258,-141,349,733
75.20855,153,1291,-1736,530,4257,-140,349,733
75.20915,153,1291,-1736,530,4257,-140,349,733
75.20965,153,1291,-1736,530,4261,-140,349,733
75.21015,153,1291,-1737,529,4261,-140,349,733
75.21065,153,1291,-1736,529,4264,-141,349,733
75.21115,153,1291,-1736,530,4267,-140,349,733
75.21165,153,1291,-1736,530,4265,-140,349,733
75.21215,153,1291,-1736,530,4262,-141,349,733
75.21265,153,1291,-1736,530,4264,-140,349,733
75.21315,153,1291,-1736,530,4269,-141,349,733
75.21365,153,1291,-1736,530,4303,-141,349,734
75.21415,152,1291,-1736,530,4308,-141,349,733
75.21465,153,1291,-1736,530,4305,-141,349,733
75.21515,153,1291,-1736,530,4281,-141,349,733
75.21565,153,1291,-1736,529,4246,-141,349,733
75.21615,153,1291,-1737,530,4235,-141,349,733
75.21665,153,1291,-1737,529,4237,-141,349,733
75.21715,152,1292,-1737,530,4243,-141,349,733
75.21765,153,1291,-1737,530,4246,-141,349,733
75.21815,152,1291,-1737,530,4247,-141,349,733
75.21865,152,1291,-1736,530,4250,-141,349,733
75.21915,153,1291,-1736,530,4256,-141,349,733
75.21965,153,1291,-1736,530,4261,-141,349,733
75.220146,152,1291,-1736,530,4264,-140,349,733
75.22065,153,1291,-1736,530,4269,-140,349,733
75.22115,153,1291,-1736,530,4271,-140,349,733
75.22165,153,1291,-1736,530,4273,-141,348,733
75.22215,153,1291,-1736,530,4273,-140,349,733
75.22265,153,1291,-1736,530,4274,-140,349,733
75.22315,153,1291,-1736,530,4279,-140,348,733
75.22365,153,1291,-1736,530,4315,-140,348,734
75.22415,153,1291,-1736,530,4319,-141,348,733
75.22465,153,1291,-1736,529,4315,-141,348,733
75.22515,153,1291,-1736,529,4289,-141,348,733
75.22565,153,1291,-1736,529,4255,-141,348,733
75.22615,153,1291,-1736,530,4244,-141,348,733
75.22665,153,1291,-1736,530,4245,-141,348,733
75.22715,153,1291,-1736,530,4251,-140,348,733
75.22765,152,1291,-1737,530,4257,-141,348,733
75.22815,152,1291,-1737,530,4259,-141,348,733
75.22865,153,1291,-1737,530,4261,-141,348,733
75.22915,153,1291,-1737,530,4259,-141,348,733
75.22965,153,1291,-1736,531,4261,-140,348,733
75.23015,153,1291,-1736,531,4263,-140,348,733
75.23065,153,1291,-1737,531,4264,-141,348,733
75.23115,153,1291,-1737,531,4267,-140,349,733
75.23165,153,1291,-1737,531,4269,-140,349,734
75.23215,153,1291,-1736,530,4269,-141,349,733
75.23265,152,1291,-1736,530,4273,-140,349,733
75.23315,152,1292,-1736,529,4277,-140,349,733
75.23365,153,1291,-1736,530,4310,-140,349,733
75.23415,153,1291,-1736,530,4312,-140,349,734
75.23465,152,1291,-1736,530,4306,-141,349,733
75.23515,153,1292,-1736,529,4287,-141,350,733
75.23565,153,1291,-1736,529,4252,-141,350,733
75.23615,153,1292,-1736,529,4242,-141,350,733
75.23665,153,1292,-1736,528,4245,-141,349,733
75.23715,152,1291,-1735,529,4253,-140,349,733
75.23765,152,1291,-1736,529,4255,-141,349,733
75.23815,153,1291,-1736,529,4258,-140,350,733
75.23865,153,1291,-1736,529,4261,-141,349,733
75.23915,153,1291,-1736,529,4268,-140,349,734
75.23965,153,1291,-1736,529,4275,-140,350,733
75.24015,153,1291,-1737,530,4283,-141,350,733
75.24065,153,1292,-1737,530,4280,-140,349,733
75.24115,152,1291,-1737,531,4277,-141,349,733
75.24165,153,1291,-1737,531,4278,-140,349,733
75.24215,153,1291,-1736,531,4277,-141,349,733
75.24265,152,1291,-1736,531,4275,-141,349,734
75.24315,153,1291,-1736,531,4285,-141,349,734
75.24365,153,1291,-1736,531,4321,-140,349,734
75.24415,153,1291,-1736,530,4321,-141,350,733
75.24465,152,1291,-1736,529,4315,-141,349,733
75.24515,153,1292,-1736,528,4287,-141,349,733
75.24565,153,1291,-1736,528,4257,-141,349,733
75.24615,152,1292,-1736,529,4249,-140,349,733
75.24665,153,1292,-1736,529,4250,-141,349,733
75.24715,153,1291,-1736,530,4254,-141,349,733
75.24765,152,1291,-1736,531,4260,-141,350,733
75.24815,152,1291,-1736,531,4263,-141,350,733
75.24865,153,1291,-1736,531,4263,-140,350,733
75.24915,152,1291,-1736,531,4264,-140,350,733
75.24965,153,1291,-1736,531,4269,-140,350,733
75.25015,153,1291,-1736,530,4272,-141,350,733
75.25065,152,1291,-1737,530,4276,-140,350,733
75.25115,152,1292,-1736,530,4278,-141,349,733
75.25165,153,1292,-1736,529,4276,-141,350,734
75.25215,152,1292,-1736,529,4276,-141,350,733
75.25265,153,1292,-1736,529,4282,-140,350,733
75.25315,153,1291,-1736,529,4292,-140,349,733
75.25365,153,1291,-1737,529,4324,-140,349,734
75.25415,152,1292,-1737,529,4324,-141,349,734
75.25465,153,1291,-1736,529,4323,-140,349,733
75.25515,153,1292,-1736,529,4300,-141,349,733
75.25565,153,1292,-1736,529,4265,-141,349,733
75.25615,153,1291,-1736,530,4256,-140,349,733
75.25665,152,1292,-1736,530,4259,-140,349,733
75.25715,153,1291,-1736,530,4265,-141,349,733
75.25765,153,1291,-1736,530,4267,-140,349,733
75.25815,153,1292,-1736,530,4267,-140,349,733
75.25865,152,1291,-1737,530,4267,-141,350,733
75.25915,153,1292,-1737,530,4273,-141,349,733
75.25965,153,1291,-1737,531,4277,-141,350,733
75.26015,153,1291,-1737,530,4279,-140,349,733
75.26065,153,1292,-1737,531,4282,-141,349,733
75.26115,153,1291,-1737,531,4283,-140,350,733
75.26165,152,1291,-1737,530,4284,-141,350,733
75.26215,153,1292,-1736,530,4283,-141,349,733
75.26265,153,1292,-1735,529,4282,-141,349,733
75.26315,152,1291,-1735,529,4292,-141,349,733
75.26365,153,1291,-1735,529,4324,-141,349,733
75.26415,153,1291,-1735,529,4322,-141,349,733
75.26465,153,1291,-1735,529,4314,-141,349,733
75.26515,152,1292,-1736,529,4289,-141,350,733
75.26565,152,1292,-1736,529,4262,-141,350,733
75.26615,153,1292,-1736,530,4255,-141,350,733
75.26665,152,1292,-1736,530,4258,-141,350,733
75.26715,152,1291,-1736,529,4265,-141,350,733
75.26765,152,1292,-1736,529,4271,-141,351,733
75.26815,152,1291,-1736,530,4273,-141,351,733
75.26865,152,1292,-1736,529,4276,-141,351,733
75.26915,152,1292,-1736,529,4274,-141,351,733
75.26965,152,1292,-1736,530,4278,-141,351,733
75.27025,152,1292,-1736,530,4282,-140,351,733
75.27075,153,1291,-1736,530,4284,-140,351,733
75.27125,153,1291,-1736,530,4289,-140,351,733
75.27175,152,1292,-1736,530,4292,-140,350,733
75.27225,153,1291,-1736,530,4292,-140,350,733
75.27275,153,1292,-1736,530,4291,-140,350,733
75.27325,153,1292,-1736,530,4306,-140,349,733
75.27375,153,1292,-1736,529,4336,-140,349,733
75.27425,152,1291,-1736,529,4334,-140,348,733
75.27475,152,1292,-1736,529,4324,-140,348,733
75.27525,153,1292,-1736,529,4294,-140,348,733
75.27575,153,1291,-1736,529,4266,-140,348,733
75.27625,152,1292,-1736,529,4259,-140,348,733
75.27675,153,1291,-1736,530,4263,-140,349,733
75.27725,152,1292,-1736,530,4268,-141,348,733
75.27775,152,1291,-1736,530,4268,-140,348,733
75.27825,152,1292,-1736,529,4269,-140,349,733
75.27875,153,1292,-1736,530,4272,-141,349,733
75.27925,152,1292,-1736,530,4278,-141,349,733
75.27975,152,1291,-1736,529,4282,-141,349,734
75.28025,153,1291,-1736,529,4285,-140,349,733
75.28075,152,1291,-1736,530,4288,-141,349,733
75.28125,152,1292,-1736,530,4284,-141,349,733
75.28175,153,1292,-1736,530,4282,-140,349,733
75.28225,152,1292,-1736,530,4282,-140,349,733
75.28275,153,1292,-1736,529,4281,-141,349,734
75.28325,152,1291,-1736,530,4302,-140,349,734
75.28375,153,1292,-1736,529,4333,-141,349,734
75.28425,153,1292,-1736,529,4331,-141,348,733
75.28475,152,1292,-1735,529,4322,-140,349,733
75.28525,152,1291,-1736,530,4289,-141,349,733
75.28575,152,1291,-1736,530,4265,-140,349,733
75.28625,152,1292,-1736,530,4260,-140,349,733
75.28675,152,1292,-1736,530,4263,-140,349,734
75.28725,152,1291,-1736,529,4272,-140,349,733
75.28775,152,1292,-1736,530,4281,-140,349,733
75.28825,153,1292,-1736,529,4281,-140,349,733
75.28875,153,1292,-1736,529,4280,-140,349,733
75.28925,153,1292,-1736,529,4281,-140,349,734
75.28975,152,1291,-1736,530,4287,-141,349,733
75.29025,153,1291,-1736,529,4292,-140,349,733
75.29075,152,1291,-1736,530,4290,-140,349,733
75.29125,152,1292,-1736,530,4290,-140,349,734
75.29175,152,1292,-1736,530,4286,-141,349,733
75.29225,152,1292,-1736,530,4290,-140,349,734
75.29275,153,1291,-1736,530,4287,-141,349,733
75.29325,152,1292,-1736,530,4311,-140,348,734
75.29375,152,1292,-1735,530,4332,-140,349,734
75.29425,152,1292,-1735,530,4330,-140,349,733
75.29475,152,1291,-1735,530,4320,-140,349,734
75.29525,152,1292,-1736,530,4284,-141,350,733
75.29575,152,1292,-1736,530,4263,-140,350,733
75.29625,152,1291,-1735,530,4254,-141,349,733
75.29675,152,1292,-1736,530,4254,-140,349,733
75.29725,152,1291,-1737,530,4260,-141,349,733
75.29775,152,1292,-1737,530,4259,-140,349,733
75.29825,153,1292,-1737,530,4259,-140,349,733
75.29875,153,1292,-1737,530,4260,-140,349,733
75.29925,152,1292,-1736,529,4266,-140,349,734
75.29975,152,1292,-1736,529,4272,-140,349,733
75.30025,152,1292,-1735,529,4278,-141,349,733
75.30075,152,1292,-1735,529,4278,-141,349,733
75.30125,152,1292,-1736,529,4278,-140,349,733
75.30175,153,1292,-1736,529,4279,-140,349,733
75.30225,152,1292,-1736,530,4279,-140,349,733
75.30275,152,1291,-1736,529,4277,-140,350,733
75.30325,153,1292,-1736,530,4303,-140,349,734
75.30375,152,1292,-1736,530,4327,-140,349,734
75.30425,152,1291,-1736,530,4326,-141,349,733
75.30475,152,1292,-1736,529,4316,-141,349,733
75.30525,152,1291,-1736,529,4280,-141,349,733
75.30575,152,1292,-1736,529,4260,-140,350,733
75.30625,153,1292,-1736,529,4256,-140,349,733
75.30675,153,1292,-1736,530,4258,-140,350,733
75.30725,153,1292,-1736,530,4265,-141,349,733
75.30775,152,1292,-1736,529,4269,-141,350,734
75.30825,153,1292,-1736,530,4270,-140,349,733
75.30875,152,1292,-1736,530,4274,-141,349,733
75.30925,153,1292,-1736,529,4267,-141,350,733
75.30975,152,1292,-1736,529,4267,-141,349,733
75.31025,152,1291,-1736,529,4270,-141,349,734
75.31075,153,1291,-1737,529,4271,-141,349,733
75.31125,153,1292,-1737,529,4279,-141,350,733
75.31175,153,1292,-1737,529,4276,-141,349,733
75.31225,152,1292,-1737,529,4273,-141,349,733
75.31275,153,1291,-1736,530,4271,-141,349,733
75.31325,152,1292,-1736,531,4297,-141,349,733
75.31375,152,1291,-1735,530,4315,-141,349,733
75.31425,153,1292,-1735,529,4308,-141,350,733
75.31475,152,1291,-1736,529,4296,-140,350,733
75.31525,152,1292,-1736,529,4262,-141,350,733
75.31575,153,1292,-1737,530,4241,-140,349,733
75.31625,152,1292,-1737,530,4241,-141,350,733
75.31675,152,1292,-1737,530,4245,-140,349,733
75.31725,152,1291,-1737,529,4249,-140,349,733
75.31775,152,1291,-1737,530,4249,-140,349,733
75.31825,152,1292,-1737,530,4252,-141,349,733
75.31875,153,1291,-1736,530,4256,-140,349,733
75.31925,153,1291,-1735,530,4263,-141,349,733
75.31975,152,1292,-1735,529,4266,-141,349,733
75.32025,152,1292,-1735,530,4269,-140,349,733
75.32075,152,1291,-1735,530,4271,-140,350,733
75.32125,152,1292,-1735,530,4272,-141,349,733
75.32175,153,1292,-1736,530,4273,-140,350,733
75.32225,152,1292,-1736,530,4274,-140,349,733
75.32275,152,1292,-1736,531,4275,-140,349,733
75.32325,152,1292,-1736,531,4306,-140,349,733
75.32375,153,1292,-1736,530,4317,-141,349,733
75.32425,152,1292,-1736,531,4312,-140,349,733
75.32475,152,1292,-1736,530,4299,-141,349,733
75.32525,153,1292,-1736,530,4266,-140,349,733
75.32575,152,1292,-1735,529,4249,-140,349,733
75.32625,152,1291,-1736,529,4245,-141,349,733
75.32675,152,1292,-1736,528,4249,-140,349,733
75.32725,152,1291,-1736,529,4255,-140,349,733
75.32775,152,1291,-1736,529,4257,-141,349,733
75.32825,152,1292,-1736,529,4259,-140,350,733
75.32875,152,1292,-1736,529,4258,-140,349,733
75.32925,152,1292,-1735,529,4260,-140,349,733
75.32975,152,1292,-1736,529,4262,-140,349,733
75.33025,152,1292,-1736,530,4261,-140,349,733
75.33075,152,1292,-1735,530,4263,-140,350,733
75.33135,152,1292,-1736,530,4263,-140,350,733
75.33185,152,1292,-1736,530,4260,-140,350,733
75.33235,153,1292,-1736,530,4262,-140,350,733
75.33285,152,1292,-1736,530,4267,-140,350,733
75.33335,153,1291,-1736,530,4302,-141,350,734
75.33385,152,1292,-1736,530,4311,-141,351,733
75.33435,152,1292,-1736,530,4309,-140,350,733
75.33485,152,1292,-1735,530,4289,-141,351,733
75.33535,153,1292,-1735,529,4255,-140,351,733
75.33585,152,1292,-1736,529,4241,-140,351,733
75.33635,152,1292,-1736,529,4239,-141,351,733
75.33685,152,1292,-1736,530,4244,-140,350,733
75.33735,153,1292,-1736,530,4251,-140,351,733
75.33785,152,1292,-1736,530,4251,-140,351,733
75.33835,152,1292,-1736,530,4252,-140,350,733
75.33885,153,1292,-1736,530,4255,-140,349,733
75.33935,152,1292,-1735,530,4261,-141,350,733
75.33985,152,1291,-1735,530,4266,-141,349,733
75.34035,153,1292,-1735,530,4269,-140,349,733
75.34085,152,1292,-1736,530,4271,-140,349,733
75.34135,152,1292,-1736,530,4272,-140,349,733
75.34185,152,1292,-1736,529,4271,-140,349,733
75.34235,152,1292,-1736,529,4269,-141,349,733
75.34285,152,1292,-1736,529,4272,-140,348,733
75.34335,153,1291,-1736,529,4306,-140,348,733
75.34385,152,1291,-1736,530,4311,-140,349,733
75.34435,153,1292,-1736,530,4304,-141,349,733
75.34485,153,1292,-1737,531,4284,-140,349,733
75.34535,152,1291,-1736,531,4252,-140,349,733
75.34585,152,1292,-1736,531,4241,-141,349,733
75.34635,152,1292,-1736,531,4239,-141,349,733
75.34685,152,1292,-1736,531,4241,-140,349,733
75.34735,153,1291,-1736,531,4246,-141,349,733
75.34785,152,1292,-1736,530,4248,-141,349,733
75.34835,152,1291,-1736,530,4250,-141,349,733
75.34885,152,1292,-1736,530,4252,-141,349,733
75.34935,152,1291,-1736,530,4250,-140,348,733
75.34985,152,1292,-1736,530,4254,-140,349,733
75.35035,153,1292,-1737,529,4258,-140,348,733
75.35085,152,1292,-1736,530,4260,-140,349,733
75.35135,153,1292,-1737,530,4264,-140,348,733
75.35185,152,1291,-1736,530,4266,-140,348,733
75.35235,152,1292,-1736,530,4265,-140,348,733
75.35285,153,1292,-1735,530,4270,-140,348,733
75.35335,152,1292,-1735,529,4305,-140,348,734
75.35385,153,1292,-1735,528,4310,-140,348,733
75.35435,152,1292,-1735,528,4308,-140,348,733
75.35485,152,1292,-1735,528,4284,-140,348,733
75.35535,152,1292,-1735,528,4250,-141,348,733
75.35585,152,1292,-1735,529,4241,-141,349,733
75.35635,152,1292,-1735,529,4243,-140,349,733
75.35685,152,1292,-1735,529,4250,-140,348,733
75.35735,152,1292,-1735,529,4253,-140,349,733
75.35785,152,1292,-1735,529,4251,-140,349,733
75.35835,152,1292,-1736,530,4252,-140,349,733
75.35885,152,1292,-1736,530,4255,-140,349,733
75.35935,152,1292,-1736,530,4260,-140,349,733
75.35985,152,1292,-1736,530,4263,-140,350,733
75.36035,152,1292,-1736,529,4265,-141,349,733
75.36085,153,1292,-1736,529,4265,-140,350,733
75.36135,152,1292,-1736,530,4265,-140,350,733
75.36185,152,1292,-1736,530,4265,-141,350,733
75.36235,152,1292,-1736,530,4264,-141,350,733
75.36285,152,1292,-1736,530,4269,-141,350,733
75.36335,152,1292,-1736,530,4302,-140,349,734
75.36385,152,1292,-1736,530,4305,-141,350,733
75.36435,152,1292,-1736,530,4303,-140,350,733
75.36485,152,1291,-1737,530,4277,-141,350,733
75.36535,152,1292,-1737,529,4246,-140,350,733
75.36585,152,1292,-1737,529,4239,-141,350,733
75.36635,153,1292,-1736,530,4238,-141,350,733
75.36685,152,1292,-1735,529,4245,-141,350,733
75.36735,152,1292,-1735,529,4252,-141,350,733
75.36785,152,1292,-1736,530,4256,-141,349,733
75.36835,152,1292,-1736,530,4258,-140,350,733
75.36885,152,1292,-1736,530,4256,-141,350,733
75.36935,152,1292,-1736,530,4260,-140,350,733
75.36985,152,1292,-1736,530,4263,-141,350,733
75.37035,152,1292,-1736,530,4266,-140,349,733
75.37085,152,1292,-1736,531,4270,-141,350,733
75.37135,152,1292,-1736,531,4270,-140,350,733
75.37185,152,1292,-1736,530,4271,-140,350,733
75.37235,152,1292,-1736,530,4274,-140,350,733
75.37285,153,1292,-1736,530,4286,-140,349,733
75.37335,153,1291,-1736,529,4320,-140,349,733
75.37385,152,1292,-1736,529,4321,-140,350,733
75.37435,152,1291,-1736,529,4313,-141,350,733
75.37485,153,1292,-1736,529,4289,-141,350,734
75.37535,152,1292,-1736,529,4260,-140,350,733
75.37585,152,1292,-1736,530,4255,-141,350,733
75.37635,152,1292,-1735,530,4249,-141,350,733
75.37685,153,1292,-1735,530,4251,-140,350,734
75.37735,152,1292,-1735,530,4259,-140,350,733
75.37785,152,1292,-1735,530,4261,-141,350,733
75.37835,152,1292,-1736,530,4258,-140,350,733
75.37885,152,1291,-1736,530,4257,-140,349,733
75.37935,152,1292,-1736,530,4261,-140,350,733
75.37985,152,1292,-1736,530,4266,-140,349,733
75.38035,152,1292,-1736,531,4266,-140,350,733
75.38085,152,1292,-1736,531,4269,-141,349,733
75.38135,152,1292,-1736,532,4270,-141,350,733
75.38185,152,1292,-1736,532,4270,-141,350,733
75.38235,152,1292,-1736,533,4269,-141,350,733
75.38285,152,1292,-1736,532,4281,-141,350,734
75.38335,152,1292,-1736,531,4316,-141,349,733
75.38385,152,1292,-1736,528,4320,-141,350,733
75.38435,152,1292,-1735,527,4309,-141,349,733
75.38485,152,1292,-1735,526,4281,-141,350,733
75.38535,152,1292,-1735,528,4255,-141,349,733
75.38585,152,1292,-1735,528,4250,-141,349,733
75.38635,152,1292,-1736,529,4251,-141,349,733
75.38685,152,1292,-1736,529,4257,-141,349,733
75.38735,152,1292,-1736,529,4263,-141,349,733
75.38785,152,1292,-1736,529,4265,-141,350,733
75.38835,152,1291,-1736,529,4269,-141,349,733
75.38885,152,1292,-1737,529,4272,-141,349,733
75.38935,152,1292,-1737,530,4270,-141,349,733
75.38985,152,1292,-1737,530,4273,-141,350,733
75.39035,152,1292,-1737,530,4275,-141,349,733
75.39085,152,1292,-1736,530,4276,-141,349,734
75.39135,152,1292,-1736,530,4280,-141,350,733
75.39195,152,1292,-1735,530,4284,-141,349,733
75.39245,152,1292,-1735,529,4278,-141,350,733
75.39295,152,1292,-1734,530,4287,-140,349,733
75.39345,152,1292,-1735,530,4319,-140,350,734
75.39395,152,1292,-1735,530,4317,-140,349,733
75.39445,152,1292,-1736,529,4313,-140,350,733
75.39495,152,1292,-1736,529,4281,-140,350,733
75.39545,152,1292,-1736,528,4251,-140,350,734
75.39595,152,1292,-1735,529,4244,-141,350,733
75.39645,152,1292,-1735,529,4250,-140,350,733
75.39695,152,1292,-1735,529,4252,-141,350,733
75.39745,152,1292,-1735,529,4251,-141,350,733
75.39795,152,1292,-1735,529,4249,-141,350,733
75.39845,152,1292,-1735,530,4251,-141,350,733
75.39895,152,1292,-1735,530,4254,-141,350,733
75.39945,152,1292,-1736,530,4260,-141,350,733
75.39995,152,1292,-1736,530,4265,-141,349,733
75.40045,152,1291,-1736,530,4267,-141,349,733
75.40095,152,1292,-1736,530,4268,-140,349,733
75.40145,152,1292,-1736,530,4269,-141,349,733
75.40195,152,1292,-1735,529,4269,-141,349,733
75.40245,152,1292,-1735,529,4268,-141,349,733
75.40295,152,1291,-1735,530,4283,-140,349,733
75.40345,152,1291,-1735,530,4312,-141,349,733
75.40395,152,1292,-1736,530,4311,-141,349,733
75.40445,152,1292,-1735,530,4306,-141,350,733
75.40495,152,1292,-1736,529,4280,-141,350,733
75.40545,152,1292,-1736,529,4257,-140,350,733
75.40595,152,1292,-1736,529,4252,-141,350,733
75.40645,152,1292,-1737,529,4253,-141,350,733
75.40695,152,1292,-1737,529,4260,-141,350,733
75.40745,152,1292,-1737,529,4263,-141,349,733
75.40795,152,1292,-1737,529,4265,-141,350,733
75.40845,153,1292,-1736,529,4265,-141,350,733
75.40895,152,1292,-1735,530,4262,-141,350,733
75.40945,152,1292,-1735,530,4263,-141,350,733
75.40995,152,1292,-1735,531,4266,-141,350,733
75.410446,152,1292,-1735,532,4266,-141,350,733
75.41095,152,1292,-1735,531,4269,-141,350,733
75.41145,152,1292,-1735,531,4267,-141,351,733
75.41195,152,1292,-1735,531,4268,-141,351,733
75.41245,152,1292,-1735,530,4269,-141,351,733
75.41295,152,1292,-1735,530,4287,-141,350,733
75.41345,152,1292,-1735,528,4313,-141,350,733
75.41395,152,1292,-1735,527,4307,-141,350,733
75.41445,152,1292,-1735,527,4297,-141,350,733
75.41495,152,1292,-1735,527,4267,-141,351,733
75.41545,152,1292,-1735,527,4245,-141,351,734
75.41595,152,1291,-1735,528,4240,-141,351,734
75.41645,152,1292,-1734,529,4245,-141,351,734
75.41695,152,1292,-1734,529,4252,-141,351,733
75.41745,152,1292,-1735,530,4255,-141,350,734
75.41795,152,1292,-1735,529,4250,-141,350,734
75.41845,152,1292,-1735,530,4253,-141,349,734
75.41895,152,1292,-1736,530,4256,-141,349,734
75.41945,152,1292,-1736,529,4259,-141,348,734
75.41995,152,1291,-1736,529,4264,-141,349,734
75.42045,152,1292,-1735,529,4267,-141,348,734
75.42095,152,1292,-1735,529,4270,-141,349,734
75.42145,152,1292,-1735,530,4272,-141,348,734
75.42195,152,1292,-1735,530,4273,-141,349,734
75.42245,152,1292,-1735,530,4271,-141,349,734
75.42295,152,1292,-1736,532,4294,-140,349,734
75.42345,152,1292,-1736,532,4318,-141,349,734
75.42395,152,1292,-1737,532,4312,-141,350,734
75.42445,152,1292,-1737,532,4301,-141,350,734
75.42495,152,1292,-1737,532,4269,-141,350,733
75.42545,152,1292,-1737,533,4246,-141,349,734
75.42595,152,1292,-1737,532,4239,-141,349,734
75.42645,152,1292,-1737,532,4244,-141,349,734
75.42695,152,1292,-1737,532,4251,-141,349,734
75.42745,152,1292,-1736,530,4255,-141,349,734
75.42795,152,1292,-1736,529,4256,-141,349,734
75.42845,152,1292,-1735,528,4258,-141,349,734
75.42895,152,1292,-1735,528,4259,-141,349,734
75.42945,152,1292,-1735,529,4257,-141,349,734
75.42995,152,1292,-1735,529,4256,-141,349,734
75.43045,153,1292,-1735,529,4258,-141,349,733
75.43095,152,1292,-1735,529,4257,-141,349,734
75.43145,152,1292,-1735,528,4257,-141,349,734
75.43195,152,1292,-1735,528,4262,-142,349,734
75.43245,152,1292,-1735,528,4263,-141,349,734
75.43295,152,1292,-1736,529,4287,-141,349,734
75.43345,152,1292,-1737,529,4309,-141,349,734
75.43395,152,1292,-1737,529,4304,-141,349,734
75.43445,152,1292,-1737,529,4294,-141,350,733
75.43495,152,1292,-1736,529,4261,-141,350,733
75.43545,152,1292,-1736,529,4234,-141,349,733
75.43595,152,1292,-1736,530,4233,-141,349,733
75.43645,152,1292,-1737,529,4238,-141,350,734
75.43695,152,1292,-1737,529,4244,-141,349,734
75.43745,152,1292,-1736,530,4254,-141,350,733
75.43795,152,1292,-1735,529,4257,-141,349,733
75.43845,152,1292,-1736,530,4251,-141,350,733
75.43895,152,1292,-1735,531,4252,-140,349,734
75.43945,152,1292,-1735,530,4256,-140,349,734
75.43995,152,1292,-1735,530,4268,-140,349,734
75.44045,152,1292,-1735,530,4273,-141,349,734
75.44095,152,1292,-1735,529,4274,-141,349,734
75.44145,152,1292,-1734,530,4274,-141,350,734
75.44195,152,1292,-1734,529,4272,-141,349,734
75.44245,152,1292,-1734,530,4269,-141,349,734
75.44295,153,1292,-1734,530,4295,-141,349,734
75.44345,152,1292,-1734,530,4311,-141,349,734
75.44395,152,1292,-1734,530,4307,-141,349,734
75.44445,152,1292,-1734,530,4296,-141,350,734
75.44495,152,1292,-1735,530,4263,-141,350,733
75.44545,152,1292,-1736,531,4245,-141,350,734
75.44595,152,1292,-1736,531,4239,-141,350,734
75.44645,152,1292,-1736,531,4244,-141,350,733
75.44695,152,1292,-1736,531,4250,-141,349,734
75.44745,153,1292,-1736,531,4248,-141,350,733
75.44795,152,1292,-1736,530,4253,-141,349,734
75.44845,152,1292,-1736,530,4253,-141,349,733
75.44895,152,1292,-1735,529,4256,-141,349,734
75.44945,152,1292,-1735,529,4255,-141,349,734
75.44995,152,1292,-1735,529,4263,-141,349,734
75.45045,152,1292,-1735,529,4267,-141,349,734
75.45095,152,1292,-1735,529,4268,-141,349,734
75.45145,152,1292,-1735,529,4269,-141,349,733
75.45195,152,1292,-1735,530,4268,-141,349,734
75.45245,152,1292,-1735,530,4267,-141,349,734
75.45305,152,1292,-1735,530,4304,-141,349,734
75.45355,152,1292,-1735,530,4319,-141,349,733
75.45405,152,1292,-1735,530,4312,-141,349,734
75.45455,152,1292,-1736,530,4295,-141,349,734
75.45505,152,1292,-1736,530,4267,-141,349,733
75.45555,152,1292,-1736,530,4255,-141,350,734
75.45605,152,1292,-1736,530,4248,-141,349,734
75.45655,152,1292,-1735,530,4253,-141,349,733
75.45705,152,1292,-1734,529,4259,-141,349,734
75.45755,152,1292,-1735,528,4258,-141,349,734
75.45805,152,1292,-1735,529,4259,-141,350,734
75.45855,152,1292,-1735,529,4259,-141,349,734
75.45905,152,1292,-1735,529,4260,-141,350,733
75.45955,152,1292,-1736,530,4262,-141,349,733
75.46005,152,1292,-1735,529,4262,-141,350,734
75.46055,152,1292,-1736,529,4264,-141,350,734
75.46105,152,1292,-1736,529,4273,-141,350,733
75.46155,152,1292,-1736,529,4275,-141,349,734
75.46205,152,1292,-1736,530,4270,-140,350,734
75.46255,152,1292,-1736,531,4274,-141,349,734
75.46305,152,1292,-1736,531,4308,-141,349,734
75.46355,152,1292,-1736,530,4316,-141,349,734
75.46405,152,1292,-1736,530,4308,-141,350,734
75.46455,152,1292,-1736,529,4290,-141,350,734
75.46505,152,1293,-1735,530,4256,-141,350,734
75.46555,152,1293,-1734,529,4244,-140,350,734
75.46605,152,1292,-1734,530,4244,-140,350,734
75.46655,152,1293,-1735,530,4248,-141,350,734
75.46705,152,1292,-1735,531,4254,-141,350,734
75.46755,152,1292,-1736,532,4257,-141,349,734
75.46805,152,1292,-1735,532,4259,-141,350,734
75.46855,152,1292,-1735,531,4261,-140,350,734
75.46905,152,1292,-1735,531,4262,-141,350,734
75.46955,152,1292,-1735,530,4261,-141,350,734
75.47005,152,1292,-1735,530,4263,-140,350,734
75.47055,152,1293,-1735,529,4267,-141,349,734
75.47105,152,1292,-1735,530,4269,-140,349,734
75.47155,152,1293,-1735,529,4274,-141,349,734
75.47205,152,1292,-1735,529,4277,-140,350,734
75.47255,152,1292,-1735,529,4280,-141,349,734
75.47305,153,1292,-1735,530,4315,-140,350,734
75.47355,152,1293,-1735,530,4322,-141,349,734
75.47405,153,1292,-1735,529,4314,-140,350,734
75.47455,152,1292,-1735,530,4294,-141,350,733
75.47505,152,1292,-1735,529,4258,-141,350,733
75.47555,152,1292,-1735,529,4242,-141,350,734
75.47605,153,1292,-1735,530,4244,-141,350,734
75.47655,153,1292,-1735,530,4251,-141,350,734
75.47705,153,1292,-1735,530,4258,-141,350,734
75.47755,152,1292,-1735,530,4261,-141,350,734
75.47805,153,1292,-1736,530,4259,-141,350,734
75.47855,152,1293,-1736,530,4257,-141,350,734
75.47905,153,1292,-1736,530,4258,-141,350,734
75.47955,152,1292,-1736,530,4261,-140,349,734
75.48005,153,1292,-1736,530,4265,-141,350,734
75.48055,152,1293,-1736,530,4267,-141,350,734
75.48105,151,1292,-1735,530,4269,-141,350,734
75.48155,151,1293,-1735,530,4268,-140,349,734
75.48205,151,1293,-1735,530,4267,-141,349,734
75.48255,152,1293,-1735,530,4272,-141,349,734
75.48305,152,1293,-1735,531,4306,-141,349,734
75.48355,152,1292,-1735,530,4310,-141,349,734
75.48405,152,1292,-1735,530,4307,-141,349,734
75.48455,152,1293,-1735,530,4288,-141,350,733
75.48505,152,1292,-1735,529,4257,-141,350,734
75.48555,152,1292,-1735,529,4245,-141,349,734
75.48605,152,1292,-1735,530,4250,-141,349,734
75.48655,152,1292,-1735,529,4257,-141,350,734
75.48705,152,1292,-1735,529,4262,-141,350,734
75.48755,152,1292,-1735,529,4265,-141,350,734
75.48805,152,1292,-1735,530,4268,-141,350,734
75.48855,152,1292,-1735,530,4271,-140,350,734
75.48905,152,1292,-1736,530,4271,-140,349,734
75.48955,152,1292,-1735,530,4269,-140,350,734
75.49005,152,1292,-1735,530,4273,-141,349,734
75.49055,153,1293,-1735,531,4274,-140,350,734
75.49105,152,1293,-1735,530,4274,-140,349,734
75.49155,152,1292,-1735,531,4276,-140,350,734
75.49205,152,1292,-1735,530,4276,-140,350,733
75.49255,152,1293,-1735,530,4281,-140,349,734
75.49305,152,1292,-1735,531,4311,-140,349,734
75.49355,152,1293,-1736,530,4315,-140,349,734
75.49405,152,1292,-1736,530,4309,-140,349,734
75.49455,152,1292,-1736,529,4287,-140,349,734
75.49505,152,1293,-1736,530,4258,-140,349,734
75.49555,152,1292,-1735,530,4249,-141,349,734
75.49605,152,1293,-1735,530,4248,-141,350,734
75.49655,152,1292,-1734,530,4248,-141,350,733
75.49705,151,1293,-1734,530,4250,-140,349,734
75.49755,152,1292,-1734,531,4248,-141,349,734
75.49805,152,1292,-1735,531,4250,-141,350,734
75.49855,152,1292,-1735,531,4249,-141,350,734
75.49905,152,1292,-1735,531,4252,-140,350,734
75.49955,152,1292,-1736,531,4254,-140,350,734
75.50005,152,1292,-1735,530,4258,-141,350,734
75.50055,152,1293,-1735,530,4262,-140,350,734
75.50105,152,1292,-1735,529,4266,-140,350,734
75.50155,152,1292,-1735,528,4268,-140,350,734
75.50205,152,1293,-1735,528,4267,-140,350,734
75.50255,152,1293,-1734,529,4277,-140,349,734
75.50305,152,1292,-1734,529,4310,-140,348,734
75.50355,152,1293,-1734,529,4310,-140,348,734
75.50405,152,1293,-1734,530,4303,-140,348,734
75.50455,152,1293,-1735,530,4279,-141,348,734
75.50505,152,1293,-1736,530,4252,-140,349,734
75.50555,152,1293,-1736,530,4247,-140,349,734
75.50605,152,1293,-1736,531,4249,-140,349,734
75.50655,152,1293,-1736,530,4254,-140,349,734
75.50705,152,1293,-1735,530,4257,-140,349,734
75.50755,152,1293,-1735,530,4259,-140,349,734
75.50805,152,1293,-1735,530,4259,-140,350,734
75.50855,152,1293,-1735,531,4259,-140,350,734
75.50905,152,1293,-1735,531,4259,-140,350,734
75.50955,152,1293,-1735,531,4256,-140,350,734
75.51005,152,1292,-1735,531,4255,-140,350,734
75.51055,152,1293,-1735,531,4258,-140,350,734
75.51105,152,1293,-1735,531,4259,-140,350,734
75.51155,152,1293,-1735,531,4262,-140,350,734
75.51205,152,1292,-1735,530,4262,-140,350,734
75.51255,152,1292,-1736,531,4271,-140,350,734
75.51305,152,1292,-1736,530,4303,-140,350,734
75.51355,152,1293,-1737,530,4300,-140,350,734
75.51405,152,1292,-1737,530,4291,-140,349,734
75.51465,152,1293,-1737,530,4264,-140,350,734
75.51515,152,1292,-1736,529,4233,-140,350,734
75.51565,152,1292,-1735,530,4227,-140,350,733
75.51615,152,1293,-1735,530,4231,-140,349,734
75.51665,152,1293,-1734,530,4232,-140,350,734
75.51715,152,1293,-1734,530,4239,-140,350,734
75.51765,152,1293,-1734,530,4244,-140,350,734
75.51815,152,1293,-1734,530,4242,-140,350,734
75.51865,152,1293,-1733,529,4241,-140,349,734
75.51915,152,1292,-1734,529,4242,-140,349,734
75.51965,152,1292,-1734,530,4246,-140,349,734
75.52015,152,1293,-1734,530,4251,-140,350,734
75.52065,152,1293,-1735,530,4255,-140,350,734
75.52115,152,1293,-1735,530,4258,-140,350,734
75.52165,152,1293,-1735,530,4260,-140,350,734
75.52215,152,1293,-1735,530,4259,-140,350,734
75.52265,152,1293,-1735,531,4272,-140,350,734
75.52315,152,1292,-1735,530,4302,-140,350,734
75.52365,151,1293,-1735,530,4300,-140,349,734
75.52415,152,1293,-1735,530,4294,-140,349,734
75.52465,152,1293,-1735,530,4267,-140,350,734
75.52515,152,1293,-1735,530,4239,-141,350,734
75.52565,152,1293,-1735,530,4233,-141,350,734
75.52615,152,1293,-1736,530,4234,-140,350,734
75.52665,152,1293,-1736,530,4239,-140,349,734
75.52715,152,1293,-1736,530,4241,-140,350,734
75.52765,152,1293,-1735,530,4243,-141,350,733
75.52815,152,1293,-1735,530,4244,-140,350,734
75.52865,152,1292,-1735,530,4241,-140,349,734
75.52915,152,1293,-1735,530,4245,-141,350,734
75.52965,151,1293,-1735,530,4243,-141,350,734
75.53015,152,1293,-1736,530,4245,-141,350,734
75.53065,152,1293,-1736,530,4245,-140,350,734
75.53115,152,1293,-1736,530,4245,-141,350,734
75.53165,152,1293,-1736,530,4246,-141,350,734
75.53215,152,1293,-1736,530,4247,-141,350,734
75.532646,152,1293,-1736,531,4262,-141,349,734
75.53315,152,1293,-1736,531,4294,-140,350,734
75.53365,152,1293,-1735,531,4291,-140,350,734
75.53415,152,1293,-1734,531,4283,-140,350,734
75.53465,151,1293,-1734,532,4257,-140,350,734
75.53515,152,1293,-1735,531,4232,-140,350,734
75.53565,152,1292,-1735,532,4228,-140,350,734
75.53615,152,1293,-1735,532,4228,-140,350,734
75.53665,152,1293,-1736,533,4231,-140,350,734
75.53715,152,1292,-1736,533,4235,-140,350,734
75.53765,152,1293,-1736,533,4239,-140,350,734
75.53815,152,1292,-1736,532,4239,-141,350,734
75.53865,152,1293,-1735,530,4239,-140,350,733
75.53915,152,1293,-1735,528,4241,-140,349,734
75.53965,152,1292,-1735,526,4240,-140,350,734
75.54015,152,1293,-1735,527,4248,-140,349,734
75.54065,152,1293,-1735,528,4253,-141,350,734
75.54115,152,1293,-1735,529,4255,-141,349,734
75.54165,152,1293,-1735,529,4256,-140,349,734
75.54215,152,1293,-1734,529,4253,-140,350,734
75.54265,152,1293,-1735,531,4270,-140,349,734
75.54315,152,1293,-1735,531,4297,-140,349,734
75.54365,152,1293,-1735,531,4293,-140,349,734
75.54415,152,1293,-1736,531,4283,-140,349,734
75.54465,152,1292,-1736,530,4253,-140,350,734
75.54515,152,1293,-1736,530,4230,-140,349,733
75.54565,152,1293,-1736,530,4226,-140,350,734
75.54615,152,1293,-1736,530,4225,-140,350,734
75.54665,152,1293,-1736,530,4232,-140,350,734
75.54715,152,1293,-1736,530,4234,-140,350,734
75.54765,152,1292,-1735,530,4235,-140,350,733
75.54815,152,1293,-1734,530,4237,-141,350,734
75.54865,152,1293,-1734,530,4235,-141,350,734
75.54915,151,1293,-1734,530,4240,-140,350,734
75.54965,152,1293,-1734,529,4241,-140,350,734
75.55015,151,1293,-1735,530,4241,-140,350,734
75.55065,152,1293,-1735,530,4246,-140,350,734
75.55115,152,1293,-1735,531,4247,-140,349,734
75.55165,152,1293,-1735,531,4251,-140,349,733
75.55215,152,1293,-1735,531,4251,-140,349,734
75.55265,152,1293,-1735,531,4269,-140,349,734
75.55315,152,1293,-1735,531,4298,-140,349,733
75.55365,152,1293,-1735,530,4295,-140,349,734
75.55415,151,1293,-1734,530,4282,-141,349,733
75.55465,152,1293,-1735,530,4254,-140,350,733
75.55515,151,1293,-1735,530,4229,-140,350,733
75.55565,151,1293,-1735,530,4228,-140,350,733
75.55615,151,1293,-1735,529,4234,-140,349,733
75.55665,152,1293,-1735,529,4238,-141,349,734
75.55715,152,1293,-1735,529,4242,-140,349,733
75.55765,152,1293,-1735,529,4249,-140,349,733
75.55815,152,1293,-1735,530,4244,-140,349,733
75.55865,152,1293,-1735,530,4239,-141,349,733
75.55915,152,1293,-1735,530,4240,-141,350,733
75.55965,152,1293,-1735,531,4242,-141,350,733
75.56015,152,1293,-1735,531,4247,-140,350,733
75.56065,152,1293,-1735,532,4251,-140,349,733
75.56115,152,1293,-1735,532,4254,-140,349,733
75.56165,152,1293,-1735,532,4255,-141,350,733
75.56215,151,1293,-1736,532,4253,-140,350,733
75.56265,152,1293,-1736,533,4277,-140,349,733
75.56315,152,1293,-1736,533,4297,-140,349,733
75.56365,151,1293,-1736,533,4291,-140,349,734
75.56415,152,1293,-1736,533,4282,-141,350,733
75.56465,152,1293,-1736,532,4254,-141,350,733
75.56515,152,1293,-1736,532,4232,-140,350,734
75.56565,152,1293,-1736,532,4229,-141,350,734
75.56615,152,1293,-1735,531,4237,-140,349,734
75.56665,152,1293,-1735,531,4245,-140,350,734
75.56715,152,1293,-1735,530,4246,-140,350,734
75.56765,152,1293,-1734,529,4248,-140,350,734
75.56815,152,1293,-1734,529,4250,-140,349,734
75.56865,152,1293,-1733,529,4252,-140,349,734
75.56915,152,1293,-1733,530,4252,-140,350,734
75.56965,152,1293,-1734,530,4251,-140,350,734
75.57015,151,1293,-1734,530,4256,-140,350,734
75.57065,152,1293,-1735,529,4258,-141,351,734
75.57115,152,1293,-1735,529,4260,-140,351,734
75.57165,152,1293,-1735,530,4264,-140,351,734
75.57215,152,1293,-1735,530,4266,-140,351,734
75.57265,152,1293,-1735,531,4295,-140,350,734
75.57315,152,1293,-1735,530,4314,-141,351,734
75.57365,152,1293,-1735,529,4307,-141,351,734
75.57415,152,1293,-1735,529,4295,-141,351,733
75.57465,152,1293,-1735,529,4261,-141,351,733
75.57515,152,1293,-1734,529,4238,-141,350,733
75.57565,152,1293,-1734,530,4235,-141,350,734
75.57625,152,1293,-1735,529,4238,-141,350,733
75.57675,152,1293,-1735,530,4246,-141,350,733
75.57725,152,1293,-1735,531,4244,-140,349,734
75.57775,152,1293,-1735,531,4246,-141,349,734
75.57825,152,1293,-1735,530,4251,-141,349,733
75.57875,152,1293,-1735,530,4250,-141,349,734
75.57925,152,1293,-1735,531,4248,-141,349,734
75.57975,152,1293,-1735,531,4252,-141,349,734
75.58025,152,1293,-1735,531,4257,-140,349,733
75.58075,152,1293,-1735,530,4258,-141,349,733
75.58125,152,1293,-1735,530,4257,-140,349,733
75.58175,152,1293,-1735,530,4257,-141,348,733
75.58225,152,1293,-1735,530,4257,-141,348,734
75.58275,152,1293,-1735,530,4290,-140,349,734
75.58325,152,1293,-1735,530,4312,-140,349,734
75.58375,152,1293,-1735,530,4308,-140,349,734
75.58425,152,1293,-1735,530,4295,-140,349,733
75.58475,152,1293,-1735,530,4261,-140,349,734
75.58525,152,1293,-1735,530,4241,-140,349,734
75.58575,152,1293,-1734,530,4244,-140,349,733
75.58625,152,1293,-1735,530,4250,-140,349,734
75.58675,152,1293,-1735,530,4251,-140,349,733
75.58725,152,1293,-1735,530,4256,-140,350,734
75.58775,152,1293,-1735,530,4256,-140,349,733
75.58825,152,1293,-1736,530,4262,-141,350,734
75.58875,152,1293,-1736,530,4262,-141,349,733
75.58925,152,1293,-1736,530,4266,-141,349,733
75.58975,152,1293,-1736,530,4262,-141,350,733
75.59025,151,1293,-1736,530,4263,-141,349,734
75.59075,151,1293,-1735,530,4267,-141,350,733
75.59125,152,1293,-1735,530,4272,-141,349,734
75.59175,152,1293,-1734,530,4272,-140,349,733
75.59225,152,1293,-1734,530,4274,-140,349,733
75.59275,152,1293,-1735,531,4303,-141,349,734
75.59325,152,1293,-1735,530,4313,-140,349,734
75.59375,152,1293,-1735,530,4311,-140,349,733
75.59425,152,1293,-1735,530,4296,-141,350,733
75.59475,152,1293,-1734,530,4257,-141,350,733
75.59525,152,1293,-1734,530,4240,-140,349,734
75.59575,152,1293,-1734,530,4244,-140,349,734
75.59625,151,1293,-1735,530,4254,-140,349,733
75.59675,151,1293,-1735,530,4256,-140,349,733
75.59725,152,1293,-1734,530,4251,-140,349,734
75.59775,152,1293,-1735,531,4253,-140,349,733
75.59825,152,1293,-1735,530,4256,-140,349,734
75.59875,152,1293,-1735,531,4251,-140,349,733
75.59925,152,1293,-1735,530,4255,-140,349,734
75.59975,152,1293,-1735,530,4256,-140,349,734
75.60025,152,1293,-1735,530,4266,-140,349,734
75.60075,152,1293,-1735,530,4272,-140,349,734
75.60125,152,1293,-1735,530,4275,-140,349,734
75.60175,152,1293,-1735,530,4275,-140,350,734
75.60225,152,1293,-1735,530,4278,-140,349,734
75.60275,152,1293,-1735,530,4311,-140,349,734
75.60325,152,1293,-1734,530,4317,-140,349,734
75.60375,152,1293,-1735,530,4313,-140,349,734
75.60425,151,1293,-1735,531,4296,-141,350,734
75.60475,152,1293,-1735,531,4265,-140,350,733
75.60525,152,1293,-1735,531,4255,-140,349,734
75.60575,152,1293,-1735,531,4253,-140,349,734
75.60625,151,1293,-1735,531,4263,-140,349,734
75.60675,152,1293,-1735,531,4269,-140,349,734
75.60725,152,1293,-1735,530,4269,-140,349,733
75.60775,152,1293,-1735,530,4271,-140,350,734
75.60825,152,1293,-1735,530,4267,-140,349,733
75.60875,152,1293,-1735,530,4271,-140,350,734
75.60925,152,1293,-1735,530,4268,-140,349,733
75.60975,152,1293,-1735,530,4268,-140,349,734
75.61025,152,1293,-1735,530,4269,-140,349,734
75.61075,152,1293,-1735,531,4274,-140,349,734
75.61125,152,1293,-1735,530,4277,-140,349,734
75.61175,152,1294,-1735,530,4280,-140,349,734
75.61225,152,1293,-1734,530,4285,-140,350,734
75.61275,152,1293,-1734,531,4319,-140,349,734
75.61325,152,1293,-1735,531,4321,-140,350,734
75.61375,152,1293,-1735,531,4313,-140,349,734
75.61425,151,1293,-1736,531,4292,-140,349,734
75.61475,152,1293,-1736,531,4260,-140,349,734
75.61525,152,1293,-1736,530,4251,-140,348,734
75.61575,152,1293,-1736,530,4252,-140,348,734
75.61625,152,1293,-1736,530,4256,-140,348,734
75.61675,152,1293,-1735,530,4260,-140,348,733
75.61725,152,1293,-1734,531,4261,-140,348,734
75.61775,152,1293,-1735,531,4259,-140,348,734
75.61825,152,1293,-1734,532,4263,-140,349,734
75.61875,151,1293,-1734,531,4263,-140,348,734
75.61925,152,1293,-1734,531,4266,-140,349,734
75.61975,152,1293,-1734,531,4268,-140,349,734
75.62025,151,1293,-1734,530,4272,-140,349,734
75.62075,152,1293,-1734,531,4277,-140,349,734
75.62125,152,1293,-1734,531,4281,-140,349,734
75.62175,152,1293,-1734,531,4284,-140,348,734
75.62225,151,1293,-1735,532,4292,-140,349,734
75.62275,151,1293,-1734,532,4327,-140,348,734
75.62325,152,1293,-1735,531,4329,-140,349,734
75.62375,152,1293,-1734,530,4321,-140,349,734
75.62425,151,1293,-1734,530,4298,-140,349,734
75.62475,152,1293,-1735,530,4268,-140,349,734
75.62525,152,1293,-1735,529,4259,-140,349,734
75.62575,152,1293,-1735,528,4260,-140,350,734
75.62625,152,1293,-1734,528,4266,-140,350,734
75.62675,152,1293,-1735,528,4269,-140,350,734
75.62725,152,1293,-1735,529,4270,-140,349,734
75.62775,151,1293,-1735,530,4271,-140,350,734
75.62825,152,1293,-1735,530,4273,-140,350,734
75.62875,152,1293,-1734,530,4274,-140,350,734
75.62925,152,1293,-1735,530,4275,-140,350,734
75.62975,152,1294,-1734,530,4271,-140,350,734
75.63025,152,1293,-1734,530,4272,-140,350,733
75.63075,152,1293,-1735,530,4274,-140,350,734
75.63125,151,1293,-1735,530,4270,-140,350,734
75.63175,152,1293,-1735,530,4276,-140,350,734
75.63225,152,1293,-1735,531,4289,-140,350,734
75.63275,152,1293,-1735,531,4322,-140,350,734
75.63325,152,1293,-1735,531,4322,-140,351,734
75.63375,152,1293,-1735,531,4315,-140,351,734
75.63425,152,1293,-1735,530,4290,-140,352,734
75.63475,151,1293,-1734,530,4260,-140,351,734
75.63525,152,1293,-1735,530,4254,-140,351,734
75.63575,152,1293,-1735,530,4259,-140,351,734
75.63625,152,1293,-1734,530,4267,-140,351,734
75.63675,152,1293,-1734,530,4269,-140,351,734
75.63735,152,1293,-1734,530,4269,-140,351,734
75.63785,151,1293,-1734,530,4272,-140,351,734
75.63835,152,1293,-1734,530,4273,-140,350,734
75.63885,152,1293,-1735,530,4271,-140,350,734
75.63935,152,1293,-1735,530,4273,-140,350,734
75.63985,152,1293,-1735,530,4276,-140,349,734
75.64035,152,1293,-1735,530,4282,-140,349,734
75.64085,152,1293,-1735,530,4285,-140,349,734
75.64135,152,1293,-1735,531,4287,-140,349,734
75.64185,152,1293,-1735,531,4285,-140,349,734
75.64235,152,1293,-1734,531,4293,-140,349,734
75.64285,152,1293,-1734,531,4324,-140,348,734
75.64335,152,1293,-1734,531,4323,-140,349,734
75.64385,152,1293,-1734,531,4317,-140,349,734
75.64435,152,1293,-1735,531,4292,-140,349,733
75.64485,152,1293,-1736,531,4264,-140,349,734
75.64535,151,1293,-1736,531,4254,-140,349,734
75.64585,151,1293,-1736,530,4260,-140,349,734
75.64635,152,1293,-1735,530,4267,-140,349,734
75.64685,152,1293,-1735,530,4269,-140,349,734
75.64735,152,1293,-1734,529,4267,-140,350,734
75.64785,152,1293,-1734,530,4268,-140,349,734
75.64835,152,1293,-1734,530,4269,-140,349,734
75.64885,152,1293,-1734,530,4270,-140,349,734
75.64935,152,1293,-1733,530,4271,-140,349,734
75.64985,151,1293,-1733,530,4270,-140,349,734
75.65035,152,1293,-1734,530,4273,-140,350,734
75.65085,152,1293,-1734,530,4277,-140,349,734
75.65135,152,1293,-1734,530,4279,-140,350,734
75.65185,152,1293,-1735,530,4281,-140,350,734
75.65235,152,1293,-1735,531,4294,-140,350,734
75.65285,152,1293,-1735,531,4326,-140,349,734
75.65335,152,1293,-1735,530,4324,-140,350,734
75.65385,152,1293,-1734,530,4317,-140,350,734
75.65435,151,1293,-1734,530,4291,-140,350,734
75.65485,152,1293,-1735,530,4266,-140,350,734
75.65535,152,1293,-1734,530,4262,-140,350,734
75.65585,151,1293,-1734,531,4264,-140,350,734
75.65635,152,1293,-1735,530,4270,-140,349,734
75.65685,152,1293,-1735,530,4271,-140,349,734
75.65735,152,1293,-1734,530,4271,-140,349,734
75.65785,151,1293,-1734,530,4272,-140,349,734
75.65835,152,1294,-1735,530,4271,-140,350,734
75.65885,151,1293,-1734,531,4267,-140,350,734
75.65935,151,1293,-1734,531,4268,-140,350,734
75.65985,151,1293,-1735,531,4269,-140,349,734
75.66035,151,1293,-1734,530,4271,-140,350,734
75.66085,152,1293,-1734,530,4275,-140,350,734
75.66135,152,1294,-1734,530,4278,-140,350,734
75.66185,151,1293,-1734,531,4279,-140,349,734
75.66235,152,1294,-1734,531,4292,-140,350,734
75.66285,152,1293,-1733,531,4323,-140,349,734
75.66335,151,1293,-1734,531,4319,-140,350,734
75.66385,151,1293,-1734,531,4308,-140,350,734
75.66435,151,1293,-1735,531,4280,-140,350,734
75.66485,151,1293,-1734,531,4254,-140,350,734
75.66535,151,1293,-1735,531,4249,-140,350,734
75.66585,151,1293,-1735,531,4251,-140,350,734
75.66635,152,1293,-1735,531,4257,-140,350,734
75.66685,151,1293,-1735,530,4260,-140,350,734
75.66735,151,1293,-1735,530,4262,-140,350,734
75.66785,152,1294,-1735,529,4265,-140,350,734
75.66835,151,1293,-1735,529,4266,-140,350,734
75.66885,152,1293,-1735,530,4268,-140,350,734
75.66935,151,1293,-1735,530,4268,-140,350,734
75.66985,152,1293,-1735,531,4266,-140,350,734
75.67035,151,1293,-1735,530,4270,-140,350,734
75.67085,152,1293,-1735,531,4273,-140,350,734
75.67135,151,1293,-1735,530,4276,-140,350,734
75.67185,152,1293,-1734,531,4279,-140,350,734
75.67235,152,1293,-1734,531,4298,-140,350,734
75.67285,152,1293,-1734,531,4326,-140,350,734
75.67335,152,1294,-1735,531,4322,-140,350,734
75.67385,152,1293,-1734,531,4313,-140,350,734
75.67435,152,1294,-1734,530,4283,-140,350,734
75.67485,152,1293,-1735,530,4255,-140,350,734
75.67535,152,1293,-1735,530,4251,-140,349,734
75.67585,152,1293,-1735,531,4256,-140,350,734
75.67635,151,1293,-1734,531,4261,-140,349,734
75.67685,152,1294,-1735,531,4261,-140,349,734
75.67735,151,1294,-1735,531,4259,-140,350,734
75.67785,152,1293,-1735,530,4261,-140,350,734
75.67835,151,1294,-1735,530,4261,-140,349,733
75.67885,151,1293,-1735,529,4258,-140,350,734
75.67935,151,1294,-1734,530,4254,-140,350,734
75.67985,152,1293,-1734,530,4257,-140,350,734
75.68035,151,1293,-1734,530,4264,-140,349,734
75.68085,152,1294,-1734,531,4266,-140,349,733
75.68135,151,1293,-1735,530,4267,-140,349,734
75.68185,152,1293,-1735,531,4261,-140,349,734
75.68235,152,1293,-1735,531,4285,-140,349,734
75.68285,152,1293,-1735,531,4311,-140,349,734
75.68335,152,1294,-1735,531,4308,-140,349,734
75.68385,151,1294,-1735,530,4300,-140,349,734
75.68435,152,1293,-1735,530,4270,-140,349,733
75.68485,151,1293,-1735,530,4247,-140,349,734
75.68535,151,1293,-1735,530,4240,-140,350,734
75.68585,152,1293,-1735,531,4247,-140,349,735
75.68635,151,1294,-1734,530,4255,-140,350,734
75.68685,152,1293,-1734,530,4253,-140,350,734
75.68735,152,1294,-1734,530,4257,-140,349,734
75.68785,151,1293,-1734,530,4262,-140,350,734
75.68835,151,1293,-1734,530,4264,-140,349,734
75.68885,151,1293,-1734,530,4265,-140,349,734
75.68935,152,1294,-1735,530,4267,-140,349,735
75.68985,151,1293,-1735,530,4262,-140,350,735
75.69035,151,1293,-1736,530,4262,-140,350,735
75.69085,151,1293,-1735,530,4263,-140,350,735
75.69135,151,1294,-1735,531,4264,-140,350,735
75.69185,152,1293,-1734,531,4264,-140,350,735
75.69235,151,1294,-1734,531,4288,-140,350,735
75.69285,152,1293,-1734,531,4309,-140,351,735
75.69335,151,1294,-1734,531,4304,-140,350,734
75.69385,152,1294,-1734,530,4293,-140,350,735
75.69435,151,1294,-1734,530,4266,-140,351,734
75.69485,151,1294,-1734,530,4243,-140,351,735
75.69535,151,1293,-1734,530,4242,-140,351,734
75.69585,151,1294,-1734,530,4242,-140,350,735
75.69635,151,1294,-1734,531,4248,-140,350,734
75.69685,151,1293,-1734,531,4244,-140,350,734
75.69735,151,1293,-1734,531,4245,-140,349,734
75.69785,151,1293,-1734,531,4248,-140,349,734
75.69835,151,1294,-1735,531,4247,-140,349,734
75.69885,151,1294,-1734,532,4243,-141,349,734
75.69945,151,1294,-1735,531,4244,-140,349,734
75.69995,151,1294,-1735,531,4245,-140,348,734
75.70045,152,1293,-1734,530,4250,-140,349,734
75.70095,151,1294,-1734,530,4254,-140,349,734
75.70145,151,1294,-1734,531,4257,-140,349,734
75.70195,151,1294,-1735,531,4257,-141,350,734
75.70245,151,1294,-1735,532,4283,-140,350,735
75.70295,152,1293,-1735,532,4304,-140,350,735
75.70345,152,1294,-1735,532,4295,-140,350,735
75.70395,151,1294,-1735,531,4282,-140,350,734
75.70445,151,1293,-1735,531,4252,-140,350,734
75.70495,151,1294,-1734,530,4240,-140,350,734
75.70545,151,1293,-1734,530,4241,-140,350,734
75.70595,152,1294,-1734,529,4244,-141,350,734
75.70645,151,1293,-1734,529,4248,-140,350,734
75.70695,152,1294,-1734,529,4250,-140,350,734
75.70745,152,1293,-1734,530,4251,-140,350,734
75.70795,152,1294,-1734,530,4252,-140,350,734
75.70845,151,1293,-1734,530,4252,-141,350,734
75.70895,151,1294,-1734,530,4251,-140,350,734
75.70945,151,1294,-1734,531,4250,-141,350,734
75.70995,151,1294,-1734,531,4247,-141,350,734
75.71045,151,1293,-1734,531,4251,-141,350,734
75.71095,151,1293,-1735,531,4252,-140,350,734
75.71145,151,1294,-1735,531,4254,-140,350,734
75.71195,151,1294,-1735,531,4256,-141,350,734
75.71245,152,1294,-1734,532,4285,-140,349,735
75.71295,151,1294,-1735,531,4300,-140,350,734
75.71345,151,1294,-1735,531,4287,-140,350,734
75.71395,151,1294,-1735,531,4276,-140,350,734
75.71445,151,1294,-1735,530,4242,-140,350,734
75.71495,151,1294,-1735,530,4223,-140,350,734
75.71545,152,1294,-1734,530,4225,-140,350,734
75.71595,151,1294,-1734,529,4231,-140,350,734
75.71645,152,1294,-1734,529,4238,-140,350,734
75.71695,151,1293,-1734,529,4238,-140,350,734
75.71745,151,1294,-1735,530,4238,-140,350,734
75.71795,152,1293,-1735,531,4240,-140,350,734
75.71845,152,1294,-1735,531,4240,-140,350,734
75.71895,151,1293,-1735,531,4238,-140,350,734
75.71945,151,1294,-1734,531,4238,-140,349,734
75.71995,151,1294,-1734,531,4240,-140,349,734
75.72045,151,1293,-1734,531,4246,-141,349,734
75.72095,151,1294,-1734,532,4251,-140,349,734
75.72145,151,1294,-1735,532,4255,-140,349,734
75.72195,151,1294,-1735,532,4256,-140,349,734
75.72245,151,1294,-1735,533,4288,-140,348,734
75.722946,151,1294,-1735,532,4299,-140,349,734
75.72345,152,1294,-1735,531,4294,-140,349,734
75.72395,151,1293,-1735,530,4279,-140,348,734
75.72445,151,1294,-1734,530,4245,-140,349,734
75.72495,151,1293,-1734,530,4231,-140,349,734
75.72545,151,1294,-1734,530,4229,-140,348,734
75.72595,151,1294,-1733,529,4233,-140,349,734
75.72645,152,1294,-1733,529,4238,-140,348,734
75.72695,152,1294,-1734,529,4239,-140,349,734
75.72745,151,1294,-1734,529,4238,-141,348,734
75.72795,151,1294,-1734,529,4240,-140,349,734
75.72845,151,1294,-1735,530,4241,-140,349,734
75.72895,151,1294,-1735,530,4241,-140,349,734
75.72945,151,1294,-1735,530,4241,-141,350,734
75.72995,151,1294,-1734,530,4236,-141,350,734
75.73045,152,1294,-1735,530,4238,-141,350,734
75.73095,152,1294,-1735,530,4239,-141,350,734
75.73145,151,1294,-1735,530,4239,-140,350,734
75.73195,151,1294,-1735,531,4245,-140,350,734
75.73245,151,1294,-1734,531,4281,-140,350,734
75.73295,151,1294,-1734,530,4288,-141,350,734
75.73345,151,1294,-1734,530,4282,-140,350,734
75.73395,151,1294,-1734,530,4265,-141,350,734
75.73445,151,1294,-1734,530,4233,-140,350,734
75.73495,151,1293,-1734,530,4222,-140,350,734
75.73545,151,1294,-1734,531,4223,-140,350,734
75.73595,151,1294,-1734,531,4228,-140,350,734
75.73645,151,1294,-1734,530,4234,-140,350,734
75.73695,151,1293,-1734,530,4234,-140,350,734
75.73745,151,1294,-1734,530,4235,-140,350,734
75.73795,151,1294,-1733,530,4238,-140,350,734
75.73845,151,1294,-1733,531,4240,-140,350,734
75.73895,151,1293,-1734,531,4238,-140,351,734
75.73945,151,1294,-1734,531,4240,-140,350,734
75.73995,151,1294,-1734,531,4241,-140,350,734
75.74045,152,1294,-1734,530,4245,-140,350,734
75.74095,151,1294,-1735,530,4249,-140,350,734
75.74145,151,1294,-1735,530,4250,-140,350,734
75.74195,151,1294,-1735,531,4255,-140,350,734
75.74245,151,1294,-1734,531,4290,-140,350,735
75.74295,151,1294,-1735,531,4293,-140,350,734
75.74345,152,1294,-1735,531,4281,-140,350,734
75.74395,151,1294,-1734,530,4263,-140,350,734
75.74445,151,1294,-1735,530,4233,-140,351,733
75.74495,151,1294,-1734,530,4224,-141,351,734
75.74545,151,1294,-1735,531,4221,-141,351,734
75.74595,151,1294,-1735,531,4229,-140,350,734
75.74645,151,1294,-1734,530,4232,-140,351,734
75.74695,151,1294,-1735,530,4232,-140,350,734
75.74745,151,1294,-1735,530,4234,-140,351,734
75.74795,152,1294,-1735,531,4235,-141,350,734
75.74845,151,1294,-1734,531,4236,-140,350,734
75.74895,151,1294,-1734,531,4237,-140,351,734
75.74945,151,1294,-1735,530,4236,-140,351,734
75.74995,151,1294,-1734,530,4237,-140,351,734
75.75045,151,1294,-1735,530,4241,-140,351,734
75.75095,151,1294,-1734,530,4244,-140,351,734
75.75145,151,1294,-1734,530,4246,-140,351,734
75.75195,151,1294,-1734,530,4254,-140,351,734
75.75245,151,1294,-1735,531,4290,-140,351,734
75.75295,151,1294,-1735,531,4292,-141,351,734
75.75345,151,1293,-1735,531,4285,-140,351,734
75.75395,151,1294,-1735,531,4263,-140,352,733
75.75445,151,1294,-1736,531,4231,-140,352,734
75.75495,151,1294,-1735,530,4220,-140,351,734
75.75545,151,1294,-1734,530,4230,-141,350,734
75.75595,151,1294,-1734,530,4239,-140,350,734
75.75645,151,1294,-1734,530,4244,-140,349,734
75.75695,151,1294,-1734,530,4243,-140,349,734
75.75745,151,1294,-1735,530,4242,-141,349,734
75.75795,151,1294,-1735,530,4242,-140,349,734
75.75845,151,1294,-1735,530,4242,-140,349,734
75.75895,152,1294,-1735,531,4238,-140,349,734
75.75945,151,1294,-1735,530,4237,-140,349,734
75.75995,151,1294,-1734,530,4238,-140,349,734
75.76055,152,1294,-1734,530,4244,-140,349,734
75.76105,151,1294,-1735,530,4249,-140,349,734
75.76155,151,1294,-1734,530,4251,-140,350,734
75.76205,151,1294,-1734,530,4260,-140,349,734
75.76255,152,1294,-1735,531,4292,-140,349,735
75.76305,151,1294,-1734,532,4291,-140,349,734
75.76355,151,1294,-1734,532,4281,-140,350,734
75.76405,151,1294,-1734,532,4261,-140,350,734
75.76455,151,1294,-1734,531,4234,-140,350,734
75.76505,151,1294,-1734,531,4228,-140,350,734
75.76555,151,1294,-1734,531,4229,-140,349,734
75.76605,151,1294,-1734,530,4234,-140,350,734
75.76655,151,1294,-1734,531,4241,-140,349,734
75.76705,151,1294,-1734,530,4243,-141,350,734
75.76755,151,1294,-1734,530,4244,-141,349,734
75.76805,151,1294,-1734,530,4246,-140,349,734
75.76855,151,1294,-1734,530,4249,-140,349,733
75.76905,151,1294,-1734,531,4249,-140,349,734
75.76955,151,1294,-1734,530,4247,-140,349,734
75.77005,151,1294,-1735,531,4249,-140,350,734
75.77055,151,1294,-1734,531,4255,-140,349,734
75.77105,151,1294,-1734,531,4259,-140,349,734
75.77155,151,1294,-1734,531,4260,-140,349,734
75.77205,151,1295,-1734,531,4273,-140,349,734
75.77255,151,1294,-1734,531,4310,-140,349,734
75.77305,151,1294,-1734,531,4311,-140,349,734
75.77355,151,1294,-1734,530,4304,-140,349,734
75.77405,151,1294,-1734,530,4278,-140,349,734
75.77455,151,1294,-1734,530,4250,-140,349,734
75.77505,151,1294,-1735,530,4243,-140,349,734
75.77555,151,1294,-1734,531,4244,-140,349,734
75.77605,151,1294,-1735,531,4249,-140,349,734
75.77655,151,1294,-1734,530,4252,-140,349,734
75.77705,151,1294,-1734,530,4251,-140,349,734
75.77755,152,1294,-1735,531,4250,-140,349,734
75.77805,151,1294,-1735,532,4251,-140,349,734
75.77855,151,1294,-1735,532,4252,-140,349,734
75.77905,151,1294,-1734,531,4249,-140,349,734
75.77955,151,1294,-1734,531,4249,-140,349,734
75.78005,152,1294,-1735,531,4250,-140,349,734
75.78055,151,1294,-1735,531,4253,-140,349,734
75.78105,151,1294,-1736,531,4256,-140,348,734
75.78155,151,1294,-1735,530,4257,-140,350,734
75.78205,151,1294,-1735,531,4273,-140,349,734
75.78255,151,1294,-1735,530,4306,-140,349,734
75.78305,151,1294,-1734,530,4306,-140,349,734
75.78355,152,1294,-1734,530,4298,-140,350,733
75.78405,152,1294,-1734,530,4271,-140,350,733
75.78455,151,1294,-1734,530,4241,-140,350,733
75.78505,151,1294,-1734,531,4235,-140,350,733
75.78555,151,1294,-1735,531,4238,-140,350,734
75.78605,151,1294,-1735,530,4245,-140,350,734
75.78655,151,1294,-1735,531,4252,-140,350,734
75.78705,151,1294,-1735,530,4256,-140,349,734
75.78755,151,1295,-1734,531,4260,-140,349,734
75.78805,151,1294,-1734,530,4263,-140,349,734
75.78855,151,1294,-1733,530,4265,-140,349,733
75.78905,151,1294,-1733,530,4265,-140,349,734
75.78955,151,1294,-1734,530,4260,-140,349,734
75.79005,151,1294,-1734,530,4265,-140,349,734
75.79055,151,1294,-1734,530,4270,-140,349,734
75.79105,151,1294,-1734,531,4270,-140,350,734
75.79155,151,1294,-1734,531,4270,-140,350,733
75.79205,151,1294,-1734,532,4282,-140,349,734
75.79255,151,1294,-1734,532,4309,-140,350,734
75.79305,151,1294,-1734,532,4310,-140,350,734
75.79355,151,1294,-1734,532,4304,-140,350,734
75.79405,151,1294,-1734,531,4275,-140,351,734
75.79455,151,1294,-1734,531,4246,-140,350,734
75.79505,151,1294,-1734,531,4242,-140,350,734
75.79555,151,1294,-1734,531,4248,-140,350,734
75.79605,151,1294,-1734,531,4255,-140,350,734
75.79655,151,1294,-1734,531,4258,-140,351,734
75.79705,151,1294,-1734,531,4256,-141,351,735
75.79755,151,1294,-1734,530,4254,-140,351,734
75.79805,151,1295,-1735,530,4251,-140,351,735
75.79855,151,1294,-1734,530,4255,-140,352,734
75.79905,151,1294,-1734,530,4251,-140,351,734
75.79955,151,1294,-1734,530,4256,-140,351,734
75.80005,151,1294,-1734,531,4260,-140,351,734
75.80055,151,1294,-1735,531,4268,-140,351,735
75.80105,151,1294,-1735,531,4272,-140,351,734
75.80155,151,1294,-1735,530,4270,-140,351,734
75.80205,151,1294,-1736,531,4290,-140,350,734
75.80255,151,1294,-1736,530,4321,-140,350,734
75.80305,152,1294,-1736,530,4319,-140,350,734
75.80355,151,1294,-1735,530,4313,-140,349,734
75.80405,151,1294,-1735,530,4284,-140,350,734
75.80455,151,1294,-1735,530,4261,-140,349,734
75.80505,151,1294,-1734,530,4258,-141,349,734
75.80555,151,1294,-1733,531,4262,-140,349,734
75.80605,151,1294,-1734,531,4268,-140,349,734
75.80655,151,1294,-1734,531,4271,-140,349,734
75.80705,151,1294,-1734,531,4271,-140,350,734
75.80755,151,1294,-1735,531,4271,-140,350,734
75.80805,151,1295,-1735,531,4271,-140,350,735
75.80855,151,1294,-1735,531,4271,-140,350,734
75.80905,151,1294,-1735,531,4267,-140,350,735
75.80955,151,1294,-1735,530,4271,-140,349,735
75.81005,151,1294,-1735,531,4265,-140,350,735
75.81055,151,1294,-1734,531,4266,-140,349,735
75.81105,151,1294,-1734,530,4271,-140,349,734
75.81155,151,1294,-1734,530,4270,-140,349,734
75.81205,151,1294,-1733,530,4296,-140,348,735
75.81255,151,1294,-1733,530,4328,-140,349,734
75.81305,151,1294,-1733,530,4319,-140,349,734
75.81355,151,1294,-1733,530,4311,-140,349,735
75.81405,151,1294,-1733,531,4281,-140,349,734
75.81455,151,1294,-1733,531,4253,-140,349,734
75.81505,151,1294,-1733,531,4253,-140,349,734
75.81555,151,1294,-1733,531,4257,-140,349,735
75.81605,151,1294,-1733,531,4263,-140,349,734
75.81655,151,1294,-1733,530,4262,-140,349,734
75.81705,151,1294,-1733,531,4266,-140,348,734
75.81755,151,1294,-1733,530,4267,-140,348,734
75.81805,151,1294,-1733,530,4268,-140,348,734
75.81855,151,1294,-1734,530,4270,-140,348,734
75.81905,151,1294,-1734,530,4266,-140,349,734
75.81955,151,1294,-1734,530,4267,-140,349,734
75.82015,151,1294,-1734,530,4269,-140,349,735
75.82065,151,1294,-1734,530,4274,-140,349,734
75.82115,151,1294,-1735,531,4275,-140,349,734
75.82165,151,1294,-1734,531,4282,-140,349,734
75.82215,151,1294,-1734,532,4311,-140,348,735
75.82265,151,1294,-1734,531,4335,-140,348,735
75.82315,151,1294,-1734,531,4325,-140,349,735
75.82365,151,1294,-1734,531,4313,-140,348,735
75.82415,151,1294,-1734,531,4281,-140,349,734
75.82465,151,1294,-1734,531,4262,-140,349,734
75.82515,151,1294,-1734,531,4263,-140,349,735
75.82565,151,1294,-1734,531,4265,-140,349,735
75.82615,151,1294,-1734,531,4264,-140,349,734
75.82665,151,1294,-1734,531,4265,-140,349,734
75.82715,151,1294,-1734,531,4275,-140,349,734
75.82765,151,1294,-1734,531,4278,-139,349,735
75.82815,151,1294,-1734,531,4276,-139,349,735
75.82865,151,1294,-1734,532,4272,-139,349,735
75.82915,151,1294,-1734,531,4272,-140,349,734
75.82965,151,1294,-1734,532,4273,-140,349,734
75.83015,151,1294,-1734,532,4277,-140,350,734
75.83065,151,1294,-1735,531,4274,-140,349,734
75.83115,151,1294,-1734,531,4277,-140,349,734
75.83165,151,1294,-1734,531,4276,-140,349,734
75.83215,151,1294,-1734,532,4304,-140,348,734
75.83265,151,1294,-1734,531,4327,-139,349,734
75.83315,151,1294,-1734,530,4322,-140,350,735
75.83365,151,1294,-1733,529,4310,-140,350,734
75.83415,151,1294,-1734,529,4272,-140,350,734
75.83465,151,1294,-1734,530,4256,-140,350,734
75.83515,151,1294,-1733,530,4259,-140,351,735
75.83565,151,1294,-1734,530,4265,-140,351,734
75.83615,151,1294,-1734,531,4267,-140,351,734
75.83665,151,1294,-1735,530,4274,-140,351,735
75.83715,151,1294,-1735,531,4273,-140,352,734
75.83765,151,1294,-1734,531,4269,-140,352,734
75.83815,151,1294,-1734,531,4275,-140,352,735
75.83865,151,1294,-1734,531,4278,-140,352,734
75.83915,151,1294,-1734,531,4271,-140,351,734
75.83965,151,1294,-1734,531,4275,-140,351,734
75.84015,151,1294,-1734,531,4277,-140,351,734
75.84065,151,1294,-1734,531,4282,-140,351,735
75.84115,151,1294,-1734,531,4285,-139,351,735
75.84165,151,1294,-1734,530,4281,-140,351,734
75.84215,151,1294,-1734,531,4308,-140,350,735
75.84265,151,1294,-1734,530,4328,-140,350,735
75.84315,151,1294,-1733,531,4320,-140,350,735
75.84365,151,1294,-1734,531,4307,-140,350,734
75.84415,151,1294,-1734,531,4275,-140,350,734
75.84465,151,1294,-1734,531,4263,-140,350,734
75.845146,151,1294,-1734,532,4263,-140,350,735
75.84565,151,1294,-1734,532,4266,-139,350,734
75.84615,151,1294,-1734,531,4267,-140,350,735
75.84665,151,1294,-1734,531,4271,-139,351,735
75.84715,151,1294,-1735,531,4267,-140,351,734
75.84765,151,1294,-1735,532,4266,-140,351,735
75.84815,152,1294,-1735,531,4272,-140,351,735
75.84865,151,1294,-1736,532,4271,-140,351,735
75.84915,151,1294,-1735,531,4271,-140,351,735
75.84965,151,1294,-1735,532,4274,-140,351,734
75.85015,151,1294,-1734,531,4274,-139,351,734
75.85065,151,1294,-1733,532,4281,-140,351,735
75.85115,151,1294,-1733,532,4286,-140,351,734
75.85165,151,1294,-1734,532,4283,-140,351,735
75.85215,151,1294,-1734,532,4320,-139,351,735
75.85265,151,1294,-1734,532,4332,-140,351,735
75.85315,151,1294,-1734,531,4325,-140,351,735
75.85365,151,1294,-1733,529,4311,-140,351,734
75.85415,151,1294,-1733,528,4279,-140,352,734
75.85465,151,1295,-1733,529,4272,-140,351,734
75.85515,151,1294,-1734,529,4273,-140,351,734
75.85565,151,1294,-1734,531,4277,-140,352,734
75.85615,151,1294,-1734,531,4282,-139,352,734
75.85665,151,1294,-1733,531,4284,-140,352,734
75.85715,151,1294,-1734,531,4282,-140,352,735
75.85765,151,1294,-1734,531,4280,-139,352,735
75.85815,151,1294,-1733,531,4276,-140,352,734
75.85865,151,1294,-1734,531,4276,-140,352,734
75.85915,151,1294,-1734,531,4277,-140,352,734
75.85965,151,1294,-1734,532,4277,-140,352,735
75.86015,151,1294,-1734,531,4277,-139,352,735
75.86065,151,1294,-1735,532,4275,-140,352,735
75.86115,151,1294,-1735,532,4278,-140,353,734
75.86165,151,1294,-1735,532,4284,-140,353,735
75.86215,151,1294,-1735,532,4326,-140,352,735
75.86265,151,1294,-1735,531,4329,-140,352,735
75.86315,151,1294,-1734,531,4319,-140,351,735
75.86365,151,1294,-1734,531,4297,-140,351,734
75.86415,151,1294,-1733,530,4262,-140,351,734
75.86465,151,1294,-1733,531,4256,-140,351,735
75.86515,151,1294,-1732,530,4259,-140,350,735
75.86565,151,1294,-1733,530,4261,-140,351,734
75.86615,151,1294,-1733,530,4263,-140,351,734
75.86665,151,1294,-1733,531,4270,-140,350,734
75.86715,151,1294,-1733,531,4276,-140,350,734
75.86765,151,1294,-1733,530,4276,-140,350,734
75.86815,151,1294,-1733,531,4275,-140,351,734
75.86865,151,1294,-1733,530,4276,-140,350,735
75.86915,151,1294,-1733,531,4275,-140,350,734
75.86965,151,1294,-1734,531,4272,-140,350,735
75.87015,151,1294,-1734,531,4274,-140,351,734
75.87065,151,1294,-1734,532,4273,-140,351,734
75.87115,151,1294,-1734,532,4279,-140,351,734
75.87165,151,1294,-1735,532,4288,-139,351,734
75.87215,151,1294,-1734,533,4326,-139,351,735
75.87265,151,1294,-1735,532,4333,-139,351,735
75.87315,151,1294,-1734,532,4321,-139,351,735
75.87365,151,1294,-1734,532,4299,-140,351,735
75.87415,151,1294,-1734,532,4265,-140,351,734
75.87465,151,1294,-1734,532,4256,-140,351,735
75.87515,151,1294,-1734,531,4264,-140,351,735
75.87565,151,1294,-1734,531,4267,-139,351,734
75.87615,151,1294,-1733,531,4270,-140,351,735
75.87665,151,1295,-1733,531,4276,-140,350,735
75.87715,151,1294,-1734,531,4271,-140,351,735
75.87765,151,1295,-1734,530,4268,-140,350,734
75.87815,151,1294,-1734,530,4270,-140,351,735
75.87865,151,1294,-1734,530,4275,-140,350,735
75.87915,151,1294,-1734,531,4268,-140,351,734
75.87965,151,1295,-1734,531,4266,-140,350,735
75.88015,151,1294,-1734,531,4269,-140,351,734
75.88065,151,1294,-1734,532,4271,-140,351,734
75.88125,151,1294,-1734,532,4277,-140,351,734
75.88175,151,1294,-1734,532,4287,-140,350,734
75.88225,152,1295,-1734,533,4321,-140,350,734
75.88275,151,1295,-1734,532,4323,-139,350,734
75.88325,151,1294,-1734,532,4318,-140,350,734
75.88375,151,1294,-1734,532,4297,-140,350,734
75.88425,151,1294,-1734,532,4266,-140,349,734
75.88475,151,1294,-1733,531,4258,-140,349,734
75.88525,151,1294,-1733,531,4259,-140,349,734
75.88575,151,1295,-1733,531,4263,-139,349,734
75.88625,151,1294,-1734,531,4269,-140,350,734
75.88675,151,1294,-1734,531,4272,-140,349,735
75.88725,151,1294,-1734,531,4273,-140,350,734
75.88775,151,1295,-1734,531,4270,-140,350,734
75.88825,151,1294,-1734,530,4276,-140,350,734
75.88875,151,1294,-1733,529,4282,-140,350,734
75.88925,151,1294,-1733,529,4284,-140,350,734
75.88975,151,1294,-1733,530,4285,-140,351,734
75.89025,151,1294,-1733,530,4283,-140,351,734
75.89075,151,1294,-1733,530,4282,-140,351,734
75.89125,151,1294,-1733,530,4284,-140,351,734
75.89175,151,1294,-1733,531,4293,-140,351,735
75.89225,151,1294,-1734,531,4328,-140,350,735
75.89275,151,1294,-1734,531,4325,-140,351,735
75.89325,151,1295,-1734,531,4316,-140,351,735
75.89375,151,1295,-1734,531,4292,-140,352,734
75.89425,151,1294,-1734,531,4264,-140,352,734
75.89475,151,1294,-1734,531,4262,-140,352,735
75.89525,151,1294,-1734,531,4264,-140,352,735
75.89575,151,1295,-1734,531,4265,-140,352,735
75.89625,151,1295,-1734,532,4266,-140,351,735
75.89675,151,1294,-1734,532,4266,-140,351,735
75.89725,151,1294,-1734,532,4264,-140,351,735
75.89775,151,1295,-1734,532,4262,-140,351,735
75.89825,151,1294,-1734,531,4263,-140,351,734
75.89875,151,1295,-1734,531,4265,-140,351,735
75.89925,151,1295,-1734,530,4267,-140,351,734
75.89975,151,1295,-1734,530,4263,-140,351,735
75.90025,151,1295,-1733,530,4267,-140,351,734
75.90075,151,1294,-1733,530,4269,-140,351,735
75.90125,151,1295,-1734,530,4275,-140,351,734
75.90175,151,1294,-1733,531,4286,-140,351,735
75.90225,151,1294,-1733,531,4325,-140,350,735
75.90275,151,1294,-1733,530,4322,-139,350,735
75.90325,151,1294,-1733,530,4313,-140,351,734
75.90375,151,1295,-1734,531,4289,-140,351,734
75.90425,151,1295,-1733,531,4266,-140,351,734
75.90475,151,1295,-1734,531,4262,-140,351,734
75.90525,151,1295,-1734,532,4264,-140,350,735
75.90575,151,1295,-1734,531,4267,-140,351,734
75.90625,151,1295,-1734,532,4263,-140,350,735
75.90675,151,1295,-1734,532,4269,-140,350,735
75.90725,151,1295,-1734,532,4270,-139,351,734
75.90775,151,1294,-1734,532,4269,-140,351,735
75.90825,151,1294,-1734,531,4273,-139,351,734
75.90875,151,1294,-1734,531,4270,-140,351,735
75.90925,151,1294,-1733,530,4272,-140,351,735
75.90975,151,1295,-1733,530,4268,-140,351,734
75.91025,151,1294,-1733,530,4265,-140,351,735
75.91075,151,1294,-1733,531,4271,-140,351,734
75.91125,151,1295,-1734,531,4270,-140,351,734
75.91175,151,1294,-1733,532,4286,-140,351,734
75.91225,151,1294,-1734,532,4323,-140,350,735
75.91275,151,1294,-1734,532,4321,-140,350,734
75.91325,151,1294,-1734,531,4306,-140,350,734
75.91375,151,1294,-1734,531,4281,-140,350,734
75.91425,151,1294,-1733,530,4251,-140,349,734
75.91475,151,1294,-1733,529,4246,-140,349,734
75.91525,151,1294,-1733,530,4251,-140,348,734
75.91575,151,1294,-1734,530,4257,-140,348,735
75.91625,151,1294,-1734,531,4261,-140,349,734
75.91675,151,1294,-1734,531,4260,-140,349,735
75.91725,151,1294,-1735,531,4262,-140,349,734
75.91775,151,1294,-1734,531,4259,-140,349,734
75.91825,151,1295,-1734,531,4263,-140,349,734
75.91875,151,1295,-1734,531,4267,-140,350,734
75.91925,151,1294,-1734,531,4263,-140,351,734
75.91975,151,1295,-1734,531,4262,-140,351,734
75.92025,151,1294,-1734,531,4263,-140,351,734
75.92075,151,1294,-1734,531,4270,-140,351,734
75.92125,151,1295,-1733,531,4274,-140,351,735
75.92175,151,1294,-1733,531,4289,-140,351,735
75.92225,151,1294,-1733,531,4317,-140,351,735
75.92275,151,1294,-1733,531,4317,-140,351,735
75.92325,151,1294,-1733,531,4312,-140,351,735
75.92375,151,1294,-1733,530,4286,-140,351,734
75.92425,151,1294,-1733,530,4260,-140,351,734
75.92475,151,1294,-1733,530,4259,-140,351,734
75.92525,151,1294,-1733,531,4260,-140,350,734
75.92575,151,1294,-1733,531,4265,-140,351,735
75.92625,151,1294,-1733,531,4266,-140,350,734
75.92675,151,1294,-1733,531,4263,-140,350,734
75.92725,151,1294,-1734,531,4267,-140,350,735
75.92775,151,1294,-1734,531,4267,-140,350,735
75.92825,151,1295,-1734,531,4263,-140,350,734
75.92875,151,1294,-1734,531,4264,-140,350,734
75.92925,151,1294,-1734,531,4270,-140,350,734
75.92975,151,1294,-1733,531,4270,-140,350,734
75.93025,151,1294,-1734,531,4268,-140,350,735
75.93075,151,1294,-1734,531,4264,-140,350,735
75.93125,151,1295,-1734,532,4260,-140,350,735
75.93175,151,1294,-1733,532,4278,-140,350,735
75.93225,151,1294,-1734,531,4309,-140,350,735
75.93275,151,1294,-1733,531,4308,-140,350,734
75.93325,151,1294,-1734,531,4302,-141,351,734
75.93375,151,1294,-1734,531,4278,-140,351,734
75.93425,151,1294,-1734,531,4256,-140,351,734
75.93475,151,1295,-1734,532,4251,-141,351,734
75.93525,151,1295,-1734,532,4253,-140,351,734
75.93575,151,1294,-1734,531,4258,-140,351,734
75.93625,151,1294,-1734,531,4261,-140,350,734
75.93675,151,1294,-1734,532,4263,-140,350,734
75.93725,151,1295,-1734,532,4262,-140,350,734
75.93775,151,1294,-1734,532,4262,-140,350,734
75.93825,151,1294,-1734,532,4265,-140,350,734
75.93875,151,1294,-1734,531,4267,-140,350,734
75.93925,151,1294,-1734,531,4265,-140,350,734
75.93975,151,1294,-1733,530,4263,-140,349,734
75.94025,151,1294,-1733,530,4265,-140,350,734
75.94075,151,1294,-1733,531,4267,-140,349,734
75.94125,151,1294,-1734,531,4269,-140,350,734
75.94185,151,1294,-1734,531,4292,-140,350,734
75.94235,151,1294,-1734,531,4320,-140,349,734
75.94285,151,1294,-1734,531,4314,-140,350,734
75.94335,151,1294,-1734,531,4304,-140,351,734
75.94385,151,1295,-1735,531,4272,-140,351,735
75.94435,151,1294,-1735,531,4250,-140,351,734
75.94485,151,1294,-1735,531,4242,-140,351,734
75.94535,151,1294,-1734,531,4248,-140,351,734
75.94585,151,1294,-1734,531,4254,-140,351,734
75.94635,151,1294,-1734,531,4255,-140,351,734
75.94685,151,1294,-1732,531,4257,-140,351,734
75.94735,151,1295,-1732,532,4259,-140,351,735
75.94785,151,1295,-1733,532,4258,-140,351,734
75.94835,151,1294,-1733,532,4254,-140,351,734
75.94885,151,1294,-1733,532,4259,-140,351,734
75.94935,151,1295,-1734,531,4263,-140,351,734
75.94985,151,1295,-1734,531,4264,-140,351,734
75.95035,151,1295,-1733,531,4263,-140,351,734
75.95085,151,1294,-1733,531,4264,-140,351,735
75.95135,151,1294,-1733,530,4265,-140,350,734
75.95185,151,1294,-1733,531,4286,-140,350,735
75.95235,151,1295,-1733,531,4315,-140,350,734
75.95285,151,1294,-1734,531,4308,-140,350,734
75.95335,151,1294,-1734,531,4301,-140,350,734
75.95385,151,1295,-1734,531,4269,-141,351,734
75.95435,151,1294,-1734,531,4247,-141,350,734
75.95485,151,1295,-1734,532,4248,-140,350,734
75.95535,151,1295,-1733,532,4255,-140,350,734
75.95585,151,1295,-1734,532,4262,-140,350,734
75.95635,151,1295,-1733,532,4264,-140,350,735
75.95685,151,1294,-1734,532,4265,-140,351,734
75.95735,151,1295,-1733,531,4259,-140,351,734
75.95785,151,1294,-1734,531,4261,-140,351,734
75.95835,151,1295,-1733,531,4263,-140,352,734
75.95885,151,1295,-1733,531,4263,-140,351,734
75.95935,150,1295,-1733,530,4259,-140,352,734
75.95985,151,1295,-1733,530,4257,-140,352,734
75.96035,151,1295,-1733,530,4257,-140,352,735
75.96085,151,1295,-1733,531,4262,-140,352,734
75.96135,151,1294,-1733,531,4261,-140,352,734
75.96185,151,1295,-1734,531,4294,-140,351,735
75.96235,151,1294,-1734,531,4315,-140,351,735
75.96285,151,1295,-1734,531,4306,-140,351,734
75.96335,151,1294,-1734,531,4295,-140,351,734
75.96385,151,1295,-1733,531,4266,-140,350,734
75.96435,151,1294,-1734,532,4249,-140,350,734
75.96485,151,1295,-1734,532,4246,-140,350,734
75.96535,151,1294,-1734,532,4250,-140,350,735
75.96585,151,1295,-1734,531,4255,-140,350,734
75.96635,151,1295,-1733,531,4255,-140,350,734
75.96685,151,1295,-1734,531,4261,-140,350,734
75.96735,151,1295,-1733,531,4264,-140,350,734
75.96785,150,1295,-1734,531,4264,-141,351,734
75.96835,151,1295,-1733,531,4264,-140,351,734
75.96885,151,1295,-1733,531,4266,-140,350,734
75.96935,151,1295,-1733,531,4267,-140,350,734
75.96985,151,1295,-1733,531,4269,-140,350,734
75.97035,151,1295,-1733,531,4270,-140,350,734
75.97085,151,1295,-1734,531,4268,-140,351,734
75.97135,151,1294,-1734,532,4272,-140,351,734
75.97185,151,1295,-1734,532,4305,-140,351,735
75.97235,151,1295,-1734,532,4325,-140,351,735
75.97285,151,1295,-1734,531,4316,-140,351,735
75.97335,151,1295,-1733,531,4304,-140,351,735
75.97385,151,1295,-1733,531,4272,-140,351,735
75.97435,151,1294,-1733,531,4255,-140,351,734
75.97485,151,1294,-1733,531,4254,-140,351,735
75.97535,151,1294,-1733,531,4260,-140,351,734
75.97585,151,1294,-1733,531,4263,-140,350,735
75.97635,151,1295,-1733,531,4267,-140,350,735
75.97685,151,1294,-1733,531,4264,-140,350,734
75.97735,151,1295,-1733,531,4262,-140,349,734
75.97785,151,1294,-1733,531,4265,-140,350,734
75.97835,151,1295,-1733,531,4267,-140,349,734
75.97885,151,1295,-1734,532,4268,-140,350,734
75.97935,151,1295,-1735,531,4265,-140,350,734
75.97985,151,1294,-1734,532,4261,-140,350,735
75.98035,151,1295,-1734,531,4260,-140,350,734
75.98085,151,1295,-1733,531,4258,-140,351,734
75.98135,151,1295,-1734,531,4267,-140,351,734
75.98185,151,1294,-1733,532,4306,-140,350,735
75.98235,151,1295,-1733,531,4319,-140,350,735
75.98285,151,1295,-1734,531,4308,-140,351,735
75.98335,151,1295,-1734,531,4293,-140,351,734
75.98385,151,1295,-1734,531,4261,-140,351,734
75.98435,151,1295,-1734,531,4255,-140,351,735
75.98485,151,1295,-1734,532,4255,-140,351,734
75.98535,151,1295,-1733,532,4255,-140,350,734
75.98585,151,1295,-1734,532,4262,-140,351,735
75.98635,151,1295,-1733,532,4266,-140,351,734
75.98685,151,1295,-1733,532,4267,-140,351,734
75.98735,151,1295,-1733,531,4273,-139,351,734
75.98785,151,1295,-1734,531,4276,-140,351,734
75.98835,151,1295,-1734,532,4278,-140,351,734
75.98885,151,1295,-1734,532,4280,-140,351,734
75.98935,151,1295,-1734,531,4280,-140,351,734
75.98985,151,1295,-1734,531,4281,-140,351,734
75.99035,151,1295,-1734,531,4279,-140,351,735
75.99085,151,1295,-1733,531,4278,-140,351,734
75.99135,151,1295,-1733,531,4279,-140,351,734
75.99185,151,1295,-1733,531,4317,-140,350,735
75.99235,151,1294,-1733,531,4327,-141,350,735
75.99285,151,1295,-1733,532,4317,-140,351,734
75.99335,151,1295,-1733,531,4297,-140,351,734
75.99385,151,1295,-1733,531,4266,-140,351,734
75.99435,151,1295,-1733,531,4256,-140,351,734
75.99485,151,1295,-1733,531,4260,-140,350,734
75.99535,151,1295,-1733,531,4266,-140,350,734
75.99585,151,1295,-1733,531,4271,-140,351,735
75.99635,151,1295,-1733,531,4270,-140,351,735
75.99685,151,1295,-1733,531,4265,-140,351,735
75.99735,151,1295,-1733,531,4262,-140,351,735
75.99785,151,1295,-1733,531,4261,-140,351,735
75.99835,151,1295,-1734,531,4263,-140,351,735
75.99885,151,1295,-1734,532,4265,-140,351,735
75.99935,151,1295,-1733,531,4263,-140,351,735
75.99985,151,1295,-1733,531,4263,-140,351,735
76.00035,151,1295,-1734,532,4265,-140,351,735
76.00085,151,1295,-1733,532,4271,-140,351,735
76.00135,151,1295,-1733,532,4280,-140,351,735
76.00185,151,1295,-1733,532,4319,-139,351,735
76.00235,151,1295,-1733,531,4323,-140,351,735
76.00295,151,1295,-1733,532,4318,-140,351,735
76.00345,151,1295,-1733,531,4300,-140,351,735
76.00395,151,1295,-1733,531,4270,-140,351,735
76.00445,151,1295,-1733,531,4261,-140,352,735
76.00495,151,1295,-1733,531,4262,-140,351,735
76.00545,151,1295,-1733,531,4268,-140,351,735
76.00595,151,1295,-1733,531,4275,-140,351,735
76.00645,151,1295,-1733,531,4278,-140,350,734
76.00695,151,1295,-1733,531,4280,-140,350,735
76.00745,151,1295,-1733,531,4284,-140,350,735
76.00795,151,1295,-1733,531,4279,-140,351,735
76.00845,151,1295,-1733,532,4276,-140,351,735
76.00895,151,1295,-1733,531,4276,-140,351,735
76.00945,151,1295,-1733,532,4276,-140,351,735
76.00995,151,1295,-1733,531,4277,-140,350,735
76.01045,151,1295,-1733,532,4278,-140,351,735
76.01095,151,1295,-1734,532,4275,-140,351,735
76.01145,151,1295,-1734,533,4282,-140,350,735
76.01195,151,1295,-1734,533,4320,-140,351,735
76.01245,151,1295,-1734,532,4324,-140,351,735
76.01295,151,1295,-1734,532,4318,-140,351,735
76.01345,151,1295,-1734,531,4295,-140,351,735
76.01395,151,1295,-1734,531,4264,-140,351,734
76.01445,151,1295,-1734,531,4255,-140,350,735
76.01495,151,1295,-1734,530,4259,-140,350,735
76.01545,151,1294,-1732,530,4261,-140,350,735
76.01595,151,1295,-1732,529,4263,-140,350,735
76.01645,151,1295,-1731,530,4265,-140,350,735
76.01695,151,1295,-1732,530,4268,-140,350,735
76.01745,151,1295,-1733,531,4268,-140,351,735
76.01795,151,1295,-1732,531,4267,-139,351,735
76.01845,151,1295,-1733,532,4269,-140,351,735
76.01895,150,1295,-1733,532,4272,-140,351,735
76.01945,151,1295,-1733,531,4269,-140,351,735
76.01995,151,1295,-1734,532,4269,-139,351,735
76.02045,151,1295,-1733,531,4271,-140,351,735
76.02095,151,1295,-1734,532,4274,-140,351,735
76.02145,151,1295,-1733,532,4289,-139,351,735
76.02195,151,1295,-1733,532,4330,-139,351,735
76.02245,151,1295,-1733,531,4333,-139,351,735
76.02295,151,1295,-1733,532,4326,-140,351,735
76.02345,150,1295,-1733,531,4301,-140,351,734
76.02395,151,1295,-1733,531,4273,-140,351,735
76.02445,151,1294,-1733,531,4269,-140,351,734
76.02495,151,1295,-1733,531,4266,-140,351,735
76.02545,151,1295,-1733,531,4272,-140,351,735
76.02595,151,1295,-1733,531,4268,-140,351,734
76.02645,151,1295,-1733,531,4270,-140,351,735
76.02695,151,1295,-1733,531,4278,-140,351,735
76.02745,151,1295,-1733,531,4276,-139,351,735
76.02795,151,1295,-1733,532,4274,-139,351,735
76.02845,151,1295,-1733,532,4275,-139,351,735
76.02895,151,1295,-1733,532,4276,-140,351,735
76.02945,151,1295,-1732,531,4276,-140,351,735
76.02995,151,1295,-1733,532,4274,-140,351,735
76.03045,151,1295,-1733,531,4273,-140,351,735
76.03095,151,1295,-1733,531,4270,-140,351,734
76.03145,151,1295,-1733,531,4284,-140,350,735
76.03195,151,1295,-1733,531,4323,-139,350,735
76.03245,151,1295,-1733,531,4321,-140,351,735
76.03295,151,1295,-1733,531,4314,-140,351,735
76.03345,151,1295,-1733,531,4290,-140,351,735
76.03395,151,1295,-1733,531,4259,-140,351,735
76.03445,151,1295,-1733,531,4254,-140,351,734
76.03495,151,1295,-1733,531,4260,-139,350,735
76.035446,151,1294,-1733,531,4270,-140,351,735
76.03595,151,1295,-1733,531,4271,-140,350,735
76.03645,151,1295,-1733,531,4272,-140,349,735
76.03695,151,1295,-1733,531,4274,-140,350,735
76.03745,151,1295,-1733,531,4274,-140,350,735
76.03795,151,1295,-1733,531,4273,-140,350,735
76.03845,151,1294,-1734,531,4275,-140,349,735
76.03895,151,1295,-1733,531,4278,-140,349,735
76.03945,151,1295,-1734,531,4275,-140,349,735
76.03995,151,1295,-1734,531,4274,-140,350,735
76.04045,151,1295,-1733,531,4274,-140,349,735
76.04095,151,1295,-1733,531,4277,-139,349,735
76.04145,151,1295,-1733,532,4292,-140,348,735
76.04195,151,1294,-1733,531,4326,-140,348,735
76.04245,151,1295,-1733,531,4326,-140,348,735
76.04295,151,1295,-1733,531,4318,-140,349,734
76.04345,151,1295,-1733,531,4291,-140,349,734
76.04395,151,1295,-1733,531,4267,-140,349,735
76.04445,150,1295,-1733,531,4261,-140,349,734
76.04495,151,1295,-1733,531,4258,-139,349,734
76.04545,151,1294,-1733,531,4267,-140,349,735
76.04595,151,1295,-1733,531,4270,-139,349,735
76.04645,151,1295,-1733,531,4266,-140,349,735
76.04695,151,1294,-1733,531,4264,-140,349,735
76.04745,151,1295,-1733,531,4265,-140,349,735
76.04795,151,1294,-1733,532,4264,-140,350,735
76.04845,151,1295,-1733,532,4264,-140,350,734
76.04895,150,1295,-1734,531,4267,-140,350,735
76.04945,151,1295,-1734,531,4272,-140,351,734
76.04995,151,1295,-1734,531,4270,-140,351,735
76.05045,151,1295,-1734,531,4274,-139,351,735
76.05095,151,1295,-1734,531,4268,-140,351,735
76.05145,151,1295,-1733,532,4281,-139,351,735
76.05195,151,1295,-1733,532,4318,-139,351,735
76.05245,151,1295,-1733,532,4318,-139,351,735
76.05295,151,1295,-1733,531,4313,-140,352,735
76.05345,151,1295,-1733,531,4289,-140,352,735
76.05395,151,1295,-1733,532,4264,-140,352,735
76.05445,151,1295,-1734,532,4259,-140,353,734
76.05495,151,1295,-1734,532,4264,-140,353,735
76.05545,151,1295,-1734,533,4274,-140,353,735
76.05595,151,1295,-1734,532,4274,-140,353,735
76.05645,151,1295,-1734,533,4274,-140,353,734
76.05695,150,1295,-1734,533,4275,-140,353,734
76.05745,151,1295,-1734,533,4279,-140,353,734
76.05795,151,1295,-1734,532,4276,-140,353,734
76.05845,151,1295,-1734,532,4275,-140,352,735
76.05895,151,1295,-1733,531,4275,-140,352,734
76.05945,151,1295,-1734,530,4267,-140,352,735
76.05995,151,1295,-1734,530,4267,-140,352,734
76.06045,151,1295,-1733,530,4265,-140,351,735
76.06095,151,1295,-1733,532,4269,-140,352,734
76.06145,151,1295,-1733,532,4289,-140,351,735
76.06195,151,1295,-1733,533,4325,-140,351,735
76.06245,151,1294,-1733,532,4320,-140,351,735
76.06295,151,1295,-1733,532,4309,-140,351,735
76.06345,151,1295,-1733,531,4279,-140,351,734
76.06395,151,1295,-1733,531,4254,-140,351,734
76.06455,151,1295,-1733,531,4254,-140,351,735
76.06505,151,1295,-1733,531,4256,-140,351,735
76.06555,151,1295,-1734,531,4255,-139,351,735
76.06605,150,1295,-1734,531,4256,-139,352,735
76.06655,151,1295,-1733,532,4261,-139,352,735
76.06705,151,1295,-1734,532,4267,-139,352,735
76.06755,151,1295,-1734,532,4268,-139,352,735
76.06805,151,1295,-1734,532,4268,-139,352,735
76.06855,151,1295,-1733,532,4269,-139,352,735
76.06905,151,1295,-1733,532,4270,-140,352,735
76.06955,151,1295,-1733,532,4271,-140,352,735
76.07005,151,1295,-1733,532,4273,-139,353,735
76.07055,151,1295,-1733,532,4273,-140,352,735
76.07105,151,1295,-1733,531,4271,-140,353,735
76.07155,151,1295,-1734,531,4297,-140,352,735
76.07205,151,1295,-1734,530,4327,-140,352,735
76.07255,151,1295,-1734,531,4325,-140,353,735
76.07305,151,1295,-1734,531,4317,-140,353,734
76.07355,151,1295,-1734,531,4286,-140,353,735
76.07405,151,1295,-1733,531,4264,-140,353,735
76.07455,151,1295,-1733,531,4259,-140,352,734
76.07505,151,1295,-1734,532,4261,-140,352,735
76.07555,150,1295,-1734,531,4271,-140,353,735
76.07605,151,1295,-1734,532,4269,-140,352,735
76.07655,151,1295,-1734,532,4267,-140,353,734
76.07705,150,1295,-1733,532,4270,-140,353,735
76.07755,151,1295,-1732,532,4272,-140,353,735
76.07805,151,1295,-1732,532,4266,-140,352,735
76.07855,151,1295,-1732,532,4265,-140,352,735
76.07905,151,1295,-1734,532,4266,-139,351,735
76.07955,151,1295,-1734,532,4262,-140,352,735
76.08005,151,1295,-1735,532,4260,-140,351,735
76.08055,151,1295,-1734,532,4261,-139,352,735
76.08105,151,1295,-1734,531,4263,-140,352,735
76.08155,151,1295,-1735,532,4291,-139,351,735
76.08205,151,1294,-1734,531,4318,-139,351,735
76.08255,151,1295,-1733,531,4315,-140,351,734
76.08305,151,1295,-1732,531,4307,-140,352,735
76.08355,150,1295,-1732,531,4280,-140,352,734
76.08405,151,1295,-1733,532,4257,-140,352,735
76.08455,151,1295,-1734,532,4257,-140,351,734
76.08505,151,1295,-1734,532,4257,-139,351,735
76.08555,151,1295,-1734,532,4267,-140,351,735
76.08605,151,1295,-1733,531,4267,-139,351,735
76.08655,151,1295,-1732,531,4267,-140,351,735
76.08705,151,1295,-1732,531,4270,-140,351,735
76.08755,151,1295,-1732,531,4272,-140,351,735
76.08805,151,1295,-1733,531,4273,-140,351,735
76.08855,151,1295,-1733,531,4275,-140,351,735
76.08905,151,1295,-1733,531,4277,-140,351,735
76.08955,151,1295,-1732,532,4278,-140,351,735
76.09005,151,1295,-1732,532,4280,-139,351,735
76.09055,151,1295,-1732,532,4280,-140,350,735
76.09105,151,1295,-1732,532,4277,-139,350,735
76.09155,151,1295,-1732,532,4303,-140,349,735
76.09205,151,1295,-1733,532,4326,-140,349,735
76.09255,151,1295,-1733,532,4321,-140,349,735
76.09305,151,1295,-1733,532,4310,-139,349,735
76.09355,151,1295,-1733,533,4280,-139,349,735
76.09405,151,1295,-1733,533,4262,-140,350,735
76.09455,151,1295,-1734,532,4260,-140,349,735
76.09505,151,1295,-1734,531,4263,-140,349,734
76.09555,150,1295,-1734,531,4270,-140,348,735
76.09605,150,1295,-1735,532,4276,-140,348,735
76.09655,151,1295,-1735,532,4272,-140,348,735
76.09705,150,1295,-1734,531,4270,-140,348,734
76.09755,151,1295,-1733,531,4268,-140,348,735
76.09805,151,1295,-1732,531,4270,-140,348,734
76.09855,150,1295,-1733,531,4268,-140,348,734
76.09905,151,1295,-1733,531,4272,-140,349,734
76.09955,151,1295,-1733,531,4270,-140,349,734
76.10005,150,1295,-1733,531,4269,-140,349,734
76.10055,151,1295,-1733,531,4272,-139,349,734
76.10105,151,1295,-1733,531,4276,-140,349,735
76.10155,150,1295,-1733,532,4309,-140,349,735
76.10205,151,1295,-1733,531,4326,-139,349,735
76.10255,150,1295,-1733,531,4319,-140,350,734
76.10305,151,1295,-1733,531,4308,-140,350,735
76.10355,151,1295,-1733,531,4280,-140,350,734
76.10405,151,1295,-1733,531,4259,-140,350,734
76.10455,151,1295,-1732,531,4262,-140,350,735
76.10505,150,1295,-1733,532,4266,-140,350,735
76.10555,151,1295,-1733,531,4265,-140,351,734
76.10605,151,1295,-1733,532,4268,-140,351,735
76.10655,151,1295,-1733,532,4278,-140,351,735
76.10705,151,1295,-1733,532,4277,-139,351,735
76.10755,151,1295,-1733,532,4276,-140,352,735
76.10805,151,1295,-1733,532,4275,-140,352,735
76.10855,150,1295,-1733,533,4274,-140,352,735
76.10905,150,1295,-1733,533,4274,-140,352,735
76.10955,151,1295,-1734,533,4274,-140,353,735
76.11005,151,1295,-1734,534,4274,-139,353,735
76.11055,151,1296,-1733,533,4273,-140,353,735
76.11105,151,1295,-1733,533,4271,-140,353,735
76.11155,151,1295,-1733,532,4309,-139,352,735
76.11205,151,1295,-1733,531,4322,-139,352,735
76.11255,151,1295,-1733,530,4316,-139,352,735
76.11305,150,1295,-1733,530,4301,-139,352,735
76.11355,150,1295,-1733,529,4264,-139,351,735
76.11405,151,1295,-1733,530,4248,-139,351,735
76.11455,151,1295,-1733,531,4251,-139,350,735
76.11505,151,1295,-1734,532,4255,-139,350,735
76.11555,151,1295,-1734,532,4261,-140,349,735
76.11605,151,1295,-1734,532,4264,-140,349,735
76.11655,150,1295,-1734,532,4266,-140,349,735
76.11705,151,1295,-1733,532,4267,-140,349,735
76.11755,151,1296,-1733,531,4267,-140,349,735
76.11805,151,1295,-1732,531,4265,-140,350,735
76.11855,151,1295,-1732,531,4266,-139,350,735
76.11905,150,1295,-1732,531,4268,-140,350,735
76.11955,151,1295,-1732,531,4265,-140,351,735
76.12005,151,1295,-1733,531,4264,-139,350,735
76.12055,151,1295,-1733,531,4266,-140,350,735
76.12105,151,1295,-1733,532,4273,-139,350,735
76.12155,150,1295,-1733,532,4315,-139,350,735
76.12205,151,1295,-1733,531,4326,-140,350,735
76.12255,150,1295,-1733,532,4322,-139,350,735
76.12305,151,1295,-1733,531,4306,-139,350,735
76.12355,150,1295,-1732,531,4273,-140,351,735
76.12405,150,1295,-1733,532,4261,-140,351,735
76.12455,150,1295,-1733,531,4260,-139,351,735
76.12505,151,1295,-1733,531,4263,-140,351,735
76.12565,150,1295,-1733,531,4268,-139,351,735
76.12615,151,1295,-1734,532,4270,-139,351,735
76.12665,151,1295,-1733,532,4270,-139,351,735
76.12715,151,1295,-1733,532,4271,-139,351,735
76.12765,151,1295,-1733,532,4272,-139,351,735
76.12815,151,1295,-1733,532,4271,-139,351,735
76.12865,151,1295,-1733,532,4271,-139,351,735
76.12915,151,1295,-1733,533,4271,-140,352,735
76.12965,151,1295,-1733,532,4271,-139,351,735
76.13015,151,1295,-1733,532,4271,-140,352,735
76.13065,150,1295,-1733,532,4270,-140,352,735
76.13115,151,1295,-1733,532,4271,-140,352,735
76.13165,151,1295,-1732,532,4306,-140,352,735
76.13215,151,1295,-1733,532,4316,-140,352,735
76.13265,150,1295,-1733,531,4311,-140,352,735
76.13315,151,1295,-1733,531,4294,-139,353,735
76.13365,150,1295,-1733,531,4265,-140,352,735
76.13415,151,1295,-1733,531,4256,-139,353,735
76.13465,150,1295,-1734,532,4256,-139,352,735
76.13515,150,1295,-1734,532,4261,-139,352,735
76.13565,150,1295,-1733,532,4265,-139,352,735
76.13615,151,1295,-1733,532,4267,-140,352,735
76.13665,150,1295,-1733,532,4269,-139,352,735
76.13715,150,1295,-1733,532,4270,-139,352,735
76.13765,150,1295,-1733,532,4269,-139,352,735
76.13815,151,1295,-1733,532,4270,-139,351,735
76.13865,150,1295,-1733,532,4273,-139,351,735
76.13915,150,1295,-1733,532,4274,-139,351,735
76.13965,151,1295,-1733,532,4271,-139,351,735
76.14015,151,1295,-1733,532,4271,-139,351,735
76.14065,150,1295,-1733,532,4272,-139,351,735
76.14115,151,1295,-1733,532,4283,-139,351,735
76.14165,150,1295,-1733,532,4322,-139,350,735
76.14215,151,1295,-1733,532,4327,-139,351,735
76.14265,150,1295,-1733,532,4320,-140,350,735
76.14315,150,1296,-1733,531,4298,-139,350,735
76.14365,150,1295,-1733,531,4266,-139,350,735
76.14415,150,1295,-1732,531,4257,-139,349,735
76.14465,150,1295,-1733,531,4258,-139,349,735
76.14515,150,1295,-1733,531,4261,-139,349,735
76.14565,151,1295,-1733,531,4264,-139,349,735
76.14615,150,1295,-1732,531,4267,-139,348,735
76.14665,150,1295,-1733,531,4271,-139,348,735
76.14715,150,1295,-1733,532,4273,-139,348,735
76.14765,150,1295,-1733,531,4273,-139,348,735
76.14815,151,1295,-1732,531,4271,-139,348,735
76.14865,150,1295,-1733,531,4271,-139,348,735
76.14915,151,1295,-1732,531,4272,-140,349,735
76.14965,151,1295,-1732,531,4274,-139,348,735
76.15015,151,1295,-1732,531,4276,-140,349,735
76.15065,151,1295,-1732,531,4275,-140,350,735
76.15115,151,1295,-1732,532,4283,-139,350,735
76.15165,151,1295,-1733,532,4322,-140,350,735
76.15215,151,1295,-1733,532,4325,-139,351,735
76.15265,151,1295,-1733,531,4318,-140,351,735
76.15315,150,1295,-1732,531,4296,-139,352,735
76.15365,150,1295,-1733,531,4264,-139,352,735
76.15415,150,1296,-1732,532,4259,-140,352,735
76.15465,151,1295,-1733,531,4265,-140,353,735
76.15515,150,1295,-1733,531,4273,-139,353,735
76.15565,150,1295,-1733,531,4278,-140,353,735
76.15615,150,1295,-1733,531,4280,-139,353,735
76.15665,151,1295,-1733,532,4282,-139,354,735
76.15715,150,1295,-1733,532,4282,-140,353,735
76.157646,150,1295,-1733,533,4281,-140,353,735
76.15815,150,1296,-1733,532,4278,-139,352,735
76.15865,150,1295,-1733,532,4278,-140,352,735
76.15915,151,1296,-1733,531,4277,-139,351,735
76.15965,151,1295,-1733,532,4273,-139,350,735
76.16015,150,1296,-1732,532,4271,-139,350,735
76.16065,150,1295,-1732,532,4271,-139,350,735
76.16115,151,1295,-1733,532,4285,-139,349,735
76.16165,151,1296,-1733,532,4323,-140,349,735
76.16215,150,1295,-1733,532,4325,-139,350,735
76.16265,150,1295,-1733,533,4319,-140,350,735
76.16315,150,1296,-1733,532,4293,-140,350,735
76.16365,150,1296,-1733,532,4263,-140,351,735
76.16415,151,1296,-1733,533,4256,-140,351,735
76.16465,151,1295,-1733,533,4257,-140,351,735
76.16515,151,1295,-1734,532,4263,-139,351,735
76.16565,150,1296,-1734,533,4268,-139,350,735
76.16615,150,1296,-1734,532,4271,-139,350,735
76.16665,150,1295,-1734,532,4273,-140,350,735
76.16715,151,1295,-1733,532,4275,-140,351,735
76.16765,151,1295,-1733,531,4278,-139,350,735
76.16815,150,1295,-1733,531,4277,-139,350,735
76.16865,151,1295,-1732,531,4278,-139,351,735
76.16915,150,1295,-1733,532,4279,-139,351,735
76.16965,150,1295,-1733,532,4280,-140,351,735
76.17015,151,1295,-1733,532,4282,-140,351,735
76.17065,150,1295,-1733,532,4282,-140,351,735
76.17115,151,1295,-1733,532,4293,-140,350,735
76.17165,151,1295,-1733,533,4329,-140,350,735
76.17215,151,1295,-1733,532,4331,-140,351,735
76.17265,151,1296,-1733,533,4324,-140,351,735
76.17315,150,1296,-1733,533,4302,-140,352,735
76.17365,150,1295,-1732,532,4276,-140,352,735
76.17415,150,1296,-1732,533,4268,-140,351,735
76.17465,150,1295,-1732,532,4268,-140,352,735
76.17515,150,1295,-1732,532,4270,-140,352,735
76.17565,151,1295,-1733,532,4275,-140,352,735
76.17615,150,1296,-1732,532,4276,-140,352,735
76.17665,151,1295,-1733,532,4276,-140,352,735
76.17715,150,1296,-1733,532,4275,-139,352,735
76.17765,151,1295,-1733,532,4273,-139,352,735
76.17815,150,1295,-1733,531,4274,-139,352,735
76.17865,151,1296,-1733,531,4276,-139,351,735
76.17915,150,1296,-1733,531,4274,-139,351,735
76.17965,150,1295,-1733,531,4269,-139,351,735
76.18015,151,1295,-1733,532,4268,-139,351,735
76.18065,150,1295,-1733,532,4269,-139,351,735
76.18115,151,1295,-1733,533,4288,-140,351,735
76.18165,151,1295,-1733,533,4324,-139,351,735
76.18215,151,1295,-1733,532,4323,-139,351,735
76.18265,150,1295,-1732,532,4314,-140,351,735
76.18315,150,1296,-1733,532,4287,-140,351,735
76.18365,151,1295,-1733,532,4260,-140,351,735
76.18415,151,1295,-1733,532,4255,-140,351,735
76.18465,151,1296,-1733,532,4257,-140,351,735
76.18515,151,1295,-1733,532,4260,-140,351,735
76.18565,150,1296,-1732,532,4263,-140,351,734
76.18615,151,1295,-1732,531,4268,-140,351,735
76.18665,151,1295,-1732,531,4276,-140,351,735
76.18715,151,1295,-1732,531,4275,-140,350,735
76.18775,151,1295,-1732,531,4273,-140,351,735
76.18825,150,1296,-1733,532,4273,-139,351,735
76.18875,151,1295,-1733,532,4275,-140,351,735
76.18925,151,1295,-1733,532,4276,-140,351,735
76.18975,150,1295,-1733,532,4277,-140,351,735
76.19025,151,1295,-1733,532,4278,-140,350,735
76.19075,151,1296,-1733,532,4276,-140,350,735
76.19125,150,1295,-1733,533,4288,-140,350,736
76.19175,150,1295,-1733,533,4322,-140,350,735
76.19225,151,1296,-1734,532,4324,-140,351,735
76.19275,151,1295,-1734,532,4312,-140,351,735
76.19325,150,1295,-1734,531,4282,-140,351,735
76.19375,150,1296,-1733,530,4255,-140,350,735
76.19425,150,1295,-1732,531,4253,-140,351,735
76.19475,150,1295,-1732,531,4259,-140,351,735
76.19525,151,1295,-1733,531,4264,-140,351,735
76.19575,151,1296,-1733,531,4267,-140,352,735
76.19625,150,1295,-1733,532,4267,-140,351,735
76.19675,150,1296,-1734,532,4267,-140,351,735
76.19725,150,1296,-1733,532,4266,-140,351,735
76.19775,150,1296,-1733,532,4265,-140,351,735
76.19825,151,1295,-1733,532,4261,-140,351,735
76.19875,150,1296,-1731,532,4261,-140,351,735
76.19925,150,1295,-1731,532,4263,-140,351,735
76.19975,151,1295,-1732,532,4261,-140,351,735
76.20025,151,1296,-1732,532,4260,-140,352,735
76.20075,150,1296,-1732,532,4261,-140,352,735
76.20125,150,1295,-1732,532,4284,-140,351,735
76.20175,151,1295,-1733,531,4316,-140,351,735
76.20225,150,1295,-1733,531,4315,-140,351,735
76.20275,151,1296,-1733,532,4307,-140,352,735
76.20325,151,1296,-1732,531,4278,-140,352,735
76.20375,150,1295,-1733,532,4258,-140,352,735
76.20425,150,1296,-1733,531,4256,-140,352,735
76.20475,150,1296,-1732,531,4260,-140,353,735
76.20525,150,1296,-1732,531,4267,-140,353,735
76.20575,150,1296,-1732,531,4271,-140,353,735
76.20625,150,1296,-1732,531,4272,-140,353,735
76.20675,150,1296,-1732,531,4272,-140,353,735
76.20725,150,1296,-1733,532,4273,-140,353,735
76.20775,151,1296,-1733,532,4273,-140,353,735
76.20825,150,1296,-1733,532,4270,-140,353,735
76.20875,150,1296,-1734,532,4269,-140,353,735
76.20925,150,1296,-1733,532,4268,-140,352,735
76.20975,150,1295,-1732,532,4268,-140,352,735
76.21025,150,1295,-1732,532,4268,-140,352,735
76.21075,151,1296,-1732,532,4267,-140,351,735
76.21125,151,1296,-1732,532,4289,-140,350,735
76.21175,150,1295,-1732,532,4313,-140,350,735
76.21225,150,1295,-1732,531,4311,-140,350,735
76.21275,150,1296,-1733,531,4299,-140,350,734
76.21325,150,1295,-1732,531,4268,-140,350,734
76.21375,150,1296,-1732,531,4255,-140,350,735
76.21425,150,1296,-1733,531,4251,-140,350,735
76.21475,150,1295,-1733,531,4248,-140,350,735
76.21525,150,1295,-1733,532,4251,-140,350,735
76.21575,150,1295,-1733,532,4254,-140,350,735
76.21625,150,1296,-1732,532,4256,-140,351,735
76.21675,150,1296,-1733,532,4258,-140,351,735
76.21725,150,1296,-1732,532,4256,-140,351,734
76.21775,150,1296,-1733,532,4255,-140,351,735
76.21825,150,1296,-1732,532,4260,-140,351,735
76.21875,150,1296,-1733,532,4258,-140,351,735
76.21925,150,1295,-1732,532,4254,-140,351,735
76.21975,150,1295,-1733,532,4251,-140,351,735
76.22025,150,1296,-1732,532,4254,-140,352,735
76.22075,150,1295,-1733,531,4255,-140,351,735
76.22125,151,1296,-1733,532,4286,-140,351,735
76.22175,151,1295,-1733,531,4313,-140,351,735
76.22225,151,1295,-1732,531,4310,-140,351,735
76.22275,151,1295,-1732,531,4298,-140,352,735
76.22325,150,1295,-1732,531,4264,-140,352,735
76.22375,150,1295,-1732,532,4247,-140,351,735
76.22425,150,1296,-1732,532,4244,-140,352,736
76.22475,151,1295,-1733,532,4247,-140,352,736
76.22525,150,1296,-1733,532,4254,-140,352,735
76.22575,150,1296,-1733,532,4254,-140,352,735
76.22625,150,1296,-1733,532,4252,-140,352,735
76.22675,150,1295,-1732,532,4253,-140,352,735
76.22725,150,1296,-1732,531,4254,-140,352,735
76.22775,150,1295,-1732,532,4255,-140,351,735
76.22825,150,1295,-1733,532,4253,-140,351,736
76.22875,150,1296,-1733,532,4254,-140,352,735
76.22925,150,1295,-1732,531,4259,-140,351,735
76.22975,150,1296,-1732,532,4254,-140,351,735
76.23025,150,1295,-1732,532,4252,-140,351,735
76.23075,151,1295,-1732,532,4250,-140,351,736
76.23125,150,1296,-1733,532,4278,-140,350,735
76.23175,150,1296,-1732,532,4304,-140,350,736
76.23225,150,1296,-1733,532,4296,-140,350,735
76.23275,150,1295,-1733,532,4287,-140,350,735
76.23325,150,1296,-1733,531,4251,-140,350,735
76.23375,150,1296,-1733,532,4233,-140,350,735
76.23425,151,1296,-1733,532,4236,-140,350,735
76.23475,150,1296,-1732,532,4242,-141,349,735
76.23525,150,1296,-1732,532,4248,-140,349,735
76.23575,150,1296,-1732,532,4252,-140,349,735
76.23625,150,1295,-1732,532,4253,-140,349,735
76.23675,150,1296,-1732,532,4255,-140,348,735
76.23725,150,1296,-1732,532,4256,-140,349,735
76.23775,150,1295,-1732,533,4257,-140,349,735
76.23825,150,1296,-1733,532,4256,-140,350,735
76.23875,150,1295,-1733,533,4257,-140,349,735
76.23925,150,1296,-1734,533,4259,-140,350,735
76.23975,150,1296,-1734,533,4257,-140,350,735
76.24025,150,1296,-1734,533,4255,-140,350,735
76.24075,150,1296,-1733,533,4255,-140,350,735
76.24125,150,1295,-1733,534,4289,-140,350,735
76.24175,150,1296,-1733,533,4308,-140,350,735
76.24225,150,1296,-1732,532,4303,-140,350,735
76.24275,150,1296,-1732,531,4289,-140,350,735
76.24325,150,1296,-1732,531,4256,-140,350,735
76.24375,150,1296,-1732,530,4242,-140,350,735
76.24425,150,1296,-1732,530,4241,-140,350,735
76.24475,150,1296,-1732,531,4246,-140,350,735
76.24525,150,1296,-1733,531,4251,-140,349,735
76.24575,150,1296,-1732,531,4253,-140,350,735
76.24625,150,1295,-1732,531,4254,-140,349,736
76.24675,150,1296,-1733,531,4254,-140,349,735
76.24725,150,1296,-1733,532,4257,-140,349,735
76.24775,150,1296,-1733,532,4254,-140,350,735
76.24825,150,1296,-1733,532,4251,-140,350,735
76.24875,150,1296,-1733,532,4250,-140,350,735
76.24935,150,1296,-1733,532,4251,-140,350,735
76.24985,150,1296,-1733,532,4252,-140,350,735
76.25035,150,1296,-1732,532,4254,-140,351,735
76.25085,150,1296,-1732,532,4256,-141,351,735
76.25135,150,1295,-1732,533,4289,-140,351,735
76.25185,150,1296,-1732,532,4303,-141,351,735
76.25235,150,1296,-1732,532,4299,-140,352,735
76.25285,150,1296,-1732,532,4282,-141,352,735
76.25335,150,1296,-1732,531,4251,-141,351,735
76.25385,150,1295,-1732,531,4242,-140,351,735
76.25435,150,1296,-1732,531,4243,-140,351,735
76.25485,150,1295,-1732,531,4249,-140,351,735
76.25535,150,1296,-1733,532,4254,-140,351,735
76.25585,150,1296,-1733,532,4257,-140,351,735
76.25635,150,1296,-1733,532,4259,-140,351,735
76.25685,150,1296,-1733,532,4259,-140,351,735
76.25735,150,1296,-1733,532,4256,-140,351,735
76.25785,150,1296,-1733,532,4256,-140,351,735
76.25835,150,1295,-1733,531,4257,-140,350,735
76.25885,150,1296,-1733,532,4255,-140,350,736
76.25935,150,1296,-1734,532,4255,-140,350,735
76.25985,150,1295,-1734,532,4259,-140,350,735
76.26035,150,1296,-1734,532,4251,-140,350,735
76.26085,150,1296,-1734,533,4253,-140,350,735
76.26135,150,1296,-1733,533,4291,-140,350,736
76.26185,150,1296,-1733,533,4301,-140,350,735
76.26235,150,1296,-1733,533,4301,-140,350,735
76.26285,150,1296,-1733,533,4277,-140,350,735
76.26335,150,1296,-1733,532,4244,-140,350,735
76.26385,150,1296,-1733,532,4234,-140,350,735
76.26435,150,1296,-1733,532,4234,-140,350,735
76.26485,150,1296,-1732,531,4239,-140,349,736
76.26535,150,1296,-1732,530,4241,-140,349,736
76.26585,150,1296,-1732,531,4248,-140,349,736
76.26635,150,1295,-1732,531,4255,-140,350,736
76.26685,150,1295,-1732,531,4256,-140,350,735
76.26735,150,1295,-1732,532,4256,-140,351,735
76.26785,150,1296,-1732,532,4252,-140,351,735
76.26835,150,1295,-1732,532,4250,-140,351,735
76.26885,150,1296,-1732,531,4251,-140,351,735
76.26935,150,1295,-1732,531,4252,-141,351,735
76.26985,150,1295,-1733,531,4255,-140,352,735
76.27035,150,1296,-1733,531,4255,-140,352,735
76.27085,150,1295,-1733,532,4262,-140,352,735
76.27135,150,1296,-1733,532,4298,-140,352,736
76.27185,150,1296,-1733,532,4306,-140,353,735
76.27235,150,1296,-1733,532,4305,-140,353,735
76.27285,150,1295,-1733,532,4278,-140,352,735
76.27335,150,1296,-1733,532,4247,-140,353,735
76.27385,150,1295,-1732,532,4240,-140,353,735
76.27435,150,1296,-1732,532,4243,-140,352,735
76.27485,150,1296,-1732,532,4249,-140,352,735
76.27535,151,1295,-1732,532,4252,-140,352,735
76.27585,150,1296,-1732,532,4253,-140,352,735
76.27635,150,1296,-1732,532,4253,-140,351,735
76.27685,150,1296,-1733,532,4253,-140,351,735
76.27735,150,1296,-1733,532,4254,-140,351,735
76.27785,150,1296,-1733,532,4253,-140,350,735
76.27835,150,1296,-1733,532,4251,-140,350,736
76.27885,150,1296,-1733,532,4251,-140,350,735
76.27935,150,1296,-1733,532,4255,-140,350,736
76.27985,151,1296,-1733,532,4248,-140,350,735
76.28035,150,1295,-1733,532,4245,-140,351,735
76.28085,150,1296,-1733,532,4251,-140,350,736
76.28135,150,1295,-1733,532,4288,-140,350,736
76.28185,150,1295,-1733,532,4299,-140,350,736
76.28235,150,1296,-1733,532,4293,-140,351,735
76.28285,150,1296,-1733,531,4269,-140,351,735
76.28335,150,1296,-1733,532,4238,-141,351,735
76.28385,150,1295,-1733,532,4231,-140,351,735
76.28435,150,1296,-1733,532,4234,-140,351,736
76.28485,150,1295,-1733,532,4239,-140,351,735
76.28535,150,1296,-1733,532,4249,-140,351,735
76.28585,150,1295,-1733,532,4247,-140,351,735
76.28635,150,1296,-1733,532,4248,-140,351,735
76.28685,150,1296,-1733,532,4249,-140,351,735
76.28735,150,1296,-1733,532,4252,-140,351,735
76.28785,150,1296,-1733,532,4254,-140,351,735
76.28835,150,1296,-1733,533,4255,-140,351,735
76.28885,150,1296,-1733,533,4255,-140,351,736
76.28935,150,1295,-1733,533,4257,-140,351,736
76.28985,150,1296,-1733,533,4263,-140,351,736
76.29035,150,1295,-1733,533,4264,-140,351,735
76.29085,150,1296,-1733,533,4272,-140,350,736
76.29135,150,1296,-1733,532,4300,-140,350,736
76.29185,150,1296,-1733,531,4301,-140,350,736
76.29235,151,1296,-1733,531,4296,-140,350,735
76.29285,150,1296,-1733,531,4267,-140,350,735
76.29335,150,1296,-1733,531,4237,-140,350,735
76.29385,150,1296,-1733,532,4233,-140,351,735
76.29435,150,1296,-1733,532,4235,-140,350,735
76.29485,150,1295,-1733,532,4241,-140,350,735
76.29535,150,1296,-1733,532,4246,-140,350,735
76.29585,150,1296,-1733,532,4247,-140,350,736
76.29635,150,1295,-1733,531,4248,-140,350,735
76.29685,150,1296,-1732,531,4250,-140,350,735
76.29735,150,1296,-1733,531,4242,-140,350,735
76.29785,150,1296,-1732,532,4242,-140,350,735
76.29835,150,1296,-1732,531,4243,-140,350,735
76.29885,150,1296,-1733,532,4242,-141,350,735
76.29935,150,1296,-1733,532,4244,-140,350,735
76.29985,150,1296,-1733,532,4244,-140,350,735
76.30035,150,1296,-1732,532,4240,-141,351,735
76.30085,150,1296,-1733,532,4253,-140,350,735
76.30135,150,1296,-1733,532,4290,-141,350,735
76.30185,150,1296,-1733,532,4294,-141,350,735
76.30235,150,1296,-1733,532,4289,-141,351,735
76.30285,150,1296,-1733,532,4263,-141,351,735
76.30335,150,1296,-1733,531,4239,-141,351,735
76.30385,150,1296,-1733,532,4234,-141,351,735
76.30435,150,1296,-1733,532,4237,-141,351,735
76.30485,150,1296,-1733,532,4243,-140,351,735
76.30535,150,1296,-1733,531,4245,-141,351,735
76.30585,150,1296,-1733,532,4250,-140,350,735
76.30635,150,1295,-1733,532,4254,-141,351,735
76.30685,150,1296,-1733,533,4256,-141,351,736
76.30735,150,1296,-1733,532,4257,-141,350,735
76.30785,150,1296,-1733,532,4261,-141,351,735
76.30835,150,1296,-1733,532,4255,-141,350,735
76.30885,150,1296,-1733,532,4251,-141,351,735
76.30935,150,1296,-1732,532,4251,-141,351,735
76.30985,150,1296,-1733,532,4252,-140,351,735
76.31035,150,1296,-1733,532,4251,-141,351,735
76.31085,150,1296,-1733,533,4265,-140,351,735
76.31145,150,1295,-1733,532,4296,-140,351,735
76.31195,150,1296,-1732,532,4296,-140,351,735
76.31245,150,1296,-1733,532,4288,-140,351,735
76.31295,150,1296,-1733,532,4258,-140,351,735
76.31345,150,1296,-1733,533,4235,-140,351,735
76.31395,150,1296,-1733,532,4233,-140,351,735
76.31445,150,1296,-1733,532,4235,-140,351,735
76.31495,150,1296,-1733,532,4240,-140,351,735
76.31545,150,1296,-1733,532,4244,-140,351,735
76.31595,150,1296,-1733,533,4246,-140,351,735
76.31645,150,1296,-1733,532,4248,-140,350,735
76.31695,150,1296,-1733,532,4249,-140,351,735
76.31745,151,1296,-1733,532,4251,-140,350,735
76.31795,150,1296,-1733,532,4251,-140,350,735
76.31845,150,1296,-1733,532,4249,-140,351,735
76.31895,150,1296,-1733,532,4248,-140,351,735
76.31945,150,1296,-1733,532,4250,-140,351,735
76.31995,150,1296,-1733,532,4249,-141,351,735
76.32045,150,1296,-1733,532,4246,-141,350,735
76.32095,150,1296,-1733,532,4263,-140,350,735
76.32145,150,1296,-1733,532,4299,-140,349,736
76.32195,150,1296,-1733,532,4303,-140,350,735
76.32245,150,1296,-1733,532,4300,-140,350,735
76.32295,150,1296,-1733,531,4269,-141,350,735
76.32345,150,1296,-1733,532,4245,-140,350,735
76.32395,150,1296,-1734,532,4242,-140,350,735
76.32445,150,1296,-1733,532,4244,-140,350,735
76.32495,150,1296,-1734,532,4249,-140,350,735
76.32545,150,1296,-1734,532,4251,-140,350,735
76.32595,150,1295,-1733,532,4251,-141,350,735
76.32645,150,1296,-1732,532,4252,-140,350,735
76.32695,150,1296,-1732,531,4253,-140,350,735
76.32745,150,1296,-1731,531,4254,-141,350,735
76.32795,150,1296,-1732,531,4254,-141,350,735
76.32845,150,1296,-1732,532,4254,-141,350,735
76.32895,150,1296,-1732,532,4253,-140,350,735
76.32945,150,1296,-1732,533,4254,-141,350,736
76.32995,150,1296,-1733,533,4254,-140,350,735
76.33045,150,1296,-1733,532,4256,-141,350,735
76.33095,150,1295,-1733,533,4273,-140,350,736
76.33145,150,1296,-1733,532,4298,-140,350,735
76.33195,150,1296,-1733,532,4298,-140,350,735
76.33245,150,1296,-1733,532,4287,-140,350,735
76.33295,150,1296,-1733,532,4255,-141,350,735
76.33345,150,1296,-1733,532,4239,-141,350,735
76.33395,150,1296,-1733,532,4239,-141,350,735
76.33445,150,1296,-1733,532,4243,-141,350,735
76.33495,150,1296,-1733,532,4250,-141,350,735
76.33545,150,1296,-1733,532,4254,-141,350,735
76.33595,150,1296,-1733,532,4256,-141,350,735
76.33645,150,1296,-1732,532,4257,-141,351,735
76.33695,150,1296,-1732,532,4256,-140,350,735
76.33745,150,1296,-1733,532,4257,-140,350,735
76.33795,150,1296,-1733,532,4261,-140,350,735
76.33845,150,1296,-1733,532,4262,-141,350,735
76.33895,150,1296,-1733,532,4263,-140,351,735
76.33945,150,1296,-1733,532,4264,-141,350,735
76.33995,150,1296,-1733,532,4263,-140,351,735
76.34045,150,1296,-1733,532,4259,-140,351,735
76.34095,150,1296,-1733,533,4283,-140,350,736
76.34145,150,1296,-1733,532,4311,-140,350,735
76.34195,150,1296,-1733,532,4314,-140,350,735
76.34245,150,1296,-1733,532,4300,-140,351,735
76.34295,150,1296,-1733,532,4267,-141,351,735
76.34345,150,1296,-1733,532,4249,-141,351,735
76.34395,150,1296,-1733,532,4247,-140,351,736
76.34445,150,1296,-1732,532,4250,-140,351,736
76.34495,150,1296,-1733,532,4258,-141,351,736
76.34545,150,1296,-1732,532,4261,-140,350,736
76.34595,150,1296,-1732,532,4265,-141,350,735
76.34645,150,1295,-1733,532,4266,-140,350,736
76.34695,150,1296,-1733,532,4261,-140,351,736
76.34745,150,1295,-1733,532,4264,-140,350,736
76.347946,150,1296,-1733,532,4267,-140,351,735
76.34845,150,1296,-1733,532,4264,-140,350,736
76.34895,150,1296,-1733,532,4259,-140,350,736
76.34945,150,1296,-1733,532,4265,-140,350,735
76.34995,150,1296,-1733,532,4267,-140,351,736
76.35045,150,1296,-1732,532,4264,-140,350,736
76.35095,150,1296,-1733,533,4294,-140,350,736
76.35145,150,1296,-1733,532,4317,-141,350,735
76.35195,150,1296,-1733,533,4314,-141,350,736
76.35245,150,1296,-1733,533,4299,-140,350,736
76.35295,150,1296,-1733,532,4270,-141,351,735
76.35345,150,1296,-1733,532,4256,-140,351,735
76.35395,150,1296,-1733,532,4254,-140,350,736
76.35445,150,1296,-1733,532,4258,-140,351,735
76.35495,150,1296,-1733,532,4270,-140,350,735
76.35545,150,1296,-1733,532,4272,-140,351,735
76.35595,150,1296,-1733,532,4272,-140,350,736
76.35645,150,1296,-1733,532,4276,-140,350,735
76.35695,150,1296,-1733,532,4281,-140,350,736
76.35745,150,1296,-1733,532,4278,-140,350,735
76.35795,150,1296,-1733,532,4279,-140,350,735
76.35845,150,1296,-1733,532,4273,-140,350,736
76.35895,150,1296,-1733,532,4270,-140,350,735
76.35945,150,1296,-1733,532,4274,-140,350,735
76.35995,150,1296,-1733,532,4269,-140,351,735
76.36045,150,1296,-1733,532,4264,-140,350,735
76.36095,150,1296,-1734,533,4294,-140,350,736
76.36145,150,1296,-1733,532,4318,-140,350,735
76.36195,150,1296,-1733,532,4320,-140,350,735
76.36245,150,1296,-1733,532,4305,-140,350,735
76.36295,150,1296,-1733,532,4269,-140,351,735
76.36345,150,1296,-1733,532,4255,-140,350,735
76.36395,150,1296,-1732,532,4257,-140,351,735
76.36445,150,1296,-1733,532,4261,-140,351,736
76.36495,150,1296,-1733,532,4268,-140,351,735
76.36545,150,1296,-1733,532,4274,-140,351,736
76.36595,150,1296,-1733,532,4273,-140,352,736
76.36645,150,1296,-1733,532,4278,-140,352,735
76.36695,150,1296,-1733,532,4280,-140,352,735
76.36745,150,1296,-1733,532,4277,-140,352,736
76.36795,150,1296,-1733,532,4277,-140,352,736
76.36845,150,1296,-1733,532,4283,-140,352,735
76.36895,150,1296,-1733,532,4282,-140,351,736
76.36945,150,1296,-1733,532,4278,-140,351,736
76.36995,150,1296,-1733,532,4283,-140,351,736
76.37045,150,1296,-1733,532,4285,-140,351,736
76.37095,150,1296,-1733,533,4318,-140,350,736
76.37145,150,1296,-1733,532,4335,-140,350,736
76.37195,150,1296,-1733,532,4329,-140,350,736
76.37245,150,1296,-1733,532,4316,-140,350,736
76.37295,150,1296,-1733,532,4283,-140,350,735
76.37355,150,1296,-1733,532,4273,-140,350,736
76.37405,150,1296,-1732,532,4270,-140,350,736
76.37455,150,1296,-1732,532,4277,-139,350,736
76.37505,150,1296,-1732,532,4283,-140,350,736
76.37555,150,1296,-1733,532,4283,-140,349,735
76.37605,150,1296,-1733,532,4282,-140,350,736
76.37655,150,1296,-1733,532,4278,-140,350,735
76.37705,150,1296,-1733,532,4279,-140,350,736
76.37755,150,1296,-1733,533,4278,-140,350,736
76.37805,150,1296,-1733,532,4285,-140,350,736
76.37855,150,1296,-1733,532,4285,-140,350,736
76.37905,150,1296,-1733,532,4283,-140,350,736
76.37955,150,1296,-1733,532,4283,-140,350,736
76.38005,150,1296,-1733,532,4280,-140,350,736
76.38055,150,1296,-1733,532,4277,-140,350,736
76.38105,150,1295,-1733,533,4312,-140,350,736
76.38155,150,1296,-1733,532,4324,-140,350,736
76.38205,150,1296,-1733,533,4322,-140,350,736
76.38255,150,1296,-1733,532,4306,-140,350,736
76.38305,150,1296,-1733,533,4276,-140,351,736
76.38355,150,1296,-1733,533,4266,-140,350,736
76.38405,150,1296,-1733,533,4267,-140,350,735
76.38455,150,1296,-1733,533,4271,-140,351,736
76.38505,150,1296,-1733,533,4269,-140,350,736
76.38555,150,1296,-1732,532,4276,-140,350,736
76.38605,150,1296,-1732,531,4283,-140,350,736
76.38655,150,1296,-1733,531,4286,-140,351,736
76.38705,150,1296,-1732,531,4286,-140,350,736
76.38755,150,1296,-1733,532,4288,-140,351,735
76.38805,150,1296,-1733,532,4289,-140,351,736
76.38855,150,1296,-1733,532,4286,-140,350,735
76.38905,150,1296,-1733,533,4289,-140,350,736
76.38955,150,1296,-1733,533,4288,-140,350,735
76.39005,151,1296,-1733,533,4291,-140,350,735
76.39055,150,1296,-1733,533,4291,-140,350,735
76.39105,150,1296,-1733,533,4325,-140,350,736
76.39155,150,1296,-1733,533,4331,-140,350,735
76.39205,150,1296,-1733,533,4329,-140,350,736
76.39255,150,1296,-1733,532,4306,-140,350,735
76.39305,150,1296,-1733,531,4277,-140,350,736
76.39355,150,1296,-1732,531,4267,-140,350,736
76.39405,150,1296,-1733,531,4274,-140,350,736
76.39455,150,1296,-1733,531,4281,-140,350,736
76.39505,150,1295,-1733,531,4284,-139,350,736
76.39555,150,1296,-1733,531,4284,-140,350,736
76.39605,150,1295,-1733,531,4284,-140,350,736
76.39655,150,1296,-1733,532,4284,-140,351,736
76.39705,150,1296,-1733,532,4283,-140,350,736
76.39755,150,1296,-1733,532,4282,-140,351,736
76.39805,150,1296,-1733,532,4281,-140,350,736
76.39855,150,1296,-1733,532,4277,-140,351,736
76.39905,150,1296,-1733,532,4275,-140,350,736
76.39955,150,1296,-1732,532,4277,-140,350,736
76.40005,150,1296,-1733,532,4276,-140,351,736
76.40055,150,1296,-1733,532,4279,-140,350,737
76.40105,150,1296,-1732,532,4317,-140,350,736
76.40155,150,1295,-1733,532,4319,-140,350,737
76.40205,150,1296,-1733,532,4317,-140,350,736
76.40255,150,1296,-1734,532,4294,-140,350,736
76.40305,150,1296,-1733,532,4272,-140,350,736
76.40355,150,1296,-1733,532,4269,-139,350,736
76.40405,150,1296,-1733,532,4269,-140,350,736
76.40455,150,1296,-1733,532,4275,-140,350,736
76.40505,150,1296,-1733,532,4282,-140,350,736
76.40555,150,1296,-1732,532,4286,-140,350,736
76.40605,150,1296,-1733,531,4288,-140,350,736
76.40655,150,1296,-1732,532,4288,-140,350,736
76.40705,150,1296,-1733,532,4288,-140,350,736
76.40755,150,1296,-1733,532,4288,-140,351,736
76.40805,150,1296,-1733,532,4287,-140,350,736
76.40855,150,1296,-1733,532,4285,-140,350,736
76.40905,150,1296,-1733,532,4283,-140,350,736
76.40955,150,1296,-1733,532,4283,-140,350,736
76.41005,150,1296,-1733,532,4282,-140,350,736
76.41055,150,1296,-1733,532,4291,-140,350,737
76.41105,150,1296,-1733,532,4326,-140,350,736
76.41155,150,1296,-1733,532,4322,-140,350,736
76.41205,150,1296,-1733,532,4318,-140,351,736
76.41255,150,1296,-1733,532,4297,-140,351,736
76.41305,150,1296,-1733,532,4267,-140,351,736
76.41355,150,1296,-1732,532,4262,-140,350,736
76.41405,150,1296,-1733,532,4264,-140,351,736
76.41455,150,1296,-1733,532,4268,-140,351,736
76.41505,150,1296,-1733,532,4272,-140,350,736
76.41555,150,1296,-1733,532,4273,-140,350,736
76.41605,150,1296,-1733,532,4275,-140,350,736
76.41655,150,1296,-1733,532,4274,-140,350,736
76.41705,149,1296,-1733,532,4272,-140,350,736
76.41755,150,1296,-1733,532,4276,-140,351,736
76.41805,150,1296,-1733,532,4279,-140,350,736
76.41855,150,1296,-1733,532,4276,-140,351,736
76.41905,150,1296,-1733,532,4274,-140,350,736
76.41955,150,1296,-1733,532,4276,-140,350,736
76.42005,150,1296,-1733,532,4274,-140,351,736
76.42055,150,1296,-1733,532,4282,-140,351,736
76.42105,150,1296,-1733,532,4318,-140,350,736
76.42155,150,1296,-1733,533,4321,-140,350,736
76.42205,150,1296,-1733,532,4318,-140,350,736
76.42255,150,1296,-1733,532,4293,-140,350,736
76.42305,150,1296,-1733,532,4269,-140,351,736
76.42355,150,1296,-1733,532,4264,-140,350,736
76.42405,150,1296,-1733,532,4265,-140,350,736
76.42455,150,1296,-1732,532,4269,-140,350,736
76.42505,150,1296,-1732,532,4268,-140,350,736
76.42555,150,1296,-1733,532,4270,-140,350,736
76.42605,150,1296,-1733,532,4273,-140,350,736
76.42655,150,1296,-1733,532,4274,-140,350,736
76.42705,150,1296,-1732,531,4274,-140,351,736
76.42755,150,1296,-1732,531,4274,-140,350,736
76.42805,150,1296,-1733,532,4274,-140,351,736
76.42855,150,1296,-1733,533,4273,-140,351,736
76.42905,150,1296,-1733,532,4270,-140,351,736
76.42955,150,1296,-1732,532,4270,-140,350,736
76.43005,150,1296,-1733,532,4269,-140,350,736
76.43055,150,1296,-1733,532,4279,-140,350,736
76.43105,150,1296,-1733,532,4313,-140,350,736
76.43155,150,1296,-1734,532,4309,-140,350,736
76.43205,150,1295,-1734,532,4303,-140,350,736
76.43255,150,1296,-1734,531,4277,-140,350,736
76.43305,150,1296,-1733,532,4251,-140,351,736
76.43355,150,1296,-1733,532,4249,-140,351,736
76.43405,150,1296,-1733,532,4254,-140,351,736
76.43455,150,1296,-1733,532,4261,-140,351,736
76.43505,150,1296,-1733,533,4265,-140,350,736
76.43565,150,1296,-1734,532,4266,-140,350,736
76.43615,150,1296,-1733,533,4267,-140,351,736
76.43665,150,1296,-1733,533,4269,-140,351,736
76.43715,150,1296,-1733,532,4269,-140,351,736
76.43765,150,1296,-1733,532,4271,-140,351,736
76.43815,150,1296,-1733,532,4272,-140,351,736
76.43865,150,1296,-1733,532,4270,-140,350,736
76.43915,150,1296,-1733,531,4269,-140,351,736
76.43965,150,1296,-1733,531,4271,-140,350,736
76.44015,150,1296,-1733,531,4268,-141,350,736
76.44065,150,1296,-1733,531,4279,-140,350,736
76.44115,150,1296,-1732,532,4313,-140,350,736
76.44165,150,1296,-1732,532,4311,-140,350,736
76.44215,150,1296,-1733,531,4303,-140,351,736
76.44265,150,1296,-1732,531,4275,-140,350,736
76.44315,150,1296,-1733,532,4252,-141,351,736
76.44365,150,1296,-1733,532,4250,-140,351,736
76.44415,150,1296,-1733,532,4252,-141,350,736
76.44465,150,1296,-1733,532,4259,-140,350,736
76.44515,150,1296,-1733,532,4261,-140,350,736
76.44565,150,1296,-1733,533,4262,-141,350,736
76.44615,150,1297,-1733,532,4262,-140,350,736
76.44665,150,1296,-1733,533,4261,-140,350,736
76.44715,150,1296,-1733,533,4260,-140,350,736
76.44765,150,1296,-1733,533,4259,-140,350,736
76.44815,150,1296,-1733,533,4259,-140,350,736
76.44865,150,1296,-1733,533,4258,-140,350,736
76.44915,150,1296,-1733,532,4257,-140,350,736
76.44965,150,1296,-1733,533,4258,-140,350,736
76.45015,150,1296,-1734,532,4258,-140,350,736
76.45065,150,1296,-1733,533,4275,-140,349,736
76.45115,150,1296,-1733,532,4307,-140,349,736
76.45165,150,1296,-1733,532,4303,-141,349,736
76.45215,150,1296,-1733,532,4295,-141,350,736
76.45265,150,1296,-1733,531,4267,-141,350,736
76.45315,150,1296,-1733,532,4245,-141,350,736
76.45365,150,1296,-1733,532,4245,-140,350,736
76.45415,150,1296,-1733,532,4249,-140,350,736
76.45465,150,1296,-1733,533,4255,-140,351,736
76.45515,150,1296,-1733,532,4259,-140,351,736
76.45565,150,1296,-1733,531,4261,-141,351,736
76.45615,150,1296,-1733,531,4262,-141,351,736
76.45665,150,1296,-1733,531,4260,-141,351,736
76.45715,150,1296,-1733,532,4258,-141,351,736
76.45765,150,1296,-1733,532,4261,-140,351,736
76.45815,150,1296,-1733,532,4263,-140,351,736
76.45865,150,1296,-1733,531,4259,-140,351,736
76.45915,150,1296,-1733,531,4255,-141,351,736
76.45965,150,1296,-1733,531,4255,-140,351,736
76.46015,150,1296,-1733,531,4252,-141,351,736
76.46065,150,1296,-1733,532,4268,-141,351,736
76.46115,150,1296,-1733,532,4298,-141,351,736
76.46165,150,1296,-1733,532,4295,-141,350,736
76.46215,150,1296,-1733,532,4289,-141,351,736
76.46265,150,1296,-1733,531,4261,-140,351,735
76.46315,150,1296,-1733,531,4238,-141,351,736
76.46365,150,1296,-1733,532,4231,-140,351,736
76.46415,150,1296,-1733,532,4236,-140,351,736
76.46465,150,1296,-1733,532,4241,-140,351,736
76.46515,150,1296,-1733,532,4241,-140,351,736
76.46565,150,1296,-1733,532,4246,-141,351,736
76.46615,150,1296,-1733,532,4250,-140,351,736
76.46665,150,1296,-1733,532,4252,-141,351,736
76.46715,150,1296,-1733,532,4253,-141,351,735
76.46765,150,1296,-1733,532,4253,-141,351,736
76.46815,150,1296,-1733,532,4250,-141,351,736
76.46865,150,1296,-1733,532,4253,-141,351,736
76.46915,150,1296,-1733,532,4253,-141,351,736
76.46965,150,1296,-1733,532,4255,-141,351,736
76.470146,150,1296,-1734,532,4255,-141,350,736
76.47065,150,1296,-1734,532,4277,-140,350,736
76.47115,150,1296,-1733,532,4305,-141,351,736
76.47165,150,1296,-1733,532,4300,-140,351,736
76.47215,150,1296,-1733,532,4292,-141,350,736
76.47265,150,1296,-1733,532,4262,-141,351,736
76.47315,150,1296,-1733,532,4243,-141,351,735
76.47365,150,1295,-1733,532,4243,-141,351,736
76.47415,150,1296,-1733,532,4243,-141,351,736
76.47465,150,1296,-1733,532,4252,-141,351,736
76.47515,150,1296,-1733,531,4255,-141,351,736
76.47565,150,1296,-1733,532,4255,-141,351,736
76.47615,150,1296,-1733,532,4255,-141,351,736
76.47665,150,1296,-1733,532,4255,-141,351,736
76.47715,150,1296,-1733,532,4256,-141,351,736
76.47765,150,1296,-1733,532,4256,-141,351,736
76.47815,150,1296,-1733,532,4256,-141,351,736
76.47865,150,1296,-1733,532,4253,-141,351,736
76.47915,150,1296,-1733,532,4250,-141,351,736
76.47965,150,1296,-1733,532,4251,-141,350,736
76.48015,150,1296,-1733,532,4247,-141,351,736
76.48065,150,1296,-1733,532,4269,-141,350,736
76.48115,150,1296,-1733,532,4293,-141,350,736
76.48165,150,1296,-1733,532,4289,-141,351,736
76.48215,150,1296,-1733,532,4276,-141,351,736
76.48265,150,1296,-1733,532,4247,-141,351,735
76.48315,150,1296,-1733,532,4231,-141,351,736
76.48365,150,1296,-1734,532,4229,-141,351,736
76.48415,150,1296,-1733,532,4238,-141,351,736
76.48465,150,1296,-1733,532,4245,-140,351,736
76.48515,150,1296,-1733,532,4247,-141,350,735
76.48565,150,1296,-1733,532,4248,-141,350,736
76.48615,150,1296,-1732,533,4245,-141,351,736
76.48665,150,1296,-1733,532,4251,-141,351,736
76.48715,150,1296,-1733,532,4255,-141,351,736
76.48765,150,1295,-1733,531,4256,-141,351,736
76.48815,150,1296,-1733,532,4258,-141,351,736
76.48865,150,1296,-1733,532,4259,-141,351,736
76.48915,150,1296,-1733,532,4258,-141,351,736
76.48965,150,1296,-1733,532,4260,-141,351,736
76.49015,150,1296,-1733,532,4259,-141,351,736
76.49065,150,1296,-1733,533,4287,-141,350,736
76.49115,150,1296,-1733,532,4307,-141,350,736
76.49165,150,1296,-1733,533,4299,-141,350,736
76.49215,150,1296,-1733,532,4283,-141,351,736
76.49265,150,1296,-1733,532,4251,-141,351,735
76.49315,150,1296,-1733,532,4235,-141,350,735
76.49365,150,1296,-1733,532,4232,-141,351,736
76.49415,150,1296,-1734,532,4238,-141,350,736
76.49465,150,1296,-1733,532,4251,-141,350,736
76.49515,150,1296,-1734,532,4254,-141,351,735
76.49565,150,1296,-1734,532,4254,-142,350,736
76.49615,150,1296,-1734,533,4249,-141,351,736
76.49665,150,1296,-1734,533,4249,-141,351,736
76.49715,150,1296,-1733,533,4250,-141,351,736
76.49775,150,1296,-1733,533,4253,-141,351,735
76.49825,150,1296,-1733,533,4253,-141,351,736
76.49875,150,1296,-1733,533,4246,-141,350,735
76.49925,150,1296,-1734,532,4247,-141,350,736
76.49975,150,1296,-1734,532,4247,-141,350,736
76.50025,150,1296,-1734,532,4249,-141,350,736
76.50075,150,1296,-1734,531,4280,-141,350,736
76.50125,150,1296,-1733,531,4296,-141,350,736
76.50175,150,1296,-1733,530,4291,-141,350,736
76.50225,150,1296,-1732,530,4280,-141,350,736
76.50275,150,1296,-1732,531,4249,-141,350,735
76.50325,150,1296,-1733,531,4238,-141,350,736
76.50375,150,1296,-1733,532,4234,-141,350,736
76.50425,150,1296,-1733,532,4241,-141,350,735
76.50475,150,1296,-1733,533,4247,-141,350,736
76.50525,150,1296,-1733,533,4245,-141,350,736
76.50575,150,1296,-1733,533,4255,-141,350,736
76.50625,150,1296,-1733,533,4259,-141,350,736
76.50675,150,1296,-1733,533,4259,-141,350,736
76.50725,150,1296,-1733,533,4259,-141,350,736
76.50775,150,1296,-1733,533,4260,-141,350,736
76.50825,150,1296,-1733,533,4259,-141,350,736
76.50875,150,1296,-1733,532,4257,-141,351,735
76.50925,150,1296,-1733,532,4254,-141,351,736
76.50975,150,1296,-1733,531,4250,-141,351,735
76.51025,150,1296,-1733,531,4254,-141,351,736
76.51075,150,1296,-1734,532,4286,-141,350,736
76.51125,150,1296,-1734,532,4300,-141,350,736
76.51175,150,1296,-1734,531,4292,-141,351,736
76.51225,150,1296,-1733,532,4275,-141,351,736
76.51275,150,1296,-1733,531,4243,-141,351,735
76.51325,150,1296,-1732,532,4230,-141,351,736
76.51375,150,1296,-1733,532,4229,-141,351,736
76.51425,150,1296,-1733,532,4237,-141,351,736
76.51475,150,1296,-1733,532,4242,-141,351,736
76.51525,150,1296,-1733,532,4244,-141,351,736
76.51575,150,1296,-1734,532,4245,-141,351,735
76.51625,150,1296,-1733,533,4245,-141,351,736
76.51675,150,1296,-1734,533,4242,-141,351,736
76.51725,150,1296,-1734,533,4247,-141,351,736
76.51775,150,1296,-1734,533,4249,-141,351,736
76.51825,150,1296,-1734,533,4249,-141,350,736
76.51875,150,1296,-1733,533,4247,-141,351,736
76.51925,150,1296,-1733,532,4244,-141,351,736
76.51975,150,1296,-1733,532,4246,-141,351,736
76.52025,150,1296,-1732,532,4250,-141,351,736
76.52075,150,1296,-1733,532,4283,-141,350,736
76.52125,150,1296,-1733,531,4292,-141,350,736
76.52175,150,1296,-1733,531,4288,-141,351,736
76.52225,150,1296,-1733,531,4270,-141,351,735
76.52275,150,1296,-1733,532,4241,-141,351,736
76.52325,150,1296,-1733,532,4231,-141,351,736
76.52375,150,1296,-1734,532,4239,-141,351,736
76.52425,150,1296,-1735,532,4245,-141,351,735
76.52475,150,1296,-1735,532,4250,-141,351,736
76.52525,150,1296,-1735,532,4246,-141,351,736
76.52575,150,1296,-1733,532,4250,-141,351,736
76.52625,150,1296,-1733,531,4253,-141,351,735
76.52675,150,1296,-1732,531,4252,-141,351,736
76.52725,150,1296,-1732,531,4248,-141,351,736
76.52775,150,1296,-1733,532,4252,-141,350,736
76.52825,150,1296,-1733,532,4254,-141,350,736
76.52875,150,1296,-1733,532,4252,-141,350,736
76.52925,150,1296,-1733,533,4252,-141,350,736
76.52975,150,1296,-1733,533,4252,-141,350,736
76.53025,150,1296,-1733,532,4255,-141,351,736
76.53075,150,1296,-1733,533,4291,-141,350,736
76.53125,150,1297,-1733,532,4295,-141,350,736
76.53175,150,1296,-1733,532,4285,-141,351,736
76.53225,150,1297,-1733,532,4265,-141,351,736
76.53275,150,1296,-1734,532,4237,-141,351,736
76.53325,150,1297,-1733,532,4232,-141,351,735
76.53375,150,1296,-1733,532,4236,-141,351,736
76.53425,150,1296,-1733,532,4240,-141,351,736
76.53475,150,1296,-1733,532,4248,-141,351,736
76.53525,150,1296,-1733,532,4251,-141,351,736
76.53575,150,1296,-1733,532,4252,-141,351,736
76.53625,150,1296,-1733,532,4252,-141,351,736
76.53675,150,1296,-1733,532,4251,-141,350,736
76.53725,150,1296,-1733,532,4254,-141,351,736
76.53775,150,1297,-1733,532,4259,-141,351,736
76.53825,150,1296,-1733,532,4261,-141,350,736
76.53875,150,1296,-1733,532,4260,-141,350,736
76.53925,150,1296,-1733,532,4258,-141,351,736
76.53975,150,1296,-1733,532,4259,-141,351,736
76.54025,150,1296,-1733,532,4266,-141,351,736
76.54075,150,1296,-1733,532,4298,-141,350,736
76.54125,150,1296,-1733,532,4300,-141,350,736
76.54175,150,1296,-1733,532,4291,-141,351,736
76.54225,150,1296,-1733,532,4269,-141,351,736
76.54275,150,1296,-1733,532,4243,-141,351,736
76.54325,150,1296,-1733,532,4239,-141,351,736
76.54375,150,1296,-1733,532,4241,-141,351,736
76.54425,150,1296,-1733,532,4245,-141,351,736
76.54475,150,1297,-1733,532,4247,-141,350,736
76.54525,150,1296,-1733,532,4250,-141,350,736
76.54575,150,1296,-1734,532,4254,-141,350,736
76.54625,150,1296,-1734,532,4254,-141,350,736
76.54675,150,1296,-1734,532,4254,-141,351,736
76.54725,150,1296,-1734,532,4253,-141,351,736
76.54775,150,1296,-1734,532,4253,-141,351,736
76.54825,150,1297,-1734,532,4253,-141,351,736
76.54875,150,1296,-1734,532,4252,-141,351,736
76.54925,150,1297,-1734,533,4251,-141,351,736
76.54975,150,1296,-1734,532,4252,-141,351,736
76.55025,150,1296,-1734,533,4263,-141,350,736
76.55075,150,1296,-1733,533,4300,-141,350,736
76.55125,150,1296,-1733,532,4301,-141,350,736
76.55175,150,1297,-1733,532,4291,-141,351,736
76.55225,150,1297,-1734,532,4267,-141,351,736
76.55275,150,1297,-1733,531,4242,-141,351,736
76.55325,150,1297,-1732,531,4239,-141,351,736
76.55375,150,1296,-1732,531,4245,-141,351,736
76.55425,149,1296,-1733,531,4253,-141,351,736
76.55475,150,1296,-1733,531,4259,-141,351,736
76.55525,150,1297,-1733,531,4262,-142,351,736
76.55575,150,1296,-1733,531,4263,-141,350,736
76.55625,150,1296,-1733,532,4264,-141,351,736
76.55675,150,1296,-1733,532,4265,-142,350,736
76.55725,150,1296,-1733,532,4265,-141,351,736
76.55775,150,1296,-1733,532,4265,-142,351,736
76.55825,150,1297,-1733,532,4263,-141,350,735
76.55875,150,1296,-1733,532,4258,-141,351,736
76.55925,150,1297,-1733,532,4252,-141,351,736
76.55975,150,1297,-1733,532,4256,-141,351,736
76.56035,150,1297,-1733,532,4268,-141,351,736
76.56085,150,1297,-1734,532,4300,-141,350,736
76.56135,150,1297,-1733,532,4301,-141,350,736
76.56185,150,1296,-1733,532,4293,-141,350,736
76.56235,150,1297,-1733,532,4269,-141,351,736
76.56285,150,1297,-1733,532,4245,-141,351,735
76.56335,150,1297,-1734,532,4241,-141,351,736
76.56385,150,1297,-1733,532,4240,-141,351,736
76.56435,150,1297,-1734,532,4250,-141,350,736
76.56485,150,1296,-1733,532,4255,-141,351,736
76.56535,150,1297,-1733,532,4256,-141,351,736
76.56585,150,1297,-1734,532,4258,-141,351,736
76.56635,150,1296,-1733,532,4260,-141,351,736
76.56685,150,1296,-1733,532,4261,-141,351,736
76.56735,150,1297,-1733,531,4262,-141,350,736
76.56785,150,1296,-1733,531,4263,-141,350,736
76.56835,150,1296,-1733,532,4263,-141,350,736
76.56885,150,1297,-1733,531,4262,-141,350,736
76.56935,150,1296,-1733,531,4263,-141,350,736
76.56985,150,1297,-1733,532,4264,-141,351,736
76.57035,150,1297,-1733,532,4279,-141,350,737
76.57085,150,1296,-1732,532,4312,-141,350,736
76.57135,150,1297,-1733,532,4308,-141,350,736
76.57185,150,1297,-1734,532,4303,-141,350,736
76.57235,150,1296,-1734,531,4280,-141,351,736
76.57285,150,1297,-1734,532,4256,-141,350,736
76.57335,150,1297,-1733,531,4255,-141,350,736
76.57385,150,1297,-1733,532,4259,-141,351,736
76.57435,150,1296,-1733,531,4263,-141,351,736
76.57485,150,1297,-1733,532,4267,-141,351,736
76.57535,150,1296,-1733,532,4267,-141,351,736
76.57585,149,1297,-1733,533,4267,-141,351,736
76.57635,150,1297,-1733,533,4265,-141,351,736
76.57685,150,1296,-1733,532,4263,-141,351,736
76.57735,150,1297,-1733,533,4267,-141,350,736
76.57785,150,1296,-1733,532,4270,-141,350,736
76.57835,150,1296,-1733,532,4270,-141,350,736
76.57885,150,1296,-1733,532,4267,-141,351,736
76.57935,150,1296,-1733,532,4264,-141,350,736
76.57985,150,1297,-1733,532,4263,-141,351,736
76.58035,150,1297,-1733,532,4275,-141,350,736
76.58085,150,1296,-1733,532,4304,-141,350,736
76.58135,150,1297,-1733,532,4301,-141,351,736
76.58185,150,1296,-1733,532,4293,-141,351,736
76.58235,150,1296,-1733,531,4269,-141,351,735
76.58285,150,1296,-1733,532,4247,-141,351,736
76.58335,150,1297,-1733,532,4242,-141,351,736
76.58385,150,1297,-1733,532,4250,-141,351,736
76.58435,150,1297,-1733,532,4256,-141,351,736
76.58485,150,1296,-1733,532,4259,-141,351,736
76.58535,150,1297,-1733,532,4263,-141,351,736
76.58585,150,1296,-1734,532,4267,-141,350,736
76.58635,149,1296,-1734,532,4269,-141,351,736
76.58685,150,1296,-1734,532,4270,-141,351,736
76.58735,150,1296,-1733,532,4272,-141,351,736
76.58785,150,1296,-1733,531,4273,-141,351,736
76.58835,150,1297,-1733,531,4276,-141,351,736
76.58885,150,1296,-1733,531,4276,-141,351,736
76.58935,150,1297,-1733,531,4276,-141,351,736
76.58985,150,1297,-1733,532,4275,-141,351,736
76.59035,150,1297,-1733,533,4293,-141,350,737
76.59085,150,1296,-1733,532,4323,-141,350,736
76.59135,150,1296,-1733,532,4315,-141,351,736
76.59185,150,1297,-1733,532,4305,-141,350,735
76.59235,150,1297,-1733,532,4276,-141,351,736
76.59285,150,1297,-1733,532,4251,-141,351,736
76.59335,150,1297,-1733,532,4252,-141,350,736
76.59385,150,1297,-1734,532,4258,-141,351,736
76.59435,150,1296,-1734,531,4268,-141,350,736
76.59485,150,1296,-1733,532,4271,-141,351,736
76.59535,150,1297,-1733,531,4272,-141,351,736
76.59585,150,1296,-1733,531,4272,-141,351,736
76.59635,150,1297,-1733,531,4272,-141,351,736
76.59685,150,1297,-1734,531,4271,-141,350,736
76.59735,150,1296,-1733,531,4270,-141,351,736
76.59785,150,1297,-1733,531,4270,-141,351,736
76.59835,150,1297,-1734,531,4269,-141,351,736
76.59885,150,1297,-1733,531,4267,-141,351,736
76.59935,150,1296,-1733,531,4266,-141,351,736
76.59985,150,1296,-1733,531,4266,-140,351,736
76.60035,150,1297,-1733,532,4289,-141,350,736
76.60085,150,1296,-1733,533,4314,-140,351,736
76.60135,150,1296,-1733,533,4310,-140,350,736
76.60185,150,1297,-1732,533,4300,-140,350,736
76.60235,150,1297,-1733,532,4271,-140,351,736
76.60285,149,1296,-1733,532,4256,-140,351,736
76.60335,150,1297,-1733,532,4257,-141,351,736
76.60385,150,1296,-1734,532,4263,-141,350,736
76.60435,150,1297,-1734,532,4270,-141,350,736
76.60485,150,1297,-1734,532,4273,-141,350,736
76.60535,151,1296,-1734,532,4276,-141,351,736
76.60585,150,1297,-1734,532,4278,-141,350,736
76.60635,150,1297,-1734,532,4279,-140,351,736
76.60685,150,1296,-1733,532,4280,-141,351,736
76.60735,150,1297,-1733,532,4280,-140,351,736
76.60785,150,1296,-1733,532,4279,-140,351,736
76.60835,150,1297,-1733,532,4276,-141,350,736
76.60885,150,1296,-1733,531,4275,-141,351,736
76.60935,150,1297,-1734,531,4276,-141,351,736
76.60985,150,1296,-1734,532,4275,-140,351,736
76.61035,150,1296,-1734,532,4299,-140,350,736
76.61085,150,1297,-1734,532,4324,-140,350,736
76.61135,150,1297,-1734,531,4317,-140,351,736
76.61185,150,1297,-1734,532,4304,-140,351,736
76.61235,149,1297,-1734,531,4273,-141,351,736
76.61285,150,1297,-1734,532,4254,-141,351,736
76.61335,150,1297,-1733,531,4253,-140,351,736
76.61385,150,1296,-1733,532,4258,-141,351,736
76.61435,150,1297,-1733,531,4263,-141,351,736
76.61485,150,1296,-1734,531,4265,-141,351,736
76.61535,150,1296,-1734,532,4266,-141,351,736
76.61585,150,1297,-1734,531,4266,-140,351,736
76.61635,149,1297,-1734,532,4265,-140,351,736
76.61685,150,1296,-1732,532,4266,-140,351,736
76.61735,150,1296,-1732,532,4270,-141,351,736
76.61785,150,1296,-1732,531,4273,-140,350,736
76.61835,150,1297,-1732,531,4271,-141,351,736
76.61885,150,1297,-1733,531,4270,-141,351,736
76.61935,150,1296,-1734,532,4267,-141,350,736
76.61985,150,1297,-1734,531,4266,-141,350,736
76.62035,149,1296,-1734,532,4295,-140,350,736
76.62085,150,1297,-1734,532,4314,-141,350,736
76.62135,150,1296,-1734,532,4309,-141,351,736
76.62195,150,1297,-1733,532,4298,-141,351,736
76.62245,150,1297,-1733,532,4269,-141,351,736
76.62295,150,1297,-1733,531,4256,-140,351,736
76.62345,150,1297,-1733,532,4258,-141,351,736
76.62395,150,1296,-1733,532,4261,-140,351,736
76.62445,150,1297,-1733,532,4264,-141,351,736
76.62495,150,1296,-1733,531,4265,-141,351,736
76.62545,150,1296,-1733,532,4268,-140,351,736
76.62595,150,1297,-1733,532,4270,-140,351,736
76.62645,150,1296,-1733,532,4270,-141,351,736
76.62695,150,1297,-1733,532,4270,-141,351,736
76.62745,150,1296,-1733,531,4271,-141,351,736
76.62795,150,1297,-1733,531,4271,-141,351,736
76.62845,150,1297,-1734,531,4272,-140,351,736
76.62895,150,1297,-1733,532,4271,-141,351,736
76.62945,150,1296,-1733,532,4269,-141,351,736
76.62995,150,1296,-1734,531,4267,-141,351,736
76.63045,150,1296,-1734,532,4296,-140,350,736
76.63095,150,1297,-1734,532,4313,-140,351,736
76.63145,150,1296,-1734,532,4307,-141,351,736
76.63195,150,1297,-1734,531,4290,-141,351,736
76.63245,150,1296,-1733,531,4257,-141,351,736
76.63295,150,1297,-1733,531,4247,-140,351,736
76.63345,150,1297,-1733,532,4246,-141,351,736
76.63395,150,1297,-1734,532,4251,-141,351,736
76.63445,150,1296,-1734,531,4261,-141,351,736
76.63495,150,1296,-1733,531,4265,-140,351,736
76.63545,150,1297,-1734,531,4266,-140,350,735
76.63595,150,1296,-1734,532,4266,-140,350,736
76.63645,150,1296,-1734,531,4263,-140,351,736
76.63695,150,1296,-1733,532,4268,-140,351,736
76.63745,149,1297,-1734,532,4270,-140,351,736
76.63795,150,1297,-1733,532,4272,-141,350,736
76.63845,150,1296,-1733,531,4273,-140,350,736
76.63895,150,1297,-1733,531,4271,-140,351,736
76.63945,150,1297,-1733,531,4269,-140,351,736
76.63995,150,1297,-1733,531,4270,-140,351,736
76.64045,150,1297,-1733,532,4304,-140,350,736
76.64095,150,1297,-1734,531,4312,-141,351,736
76.64145,150,1296,-1734,532,4304,-140,351,736
76.64195,150,1297,-1733,531,4286,-141,351,736
76.64245,150,1297,-1734,532,4253,-141,351,736
76.64295,150,1296,-1734,532,4243,-141,351,736
76.64345,150,1296,-1733,532,4245,-141,351,736
76.64395,150,1297,-1733,533,4251,-141,351,736
76.64445,150,1297,-1734,533,4257,-140,351,736
76.64495,150,1297,-1734,533,4259,-141,350,736
76.64545,149,1297,-1734,533,4260,-141,351,736
76.64595,150,1296,-1734,533,4260,-140,351,736
76.64645,150,1297,-1734,533,4259,-141,351,736
76.64695,150,1297,-1734,534,4259,-141,351,736
76.64745,150,1296,-1734,533,4258,-140,351,736
76.64795,150,1296,-1733,532,4257,-140,351,736
76.64845,150,1297,-1733,531,4254,-140,351,737
76.64895,150,1297,-1733,530,4254,-141,350,736
76.64945,149,1297,-1733,530,4253,-140,350,737
76.64995,150,1297,-1733,530,4260,-140,350,737
76.65045,150,1297,-1733,530,4294,-140,350,737
76.65095,150,1297,-1733,531,4302,-140,350,737
76.65145,150,1297,-1733,531,4294,-140,351,737
76.65195,150,1297,-1734,531,4273,-140,351,737
76.65245,150,1297,-1733,531,4245,-140,351,736
76.65295,150,1297,-1733,531,4238,-141,351,736
76.65345,150,1297,-1733,531,4246,-140,351,736
76.65395,150,1296,-1733,531,4255,-141,351,736
76.65445,150,1296,-1733,532,4260,-141,351,737
76.65495,150,1296,-1733,532,4262,-140,351,736
76.65545,150,1297,-1734,531,4259,-140,351,736
76.65595,150,1297,-1734,532,4262,-140,351,736
76.65645,150,1297,-1734,531,4261,-140,351,736
76.65695,150,1297,-1734,531,4262,-140,351,736
76.65745,150,1296,-1734,532,4265,-140,351,736
76.65795,150,1297,-1734,531,4264,-140,350,736
76.65845,150,1297,-1734,531,4262,-140,351,736
76.65895,149,1296,-1733,531,4258,-140,351,736
76.65945,150,1297,-1733,531,4254,-140,351,736
76.65995,150,1297,-1734,532,4259,-140,351,737
76.660446,150,1296,-1733,532,4294,-140,350,736
76.66095,150,1297,-1733,531,4293,-140,351,737
76.66145,150,1296,-1733,531,4288,-140,351,736
76.66195,150,1297,-1734,531,4263,-141,351,737
76.66245,150,1297,-1733,531,4239,-140,351,736
76.66295,150,1297,-1733,531,4232,-140,351,736
76.66345,150,1297,-1733,532,4238,-140,351,736
76.66395,150,1297,-1733,531,4244,-140,351,736
76.66445,150,1297,-1733,532,4244,-140,351,736
76.66495,150,1296,-1734,532,4247,-141,351,736
76.66545,150,1296,-1734,532,4251,-140,351,737
76.66595,150,1296,-1734,531,4252,-140,351,736
76.66645,150,1296,-1734,531,4249,-140,351,736
76.66695,150,1296,-1734,532,4254,-140,351,737
76.66745,150,1296,-1733,532,4256,-140,351,736
76.66795,150,1296,-1734,531,4252,-141,350,736
76.66845,150,1297,-1734,531,4256,-140,350,736
76.66895,150,1297,-1734,531,4257,-140,351,736
76.66945,150,1297,-1733,531,4256,-140,351,737
76.66995,150,1296,-1733,531,4261,-140,350,736
76.67045,150,1297,-1733,532,4295,-140,350,737
76.67095,150,1297,-1733,532,4302,-140,350,736
76.67145,150,1297,-1734,532,4293,-141,350,736
76.67195,150,1297,-1734,532,4272,-140,351,736
76.67245,150,1297,-1734,532,4244,-140,351,736
76.67295,150,1297,-1734,532,4241,-140,350,736
76.67345,150,1297,-1733,532,4242,-140,351,737
76.67395,150,1297,-1733,532,4248,-140,351,736
76.67445,150,1297,-1734,531,4251,-140,351,737
76.67495,150,1297,-1734,531,4255,-140,351,736
76.67545,150,1297,-1733,531,4253,-140,351,737
76.67595,150,1297,-1733,532,4255,-140,351,736
76.67645,150,1296,-1733,532,4253,-140,351,736
76.67695,150,1296,-1733,531,4257,-140,351,736
76.67745,150,1297,-1733,531,4259,-140,351,737
76.67795,150,1297,-1733,531,4258,-140,351,736
76.67845,150,1297,-1733,531,4254,-140,351,736
76.67895,150,1296,-1733,531,4255,-140,351,737
76.67945,150,1297,-1733,531,4252,-140,351,737
76.67995,150,1297,-1733,532,4256,-140,351,737
76.68045,150,1297,-1733,532,4291,-140,350,737
76.68095,150,1297,-1733,531,4289,-140,350,736
76.68145,150,1297,-1734,531,4281,-140,351,736
76.68195,150,1297,-1733,531,4260,-140,351,736
76.68255,150,1297,-1734,532,4237,-140,351,737
76.68305,150,1297,-1734,532,4235,-140,351,736
76.68355,150,1297,-1735,532,4236,-141,351,736
76.68405,150,1297,-1735,532,4249,-140,350,736
76.68455,149,1297,-1734,532,4255,-140,351,737
76.68505,150,1297,-1734,532,4256,-140,351,736
76.68555,150,1297,-1734,531,4252,-140,351,736
76.68605,150,1297,-1733,531,4258,-140,350,736
76.68655,150,1297,-1733,531,4260,-141,351,736
76.68705,150,1297,-1733,531,4261,-140,351,736
76.68755,150,1296,-1733,532,4261,-140,350,736
76.68805,150,1297,-1734,533,4260,-140,351,736
76.68855,150,1297,-1733,534,4259,-140,351,736
76.68905,150,1297,-1734,533,4264,-140,350,736
76.68955,150,1296,-1734,534,4264,-140,351,736
76.69005,150,1297,-1734,534,4273,-140,350,737
76.69055,150,1297,-1733,533,4308,-140,350,737
76.69105,150,1297,-1733,533,4304,-140,351,736
76.69155,150,1297,-1733,532,4296,-140,351,736
76.69205,150,1297,-1734,531,4274,-141,351,736
76.69255,150,1297,-1734,531,4245,-141,351,736
76.69305,150,1297,-1734,531,4241,-140,351,736
76.69355,150,1297,-1734,531,4243,-140,351,736
76.69405,150,1297,-1734,531,4250,-140,351,737
76.69455,149,1297,-1734,532,4258,-140,351,736
76.69505,150,1297,-1734,532,4256,-140,351,736
76.69555,150,1297,-1735,532,4260,-140,351,736
76.69605,150,1297,-1734,532,4260,-140,351,737
76.69655,150,1297,-1734,532,4256,-140,351,736
76.69705,150,1297,-1733,531,4254,-140,351,736
76.69755,150,1297,-1733,531,4260,-140,351,737
76.69805,150,1297,-1732,530,4261,-140,350,736
76.69855,150,1297,-1733,531,4256,-140,351,736
76.69905,150,1297,-1733,530,4258,-140,351,737
76.69955,150,1297,-1734,530,4256,-140,351,736
76.70005,150,1297,-1734,532,4265,-140,350,736
76.70055,150,1297,-1734,531,4304,-140,350,737
76.70105,150,1297,-1734,531,4302,-140,351,737
76.70155,150,1297,-1735,531,4288,-140,351,737
76.70205,150,1297,-1734,531,4259,-140,351,736
76.70255,150,1297,-1735,531,4239,-140,351,736
76.70305,150,1297,-1734,531,4244,-140,350,736
76.70355,150,1297,-1734,531,4251,-140,350,736
76.70405,150,1297,-1733,531,4256,-140,350,736
76.70455,150,1297,-1733,531,4259,-140,351,737
76.70505,150,1297,-1732,531,4263,-140,351,736
76.70555,150,1297,-1732,531,4263,-140,351,737
76.70605,149,1297,-1732,531,4269,-140,351,736
76.70655,150,1297,-1733,531,4268,-140,351,736
76.70705,150,1297,-1732,531,4271,-140,351,736
76.70755,150,1297,-1732,531,4273,-140,350,736
76.70805,150,1297,-1733,532,4271,-140,351,736
76.70855,150,1297,-1733,532,4270,-140,351,737
76.70905,150,1297,-1734,533,4267,-140,351,736
76.70955,149,1297,-1734,532,4260,-140,351,736
76.71005,150,1297,-1734,533,4277,-140,351,736
76.71055,150,1297,-1734,533,4312,-140,351,737
76.71105,150,1297,-1734,533,4310,-140,351,736
76.71155,150,1297,-1734,533,4297,-141,350,736
76.71205,150,1297,-1734,531,4270,-140,351,736
76.71255,150,1297,-1734,531,4246,-140,351,736
76.71305,149,1297,-1734,531,4244,-140,351,736
76.71355,150,1297,-1734,531,4245,-140,351,736
76.71405,150,1297,-1733,531,4252,-140,351,736
76.71455,150,1297,-1733,531,4259,-140,351,736
76.71505,149,1297,-1733,531,4261,-140,351,736
76.71555,150,1297,-1733,531,4261,-140,351,736
76.71605,150,1297,-1733,531,4262,-140,351,736
76.71655,149,1297,-1733,531,4263,-140,351,736
76.71705,150,1297,-1733,532,4264,-140,351,736
76.71755,150,1297,-1734,531,4265,-140,351,736
76.71805,149,1297,-1734,532,4265,-140,351,736
76.71855,150,1297,-1734,531,4265,-140,351,736
76.71905,149,1297,-1734,531,4262,-140,351,736
76.71955,150,1297,-1734,531,4260,-140,351,736
76.72005,150,1297,-1734,532,4277,-140,350,737
76.72055,150,1297,-1733,532,4310,-140,350,736
76.72105,150,1297,-1733,531,4301,-140,351,737
76.72155,150,1297,-1734,531,4294,-140,351,736
76.72205,150,1297,-1734,531,4263,-140,351,736
76.72255,150,1297,-1734,531,4247,-140,351,736
76.72305,149,1297,-1734,532,4251,-140,351,736
76.72355,150,1297,-1734,532,4256,-140,351,736
76.72405,150,1297,-1734,532,4263,-140,351,736
76.72455,150,1297,-1733,532,4265,-140,351,736
76.72505,149,1297,-1733,532,4265,-140,351,736
76.72555,149,1297,-1733,532,4266,-140,351,736
76.72605,150,1297,-1733,531,4266,-140,351,736
76.72655,149,1297,-1733,532,4265,-140,351,736
76.72705,150,1297,-1733,531,4265,-140,351,736
76.72755,150,1297,-1733,532,4265,-140,351,736
76.72805,150,1297,-1733,531,4263,-140,351,736
76.72855,150,1297,-1733,532,4262,-140,351,736
76.72905,149,1297,-1733,532,4266,-140,351,736
76.72955,150,1297,-1733,532,4264,-141,351,736
76.73005,150,1297,-1733,533,4283,-140,351,737
76.73055,150,1297,-1733,532,4310,-140,350,736
76.73105,149,1297,-1734,531,4302,-140,350,736
76.73155,150,1297,-1734,532,4295,-140,350,736
76.73205,150,1297,-1734,531,4264,-140,351,736
76.73255,150,1297,-1734,532,4242,-140,351,736
76.73305,150,1297,-1734,532,4244,-140,351,736
76.73355,150,1297,-1734,532,4249,-140,351,736
76.73405,149,1297,-1733,532,4258,-140,351,736
76.73455,149,1297,-1733,531,4264,-140,351,736
76.73505,150,1297,-1734,532,4266,-140,351,736
76.73555,150,1297,-1733,531,4266,-141,351,736
76.73605,150,1297,-1733,532,4263,-140,351,736
76.73655,150,1297,-1733,532,4265,-140,350,736
76.73705,149,1297,-1734,532,4269,-140,351,736
76.73755,150,1297,-1733,532,4272,-140,351,736
76.73805,150,1297,-1734,531,4274,-140,351,736
76.73855,150,1297,-1733,531,4275,-140,351,736
76.73905,150,1297,-1734,531,4274,-140,351,736
76.73955,149,1297,-1734,532,4270,-140,351,736
76.74005,150,1297,-1734,532,4295,-140,350,736
76.74055,150,1297,-1734,532,4319,-140,350,736
76.74105,150,1297,-1733,532,4310,-140,351,736
76.74155,150,1297,-1733,531,4297,-140,351,736
76.74205,150,1297,-1733,531,4262,-141,351,736
76.74255,150,1297,-1733,532,4248,-140,351,736
76.74305,150,1297,-1733,532,4250,-140,351,736
76.74355,150,1297,-1733,531,4256,-141,351,736
76.74415,150,1297,-1733,532,4260,-140,351,736
76.74465,150,1297,-1734,532,4262,-141,351,736
76.74515,150,1297,-1733,532,4267,-140,351,736
76.74565,150,1297,-1734,532,4269,-141,351,737
76.74615,149,1297,-1734,532,4269,-140,351,736
76.74665,150,1297,-1734,532,4264,-140,351,736
76.74715,150,1297,-1734,531,4268,-140,350,736
76.74765,149,1297,-1734,532,4270,-141,351,736
76.74815,150,1297,-1734,532,4269,-140,351,736
76.74865,149,1297,-1734,532,4269,-140,351,736
76.74915,150,1297,-1734,532,4269,-140,351,736
76.74965,150,1297,-1734,532,4267,-140,351,737
76.75015,150,1297,-1733,532,4294,-140,350,737
76.75065,149,1297,-1734,532,4313,-140,351,736
76.75115,150,1297,-1734,532,4308,-140,350,737
76.75165,150,1297,-1733,531,4301,-140,351,736
76.75215,149,1297,-1733,531,4264,-140,351,736
76.75265,149,1297,-1734,532,4250,-140,351,736
76.75315,149,1297,-1733,532,4254,-140,351,736
76.75365,150,1297,-1733,532,4259,-140,351,736
76.75415,149,1297,-1733,532,4267,-140,351,736
76.75465,150,1297,-1733,532,4273,-140,351,736
76.75515,150,1298,-1733,532,4277,-141,350,736
76.75565,150,1297,-1733,532,4279,-140,351,736
76.75615,150,1297,-1734,532,4280,-140,351,736
76.75665,150,1297,-1734,532,4280,-140,350,736
76.75715,150,1297,-1733,532,4280,-141,351,737
76.75765,149,1297,-1733,532,4279,-140,351,736
76.75815,150,1297,-1734,532,4274,-141,351,736
76.75865,149,1297,-1733,532,4276,-140,351,736
76.75915,149,1297,-1734,531,4275,-141,351,736
76.75965,150,1297,-1733,531,4271,-140,351,736
76.76015,149,1297,-1733,532,4300,-141,350,737
76.76065,149,1297,-1733,531,4318,-141,351,736
76.76115,150,1297,-1733,531,4305,-141,351,736
76.76165,150,1297,-1733,531,4293,-141,351,736
76.76215,149,1297,-1733,531,4261,-141,351,735
76.76265,150,1297,-1733,531,4247,-141,351,736
76.76315,149,1297,-1733,531,4246,-141,351,736
76.76365,150,1297,-1734,532,4254,-141,351,736
76.76415,150,1297,-1733,532,4264,-141,351,736
76.76465,150,1297,-1734,532,4266,-141,351,736
76.76515,150,1297,-1733,532,4266,-141,351,736
76.76565,150,1297,-1734,532,4268,-141,351,736
76.76615,150,1297,-1733,532,4269,-140,351,736
76.76665,150,1297,-1734,532,4270,-140,351,736
76.76715,150,1297,-1734,532,4271,-140,351,736
76.76765,150,1297,-1734,532,4271,-140,351,736
76.76815,149,1297,-1734,532,4268,-140,351,736
76.76865,150,1297,-1734,532,4270,-140,351,737
76.76915,150,1297,-1734,532,4273,-140,351,736
76.76965,150,1297,-1734,532,4270,-141,351,736
76.77015,150,1297,-1734,533,4308,-140,350,737
76.77065,150,1297,-1734,532,4323,-140,351,736
76.77115,150,1297,-1734,532,4313,-140,351,736
76.77165,150,1297,-1734,531,4301,-140,351,736
76.77215,150,1297,-1733,531,4268,-140,351,736
76.77265,150,1297,-1733,531,4256,-140,351,736
76.77315,150,1297,-1733,531,4260,-140,351,737
76.77365,150,1297,-1733,531,4265,-140,351,736
76.77415,150,1297,-1733,531,4268,-140,351,737
76.77465,150,1297,-1733,532,4274,-140,351,736
76.77515,150,1297,-1733,532,4272,-140,351,737
76.77565,150,1297,-1734,532,4272,-140,351,737
76.77615,150,1297,-1734,532,4266,-140,351,737
76.77665,149,1297,-1734,532,4266,-140,351,737
76.77715,150,1297,-1734,532,4270,-140,350,737
76.77765,149,1297,-1734,532,4272,-140,351,736
76.77815,149,1297,-1733,532,4272,-141,351,736
76.77865,150,1297,-1734,532,4277,-141,351,736
76.77915,150,1297,-1733,532,4275,-141,351,737
76.77965,149,1297,-1733,532,4272,-141,351,736
76.78015,150,1297,-1733,532,4301,-140,351,737
76.78065,149,1297,-1733,532,4312,-140,351,736
76.78115,150,1297,-1733,532,4299,-141,351,736
76.78165,150,1297,-1733,532,4279,-141,351,736
76.78215,150,1297,-1733,532,4248,-140,351,736
76.782646,150,1297,-1734,532,4243,-140,351,737
76.78315,150,1298,-1733,532,4248,-140,351,736
76.78365,149,1297,-1734,531,4252,-141,351,737
76.78415,150,1297,-1734,532,4258,-140,351,736
76.78465,149,1297,-1734,532,4259,-141,351,737
76.78515,149,1297,-1734,532,4266,-140,351,736
76.78565,150,1297,-1734,532,4265,-141,351,736
76.78615,150,1298,-1733,532,4269,-141,351,736
76.78665,150,1297,-1733,532,4272,-141,351,737
76.78715,150,1297,-1734,532,4272,-141,350,737
76.78765,150,1297,-1733,532,4268,-140,351,737
76.78815,150,1297,-1734,532,4268,-141,351,736
76.78865,150,1297,-1734,532,4271,-140,351,737
76.78915,150,1297,-1734,532,4275,-140,351,736
76.78965,150,1297,-1733,532,4276,-140,351,736
76.79015,150,1297,-1733,532,4314,-140,350,737
76.79065,150,1297,-1734,532,4321,-141,351,736
76.79115,150,1297,-1733,531,4308,-141,351,736
76.79165,149,1297,-1734,531,4288,-141,351,736
76.79215,149,1297,-1734,531,4257,-141,351,736
76.79265,150,1297,-1734,532,4245,-140,351,737
76.79315,149,1297,-1734,532,4247,-140,351,736
76.79365,150,1297,-1734,532,4250,-141,351,736
76.79415,150,1297,-1733,532,4259,-141,351,736
76.79465,150,1297,-1733,532,4265,-141,351,736
76.79515,150,1297,-1734,532,4267,-141,351,736
76.79565,149,1297,-1733,532,4267,-141,351,736
76.79615,150,1297,-1734,532,4266,-141,351,736
76.79665,149,1297,-1734,532,4265,-141,351,736
76.79715,150,1297,-1733,532,4264,-141,351,736
76.79765,150,1297,-1734,532,4263,-141,351,736
76.79815,150,1297,-1734,532,4262,-141,351,736
76.79865,149,1297,-1734,532,4262,-141,351,736
76.79915,150,1297,-1733,532,4260,-141,351,736
76.79965,150,1297,-1734,532,4263,-141,351,737
76.80015,150,1297,-1734,533,4299,-141,351,736
76.80065,150,1297,-1734,532,4300,-141,351,736
76.80115,149,1297,-1734,532,4295,-141,351,736
76.80165,149,1297,-1734,532,4270,-141,351,736
76.80215,150,1297,-1733,532,4240,-141,351,736
76.80265,150,1297,-1734,532,4236,-141,351,736
76.80315,149,1297,-1734,532,4243,-141,351,736
76.80365,150,1297,-1734,532,4250,-141,351,736
76.80415,150,1297,-1733,532,4259,-141,351,736
76.80465,150,1297,-1734,532,4263,-141,351,736
76.80515,150,1297,-1733,532,4265,-141,351,737
76.80575,150,1297,-1734,532,4265,-141,351,736
76.80625,150,1297,-1734,532,4262,-141,351,736
76.80675,150,1297,-1734,532,4266,-140,351,736
76.80725,150,1297,-1734,532,4268,-141,351,736
76.80775,150,1297,-1735,532,4265,-140,351,736
76.80825,150,1297,-1734,533,4261,-141,351,736
76.80875,150,1297,-1734,532,4262,-140,351,737
76.80925,149,1297,-1734,532,4262,-141,351,736
76.80975,150,1297,-1733,532,4265,-141,351,737
76.81025,150,1297,-1733,533,4303,-141,350,737
76.81075,150,1297,-1733,532,4301,-141,351,737
76.81125,150,1297,-1733,532,4292,-140,351,737
76.81175,149,1297,-1733,532,4267,-141,351,737
76.81225,149,1297,-1733,532,4238,-141,351,737
76.81275,149,1297,-1733,532,4231,-141,351,737
76.81325,150,1297,-1734,532,4236,-141,351,737
76.81375,150,1297,-1734,532,4242,-140,351,737
76.81425,150,1297,-1734,532,4247,-141,351,737
76.81475,150,1297,-1734,532,4251,-141,351,737
76.81525,150,1297,-1734,532,4252,-141,351,737
76.81575,150,1297,-1733,532,4250,-141,351,737
76.81625,150,1297,-1734,532,4248,-141,351,737
76.81675,150,1297,-1733,532,4252,-141,351,737
76.81725,150,1297,-1733,532,4255,-141,351,737
76.81775,150,1297,-1734,532,4256,-141,351,736
76.81825,150,1297,-1734,532,4258,-141,351,737
76.81875,149,1297,-1733,532,4261,-141,351,737
76.81925,150,1297,-1734,532,4255,-141,351,737
76.81975,150,1297,-1734,532,4261,-141,351,737
76.82025,150,1297,-1734,532,4296,-141,351,737
76.82075,150,1297,-1733,532,4297,-141,351,736
76.82125,150,1297,-1734,532,4287,-141,351,737
76.82175,150,1297,-1733,532,4263,-141,351,736
76.82225,150,1297,-1734,532,4233,-141,351,736
76.82275,150,1297,-1734,532,4239,-141,351,736
76.82325,149,1297,-1733,532,4246,-141,351,737
76.82375,149,1297,-1734,532,4251,-141,350,736
76.82425,150,1297,-1734,532,4249,-140,351,736
76.82475,150,1297,-1734,532,4256,-141,351,737
76.82525,150,1297,-1734,532,4258,-140,351,737
76.82575,150,1297,-1734,532,4253,-141,351,737
76.82625,150,1297,-1733,532,4251,-140,351,737
76.82675,150,1297,-1734,532,4252,-141,351,737
76.82725,150,1297,-1734,532,4252,-141,351,736
76.82775,150,1297,-1734,532,4253,-141,351,737
76.82825,150,1297,-1733,532,4257,-141,351,736
76.82875,150,1297,-1733,532,4254,-141,351,737
76.82925,150,1297,-1734,532,4255,-141,351,736
76.82975,150,1297,-1733,533,4261,-141,351,737
76.83025,150,1297,-1734,532,4296,-141,351,737
76.83075,150,1297,-1733,532,4291,-141,350,737
76.83125,150,1297,-1733,532,4281,-141,351,736
76.83175,150,1297,-1733,532,4253,-141,351,736
76.83225,149,1297,-1734,532,4232,-141,351,736
76.83275,150,1297,-1733,532,4227,-141,351,737
76.83325,150,1297,-1733,532,4233,-141,350,736
76.83375,150,1297,-1733,533,4235,-141,351,737
76.83425,150,1297,-1733,532,4242,-141,351,736
76.83475,150,1297,-1734,533,4245,-141,351,736
76.83525,150,1297,-1734,533,4251,-141,350,736
76.83575,150,1297,-1734,532,4254,-141,350,737
76.83625,150,1297,-1734,532,4253,-141,350,736
76.83675,150,1297,-1734,532,4250,-141,350,736
76.83725,150,1297,-1734,532,4254,-141,350,737
76.83775,150,1297,-1734,531,4257,-141,350,737
76.83825,150,1297,-1734,532,4254,-141,350,736
76.83875,150,1297,-1734,532,4254,-141,350,736
76.83925,150,1297,-1734,532,4258,-141,350,737
76.83975,150,1297,-1734,533,4270,-141,350,737
76.84025,150,1297,-1734,532,4297,-141,350,737
76.84075,150,1297,-1733,532,4295,-141,351,736
76.84125,150,1297,-1734,532,4285,-141,351,736
76.84175,150,1297,-1734,532,4256,-141,351,736
76.84225,150,1297,-1733,532,4232,-141,351,736
76.84275,150,1297,-1734,532,4232,-141,351,737
76.84325,150,1297,-1733,532,4237,-141,351,737
76.84375,150,1297,-1733,532,4242,-141,351,736
76.84425,150,1297,-1733,532,4246,-141,351,737
76.84475,149,1297,-1733,532,4252,-141,351,736
76.84525,150,1297,-1734,532,4250,-141,351,736
76.84575,149,1297,-1733,533,4254,-141,351,736
76.84625,150,1297,-1733,532,4255,-141,351,736
76.84675,150,1297,-1733,532,4254,-141,351,737
76.84725,150,1297,-1733,532,4252,-141,351,737
76.84775,149,1297,-1734,532,4245,-141,351,736
76.84825,150,1297,-1734,532,4242,-141,351,737
76.84875,150,1297,-1734,533,4251,-141,351,737
76.84925,150,1297,-1734,532,4248,-141,351,737
76.84975,150,1297,-1734,533,4263,-141,351,736
76.85025,150,1297,-1734,532,4296,-141,351,737
76.85075,150,1297,-1734,532,4299,-141,351,737
76.85125,150,1297,-1734,532,4287,-141,351,736
76.85175,150,1297,-1734,532,4256,-141,351,736
76.85225,149,1297,-1734,532,4236,-141,351,736
76.85275,150,1297,-1734,532,4236,-141,351,737
76.85325,150,1297,-1734,532,4241,-141,351,737
76.85375,150,1297,-1734,532,4243,-141,351,736
76.85425,150,1297,-1734,532,4249,-141,351,737
76.85475,150,1297,-1734,532,4259,-141,351,736
76.85525,150,1297,-1734,532,4258,-141,351,737
76.85575,150,1297,-1734,532,4258,-141,351,736
76.85625,150,1297,-1734,532,4255,-141,351,737
76.85675,150,1297,-1734,532,4260,-141,351,737
76.85725,150,1297,-1734,532,4259,-141,351,736
76.85775,150,1297,-1733,532,4262,-141,351,737
76.85825,150,1297,-1733,532,4266,-141,351,737
76.85875,150,1297,-1734,532,4260,-141,350,737
76.85925,150,1297,-1733,532,4254,-141,351,737
76.85975,150,1297,-1734,533,4271,-141,351,737
76.86025,150,1297,-1734,533,4299,-141,351,737
76.86075,150,1297,-1734,533,4296,-141,351,737
76.86125,150,1296,-1734,533,4283,-141,351,736
76.86175,149,1297,-1734,532,4249,-142,351,736
76.86225,149,1297,-1734,532,4232,-141,351,736
76.86275,150,1297,-1734,532,4237,-141,351,736
76.86325,149,1297,-1734,532,4241,-141,350,736
76.86375,150,1297,-1734,532,4246,-141,351,737
76.86425,149,1297,-1734,533,4247,-141,351,737
76.86475,150,1297,-1734,532,4246,-141,351,737
76.86525,150,1297,-1733,532,4248,-141,351,737
76.86575,150,1297,-1733,532,4250,-141,351,736
76.86625,150,1297,-1733,532,4252,-141,351,737
76.86675,150,1297,-1734,532,4258,-141,351,736
76.86725,150,1297,-1734,532,4255,-141,351,737
76.86785,149,1297,-1733,532,4258,-141,351,737
76.86835,150,1297,-1734,532,4255,-141,351,737
76.86885,150,1297,-1733,532,4254,-141,351,737
76.86935,150,1297,-1733,532,4253,-141,351,737
76.86985,150,1297,-1733,533,4277,-141,351,737
76.87035,150,1297,-1733,532,4303,-141,351,737
76.87085,149,1297,-1733,532,4299,-141,350,737
76.87135,150,1297,-1734,532,4290,-141,351,737
76.87185,149,1297,-1734,532,4259,-141,351,737
76.87235,150,1297,-1733,532,4242,-141,351,736
76.87285,149,1297,-1733,532,4238,-141,351,736
76.87335,150,1297,-1734,533,4247,-141,351,736
76.87385,150,1297,-1734,533,4256,-141,351,736
76.87435,149,1297,-1734,533,4258,-141,351,737
76.87485,150,1297,-1734,533,4259,-141,351,737
76.87535,150,1297,-1734,533,4256,-141,351,737
76.87585,149,1297,-1734,533,4253,-141,352,737
76.87635,149,1297,-1734,532,4254,-141,351,736
76.87685,150,1297,-1734,531,4254,-141,352,737
76.87735,150,1297,-1734,531,4259,-141,352,736
76.87785,149,1297,-1733,531,4256,-141,351,737
76.87835,150,1297,-1734,532,4258,-141,352,737
76.87885,150,1297,-1733,532,4255,-141,352,737
76.87935,150,1297,-1734,532,4251,-141,352,737
76.87985,150,1297,-1734,533,4273,-140,351,737
76.88035,150,1297,-1734,532,4294,-142,352,737
76.88085,150,1297,-1734,532,4289,-141,352,737
76.88135,150,1297,-1734,532,4275,-141,352,736
76.88185,149,1297,-1734,532,4240,-142,352,736
76.88235,150,1297,-1734,532,4227,-141,351,736
76.88285,150,1297,-1734,533,4231,-141,352,737
76.88335,149,1297,-1734,532,4240,-141,351,737
76.88385,150,1297,-1734,532,4245,-141,351,737
76.88435,149,1297,-1734,532,4249,-141,351,737
76.88485,150,1297,-1734,532,4251,-141,351,737
76.88535,150,1297,-1734,532,4253,-141,351,736
76.88585,150,1297,-1734,532,4255,-141,351,737
76.88635,150,1297,-1734,532,4260,-141,351,736
76.88685,150,1297,-1734,532,4259,-141,351,737
76.88735,150,1297,-1734,532,4261,-141,351,737
76.88785,150,1297,-1734,532,4257,-142,351,736
76.88835,150,1297,-1734,532,4258,-141,351,737
76.88885,150,1297,-1734,532,4268,-142,351,736
76.88935,150,1297,-1733,532,4265,-141,351,737
76.88985,150,1297,-1733,533,4296,-141,350,737
76.89035,150,1297,-1733,532,4312,-141,350,737
76.89085,150,1297,-1734,532,4304,-141,350,736
76.89135,150,1297,-1734,532,4290,-141,351,736
76.89185,149,1297,-1734,532,4261,-141,351,736
76.89235,149,1297,-1734,532,4243,-141,351,736
76.89285,150,1297,-1734,532,4242,-141,351,737
76.89335,150,1297,-1734,532,4247,-141,351,737
76.89385,150,1297,-1734,532,4248,-141,351,737
76.89435,150,1297,-1733,532,4252,-141,351,737
76.89485,150,1297,-1734,532,4255,-141,351,737
76.89535,150,1297,-1734,532,4255,-141,351,736
76.89585,150,1297,-1734,532,4253,-141,351,737
76.89635,150,1297,-1734,532,4258,-141,351,737
76.89685,150,1297,-1734,532,4257,-141,351,736
76.89735,150,1297,-1734,532,4256,-141,351,737
76.89785,149,1297,-1734,532,4260,-141,351,736
76.89835,150,1297,-1734,532,4257,-141,351,737
76.89885,149,1297,-1734,531,4258,-141,351,736
76.89935,150,1297,-1734,532,4255,-141,351,736
76.89985,150,1297,-1734,532,4288,-141,351,737
76.90035,150,1297,-1734,532,4303,-141,351,737
76.90085,150,1297,-1734,532,4293,-142,351,737
76.90135,150,1297,-1734,532,4272,-141,351,736
76.90185,150,1297,-1734,532,4239,-142,351,737
76.90235,150,1297,-1734,533,4233,-142,351,737
76.90285,150,1297,-1734,533,4233,-141,351,737
76.90335,150,1297,-1734,533,4242,-141,351,737
76.90385,150,1297,-1734,533,4251,-141,351,737
76.90435,149,1297,-1734,532,4257,-141,351,737
76.90485,150,1297,-1734,532,4263,-141,351,737
76.90535,150,1297,-1734,532,4265,-141,351,737
76.90585,150,1297,-1734,532,4266,-141,351,737
76.90635,149,1297,-1734,532,4267,-141,351,737
76.90685,150,1297,-1733,532,4267,-141,351,737
76.90735,150,1297,-1733,532,4267,-141,351,737
76.90785,150,1297,-1734,532,4267,-141,351,737
76.90835,150,1297,-1733,532,4265,-141,351,737
76.90885,150,1297,-1734,532,4265,-141,351,737
76.90935,150,1297,-1734,532,4265,-141,351,737
76.90985,150,1297,-1733,533,4298,-141,351,737
76.91035,150,1297,-1734,532,4308,-141,351,737
76.91085,150,1297,-1733,532,4301,-141,351,736
76.91135,149,1297,-1733,532,4285,-141,351,736
76.91185,150,1297,-1733,532,4256,-141,352,736
76.91235,149,1297,-1733,532,4246,-141,351,737
76.91285,150,1297,-1734,533,4242,-141,351,737
76.91335,150,1297,-1733,532,4241,-141,351,737
76.91385,150,1297,-1734,532,4248,-141,351,737
76.91435,150,1297,-1734,532,4251,-141,351,737
76.91485,150,1297,-1734,533,4255,-141,351,737
76.91535,150,1297,-1734,532,4257,-141,351,737
76.91585,150,1297,-1734,532,4258,-141,351,737
76.91635,150,1297,-1734,532,4259,-141,351,737
76.91685,150,1297,-1734,533,4260,-141,351,737
76.91735,150,1297,-1734,532,4260,-141,351,737
76.91785,150,1297,-1734,532,4260,-141,351,737
76.91835,150,1297,-1734,532,4260,-141,351,737
76.91885,150,1296,-1734,533,4260,-141,351,737
76.91935,150,1297,-1735,533,4262,-141,351,737
76.91985,150,1297,-1734,534,4295,-141,351,737
76.92035,149,1297,-1734,533,4302,-141,351,737
76.92085,150,1297,-1734,533,4296,-141,351,737
76.92135,150,1297,-1734,533,4274,-141,352,737
76.92185,150,1297,-1733,533,4242,-141,352,737
76.92235,150,1297,-1733,533,4234,-141,352,737
76.92285,150,1297,-1733,532,4238,-141,351,737
76.92335,150,1297,-1733,532,4248,-141,351,737
76.92385,150,1297,-1733,532,4257,-141,351,737
76.92435,150,1297,-1733,531,4261,-141,351,737
76.92485,150,1297,-1733,531,4261,-141,351,737
76.92535,150,1297,-1734,532,4260,-141,352,737
76.92585,150,1297,-1734,532,4259,-141,351,737
76.92635,150,1297,-1734,532,4259,-141,351,737
76.92685,150,1297,-1734,533,4258,-141,351,737
76.92735,149,1297,-1734,533,4256,-141,351,737
76.92785,150,1297,-1734,534,4254,-141,351,737
76.92835,150,1297,-1734,533,4256,-141,351,737
76.92885,150,1297,-1734,534,4259,-141,351,737
76.92935,150,1297,-1734,534,4265,-141,351,737
76.92985,150,1297,-1734,534,4299,-141,350,737
76.93045,150,1297,-1734,533,4301,-141,351,737
76.93095,150,1297,-1734,532,4293,-141,351,737
76.93145,150,1297,-1733,531,4269,-141,351,737
76.93195,150,1297,-1733,531,4240,-141,351,737
76.93245,150,1297,-1733,531,4233,-141,351,737
76.93295,150,1297,-1733,531,4233,-141,351,737
76.93345,150,1297,-1733,531,4244,-141,351,737
76.93395,150,1297,-1733,531,4250,-141,351,737
76.93445,150,1297,-1733,531,4254,-140,351,737
76.93495,150,1297,-1733,532,4258,-141,351,737
76.93545,149,1297,-1734,532,4257,-141,351,737
76.93595,150,1297,-1734,532,4255,-141,351,737
76.93645,150,1297,-1734,532,4258,-141,351,737
76.93695,150,1297,-1734,532,4262,-141,351,737
76.93745,150,1297,-1733,532,4263,-141,351,737
76.93795,149,1297,-1734,532,4265,-141,351,737
76.93845,150,1297,-1734,532,4265,-141,351,737
76.93895,150,1297,-1734,532,4266,-141,351,737
76.93945,150,1297,-1733,532,4273,-141,351,737
76.93995,150,1297,-1734,532,4306,-140,351,737
76.94045,150,1297,-1734,532,4307,-140,351,737
76.94095,150,1297,-1734,531,4300,-141,351,737
76.94145,150,1297,-1734,532,4270,-141,351,737
76.94195,150,1297,-1734,533,4238,-141,351,737
76.94245,150,1297,-1733,533,4232,-141,351,737
76.94295,150,1297,-1734,533,4235,-141,351,737
76.94345,149,1297,-1734,533,4245,-141,351,737
76.94395,150,1297,-1734,532,4251,-141,351,737
76.94445,150,1297,-1734,533,4255,-141,351,737
76.94495,150,1297,-1734,532,4258,-141,351,737
76.94545,150,1297,-1734,532,4258,-140,351,737
76.94595,150,1297,-1734,532,4259,-140,351,737
76.94645,150,1297,-1733,532,4258,-141,351,737
76.94695,150,1297,-1734,533,4257,-140,351,737
76.94745,150,1297,-1734,533,4256,-141,351,737
76.94795,150,1297,-1734,533,4256,-141,351,737
76.94845,150,1297,-1734,533,4255,-141,351,737
76.94895,150,1297,-1734,533,4255,-141,351,737
76.94945,150,1297,-1734,534,4266,-141,351,737
76.94995,150,1297,-1735,534,4300,-140,350,738
76.95045,150,1297,-1735,533,4301,-141,351,737
76.95095,150,1297,-1735,533,4297,-141,351,737
76.95145,150,1297,-1735,533,4266,-140,351,737
76.95195,150,1297,-1735,532,4239,-140,351,737
76.95245,150,1297,-1734,531,4235,-141,351,737
76.95295,150,1297,-1733,531,4235,-141,351,737
76.95345,150,1297,-1733,531,4245,-140,351,737
76.95395,150,1297,-1733,530,4250,-140,351,737
76.95445,150,1297,-1733,531,4254,-141,351,737
76.95495,150,1297,-1733,531,4261,-140,351,737
76.95545,150,1297,-1733,531,4264,-140,351,737
76.95595,150,1297,-1734,531,4265,-140,351,737
76.95645,150,1297,-1734,531,4266,-141,351,737
76.95695,150,1297,-1734,531,4265,-141,351,737
76.95745,150,1297,-1734,532,4266,-141,351,737
76.95795,150,1297,-1734,532,4265,-140,351,737
76.95845,150,1297,-1734,533,4263,-141,351,736
76.95895,150,1297,-1734,532,4262,-141,351,737
76.95945,150,1297,-1734,533,4274,-141,350,737
76.95995,150,1297,-1734,533,4302,-140,351,737
76.96045,150,1297,-1734,533,4299,-140,351,737
76.96095,150,1297,-1734,532,4291,-140,351,737
76.96145,150,1297,-1734,532,4259,-140,351,736
76.96195,150,1297,-1734,532,4233,-140,352,737
76.96245,150,1297,-1734,532,4233,-140,351,737
76.96295,150,1297,-1734,532,4237,-140,351,737
76.96345,150,1297,-1734,533,4244,-140,351,737
76.96395,150,1297,-1734,533,4250,-140,351,737
76.96445,150,1297,-1735,533,4252,-140,351,737
76.96495,150,1297,-1734,533,4253,-140,351,737
76.96545,149,1297,-1733,532,4254,-140,351,737
76.96595,150,1297,-1733,533,4255,-140,351,737
76.96645,150,1297,-1733,533,4256,-140,351,737
76.96695,149,1298,-1734,532,4258,-140,351,737
76.96745,149,1297,-1733,533,4258,-140,351,737
76.96795,150,1297,-1733,533,4258,-140,351,737
76.96845,150,1297,-1733,533,4262,-140,351,737
76.96895,149,1297,-1733,532,4265,-140,351,737
76.96945,150,1297,-1734,533,4280,-140,351,737
76.96995,150,1297,-1735,533,4311,-140,351,737
76.97045,150,1297,-1734,533,4309,-140,351,737
76.97095,150,1297,-1734,532,4301,-140,351,737
76.97145,150,1297,-1734,532,4274,-140,351,737
76.97195,150,1297,-1734,532,4251,-140,352,737
76.97245,150,1297,-1734,533,4247,-140,351,737
76.972946,150,1297,-1734,533,4251,-140,352,737
76.97345,149,1297,-1734,533,4260,-140,351,737
76.97395,150,1297,-1734,533,4264,-140,351,738
76.97445,149,1297,-1733,533,4268,-140,351,737
76.97495,149,1297,-1733,532,4274,-140,351,737
76.97545,150,1298,-1734,532,4267,-140,351,738
76.97595,150,1297,-1733,532,4265,-140,351,738
76.97645,149,1297,-1733,532,4274,-140,351,738
76.97695,150,1297,-1733,532,4277,-140,351,737
76.97745,150,1297,-1733,532,4275,-140,351,737
76.97795,150,1297,-1733,532,4269,-140,351,737
76.97845,150,1297,-1734,532,4268,-140,351,737
76.97895,149,1297,-1733,533,4266,-140,351,737
76.97945,150,1297,-1734,533,4279,-140,351,737
76.97995,150,1297,-1734,533,4307,-140,351,737
76.98045,150,1297,-1734,533,4304,-140,351,737
76.98095,150,1297,-1734,532,4295,-140,351,737
76.98145,149,1297,-1734,532,4261,-140,351,737
76.98195,150,1297,-1734,532,4235,-140,351,737
76.98245,150,1297,-1734,532,4231,-140,351,737
76.98295,150,1297,-1734,532,4241,-140,351,737
76.98345,150,1297,-1734,532,4252,-140,351,737
76.98395,149,1297,-1734,532,4258,-140,351,737
76.98445,150,1297,-1734,533,4263,-140,351,737
76.98495,150,1297,-1734,532,4265,-140,351,737
76.98545,150,1297,-1734,533,4267,-140,351,737
76.98595,150,1297,-1734,532,4267,-140,351,737
76.98645,150,1297,-1734,532,4269,-140,351,737
76.98695,150,1297,-1734,532,4270,-140,351,737
76.98745,150,1297,-1734,531,4271,-140,351,737
76.98795,150,1297,-1734,531,4272,-140,351,737
76.98845,149,1297,-1734,531,4274,-140,351,737
76.98895,150,1297,-1733,532,4274,-140,351,737
76.98945,150,1297,-1733,533,4293,-139,351,738
76.98995,150,1297,-1733,533,4322,-140,351,737
76.99045,149,1297,-1734,532,4321,-140,351,737
76.99095,150,1297,-1734,532,4308,-140,351,737
76.99145,149,1297,-1734,532,4274,-140,352,737
76.99195,149,1297,-1734,533,4251,-140,352,737
76.99245,150,1297,-1734,533,4248,-140,351,737
76.99305,150,1297,-1734,532,4248,-140,351,736
76.99355,149,1297,-1734,532,4258,-140,351,737
76.99405,150,1297,-1734,532,4266,-140,351,737
76.99455,149,1297,-1734,532,4265,-140,351,737
76.99505,150,1297,-1735,533,4268,-140,351,737
76.99555,149,1297,-1735,533,4269,-140,351,737
76.99605,150,1297,-1735,533,4270,-140,351,737
76.99655,149,1297,-1734,533,4269,-140,351,737
76.99705,149,1297,-1733,533,4267,-140,351,737
76.99755,150,1297,-1733,533,4267,-140,351,737
76.99805,149,1297,-1733,532,4267,-140,351,737
76.99855,150,1297,-1733,532,4267,-140,351,737
76.99905,150,1297,-1734,531,4265,-140,351,737
76.99955,150,1297,-1733,532,4285,-140,351,737
77.00005,150,1297,-1733,531,4311,-140,351,737
77.00055,150,1297,-1733,531,4308,-140,351,737
77.00105,150,1297,-1733,531,4297,-140,351,737
77.00155,149,1297,-1734,531,4261,-140,352,737
77.00205,149,1297,-1734,531,4242,-140,351,737
77.00255,150,1297,-1734,532,4242,-140,351,736
77.00305,150,1297,-1734,532,4253,-140,351,737
77.00355,149,1297,-1734,532,4267,-140,351,737
77.00405,150,1297,-1734,532,4270,-140,351,738
77.00455,150,1297,-1734,532,4272,-140,351,737
77.00505,150,1297,-1734,532,4277,-140,351,737
77.00555,150,1297,-1734,532,4275,-140,351,737
77.00605,149,1297,-1733,532,4274,-140,351,737
77.00655,150,1297,-1733,532,4275,-140,351,737
77.00705,150,1297,-1734,532,4273,-140,351,737
77.00755,149,1297,-1734,533,4271,-140,351,737
77.00805,150,1297,-1734,533,4270,-140,351,737
77.00855,150,1297,-1734,532,4272,-140,351,737
77.00905,150,1297,-1734,532,4272,-140,351,737
77.00955,150,1297,-1734,533,4297,-140,351,737
77.01005,150,1297,-1734,532,4317,-140,351,737
77.01055,150,1297,-1734,532,4310,-140,351,737
77.01105,149,1297,-1734,532,4299,-140,351,737
77.01155,150,1297,-1734,532,4267,-140,351,737
77.01205,149,1297,-1734,532,4249,-140,351,737
77.01255,150,1297,-1734,532,4244,-140,352,737
77.01305,150,1297,-1734,533,4249,-140,351,737
77.01355,149,1297,-1734,532,4255,-140,351,737
77.01405,150,1297,-1734,533,4258,-140,351,737
77.01455,150,1297,-1734,532,4261,-140,351,736
77.01505,150,1297,-1734,533,4262,-140,351,737
77.01555,149,1297,-1734,532,4264,-140,351,737
77.01605,149,1297,-1734,533,4261,-140,351,737
77.01655,150,1297,-1734,532,4263,-140,351,737
77.01705,149,1297,-1734,532,4265,-140,351,737
77.01755,149,1297,-1734,532,4265,-140,351,737
77.01805,150,1297,-1734,533,4265,-140,351,737
77.01855,149,1297,-1734,532,4265,-140,351,737
77.01905,150,1297,-1734,532,4263,-140,351,736
77.01955,150,1297,-1734,533,4290,-140,351,737
77.02005,149,1297,-1734,533,4312,-140,351,737
77.02055,150,1297,-1734,532,4303,-140,351,737
77.02105,150,1297,-1734,532,4289,-140,351,737
77.02155,150,1297,-1734,532,4255,-140,352,737
77.02205,150,1297,-1734,532,4237,-140,352,736
77.02255,150,1297,-1734,532,4237,-140,352,737
77.02305,150,1297,-1735,533,4250,-140,351,737
77.02355,150,1297,-1735,532,4257,-141,351,736
77.02405,150,1297,-1735,533,4260,-140,351,737
77.02455,149,1297,-1735,533,4268,-140,351,737
77.02505,150,1297,-1735,533,4265,-140,351,737
77.02555,150,1297,-1734,532,4262,-140,351,737
77.02605,150,1297,-1733,532,4262,-140,351,737
77.02655,150,1297,-1732,532,4262,-140,351,737
77.02705,149,1297,-1732,532,4262,-140,351,736
77.02755,150,1297,-1733,532,4263,-140,351,737
77.02805,150,1297,-1734,532,4266,-140,351,737
77.02855,149,1297,-1734,532,4263,-140,351,737
77.02905,149,1297,-1734,532,4260,-140,351,737
77.02955,150,1297,-1734,533,4291,-140,351,737
77.03005,150,1296,-1734,532,4306,-140,351,737
77.03055,150,1296,-1733,532,4298,-140,351,737
77.03105,149,1297,-1733,532,4282,-141,351,736
77.03155,150,1297,-1733,532,4249,-141,352,736
77.03205,150,1297,-1734,532,4240,-140,352,736
77.03255,150,1297,-1734,533,4241,-140,352,737
77.03305,150,1297,-1734,532,4240,-141,352,737
77.03355,150,1297,-1734,533,4244,-140,351,737
77.03405,150,1297,-1734,533,4247,-140,351,737
77.03455,150,1297,-1734,532,4251,-140,351,736
77.03505,149,1297,-1734,533,4256,-140,351,737
77.03555,149,1297,-1734,532,4263,-140,351,737
77.03605,150,1297,-1734,533,4260,-140,351,736
77.03655,150,1297,-1734,533,4259,-140,351,737
77.03705,150,1297,-1734,532,4264,-140,351,736
77.03755,149,1297,-1734,533,4262,-140,351,737
77.03805,150,1297,-1734,532,4265,-141,351,736
77.03855,150,1297,-1734,532,4262,-140,351,737
77.03905,150,1297,-1734,532,4264,-141,351,736
77.03955,150,1296,-1734,533,4292,-140,351,737
77.04005,150,1297,-1734,533,4305,-140,351,737
77.04055,149,1297,-1734,532,4295,-140,351,737
77.04105,149,1297,-1734,532,4272,-140,351,736
77.04155,150,1297,-1734,532,4236,-141,352,737
77.04205,150,1297,-1734,532,4227,-140,351,737
77.04255,150,1297,-1734,532,4226,-140,351,737
77.04305,149,1297,-1734,533,4234,-141,351,737
77.04355,150,1297,-1734,532,4243,-140,351,737
77.04405,150,1297,-1734,532,4247,-140,351,737
77.04455,149,1297,-1734,532,4248,-141,352,736
77.04505,149,1297,-1734,533,4249,-141,351,736
77.04555,150,1297,-1734,532,4254,-141,351,737
77.04605,150,1297,-1734,532,4254,-140,352,737
77.04655,150,1297,-1734,532,4247,-141,352,737
77.04705,149,1296,-1734,532,4242,-141,351,737
77.04755,150,1297,-1734,532,4240,-141,351,736
77.04805,149,1297,-1734,532,4243,-141,351,737
77.04855,150,1297,-1734,533,4251,-141,351,737
77.04905,149,1297,-1734,533,4252,-141,351,737
77.04955,150,1296,-1734,533,4286,-141,351,737
77.05005,150,1297,-1734,532,4293,-141,351,737
77.05055,150,1296,-1734,533,4288,-141,352,736
77.05105,150,1297,-1734,532,4268,-141,351,737
77.05155,149,1297,-1734,532,4243,-141,352,736
77.05205,150,1297,-1734,532,4232,-141,352,737
77.05255,149,1297,-1734,532,4233,-141,351,737
77.05305,150,1297,-1734,533,4239,-140,351,737
77.05355,149,1297,-1734,533,4245,-140,351,737
77.05405,150,1297,-1734,533,4249,-140,351,737
77.05455,150,1297,-1734,532,4255,-140,351,737
77.05505,149,1297,-1734,533,4256,-141,351,737
77.05565,150,1297,-1734,532,4255,-141,351,737
77.05615,150,1297,-1734,532,4259,-141,351,737
77.05665,150,1297,-1734,533,4263,-140,351,737
77.05715,150,1297,-1734,532,4263,-141,351,736
77.05765,150,1297,-1734,532,4263,-141,351,737
77.05815,150,1297,-1734,532,4266,-141,352,737
77.05865,150,1297,-1734,532,4260,-141,351,736
77.05915,149,1297,-1734,533,4262,-141,351,737
77.05965,150,1297,-1734,533,4301,-141,351,736
77.06015,150,1297,-1733,533,4299,-141,351,737
77.06065,150,1297,-1733,533,4293,-141,351,736
77.06115,149,1297,-1734,532,4269,-141,352,736
77.06165,149,1297,-1734,532,4239,-141,352,736
77.06215,150,1297,-1734,533,4229,-140,352,737
77.06265,150,1297,-1734,533,4228,-141,351,737
77.06315,150,1297,-1734,533,4232,-141,351,737
77.06365,149,1297,-1734,532,4240,-141,351,737
77.06415,149,1297,-1734,532,4243,-140,351,737
77.06465,150,1297,-1734,532,4248,-140,351,737
77.06515,150,1297,-1734,532,4250,-141,351,737
77.06565,150,1297,-1734,532,4251,-140,351,736
77.06615,150,1297,-1734,533,4253,-141,351,737
77.06665,150,1297,-1734,532,4259,-141,351,737
77.06715,150,1297,-1734,533,4256,-141,351,737
77.06765,150,1297,-1734,533,4256,-141,351,736
77.06815,150,1297,-1734,533,4256,-141,352,737
77.06865,150,1297,-1734,532,4262,-141,352,737
77.06915,150,1297,-1734,533,4266,-141,351,737
77.06965,150,1297,-1734,533,4301,-140,351,737
77.07015,150,1297,-1734,532,4304,-141,351,737
77.07065,150,1297,-1734,532,4296,-141,351,737
77.07115,150,1297,-1734,532,4274,-140,351,737
77.07165,150,1297,-1734,532,4247,-141,352,736
77.07215,150,1297,-1734,532,4244,-141,351,736
77.07265,149,1297,-1734,532,4251,-141,352,736
77.07315,150,1297,-1734,532,4255,-141,351,737
77.07365,149,1297,-1734,533,4258,-141,351,737
77.07415,150,1297,-1734,533,4257,-141,351,737
77.07465,150,1297,-1734,533,4258,-141,351,736
77.07515,150,1297,-1734,533,4263,-141,351,737
77.07565,150,1297,-1734,533,4269,-141,351,737
77.07615,150,1297,-1734,533,4264,-141,352,737
77.07665,150,1297,-1734,533,4262,-141,351,737
77.07715,150,1298,-1734,532,4262,-141,352,737
77.07765,150,1297,-1734,532,4262,-141,351,737
77.07815,150,1297,-1734,532,4262,-141,351,737
77.07865,150,1297,-1734,532,4261,-141,351,737
77.07915,150,1297,-1734,533,4268,-141,351,737
77.07965,150,1297,-1734,532,4299,-141,351,737
77.08015,150,1297,-1734,532,4299,-141,351,737
77.08065,150,1297,-1734,532,4290,-141,351,737
77.08115,150,1297,-1734,532,4262,-141,352,737
77.08165,149,1297,-1734,532,4232,-141,352,736
77.08215,150,1297,-1734,532,4227,-141,351,737
77.08265,149,1297,-1735,533,4236,-141,351,737
77.08315,150,1297,-1735,533,4245,-141,351,737
77.08365,150,1297,-1735,533,4252,-141,351,737
77.08415,150,1297,-1735,533,4255,-141,351,737
77.08465,150,1297,-1734,533,4258,-141,351,737
77.08515,150,1297,-1734,533,4259,-141,351,736
77.08565,150,1297,-1734,533,4261,-141,351,737
77.08615,150,1297,-1733,533,4266,-141,351,737
77.08665,150,1297,-1733,532,4263,-140,351,737
77.08715,150,1297,-1733,533,4259,-141,351,737
77.08765,150,1297,-1733,532,4259,-140,351,737
77.08815,150,1297,-1733,533,4264,-140,351,737
77.08865,150,1297,-1734,533,4267,-141,351,737
77.08915,150,1297,-1734,533,4279,-141,351,737
77.08965,150,1297,-1734,533,4314,-141,351,737
77.09015,150,1297,-1734,533,4312,-140,351,737
77.09065,150,1297,-1734,533,4303,-140,351,737
77.09115,149,1297,-1735,533,4276,-141,351,737
77.09165,150,1297,-1734,533,4249,-141,351,737
77.09215,150,1297,-1734,533,4244,-141,352,736
77.09265,150,1298,-1734,533,4244,-140,351,737
77.09315,150,1297,-1734,533,4257,-140,351,737
77.09365,150,1297,-1734,533,4259,-140,351,737
77.09415,150,1297,-1734,533,4260,-141,351,737
77.09465,150,1297,-1734,533,4264,-141,351,737
77.095146,150,1297,-1734,532,4263,-141,351,737
77.09565,150,1297,-1734,533,4263,-140,351,737
77.09615,150,1297,-1734,533,4266,-140,351,737
77.09665,149,1297,-1734,533,4267,-141,351,737
77.09715,150,1298,-1734,533,4266,-140,352,737
77.09765,150,1297,-1734,532,4265,-140,351,737
77.09815,150,1297,-1734,531,4264,-141,351,737
77.09865,150,1297,-1734,532,4263,-140,351,737
77.09915,150,1297,-1734,532,4275,-141,351,737
77.09965,149,1297,-1734,532,4308,-141,351,737
77.10015,150,1297,-1734,533,4305,-141,351,737
77.10065,150,1297,-1734,532,4295,-141,351,737
77.10115,149,1298,-1733,532,4268,-141,352,737
77.10165,150,1297,-1734,532,4242,-141,351,737
77.10215,150,1297,-1733,533,4234,-141,351,737
77.10265,150,1297,-1734,533,4238,-141,351,737
77.10315,150,1297,-1734,533,4248,-141,351,737
77.10365,150,1297,-1733,532,4258,-141,352,737
77.10415,150,1297,-1733,532,4262,-140,351,737
77.10465,150,1297,-1734,532,4268,-141,351,737
77.10515,150,1297,-1734,532,4271,-141,351,737
77.10565,150,1297,-1733,533,4273,-140,352,737
77.10615,150,1297,-1734,533,4274,-140,351,737
77.10665,150,1297,-1734,533,4274,-141,351,737
77.10715,150,1297,-1734,533,4274,-140,351,737
77.10765,150,1297,-1734,533,4274,-141,351,737
77.10815,150,1297,-1734,533,4272,-140,351,737
77.10865,150,1297,-1734,533,4270,-141,351,737
77.10915,150,1297,-1734,533,4283,-140,351,737
77.10965,150,1297,-1734,532,4315,-141,351,737
77.11015,150,1297,-1734,532,4312,-140,351,737
77.11065,150,1297,-1734,533,4302,-141,352,737
77.11115,149,1298,-1734,532,4273,-140,351,737
77.11165,150,1297,-1734,532,4249,-141,351,737
77.11215,150,1298,-1734,533,4245,-141,352,737
77.11265,150,1297,-1734,533,4247,-141,351,737
77.11315,149,1297,-1734,533,4249,-140,351,737
77.11365,150,1297,-1733,533,4254,-141,351,737
77.11415,150,1297,-1733,532,4257,-140,352,737
77.11465,150,1297,-1733,533,4259,-140,351,737
77.11515,150,1297,-1733,533,4263,-140,351,737
77.11565,150,1297,-1734,533,4265,-140,352,737
77.11615,149,1297,-1734,534,4266,-141,351,737
77.11665,150,1297,-1735,534,4267,-140,352,737
77.11715,149,1297,-1734,533,4267,-140,351,737
77.11775,150,1297,-1734,533,4268,-141,351,737
77.11825,150,1297,-1734,533,4267,-141,351,737
77.11875,150,1297,-1734,532,4265,-141,351,737
77.11925,150,1297,-1734,532,4280,-140,351,738
77.11975,150,1298,-1734,531,4311,-140,351,737
77.12025,150,1297,-1734,531,4314,-141,351,737
77.12075,149,1298,-1734,531,4301,-140,351,737
77.12125,150,1298,-1734,532,4270,-141,352,737
77.12175,150,1298,-1734,532,4249,-141,352,737
77.12225,150,1297,-1734,533,4243,-140,352,737
77.12275,150,1297,-1734,533,4245,-140,351,737
77.12325,150,1297,-1735,533,4252,-140,351,737
77.12375,150,1298,-1734,533,4262,-140,351,738
77.12425,150,1297,-1734,533,4267,-140,351,738
77.12475,149,1297,-1733,533,4275,-140,351,738
77.12525,150,1298,-1733,533,4275,-140,351,738
77.12575,150,1297,-1734,533,4273,-140,351,737
77.12625,150,1297,-1734,533,4271,-141,352,737
77.12675,150,1297,-1734,532,4264,-140,351,737
77.12725,150,1297,-1734,532,4260,-140,351,737
77.12775,150,1297,-1733,533,4261,-140,351,737
77.12825,149,1298,-1734,533,4265,-140,351,737
77.12875,150,1297,-1734,532,4265,-141,351,737
77.12925,150,1297,-1734,533,4285,-140,351,738
77.12975,149,1298,-1734,533,4312,-140,351,737
77.13025,150,1297,-1735,533,4310,-140,351,737
77.13075,150,1297,-1735,532,4294,-140,351,737
77.13125,150,1297,-1735,532,4260,-141,352,737
77.13175,150,1297,-1735,532,4240,-140,352,737
77.13225,149,1297,-1734,532,4239,-140,352,737
77.13275,150,1297,-1734,533,4242,-140,351,737
77.13325,150,1298,-1734,532,4247,-141,352,737
77.13375,150,1297,-1734,532,4254,-140,351,738
77.13425,150,1297,-1734,532,4259,-141,351,737
77.13475,150,1297,-1734,533,4263,-140,351,737
77.13525,150,1297,-1733,533,4262,-140,351,737
77.13575,150,1297,-1733,533,4265,-140,351,737
77.13625,150,1298,-1733,533,4267,-140,351,737
77.13675,150,1297,-1733,533,4268,-141,351,737
77.13725,150,1298,-1733,532,4268,-140,351,737
77.13775,150,1297,-1734,532,4269,-141,351,737
77.13825,149,1297,-1734,532,4270,-141,351,737
77.13875,150,1297,-1735,532,4270,-141,351,736
77.13925,150,1297,-1734,532,4295,-140,351,737
77.13975,150,1297,-1734,532,4323,-140,351,737
77.14025,150,1297,-1734,532,4312,-140,351,737
77.14075,150,1297,-1734,532,4296,-141,351,737
77.14125,150,1297,-1734,532,4263,-141,351,737
77.14175,150,1297,-1734,532,4242,-140,352,736
77.14225,150,1297,-1734,532,4237,-140,351,737
77.14275,150,1297,-1735,532,4245,-141,351,737
77.14325,150,1297,-1734,533,4248,-141,351,737
77.14375,149,1297,-1734,533,4254,-140,351,737
77.14425,150,1297,-1734,533,4258,-141,351,737
77.14475,149,1297,-1734,533,4262,-141,351,737
77.14525,150,1297,-1734,532,4265,-141,351,737
77.14575,150,1297,-1734,532,4265,-140,351,737
77.14625,150,1297,-1733,532,4265,-140,351,737
77.14675,150,1297,-1734,532,4263,-140,351,737
77.14725,150,1297,-1733,532,4262,-140,351,737
77.14775,150,1297,-1733,532,4261,-140,351,737
77.14825,150,1298,-1734,532,4261,-141,351,737
77.14875,150,1297,-1734,532,4260,-140,351,737
77.14925,150,1297,-1734,533,4288,-140,351,738
77.14975,150,1297,-1734,532,4311,-141,351,737
77.15025,150,1297,-1733,532,4309,-140,351,737
77.15075,150,1297,-1733,532,4292,-140,352,737
77.15125,150,1298,-1734,532,4258,-141,351,737
77.15175,149,1297,-1734,533,4242,-141,352,737
77.15225,150,1298,-1734,532,4242,-141,351,737
77.15275,149,1298,-1734,532,4247,-141,351,738
77.15325,150,1297,-1734,532,4253,-140,351,738
77.15375,150,1298,-1734,532,4260,-140,351,738
77.15425,150,1297,-1734,532,4266,-141,351,738
77.15475,150,1297,-1734,533,4269,-141,351,738
77.15525,150,1297,-1734,533,4272,-140,351,738
77.15575,150,1297,-1734,532,4275,-141,351,738
77.15625,150,1297,-1734,533,4276,-140,351,738
77.15675,150,1297,-1734,532,4275,-141,351,738
77.15725,149,1297,-1734,532,4274,-141,351,738
77.15775,150,1298,-1734,532,4273,-141,351,738
77.15825,150,1297,-1734,532,4272,-141,351,737
77.15875,149,1297,-1734,532,4267,-140,351,738
77.15925,150,1297,-1734,533,4288,-140,350,738
77.15975,150,1297,-1734,533,4311,-141,351,738
77.16025,150,1298,-1734,533,4307,-140,351,738
77.16075,149,1297,-1734,532,4291,-141,351,737
77.16125,150,1298,-1734,533,4258,-141,352,737
77.16175,150,1297,-1734,532,4238,-140,352,737
77.16225,149,1298,-1735,533,4232,-140,351,737
77.16275,150,1297,-1735,532,4238,-140,351,737
77.16325,150,1297,-1734,532,4244,-141,351,738
77.16375,150,1297,-1734,532,4252,-140,351,738
77.16425,150,1297,-1734,532,4261,-140,351,738
77.16475,150,1298,-1734,532,4266,-140,351,738
77.16525,150,1298,-1734,533,4266,-140,351,738
77.16575,149,1297,-1734,532,4266,-140,351,737
77.16625,150,1297,-1734,532,4266,-140,351,737
77.16675,149,1298,-1734,532,4260,-140,351,738
77.16725,149,1297,-1734,532,4258,-141,352,737
77.16775,150,1298,-1734,532,4266,-140,352,738
77.16825,150,1298,-1734,532,4266,-140,351,738
77.16875,149,1298,-1734,532,4271,-140,351,738
77.16925,149,1297,-1734,533,4306,-141,350,738
77.16975,150,1297,-1734,533,4319,-140,351,738
77.17025,150,1298,-1734,533,4311,-141,351,738
77.17075,150,1298,-1734,532,4293,-141,351,737
77.17125,150,1298,-1734,533,4260,-140,351,737
77.17175,149,1297,-1734,532,4245,-140,351,737
77.17225,150,1297,-1734,532,4247,-141,351,737
77.17275,149,1298,-1734,533,4254,-141,351,738
77.17325,150,1298,-1734,532,4258,-140,351,738
77.17375,149,1297,-1734,532,4269,-140,351,738
77.17425,150,1298,-1734,532,4273,-140,351,738
77.17475,149,1298,-1734,532,4273,-141,351,738
77.17525,150,1297,-1734,532,4274,-141,351,738
77.17575,150,1298,-1734,533,4276,-140,351,738
77.17625,149,1298,-1734,533,4276,-140,352,738
77.17675,149,1297,-1734,533,4275,-140,351,738
77.17725,149,1297,-1734,533,4275,-141,351,737
77.17775,150,1297,-1734,533,4273,-141,351,737
77.17825,150,1297,-1734,533,4268,-140,351,737
77.17875,150,1298,-1734,533,4269,-141,351,738
77.17925,150,1297,-1735,534,4305,-140,351,738
77.17985,150,1297,-1735,533,4316,-141,351,737
77.18035,150,1297,-1735,534,4307,-140,351,738
77.18085,150,1297,-1735,533,4280,-141,351,737
77.18135,150,1298,-1735,533,4251,-141,351,737
77.18185,150,1298,-1735,533,4237,-141,351,737
77.18235,149,1297,-1734,533,4233,-141,351,737
77.18285,150,1297,-1734,533,4239,-140,351,737
77.18335,149,1298,-1734,532,4247,-141,351,738
77.18385,149,1297,-1734,532,4255,-141,351,738
77.18435,149,1298,-1734,532,4264,-140,351,738
77.18485,150,1298,-1734,532,4269,-141,351,738
77.18535,150,1297,-1733,531,4271,-140,351,738
77.18585,149,1297,-1733,530,4271,-140,351,738
77.18635,150,1298,-1733,531,4271,-140,351,738
77.18685,150,1298,-1733,532,4271,-141,351,738
77.18735,149,1298,-1734,533,4271,-140,351,738
77.18785,149,1298,-1734,533,4271,-140,351,738
77.18835,149,1297,-1733,533,4272,-141,351,738
77.18885,149,1298,-1733,533,4277,-141,351,738
77.18935,150,1298,-1733,533,4313,-141,351,738
77.18985,149,1297,-1734,533,4319,-141,351,738
77.19035,150,1298,-1734,533,4310,-141,351,738
77.19085,150,1298,-1734,533,4286,-141,351,738
77.19135,149,1297,-1734,532,4254,-141,351,737
77.19185,149,1298,-1734,533,4245,-141,351,738
77.19235,150,1297,-1735,533,4242,-141,352,738
77.19285,149,1298,-1735,533,4251,-141,352,738
77.19335,149,1298,-1734,532,4255,-141,351,737
77.19385,150,1298,-1733,532,4254,-141,351,737
77.19435,150,1297,-1733,532,4254,-141,351,738
77.19485,149,1298,-1733,532,4256,-141,351,738
77.19535,150,1298,-1734,532,4264,-141,351,738
77.19585,150,1297,-1734,532,4269,-141,351,738
77.19635,150,1298,-1734,532,4268,-141,351,738
77.19685,150,1298,-1734,532,4266,-141,351,738
77.19735,149,1297,-1734,532,4264,-140,351,738
77.19785,149,1298,-1735,532,4263,-140,352,738
77.19835,150,1298,-1734,533,4261,-140,351,738
77.19885,150,1298,-1734,533,4265,-140,351,738
77.19935,150,1298,-1734,533,4300,-140,351,738
77.19985,150,1298,-1734,533,4304,-141,351,738
77.20035,149,1297,-1734,533,4297,-141,351,738
77.20085,150,1298,-1734,533,4271,-141,351,738
77.20135,150,1298,-1734,533,4244,-140,352,738
77.20185,149,1298,-1734,533,4236,-141,352,738
77.20235,150,1298,-1734,533,4234,-141,351,738
77.20285,150,1298,-1734,533,4240,-140,351,738
77.20335,150,1298,-1734,532,4246,-141,351,738
77.20385,150,1298,-1734,531,4255,-140,351,738
77.20435,149,1298,-1734,532,4260,-141,351,737
77.20485,150,1297,-1734,531,4265,-141,351,738
77.20535,150,1298,-1734,532,4263,-141,351,738
77.20585,150,1297,-1734,532,4267,-141,351,738
77.20635,150,1298,-1734,533,4269,-140,352,738
77.20685,149,1298,-1734,533,4267,-140,352,738
77.20735,150,1298,-1734,533,4264,-141,351,738
77.20785,150,1298,-1733,533,4266,-140,351,737
77.20835,150,1298,-1734,533,4266,-140,351,738
77.20885,150,1297,-1733,533,4270,-141,351,738
77.20935,150,1298,-1734,533,4307,-141,351,738
77.20985,150,1298,-1734,533,4309,-141,351,738
77.21035,150,1298,-1733,532,4300,-141,351,738
77.21085,149,1298,-1734,532,4271,-141,351,737
77.21135,150,1297,-1734,532,4243,-140,351,738
77.21185,149,1298,-1734,532,4235,-141,352,738
77.21235,150,1298,-1734,533,4239,-141,351,738
77.21285,149,1298,-1734,532,4245,-141,351,738
77.21335,150,1297,-1735,533,4246,-141,352,738
77.21385,150,1298,-1735,533,4249,-141,351,738
77.21435,150,1298,-1735,533,4251,-141,351,737
77.21485,149,1297,-1735,533,4251,-141,351,737
77.21535,149,1298,-1734,533,4248,-141,351,737
77.21585,149,1298,-1734,533,4252,-141,351,738
77.21635,149,1297,-1733,533,4256,-140,351,738
77.21685,150,1297,-1733,532,4262,-140,351,737
77.21735,149,1298,-1733,532,4263,-141,351,738
77.21785,150,1298,-1733,532,4259,-140,351,738
77.21835,150,1298,-1734,532,4261,-141,351,738
77.21885,150,1298,-1733,533,4272,-141,351,737
77.21935,150,1298,-1734,532,4305,-140,350,738
77.21985,150,1298,-1734,532,4301,-141,351,737
77.22035,150,1298,-1733,532,4293,-141,351,737
77.22085,150,1298,-1734,532,4262,-141,351,737
77.22135,150,1298,-1734,532,4236,-141,351,738
77.22185,150,1298,-1734,532,4233,-141,351,737
77.22235,150,1298,-1734,532,4237,-141,351,737
77.22285,150,1298,-1734,532,4241,-141,351,738
77.22335,150,1298,-1734,533,4246,-141,351,738
77.22385,149,1298,-1734,532,4255,-141,351,738
77.22435,149,1298,-1734,533,4260,-141,351,737
77.22485,149,1298,-1734,532,4261,-141,351,738
77.22535,150,1298,-1734,532,4259,-141,351,737
77.22585,150,1298,-1734,533,4261,-141,351,737
77.22635,150,1298,-1734,533,4258,-141,351,737
77.22685,150,1298,-1734,533,4256,-141,351,738
77.22735,150,1298,-1734,533,4257,-141,351,737
77.22785,150,1298,-1734,533,4261,-141,352,737
77.22835,149,1298,-1734,533,4257,-141,352,737
77.22885,150,1298,-1734,533,4267,-141,352,738
77.22935,150,1298,-1734,533,4302,-141,351,738
77.22985,150,1298,-1734,532,4305,-141,351,737
77.23035,150,1298,-1734,533,4295,-141,351,737
77.23085,149,1298,-1734,532,4258,-141,352,737
77.23135,150,1298,-1734,532,4232,-141,352,737
77.23185,150,1298,-1734,532,4229,-141,352,737
77.23235,149,1298,-1734,532,4232,-141,351,738
77.23285,150,1298,-1734,532,4241,-141,351,738
77.23335,150,1298,-1734,532,4250,-141,351,737
77.23385,150,1298,-1734,533,4251,-141,352,737
77.23435,150,1298,-1734,533,4251,-141,351,738
77.23485,150,1298,-1734,533,4252,-141,352,738
77.23535,150,1298,-1734,533,4261,-141,351,738
77.23585,150,1298,-1733,533,4266,-141,352,737
77.23635,149,1298,-1734,533,4266,-141,352,737
77.23685,150,1298,-1734,533,4261,-140,351,738
77.23735,150,1298,-1734,533,4261,-141,352,737
77.23785,150,1298,-1734,533,4266,-141,351,737
77.23835,150,1298,-1734,533,4263,-141,351,737
77.23885,150,1298,-1734,534,4272,-141,352,738
77.23935,149,1297,-1734,533,4306,-141,351,738
77.23985,150,1298,-1735,533,4313,-141,351,737
77.24035,150,1298,-1734,533,4303,-141,351,738
77.24085,149,1298,-1734,532,4269,-141,351,737
77.24135,150,1298,-1734,532,4245,-140,351,738
77.24195,150,1298,-1734,532,4237,-141,351,738
77.24245,150,1298,-1734,532,4237,-141,351,737
77.24295,149,1298,-1733,532,4243,-141,352,737
77.24345,150,1298,-1733,532,4243,-141,351,737
77.24395,149,1298,-1734,533,4249,-141,351,738
77.24445,149,1298,-1734,533,4256,-141,352,737
77.24495,150,1298,-1734,533,4263,-141,351,737
77.24545,150,1298,-1735,532,4261,-141,351,737
77.24595,150,1298,-1734,532,4259,-141,352,738
77.24645,150,1298,-1734,532,4259,-140,351,737
77.24695,150,1298,-1734,533,4258,-141,351,737
77.24745,150,1298,-1734,533,4254,-141,351,737
77.24795,150,1298,-1734,533,4255,-141,352,737
77.24845,150,1298,-1734,533,4255,-141,351,737
77.24895,150,1298,-1734,534,4273,-141,351,738
77.24945,150,1298,-1734,533,4305,-140,351,737
77.24995,149,1298,-1734,533,4307,-140,351,737
77.25045,150,1298,-1734,533,4293,-141,351,737
77.25095,149,1298,-1734,533,4260,-141,351,737
77.25145,149,1298,-1734,533,4239,-141,352,737
77.25195,150,1298,-1734,533,4237,-141,351,737
77.25245,149,1298,-1734,533,4241,-141,351,737
77.25295,150,1298,-1734,533,4249,-140,351,737
77.25345,150,1298,-1734,533,4249,-141,352,737
77.25395,150,1298,-1734,534,4254,-140,351,738
77.25445,149,1298,-1734,534,4258,-140,351,737
77.25495,150,1298,-1734,534,4265,-141,352,737
77.25545,150,1298,-1735,534,4264,-141,351,738
77.25595,150,1298,-1735,534,4268,-141,351,737
77.25645,150,1298,-1735,533,4273,-141,351,737
77.25695,149,1298,-1734,532,4269,-141,351,737
77.25745,150,1298,-1735,532,4266,-141,352,737
77.25795,149,1298,-1734,532,4266,-141,351,737
77.25845,150,1298,-1734,532,4263,-141,351,737
77.25895,150,1298,-1734,533,4282,-140,351,737
77.25945,150,1298,-1734,532,4308,-141,351,737
77.25995,150,1298,-1734,532,4303,-141,351,737
77.26045,149,1298,-1734,531,4290,-141,351,737
77.26095,149,1298,-1734,531,4257,-141,352,737
77.26145,149,1298,-1734,531,4237,-141,352,737
77.26195,149,1298,-1734,532,4233,-141,351,737
77.26245,149,1298,-1734,532,4232,-141,351,737
77.26295,149,1298,-1734,532,4238,-141,352,737
77.26345,150,1298,-1734,532,4242,-141,352,737
77.26395,150,1298,-1734,532,4245,-141,351,737
77.26445,149,1298,-1735,533,4249,-141,351,737
77.26495,149,1298,-1735,533,4252,-141,351,737
77.26545,149,1298,-1735,533,4256,-141,351,737
77.26595,149,1298,-1735,533,4256,-141,351,737
77.26645,150,1298,-1734,532,4257,-141,351,737
77.26695,149,1298,-1734,532,4257,-141,351,737
77.26745,150,1298,-1734,533,4257,-141,351,737
77.26795,149,1298,-1733,533,4257,-140,352,737
77.26845,150,1298,-1733,533,4256,-141,351,737
77.26895,150,1298,-1734,533,4280,-140,351,737
77.26945,150,1298,-1734,533,4305,-140,351,737
77.26995,150,1298,-1734,533,4300,-140,351,737
77.27045,149,1298,-1735,533,4289,-141,351,737
77.27095,150,1298,-1734,533,4255,-140,352,737
77.27145,149,1298,-1735,533,4239,-141,351,737
77.27195,150,1298,-1734,533,4239,-141,351,737
77.27245,150,1298,-1734,532,4242,-141,351,737
77.27295,150,1298,-1734,532,4250,-140,351,737
77.27345,149,1298,-1734,532,4252,-140,351,737
77.27395,150,1298,-1734,532,4254,-140,351,737
77.27445,149,1298,-1734,532,4257,-141,351,737
77.27495,149,1298,-1734,532,4258,-140,352,737
77.27545,150,1298,-1734,533,4261,-140,351,737
77.27595,149,1298,-1734,533,4262,-140,351,738
77.27645,150,1298,-1734,533,4262,-140,352,737
77.27695,150,1298,-1734,532,4265,-140,351,738
77.27745,149,1298,-1734,533,4261,-140,351,737
77.27795,150,1298,-1734,532,4263,-140,351,738
77.27845,150,1298,-1734,532,4257,-140,352,737
77.27895,150,1298,-1734,533,4283,-140,351,737
77.27945,149,1298,-1734,532,4301,-140,351,737
77.27995,150,1298,-1734,532,4295,-140,351,738
77.28045,149,1298,-1734,532,4280,-140,351,737
77.28095,149,1298,-1734,532,4248,-140,351,737
77.28145,149,1298,-1734,533,4229,-140,351,738
77.28195,149,1298,-1734,533,4226,-140,351,737
77.28245,150,1298,-1734,533,4231,-140,351,737
77.28295,149,1298,-1734,534,4234,-140,351,737
77.28345,149,1298,-1734,534,4236,-140,351,738
77.28395,150,1298,-1734,534,4245,-140,351,737
77.28445,150,1298,-1735,534,4255,-140,351,738
77.28495,150,1298,-1734,534,4256,-140,351,738
77.285446,150,1298,-1734,534,4260,-140,352,738
77.28595,149,1298,-1734,533,4262,-140,351,738
77.28645,150,1298,-1734,532,4260,-140,351,738
77.28695,150,1298,-1734,532,4257,-140,351,737
77.28745,150,1298,-1734,532,4258,-140,351,738
77.28795,150,1298,-1734,531,4258,-141,351,737
77.28845,150,1298,-1734,532,4262,-140,351,738
77.28895,149,1298,-1734,533,4290,-140,350,738
77.28945,150,1298,-1734,532,4313,-140,351,738
77.28995,149,1298,-1734,533,4308,-140,351,738
77.29045,150,1298,-1734,533,4293,-140,351,737
77.29095,150,1298,-1734,532,4256,-140,351,737
77.29145,150,1298,-1734,533,4236,-140,351,737
77.29195,150,1298,-1734,532,4233,-140,352,737
77.29245,149,1298,-1734,532,4238,-140,351,737
77.29295,150,1298,-1734,532,4245,-140,351,737
77.29345,150,1298,-1734,532,4244,-140,351,738
77.29395,150,1298,-1734,532,4249,-140,351,737
77.29445,149,1298,-1733,533,4256,-140,351,737
77.29495,149,1298,-1734,532,4254,-140,351,738
77.29545,150,1298,-1733,533,4255,-140,351,738
77.29595,150,1298,-1734,532,4262,-140,351,737
77.29645,149,1298,-1735,532,4263,-140,351,738
77.29695,150,1298,-1735,532,4256,-140,351,738
77.29745,149,1298,-1735,532,4257,-140,351,737
77.29795,150,1298,-1734,532,4256,-140,351,738
77.29845,149,1298,-1733,532,4251,-140,351,737
77.29895,150,1298,-1733,533,4286,-140,351,738
77.29945,150,1298,-1734,533,4297,-140,351,738
77.29995,149,1298,-1734,533,4295,-140,351,738
77.30045,149,1298,-1734,533,4278,-140,351,738
77.30095,149,1298,-1734,532,4242,-140,352,738
77.30145,150,1298,-1735,532,4231,-140,352,737
77.30195,150,1298,-1734,533,4230,-140,352,737
77.30245,149,1298,-1734,532,4225,-140,351,738
77.30295,149,1298,-1734,532,4232,-140,351,737
77.30345,149,1298,-1734,532,4241,-140,351,737
77.30405,150,1298,-1734,532,4243,-140,351,738
77.30455,150,1298,-1734,533,4249,-140,351,737
77.30505,149,1298,-1734,533,4259,-140,351,738
77.30555,150,1298,-1734,533,4261,-140,351,738
77.30605,149,1298,-1734,533,4265,-140,351,737
77.30655,150,1298,-1734,533,4266,-140,351,738
77.30705,149,1298,-1735,533,4262,-140,351,738
77.30755,149,1298,-1734,534,4265,-140,351,738
77.30805,150,1298,-1734,533,4265,-140,351,737
77.30855,150,1297,-1734,535,4265,-140,351,738
77.30905,150,1298,-1734,535,4295,-140,351,738
77.30955,150,1298,-1735,535,4305,-140,351,738
77.31005,149,1298,-1735,535,4300,-140,351,738
77.31055,150,1298,-1734,534,4279,-140,352,738
77.31105,149,1298,-1734,533,4245,-140,352,738
77.31155,149,1298,-1734,533,4236,-141,352,738
77.31205,150,1298,-1734,533,4239,-140,351,738
77.31255,149,1298,-1734,533,4243,-140,352,737
77.31305,149,1297,-1734,532,4247,-140,351,738
77.31355,149,1298,-1734,532,4241,-140,351,738
77.31405,149,1298,-1734,532,4246,-140,351,738
77.31455,150,1298,-1734,531,4252,-140,351,738
77.31505,149,1298,-1734,531,4253,-140,351,738
77.31555,150,1298,-1734,531,4256,-140,351,738
77.31605,150,1298,-1734,532,4260,-140,351,738
77.31655,150,1298,-1734,532,4260,-140,351,738
77.31705,150,1298,-1734,532,4261,-140,351,738
77.31755,150,1298,-1734,532,4261,-140,351,738
77.31805,150,1298,-1734,532,4260,-140,351,738
77.31855,150,1298,-1734,532,4263,-140,351,738
77.31905,149,1298,-1734,533,4297,-140,351,738
77.31955,149,1298,-1734,532,4305,-140,351,738
77.32005,149,1298,-1734,532,4301,-140,351,738
77.32055,149,1298,-1734,532,4278,-140,351,738
77.32105,149,1298,-1734,532,4246,-140,352,738
77.32155,149,1297,-1734,533,4241,-139,351,738
77.32205,150,1298,-1734,532,4243,-140,351,738
77.32255,149,1298,-1734,532,4245,-140,351,738
77.32305,150,1297,-1734,532,4251,-140,351,738
77.32355,150,1298,-1734,533,4253,-140,351,738
77.32405,149,1298,-1734,533,4260,-140,351,738
77.32455,150,1297,-1734,532,4264,-140,351,738
77.32505,150,1298,-1734,533,4267,-140,352,738
77.32555,150,1298,-1734,532,4267,-140,351,738
77.32605,150,1298,-1734,532,4267,-140,351,738
77.32655,149,1298,-1734,532,4264,-140,351,738
77.32705,149,1297,-1734,532,4262,-140,351,738
77.32755,149,1298,-1735,532,4263,-140,351,738
77.32805,149,1298,-1734,533,4264,-140,351,738
77.32855,149,1298,-1734,534,4271,-140,351,738
77.32905,150,1298,-1734,533,4306,-140,351,738
77.32955,150,1298,-1734,533,4308,-140,351,738
77.33005,149,1298,-1734,533,4299,-140,351,738
77.33055,150,1298,-1734,533,4273,-140,352,738
77.33105,149,1298,-1734,533,4242,-140,352,738
77.33155,150,1298,-1734,533,4234,-140,351,738
77.33205,149,1298,-1734,532,4235,-140,351,738
77.33255,149,1298,-1734,533,4241,-140,351,738
77.33305,149,1298,-1734,533,4247,-140,351,738
77.33355,150,1298,-1734,533,4247,-140,351,738
77.33405,149,1298,-1734,533,4251,-140,351,738
77.33455,150,1298,-1735,533,4254,-140,351,738
77.33505,150,1298,-1734,533,4256,-140,351,738
77.33555,150,1298,-1734,533,4261,-139,351,738
77.33605,149,1298,-1734,532,4263,-140,351,738
77.33655,150,1298,-1734,533,4263,-140,351,738
77.33705,150,1297,-1735,533,4263,-140,352,738
77.33755,150,1298,-1735,533,4264,-140,351,738
77.33805,149,1298,-1735,533,4264,-140,352,738
77.33855,150,1298,-1735,533,4273,-140,351,738
77.33905,149,1298,-1735,534,4309,-140,351,738
77.33955,149,1298,-1735,533,4311,-140,351,738
77.34005,150,1298,-1735,533,4303,-140,351,738
77.34055,149,1298,-1734,532,4275,-140,352,738
77.34105,149,1298,-1733,532,4245,-140,352,738
77.34155,149,1298,-1733,533,4239,-140,352,738
77.34205,150,1298,-1733,533,4239,-140,352,738
77.34255,149,1298,-1733,533,4240,-140,351,738
77.34305,150,1298,-1734,533,4243,-140,351,738
77.34355,150,1298,-1733,533,4247,-140,351,738
77.34405,150,1298,-1734,533,4249,-140,351,738
77.34455,149,1298,-1734,533,4254,-140,351,738
77.34505,150,1298,-1734,533,4257,-140,351,738
77.34555,149,1298,-1734,533,4261,-140,351,738
77.34605,150,1298,-1734,533,4261,-140,351,738
77.34655,150,1298,-1734,532,4260,-140,351,738
77.34705,150,1298,-1734,532,4258,-140,351,738
77.34755,150,1298,-1733,532,4256,-140,351,738
77.34805,150,1298,-1733,532,4254,-140,351,738
77.34855,150,1298,-1734,532,4264,-140,351,738
77.34905,150,1298,-1734,532,4298,-141,351,738
77.34955,150,1298,-1734,532,4299,-140,351,738
77.35005,149,1298,-1734,532,4292,-140,351,738
77.35055,149,1298,-1734,532,4265,-140,352,738
77.35105,150,1298,-1734,532,4238,-140,352,738
77.35155,149,1298,-1734,532,4233,-140,351,738
77.35205,149,1298,-1734,532,4236,-140,351,738
77.35255,150,1298,-1734,532,4243,-140,351,738
77.35305,149,1298,-1734,532,4248,-140,351,738
77.35355,150,1298,-1734,532,4248,-140,351,738
77.35405,150,1298,-1734,532,4251,-140,351,739
77.35455,150,1298,-1734,533,4256,-140,351,738
77.35505,149,1298,-1734,533,4255,-140,351,738
77.35555,150,1298,-1734,533,4263,-140,351,738
77.35605,149,1298,-1734,533,4267,-140,352,738
77.35655,149,1298,-1734,533,4267,-140,351,738
77.35705,149,1298,-1734,533,4266,-140,351,738
77.35755,150,1298,-1734,533,4265,-140,351,738
77.35805,149,1298,-1734,532,4262,-140,351,738
77.35855,150,1298,-1734,533,4270,-140,351,739
77.35905,150,1298,-1734,533,4301,-140,351,738
77.35955,150,1298,-1733,532,4298,-140,351,738
77.36005,150,1298,-1734,532,4294,-140,351,738
77.36055,150,1298,-1734,532,4267,-141,351,738
77.36105,150,1298,-1734,532,4237,-140,351,738
77.36155,150,1298,-1734,533,4233,-140,351,738
77.36205,150,1298,-1734,533,4234,-140,352,738
77.36255,149,1298,-1734,532,4236,-140,351,738
77.36305,150,1298,-1734,532,4238,-140,351,738
77.36355,150,1298,-1734,532,4239,-140,351,738
77.36405,150,1298,-1734,532,4244,-140,351,738
77.36455,150,1298,-1734,532,4249,-140,351,738
77.36505,149,1298,-1734,533,4252,-140,351,738
77.36555,150,1298,-1734,533,4254,-140,351,738
77.36615,150,1298,-1734,533,4253,-140,351,738
77.36665,150,1298,-1734,532,4251,-140,351,738
77.36715,150,1298,-1734,532,4251,-140,351,738
77.36765,149,1298,-1734,533,4255,-140,351,738
77.36815,150,1298,-1734,532,4256,-140,352,738
77.36865,150,1298,-1734,533,4270,-140,351,738
77.36915,150,1298,-1734,532,4302,-140,351,738
77.36965,149,1298,-1734,533,4301,-140,351,738
77.37015,150,1298,-1734,532,4292,-140,351,738
77.37065,149,1298,-1734,532,4263,-140,352,738
77.37115,149,1297,-1734,532,4239,-140,351,738
77.37165,150,1298,-1735,533,4236,-140,351,738
77.37215,149,1298,-1734,533,4241,-140,351,738
77.37265,150,1298,-1735,533,4249,-140,351,738
77.37315,150,1298,-1734,533,4253,-140,351,738
77.37365,149,1298,-1735,533,4252,-140,351,738
77.37415,150,1298,-1735,534,4254,-140,351,738
77.37465,149,1298,-1735,533,4257,-140,351,738
77.37515,150,1298,-1734,533,4258,-140,351,738
77.37565,149,1298,-1734,532,4260,-140,351,738
77.37615,150,1298,-1734,532,4262,-140,351,738
77.37665,150,1298,-1734,532,4261,-140,351,738
77.37715,149,1298,-1734,532,4260,-141,351,738
77.37765,150,1298,-1734,532,4260,-140,351,738
77.37815,149,1298,-1734,532,4258,-140,351,738
77.37865,149,1298,-1734,533,4273,-140,351,739
77.37915,149,1298,-1735,533,4304,-140,351,738
77.37965,150,1298,-1735,533,4296,-140,351,738
77.38015,150,1298,-1735,533,4290,-140,351,738
77.38065,149,1298,-1735,532,4259,-141,352,738
77.38115,149,1298,-1734,532,4232,-140,352,738
77.38165,149,1298,-1733,532,4229,-140,351,738
77.38215,149,1298,-1733,533,4233,-140,351,738
77.38265,150,1298,-1733,532,4235,-140,351,738
77.38315,149,1298,-1733,532,4239,-140,351,738
77.38365,150,1298,-1733,532,4243,-140,351,738
77.38415,150,1298,-1733,532,4248,-140,351,738
77.38465,150,1298,-1734,532,4253,-140,351,738
77.38515,149,1298,-1734,533,4257,-140,351,738
77.38565,150,1298,-1734,532,4261,-140,351,738
77.38615,150,1298,-1735,533,4262,-140,351,738
77.38665,149,1298,-1734,532,4262,-140,351,738
77.38715,150,1298,-1735,533,4263,-140,351,738
77.38765,149,1298,-1735,533,4264,-140,351,738
77.38815,150,1298,-1735,532,4265,-140,351,738
77.38865,150,1298,-1735,533,4286,-140,351,738
77.38915,150,1298,-1735,533,4314,-140,351,738
77.38965,149,1298,-1735,533,4311,-140,351,738
77.39015,149,1298,-1736,532,4300,-140,351,738
77.39065,149,1298,-1736,532,4268,-140,352,738
77.39115,150,1298,-1735,532,4246,-140,351,738
77.39165,150,1298,-1735,532,4244,-140,352,738
77.39215,150,1298,-1735,533,4246,-140,351,738
77.39265,150,1298,-1734,533,4253,-140,351,738
77.39315,149,1298,-1734,532,4255,-140,351,738
77.39365,150,1298,-1734,533,4253,-140,352,738
77.39415,150,1298,-1733,532,4258,-140,351,738
77.39465,150,1298,-1733,532,4261,-140,352,738
77.39515,149,1298,-1733,532,4262,-140,351,738
77.39565,150,1298,-1733,532,4266,-140,351,738
77.39615,150,1298,-1734,533,4267,-140,351,738
77.39665,149,1298,-1734,532,4266,-140,351,738
77.39715,149,1298,-1734,532,4265,-140,352,738
77.39765,149,1298,-1735,532,4263,-140,351,738
77.39815,150,1298,-1735,533,4260,-140,351,738
77.39865,150,1298,-1735,533,4280,-139,351,738
77.39915,149,1298,-1734,533,4306,-140,351,738
77.39965,150,1298,-1734,532,4305,-140,351,738
77.40015,149,1298,-1734,533,4296,-140,351,738
77.40065,149,1298,-1733,532,4262,-140,351,738
77.40115,149,1298,-1734,532,4242,-140,351,738
77.40165,150,1298,-1734,532,4240,-140,351,738
77.40215,149,1298,-1734,532,4244,-140,351,738
77.40265,149,1298,-1734,532,4247,-140,351,738
77.40315,149,1298,-1734,532,4250,-140,351,738
77.40365,149,1298,-1734,532,4253,-140,351,738
77.40415,149,1298,-1734,532,4260,-140,351,738
77.40465,150,1298,-1734,532,4267,-140,351,738
77.40515,149,1298,-1734,532,4272,-140,351,738
77.40565,149,1298,-1734,531,4274,-139,351,738
77.40615,149,1298,-1734,532,4273,-140,351,738
77.40665,149,1298,-1734,532,4271,-140,351,738
77.40715,149,1298,-1734,533,4272,-140,351,738
77.407646,149,1298,-1734,533,4274,-140,351,738
77.40815,150,1298,-1734,533,4273,-140,351,738
77.40865,149,1298,-1734,534,4298,-139,351,738
77.40915,150,1298,-1734,533,4319,-139,351,738
77.40965,150,1298,-1734,533,4313,-139,351,738
77.41015,150,1298,-1734,533,4300,-140,352,738
77.41065,149,1298,-1734,532,4267,-140,352,738
77.41115,150,1298,-1734,533,4248,-140,352,738
77.41165,149,1298,-1734,533,4247,-140,351,738
77.41215,149,1298,-1734,532,4251,-140,351,738
77.41265,150,1298,-1734,533,4257,-140,351,738
77.41315,149,1298,-1734,533,4259,-140,351,738
77.41365,150,1298,-1734,533,4256,-140,351,738
77.41415,150,1298,-1734,533,4258,-140,351,738
77.41465,149,1298,-1734,533,4262,-140,351,737
77.41515,149,1298,-1734,533,4263,-139,351,738
77.41565,149,1298,-1734,533,4263,-139,351,738
77.41615,149,1298,-1734,533,4269,-140,351,738
77.41665,150,1298,-1734,533,4272,-140,351,738
77.41715,149,1298,-1734,533,4272,-140,351,738
77.41765,150,1298,-1735,532,4271,-139,351,738
77.41815,150,1298,-1734,532,4270,-140,351,738
77.41865,150,1298,-1734,533,4299,-139,351,738
77.41915,150,1298,-1734,532,4318,-140,351,738
77.41965,150,1298,-1734,532,4313,-139,351,738
77.42015,150,1298,-1734,532,4300,-140,351,738
77.42065,150,1298,-1734,532,4265,-140,351,738
77.42115,150,1298,-1734,532,4248,-140,352,738
77.42165,149,1298,-1734,533,4250,-140,351,738
77.42215,149,1298,-1734,532,4254,-139,351,738
77.42265,150,1298,-1734,532,4257,-140,351,738
77.42315,150,1298,-1734,532,4258,-139,351,738
77.42365,150,1298,-1734,532,4262,-139,351,738
77.42415,150,1298,-1734,532,4265,-140,351,738
77.42465,150,1298,-1734,532,4270,-139,351,738
77.42515,150,1298,-1734,532,4272,-140,351,738
77.42565,150,1298,-1734,533,4273,-140,351,738
77.42615,150,1298,-1734,532,4274,-139,351,738
77.42665,150,1298,-1734,533,4273,-140,351,738
77.42715,150,1298,-1734,532,4273,-140,351,738
77.42765,150,1298,-1734,532,4273,-139,351,738
77.42825,149,1298,-1735,532,4273,-139,352,738
77.42875,150,1298,-1735,533,4306,-139,351,738
77.42925,150,1298,-1735,532,4319,-139,351,738
77.42975,150,1298,-1734,532,4312,-139,351,738
77.43025,150,1298,-1734,532,4292,-139,351,738
77.43075,149,1298,-1734,532,4257,-140,352,738
77.43125,149,1298,-1733,532,4245,-139,351,738
77.43175,150,1298,-1733,532,4246,-139,351,738
77.43225,149,1298,-1734,532,4251,-139,351,738
77.43275,149,1298,-1734,532,4258,-139,351,737
77.43325,150,1298,-1734,533,4259,-139,351,738
77.43375,149,1298,-1734,533,4256,-139,351,738
77.43425,149,1298,-1734,533,4264,-140,351,738
77.43475,150,1298,-1735,533,4269,-139,352,738
77.43525,150,1298,-1734,532,4271,-139,351,738
77.43575,150,1298,-1734,533,4275,-139,351,738
77.43625,149,1298,-1734,532,4276,-139,351,738
77.43675,150,1298,-1733,532,4277,-139,351,738
77.43725,149,1298,-1733,532,4276,-139,351,739
77.43775,150,1298,-1734,533,4276,-139,351,738
77.43825,149,1298,-1734,533,4273,-139,351,738
77.43875,150,1298,-1734,534,4310,-139,351,738
77.43925,150,1298,-1734,533,4325,-139,351,738
77.43975,149,1298,-1734,533,4321,-139,351,738
77.44025,150,1298,-1734,533,4302,-140,352,738
77.44075,149,1298,-1735,533,4268,-139,351,738
77.44125,150,1298,-1734,533,4254,-139,352,738
77.44175,149,1298,-1734,532,4254,-139,351,738
77.44225,150,1298,-1734,532,4256,-139,352,738
77.44275,149,1298,-1734,532,4257,-139,352,738
77.44325,150,1298,-1734,532,4259,-139,351,738
77.44375,149,1298,-1734,532,4260,-139,351,738
77.44425,150,1298,-1734,531,4265,-140,351,738
77.44475,150,1298,-1734,532,4271,-139,351,738
77.44525,150,1298,-1734,531,4274,-139,352,738
77.44575,149,1298,-1734,532,4276,-139,351,738
77.44625,149,1298,-1734,532,4273,-139,351,738
77.44675,149,1298,-1734,532,4269,-139,351,738
77.44725,149,1298,-1734,532,4270,-140,352,738
77.44775,150,1298,-1734,532,4271,-139,351,738
77.44825,149,1298,-1735,532,4275,-139,351,738
77.44875,149,1298,-1734,532,4310,-140,351,738
77.44925,150,1298,-1735,532,4317,-139,351,738
77.44975,150,1298,-1734,533,4311,-139,351,738
77.45025,150,1298,-1735,533,4290,-139,351,738
77.45075,150,1298,-1735,533,4259,-139,351,738
77.45125,149,1298,-1734,533,4249,-139,351,738
77.45175,150,1298,-1733,532,4250,-139,351,738
77.45225,150,1298,-1733,532,4257,-139,351,738
77.45275,149,1298,-1733,532,4262,-139,351,738
77.45325,149,1298,-1733,532,4264,-139,351,738
77.45375,149,1298,-1733,532,4264,-139,351,738
77.45425,149,1298,-1733,531,4266,-139,351,738
77.45475,150,1298,-1733,531,4272,-139,351,738
77.45525,149,1298,-1734,532,4274,-139,351,738
77.45575,150,1298,-1734,533,4276,-140,351,738
77.45625,149,1298,-1735,533,4280,-139,351,738
77.45675,149,1298,-1734,533,4282,-140,351,738
77.45725,149,1298,-1734,533,4281,-139,351,738
77.45775,149,1298,-1734,533,4279,-139,351,738
77.45825,149,1298,-1734,533,4282,-139,351,738
77.45875,150,1298,-1735,533,4316,-139,350,738
77.45925,149,1298,-1735,533,4318,-140,351,738
77.45975,149,1298,-1735,532,4310,-140,351,738
77.46025,149,1298,-1735,532,4287,-140,351,738
77.46075,150,1298,-1735,532,4256,-140,351,737
77.46125,149,1298,-1735,532,4245,-140,351,738
77.46175,149,1298,-1735,533,4242,-140,351,738
77.46225,150,1298,-1735,533,4252,-139,352,738
77.46275,149,1298,-1735,532,4254,-140,351,738
77.46325,149,1298,-1734,533,4253,-140,351,738
77.46375,150,1298,-1734,532,4254,-140,351,738
77.46425,149,1298,-1733,532,4256,-139,351,737
77.46475,149,1298,-1734,532,4258,-139,351,738
77.46525,149,1298,-1734,532,4258,-139,351,738
77.46575,149,1298,-1734,532,4265,-139,351,738
77.46625,149,1298,-1734,532,4268,-139,351,738
77.46675,150,1298,-1734,532,4269,-139,351,738
77.46725,150,1298,-1734,532,4269,-139,351,738
77.46775,149,1298,-1734,532,4267,-139,350,738
77.46825,150,1298,-1734,533,4275,-139,350,738
77.46875,150,1298,-1734,533,4311,-139,350,739
77.46925,149,1298,-1733,532,4312,-140,350,738
77.46975,149,1298,-1733,532,4300,-139,350,738
77.47025,149,1298,-1733,532,4276,-140,351,738
77.47075,150,1298,-1734,532,4250,-139,351,738
77.47125,150,1298,-1734,532,4246,-139,351,738
77.47175,150,1298,-1734,532,4250,-139,351,738
77.47225,150,1298,-1734,532,4257,-139,351,738
77.47275,149,1298,-1734,531,4262,-139,351,738
77.47325,149,1298,-1734,531,4262,-140,351,738
77.47375,150,1298,-1734,531,4261,-140,351,738
77.47425,149,1298,-1734,532,4266,-140,351,738
77.47475,149,1298,-1734,532,4266,-140,351,738
77.47525,150,1298,-1734,531,4268,-139,351,738
77.47575,149,1298,-1734,532,4269,-139,351,738
77.47625,149,1298,-1734,532,4268,-140,351,738
77.47675,150,1298,-1734,532,4267,-140,351,738
77.47725,149,1298,-1734,532,4266,-139,351,738
77.47775,150,1298,-1734,531,4263,-140,351,738
77.47825,149,1298,-1734,532,4270,-139,351,738
77.47875,150,1298,-1735,532,4304,-140,351,738
77.47925,150,1298,-1735,532,4306,-140,351,738
77.47975,150,1298,-1736,532,4298,-139,352,738
77.48025,149,1298,-1736,532,4270,-140,352,738
77.48075,149,1298,-1736,532,4241,-140,352,738
77.48125,150,1298,-1736,532,4231,-140,351,738
77.48175,150,1298,-1735,532,4233,-139,352,738
77.48225,149,1298,-1735,532,4239,-139,351,738
77.48275,149,1298,-1734,532,4241,-140,352,738
77.48325,150,1298,-1733,533,4242,-140,351,738
77.48375,149,1298,-1732,533,4244,-140,352,738
77.48425,150,1298,-1732,533,4250,-139,351,738
77.48475,150,1298,-1732,533,4255,-140,352,738
77.48525,150,1298,-1734,533,4258,-139,351,738
77.48575,149,1298,-1735,533,4260,-140,351,738
77.48625,149,1298,-1735,533,4257,-140,352,738
77.48675,150,1298,-1735,533,4257,-140,351,738
77.48725,149,1298,-1735,533,4260,-140,352,738
77.48775,150,1298,-1734,533,4262,-139,351,738
77.48825,149,1298,-1735,533,4275,-140,351,738
77.48875,150,1298,-1734,533,4310,-140,351,738
77.48925,149,1298,-1734,533,4310,-140,351,738
77.48975,149,1298,-1734,533,4301,-140,352,738
77.49035,149,1298,-1734,533,4273,-140,352,738
77.49085,150,1298,-1734,533,4247,-140,352,738
77.49135,150,1298,-1734,533,4240,-140,351,738
77.49185,150,1298,-1734,533,4241,-140,351,738
77.49235,149,1298,-1734,533,4247,-140,351,738
77.49285,150,1298,-1734,532,4250,-140,351,738
77.49335,150,1298,-1734,532,4252,-140,351,738
77.49385,149,1298,-1734,532,4251,-140,351,738
77.49435,150,1298,-1734,532,4252,-139,351,738
77.49485,150,1298,-1734,532,4256,-140,351,738
77.49535,149,1298,-1734,532,4256,-140,351,738
77.49585,150,1298,-1734,533,4258,-140,351,738
77.49635,149,1298,-1734,533,4261,-140,351,738
77.49685,149,1298,-1734,532,4260,-140,351,738
77.49735,149,1298,-1734,532,4259,-139,351,738
77.49785,150,1298,-1734,531,4256,-140,351,738
77.49835,150,1298,-1734,532,4268,-139,351,738
77.49885,150,1298,-1734,532,4300,-139,351,738
77.49935,150,1298,-1734,532,4298,-139,351,738
77.49985,150,1298,-1734,532,4291,-139,351,738
77.50035,150,1298,-1734,532,4263,-139,352,737
77.50085,149,1298,-1734,532,4238,-140,351,738
77.50135,149,1298,-1734,532,4227,-140,352,738
77.50185,150,1298,-1734,532,4233,-140,351,738
77.50235,150,1298,-1734,532,4242,-139,351,738
77.50285,150,1298,-1734,532,4243,-140,351,738
77.50335,150,1298,-1734,532,4244,-140,351,737
77.50385,150,1298,-1733,532,4246,-140,351,738
77.50435,150,1298,-1733,532,4247,-139,351,738
77.50485,150,1298,-1734,532,4257,-140,351,738
77.50535,150,1298,-1734,532,4263,-140,351,738
77.50585,150,1298,-1734,532,4267,-139,351,738
77.50635,150,1298,-1734,532,4268,-139,351,738
77.50685,149,1298,-1734,532,4267,-140,351,738
77.50735,149,1298,-1734,532,4266,-139,351,738
77.50785,149,1298,-1733,532,4264,-140,351,738
77.50835,150,1298,-1734,533,4277,-140,351,738
77.50885,149,1298,-1734,533,4308,-140,351,738
77.50935,149,1298,-1735,532,4305,-140,351,737
77.50985,150,1298,-1735,532,4294,-140,351,738
77.51035,149,1298,-1735,532,4258,-140,352,738
77.51085,149,1298,-1735,533,4239,-140,351,738
77.51135,149,1298,-1735,532,4238,-140,351,738
77.51185,149,1298,-1734,532,4242,-140,351,738
77.51235,149,1298,-1733,532,4249,-140,351,738
77.51285,150,1298,-1733,532,4251,-139,351,739
77.51335,149,1298,-1733,532,4250,-140,351,739
77.51385,149,1298,-1733,532,4243,-139,351,738
77.51435,150,1298,-1734,532,4247,-139,351,738
77.51485,150,1298,-1733,532,4254,-140,351,738
77.51535,150,1298,-1734,532,4258,-140,351,739
77.51585,149,1298,-1734,532,4261,-139,351,738
77.51635,149,1298,-1734,533,4258,-140,351,739
77.51685,149,1298,-1734,533,4262,-140,351,738
77.51735,150,1298,-1735,533,4259,-140,351,738
77.51785,150,1298,-1735,533,4261,-140,351,738
77.51835,149,1298,-1735,533,4279,-140,351,738
77.51885,149,1298,-1734,533,4309,-139,351,738
77.51935,150,1298,-1734,532,4308,-140,351,738
77.51985,149,1298,-1734,532,4300,-139,351,738
77.52035,149,1298,-1734,532,4270,-140,352,738
77.52085,150,1298,-1734,532,4247,-140,351,738
77.52135,149,1298,-1734,533,4242,-139,351,738
77.52185,149,1298,-1734,532,4246,-140,351,738
77.52235,149,1298,-1734,533,4254,-139,351,739
77.52285,149,1298,-1734,533,4253,-140,351,738
77.52335,149,1298,-1734,533,4250,-140,351,738
77.52385,150,1298,-1734,533,4255,-140,351,738
77.52435,150,1298,-1734,533,4261,-140,351,738
77.52485,150,1298,-1733,533,4265,-140,351,738
77.52535,150,1298,-1734,533,4268,-140,351,738
77.52585,149,1298,-1734,532,4268,-140,351,738
77.52635,150,1298,-1734,532,4264,-140,351,738
77.52685,149,1298,-1735,532,4265,-140,351,738
77.52735,149,1298,-1735,532,4268,-140,351,738
77.52785,150,1298,-1735,532,4267,-140,351,738
77.52835,150,1298,-1735,532,4289,-140,350,739
77.52885,150,1298,-1734,532,4314,-139,351,738
77.52935,149,1298,-1734,532,4305,-140,351,738
77.52985,150,1298,-1734,533,4296,-139,351,738
77.53035,149,1298,-1734,533,4265,-140,352,738
77.53085,150,1298,-1735,533,4244,-140,351,738
77.53135,149,1298,-1734,533,4240,-140,351,738
77.53185,149,1298,-1734,533,4243,-139,352,738
77.53235,150,1298,-1734,534,4251,-140,351,738
77.53285,149,1298,-1734,533,4254,-140,351,738
77.53335,149,1298,-1734,533,4257,-140,351,738
77.53385,149,1298,-1733,532,4258,-140,351,738
77.53435,150,1298,-1733,532,4257,-140,351,738
77.53485,150,1298,-1733,531,4263,-140,350,738
77.53535,150,1298,-1735,531,4265,-140,351,739
77.53585,150,1298,-1735,531,4266,-140,351,738
77.53635,149,1298,-1735,532,4267,-140,351,738
77.53685,149,1298,-1735,532,4272,-139,351,738
77.53735,150,1298,-1735,532,4274,-140,351,738
77.53785,150,1298,-1734,532,4273,-140,351,739
77.53835,150,1298,-1733,532,4298,-139,351,739
77.53885,150,1298,-1733,532,4318,-140,351,738
77.53935,150,1298,-1734,532,4314,-140,351,738
77.53985,149,1298,-1734,532,4308,-140,351,738
77.54035,150,1298,-1734,532,4277,-140,351,738
77.54085,149,1298,-1734,532,4256,-140,351,738
77.54135,150,1298,-1734,532,4250,-140,351,739
77.54185,150,1298,-1733,532,4251,-140,351,738
77.54235,150,1298,-1734,533,4252,-140,351,739
77.54285,149,1298,-1734,532,4254,-140,351,738
77.54335,150,1298,-1734,532,4251,-139,351,738
77.54385,150,1298,-1734,532,4256,-140,351,738
77.54435,150,1298,-1734,532,4262,-140,351,738
77.54485,149,1298,-1735,533,4267,-140,351,738
77.54535,150,1298,-1735,532,4269,-140,351,739
77.54585,150,1298,-1735,533,4271,-140,351,738
77.54635,149,1298,-1735,533,4267,-140,351,738
77.54685,150,1298,-1735,533,4269,-140,351,739
77.54735,150,1298,-1735,533,4268,-140,351,738
77.54785,150,1298,-1734,534,4263,-140,351,739
77.54835,149,1298,-1734,534,4294,-140,351,739
77.54885,150,1298,-1734,534,4311,-140,351,739
77.54935,150,1298,-1734,534,4305,-140,351,739
77.54985,149,1298,-1734,533,4292,-140,351,738
77.55035,150,1298,-1734,532,4259,-140,352,738
77.55085,149,1298,-1733,531,4250,-140,351,739
77.55135,149,1298,-1734,531,4251,-140,351,739
77.55195,150,1298,-1734,531,4251,-140,351,738
77.55245,149,1298,-1734,532,4257,-139,351,739
77.55295,150,1298,-1734,532,4265,-140,351,738
77.55345,149,1298,-1734,531,4263,-140,351,738
77.55395,149,1298,-1734,532,4266,-140,351,739
77.55445,149,1298,-1734,532,4272,-140,351,739
77.55495,150,1298,-1734,532,4270,-139,351,739
77.55545,149,1298,-1734,532,4272,-140,351,739
77.55595,150,1298,-1734,533,4277,-140,351,739
77.55645,150,1298,-1734,532,4278,-140,351,739
77.55695,149,1298,-1734,532,4278,-140,351,739
77.55745,150,1298,-1735,532,4276,-140,351,739
77.55795,149,1298,-1734,533,4273,-140,351,738
77.55845,149,1298,-1734,533,4301,-140,350,739
77.55895,150,1298,-1734,532,4323,-139,351,739
77.55945,150,1298,-1734,532,4314,-140,351,739
77.55995,149,1298,-1733,532,4298,-140,351,738
77.56045,149,1298,-1733,532,4265,-140,351,739
77.56095,149,1298,-1734,532,4253,-140,351,738
77.56145,149,1298,-1734,533,4246,-140,351,738
77.56195,149,1299,-1734,533,4252,-140,351,738
77.56245,150,1298,-1734,533,4259,-140,351,738
77.56295,149,1298,-1734,533,4257,-140,351,738
77.56345,149,1298,-1734,533,4255,-140,351,738
77.56395,150,1298,-1734,533,4254,-140,351,739
77.56445,150,1298,-1735,533,4256,-140,351,739
77.56495,149,1298,-1734,533,4257,-140,351,739
77.56545,150,1298,-1734,533,4260,-140,351,739
77.56595,150,1298,-1734,532,4261,-140,351,738
77.56645,149,1298,-1734,531,4261,-140,352,739
77.56695,150,1298,-1734,531,4268,-140,351,739
77.56745,150,1298,-1734,531,4267,-140,351,739
77.56795,150,1298,-1734,532,4266,-140,351,739
77.56845,149,1298,-1734,532,4300,-140,350,739
77.56895,149,1298,-1734,532,4313,-140,351,739
77.56945,149,1298,-1734,532,4307,-140,351,739
77.56995,149,1298,-1734,531,4290,-140,351,738
77.57045,150,1298,-1733,532,4259,-140,351,739
77.57095,149,1298,-1734,532,4252,-140,351,738
77.57145,150,1298,-1734,532,4248,-140,351,738
77.57195,150,1298,-1734,532,4256,-140,351,739
77.57245,149,1298,-1734,533,4263,-140,351,739
77.57295,150,1298,-1734,533,4260,-140,351,738
77.57345,150,1298,-1734,533,4262,-140,351,739
77.57395,149,1298,-1734,533,4267,-140,351,738
77.57445,149,1298,-1734,533,4262,-140,351,739
77.57495,150,1298,-1734,532,4266,-140,351,739
77.57545,150,1298,-1734,532,4265,-140,351,739
77.57595,149,1298,-1734,532,4263,-140,351,739
77.57645,149,1298,-1734,532,4266,-140,351,739
77.57695,150,1298,-1734,532,4268,-140,351,739
77.57745,150,1298,-1734,532,4268,-140,351,739
77.57795,150,1298,-1734,533,4265,-140,351,739
77.57845,150,1298,-1734,533,4291,-139,351,739
77.57895,150,1298,-1734,533,4313,-140,351,739
77.57945,150,1298,-1734,533,4306,-139,351,739
77.57995,149,1298,-1734,533,4293,-140,351,739
77.58045,149,1298,-1734,532,4259,-140,352,738
77.58095,149,1298,-1734,533,4241,-140,351,739
77.58145,149,1298,-1734,533,4240,-140,351,739
77.58195,149,1298,-1734,532,4240,-140,351,738
77.58245,149,1298,-1734,532,4246,-140,351,739
77.58295,149,1298,-1734,532,4251,-140,351,739
77.58345,149,1298,-1734,532,4248,-140,351,739
77.58395,150,1298,-1734,532,4248,-140,351,739
77.58445,149,1298,-1734,532,4252,-140,351,739
77.58495,149,1298,-1734,532,4259,-140,351,739
77.58545,149,1298,-1734,533,4263,-140,351,738
77.58595,149,1298,-1734,533,4267,-140,351,738
77.58645,150,1298,-1734,532,4273,-140,351,739
77.58695,149,1298,-1734,533,4273,-139,351,739
77.58745,149,1298,-1734,533,4268,-140,351,739
77.58795,150,1299,-1734,533,4272,-140,351,739
77.58845,150,1298,-1734,533,4311,-140,350,739
77.58895,150,1299,-1734,532,4316,-140,351,739
77.58945,150,1298,-1734,532,4309,-140,351,739
77.58995,149,1299,-1734,532,4284,-140,352,738
77.59045,149,1298,-1734,532,4254,-140,351,738
77.59095,149,1298,-1733,532,4254,-140,351,738
77.59145,149,1298,-1733,532,4255,-140,351,739
77.59195,149,1299,-1733,532,4257,-140,351,739
77.59245,149,1299,-1733,532,4257,-140,352,738
77.59295,149,1298,-1733,532,4257,-140,351,739
77.59345,149,1298,-1734,532,4264,-140,351,739
77.59395,150,1299,-1735,532,4259,-140,351,738
77.59445,150,1298,-1735,533,4258,-140,351,739
77.59495,149,1298,-1735,533,4267,-140,351,738
77.59545,150,1299,-1735,532,4265,-140,351,739
77.59595,150,1298,-1735,532,4270,-140,351,738
77.59645,149,1299,-1735,532,4269,-140,351,739
77.59695,149,1299,-1734,532,4270,-140,351,739
77.59745,150,1298,-1734,532,4264,-140,351,738
77.597946,150,1298,-1734,533,4267,-140,351,739
77.59845,150,1298,-1734,533,4306,-140,350,739
77.59895,149,1299,-1734,533,4308,-140,351,739
77.59945,150,1298,-1734,532,4301,-140,351,739
77.59995,149,1299,-1734,532,4280,-140,351,739
77.60045,149,1298,-1734,532,4252,-140,351,738
77.60095,150,1298,-1734,532,4245,-140,351,739
77.60145,149,1299,-1734,531,4248,-140,351,738
77.60195,150,1298,-1734,532,4250,-140,351,739
77.60245,149,1299,-1734,531,4259,-140,351,738
77.60295,149,1298,-1733,532,4256,-140,352,739
77.60345,149,1299,-1733,531,4258,-140,351,738
77.60395,149,1298,-1734,532,4258,-140,352,739
77.60445,149,1298,-1734,532,4266,-140,351,738
77.60495,149,1299,-1734,533,4271,-140,351,739
77.60545,149,1298,-1734,534,4277,-140,351,739
77.60595,149,1299,-1734,534,4273,-140,351,739
77.60645,149,1298,-1734,534,4272,-140,351,738
77.60695,149,1298,-1734,533,4276,-140,351,739
77.60745,150,1299,-1734,533,4281,-140,351,738
77.60795,150,1298,-1734,533,4288,-140,351,739
77.60845,149,1298,-1734,533,4323,-140,351,739
77.60895,149,1298,-1734,532,4319,-140,351,739
77.60945,149,1299,-1734,532,4309,-140,351,738
77.60995,149,1298,-1734,532,4282,-140,351,738
77.61045,149,1299,-1734,532,4261,-140,351,738
77.61095,149,1298,-1734,532,4257,-140,351,739
77.61145,149,1298,-1734,532,4256,-140,351,738
77.61195,149,1298,-1735,532,4257,-140,351,739
77.61245,149,1299,-1734,532,4265,-140,351,738
77.61295,149,1298,-1735,532,4264,-140,351,739
77.61345,149,1299,-1734,532,4267,-140,351,739
77.61405,150,1298,-1734,532,4263,-140,351,738
77.61455,149,1298,-1734,532,4261,-140,351,738
77.61505,150,1298,-1733,532,4269,-140,351,738
77.61555,149,1298,-1734,533,4273,-140,351,738
77.61605,150,1298,-1733,532,4273,-140,351,739
77.61655,150,1298,-1733,533,4276,-140,351,739
77.61705,149,1299,-1733,533,4276,-140,351,738
77.61755,149,1298,-1733,532,4274,-140,351,738
77.61805,150,1298,-1733,533,4289,-139,351,739
77.61855,150,1298,-1733,533,4324,-140,351,739
77.61905,149,1298,-1734,532,4319,-140,351,739
77.61955,149,1299,-1734,533,4310,-140,351,738
77.62005,149,1298,-1734,532,4285,-140,351,739
77.62055,149,1298,-1734,532,4264,-140,351,738
77.62105,149,1299,-1734,532,4256,-139,351,738
77.62155,149,1299,-1734,533,4259,-140,351,738
77.62205,149,1299,-1734,533,4268,-140,351,738
77.62255,150,1298,-1733,533,4272,-140,351,739
77.62305,149,1298,-1733,533,4271,-140,352,738
77.62355,149,1298,-1734,533,4264,-140,351,738
77.62405,150,1299,-1734,533,4269,-140,351,738
77.62455,150,1298,-1735,533,4272,-140,351,738
77.62505,149,1299,-1735,533,4277,-140,351,738
77.62555,150,1298,-1735,533,4278,-139,351,738
77.62605,149,1298,-1736,533,4280,-140,351,738
77.62655,149,1298,-1736,533,4280,-140,351,738
77.62705,149,1298,-1736,533,4279,-140,351,739
77.62755,149,1298,-1735,533,4277,-140,351,738
77.62805,150,1299,-1734,533,4285,-140,351,738
77.62855,150,1298,-1734,533,4321,-140,351,739
77.62905,149,1298,-1734,533,4320,-140,352,738
77.62955,150,1298,-1733,533,4306,-140,351,738
77.63005,149,1298,-1733,532,4277,-140,351,738
77.63055,149,1298,-1733,532,4253,-140,351,738
77.63105,149,1298,-1733,532,4250,-140,351,738
77.63155,149,1298,-1733,532,4251,-140,351,738
77.63205,150,1299,-1734,532,4257,-140,351,738
77.63255,149,1298,-1734,532,4262,-140,351,738
77.63305,149,1298,-1734,532,4265,-140,351,738
77.63355,149,1299,-1735,533,4267,-139,351,738
77.63405,149,1299,-1735,533,4267,-140,351,738
77.63455,149,1298,-1735,533,4267,-140,351,738
77.63505,150,1298,-1734,533,4271,-140,351,738
77.63555,149,1298,-1734,533,4272,-140,351,738
77.63605,149,1298,-1734,533,4275,-140,351,738
77.63655,150,1299,-1733,532,4279,-140,351,738
77.63705,149,1298,-1733,532,4278,-140,351,739
77.63755,150,1298,-1733,532,4276,-140,351,738
77.63805,150,1298,-1733,533,4284,-140,351,739
77.63855,149,1298,-1733,533,4321,-140,351,739
77.63905,150,1298,-1733,532,4319,-140,351,738
77.63955,149,1298,-1733,532,4311,-140,351,738
77.64005,149,1298,-1733,532,4287,-140,351,738
77.64055,149,1299,-1733,532,4264,-140,351,738
77.64105,149,1299,-1733,532,4257,-140,351,738
77.64155,149,1298,-1734,532,4256,-140,351,738
77.64205,150,1298,-1734,532,4260,-140,351,739
77.64255,149,1298,-1734,532,4262,-140,351,738
77.64305,149,1299,-1734,533,4255,-139,351,738
77.64355,149,1298,-1734,533,4257,-140,351,739
77.64405,149,1298,-1733,533,4259,-140,351,739
77.64455,149,1298,-1734,532,4258,-140,351,738
77.64505,149,1299,-1734,532,4263,-140,351,738
77.64555,149,1298,-1734,532,4271,-140,351,738
77.64605,149,1298,-1734,532,4271,-140,351,738
77.64655,150,1299,-1734,533,4269,-140,351,739
77.64705,149,1298,-1734,533,4269,-140,351,738
77.64755,149,1299,-1735,533,4264,-140,351,738
77.64805,149,1298,-1734,533,4284,-139,351,739
77.64855,150,1298,-1734,534,4314,-139,351,739
77.64905,149,1298,-1734,534,4306,-139,351,738
77.64955,150,1298,-1734,534,4295,-140,351,739
77.65005,149,1298,-1734,534,4269,-140,351,738
77.65055,149,1298,-1734,533,4246,-140,351,738
77.65105,149,1298,-1734,533,4246,-140,352,738
77.65155,149,1298,-1734,533,4250,-140,351,738
77.65205,149,1298,-1734,533,4255,-139,351,739
77.65255,149,1298,-1734,533,4257,-140,351,738
77.65305,150,1298,-1733,531,4255,-140,351,738
77.65355,149,1298,-1733,531,4261,-140,351,739
77.65405,149,1298,-1733,531,4263,-140,351,738
77.65455,150,1298,-1733,532,4258,-140,351,738
77.65505,149,1298,-1734,532,4265,-140,351,738
77.65555,149,1298,-1734,532,4270,-140,351,738
77.65605,149,1298,-1734,532,4271,-140,351,738
77.65655,149,1298,-1734,531,4273,-140,351,738
77.65705,149,1299,-1734,532,4274,-140,351,738
77.65755,149,1298,-1734,532,4270,-140,351,738
77.65805,150,1298,-1734,533,4288,-140,351,738
77.65855,150,1298,-1734,532,4313,-140,351,738
77.65905,149,1298,-1734,533,4307,-140,351,738
77.65955,150,1298,-1734,533,4296,-140,351,738
77.66005,149,1298,-1734,533,4264,-140,351,738
77.66055,149,1298,-1734,533,4244,-140,351,738
77.66105,149,1298,-1734,533,4239,-140,352,738
77.66155,149,1298,-1735,533,4239,-140,352,738
77.66205,149,1298,-1735,534,4245,-140,351,738
77.66255,149,1298,-1734,533,4248,-140,351,738
77.66305,150,1299,-1734,533,4246,-140,352,739
77.66355,149,1298,-1734,533,4243,-140,351,739
77.66405,149,1299,-1734,533,4239,-140,351,739
77.66455,149,1299,-1733,533,4240,-140,351,739
77.66505,150,1298,-1734,533,4246,-140,351,739
77.66555,150,1298,-1734,532,4250,-140,351,739
77.66605,149,1298,-1734,532,4254,-140,351,739
77.66655,150,1298,-1734,532,4256,-139,351,739
77.66705,149,1298,-1734,532,4256,-140,351,739
77.66755,150,1298,-1734,533,4255,-140,351,739
77.66805,150,1298,-1735,534,4280,-140,351,739
77.66855,150,1298,-1735,534,4304,-140,351,739
77.66905,150,1298,-1735,534,4299,-140,351,739
77.66955,149,1299,-1735,533,4286,-140,351,739
77.67005,150,1298,-1735,532,4252,-140,352,739
77.67055,149,1299,-1735,532,4236,-140,352,738
77.67105,149,1298,-1735,532,4238,-140,351,739
77.67155,150,1298,-1735,532,4245,-140,352,739
77.67205,149,1299,-1734,532,4248,-140,351,739
77.67255,149,1298,-1734,532,4252,-140,352,738
77.67305,150,1298,-1733,532,4255,-140,351,739
77.67355,149,1298,-1733,533,4260,-140,352,739
77.67405,150,1298,-1733,533,4256,-140,351,739
77.67455,149,1298,-1734,532,4252,-140,351,739
77.67505,149,1298,-1734,533,4255,-139,350,739
77.67565,149,1298,-1735,533,4255,-140,351,739
77.67615,149,1298,-1734,533,4257,-140,351,739
77.67665,149,1298,-1734,533,4260,-140,351,739
77.67715,149,1298,-1733,532,4259,-139,351,738
77.67765,149,1298,-1733,532,4256,-140,351,739
77.67815,150,1298,-1733,533,4284,-140,351,739
77.67865,149,1298,-1733,532,4303,-140,351,739
77.67915,150,1298,-1734,533,4298,-140,351,739
77.67965,149,1298,-1734,533,4285,-139,351,739
77.68015,149,1299,-1734,533,4251,-140,351,739
77.68065,150,1298,-1734,533,4235,-139,351,739
77.68115,149,1298,-1735,533,4232,-140,351,739
77.68165,149,1298,-1734,532,4233,-140,352,739
77.68215,150,1298,-1734,532,4239,-140,351,739
77.68265,149,1298,-1734,532,4242,-140,351,738
77.68315,149,1298,-1734,531,4243,-140,351,739
77.68365,149,1298,-1734,531,4246,-140,351,738
77.68415,150,1298,-1734,531,4246,-140,352,738
77.68465,149,1298,-1734,531,4253,-140,351,739
77.68515,149,1298,-1735,532,4259,-140,351,739
77.68565,150,1298,-1735,533,4257,-140,351,739
77.68615,149,1298,-1735,533,4255,-140,351,739
77.68665,150,1298,-1735,533,4258,-140,351,739
77.68715,149,1298,-1735,534,4261,-140,351,739
77.68765,150,1298,-1735,533,4263,-139,351,739
77.68815,150,1298,-1735,533,4295,-140,350,739
77.68865,150,1298,-1734,532,4314,-140,350,739
77.68915,150,1298,-1733,532,4310,-140,351,739
77.68965,149,1298,-1733,532,4295,-140,351,739
77.69015,149,1299,-1733,532,4262,-140,351,739
77.69065,149,1298,-1733,532,4248,-140,351,739
77.69115,149,1298,-1733,532,4248,-140,351,739
77.69165,149,1299,-1733,532,4250,-140,351,739
77.69215,149,1298,-1734,533,4254,-140,351,739
77.69265,150,1298,-1735,533,4257,-140,351,739
77.69315,150,1298,-1735,533,4258,-140,351,739
77.69365,149,1298,-1736,533,4260,-139,351,739
77.69415,150,1298,-1735,533,4261,-140,351,739
77.69465,149,1299,-1735,532,4259,-140,351,739
77.69515,149,1298,-1734,532,4261,-140,351,739
77.69565,150,1298,-1733,532,4265,-140,350,739
77.69615,149,1298,-1733,532,4264,-140,351,739
77.69665,149,1298,-1733,532,4266,-140,351,739
77.69715,150,1298,-1734,532,4267,-140,351,739
77.69765,149,1298,-1733,532,4267,-140,351,739
77.69815,149,1298,-1734,533,4298,-139,350,740
77.69865,149,1298,-1734,533,4310,-140,351,739
77.69915,149,1298,-1733,532,4308,-139,351,739
77.69965,149,1298,-1734,532,4287,-140,351,739
77.70015,149,1299,-1734,532,4253,-140,352,739
77.70065,149,1299,-1735,532,4243,-140,351,739
77.70115,149,1299,-1735,532,4242,-139,351,739
77.70165,150,1298,-1734,533,4245,-139,351,739
77.70215,149,1298,-1734,533,4250,-139,351,739
77.70265,150,1298,-1733,533,4254,-140,351,739
77.70315,149,1298,-1734,532,4254,-140,351,739
77.70365,149,1298,-1734,533,4252,-140,351,739
77.70415,149,1298,-1733,532,4255,-140,351,739
77.70465,150,1298,-1734,532,4258,-140,351,739
77.70515,149,1299,-1734,532,4266,-140,351,739
77.70565,150,1298,-1734,532,4271,-140,351,739
77.70615,149,1298,-1733,532,4273,-140,351,739
77.70665,149,1298,-1734,532,4274,-140,351,739
77.70715,149,1298,-1734,532,4273,-140,351,739
77.70765,149,1298,-1734,533,4276,-140,351,739
77.70815,149,1298,-1734,533,4310,-139,350,739
77.70865,149,1298,-1735,533,4316,-140,351,739
77.70915,149,1299,-1734,532,4308,-140,351,739
77.70965,149,1298,-1734,532,4284,-140,351,739
77.71015,149,1298,-1734,532,4251,-140,351,739
77.71065,149,1299,-1734,533,4244,-140,351,739
77.71115,149,1299,-1734,533,4247,-140,351,739
77.71165,150,1298,-1733,533,4251,-140,351,739
77.71215,149,1298,-1734,533,4256,-140,351,739
77.71265,150,1298,-1734,533,4258,-140,351,739
77.71315,149,1298,-1734,533,4259,-140,351,739
77.71365,149,1298,-1734,533,4259,-140,351,739
77.71415,149,1298,-1734,533,4258,-140,351,739
77.71465,149,1298,-1734,533,4255,-140,351,739
77.71515,149,1298,-1735,533,4259,-140,351,739
77.71565,150,1298,-1735,533,4261,-140,351,739
77.71615,150,1298,-1735,534,4263,-140,351,739
77.71665,149,1298,-1735,533,4266,-140,351,739
77.71715,150,1299,-1735,534,4266,-140,351,739
77.71765,150,1298,-1735,534,4268,-140,351,739
77.71815,149,1298,-1735,534,4302,-140,351,739
77.71865,150,1298,-1734,533,4310,-140,351,739
77.71915,149,1298,-1734,533,4304,-140,351,739
77.71965,149,1298,-1734,532,4282,-140,351,739
77.720146,149,1298,-1733,532,4253,-140,351,739
77.72065,149,1299,-1733,532,4246,-140,351,738
77.72115,150,1298,-1733,531,4247,-140,351,739
77.72165,150,1299,-1733,532,4256,-140,351,739
77.72215,149,1299,-1733,532,4256,-140,351,739
77.72265,149,1299,-1734,532,4258,-140,351,739
77.72315,149,1298,-1734,532,4257,-139,351,739
77.72365,149,1298,-1734,532,4255,-140,351,739
77.72415,150,1298,-1734,533,4256,-139,351,739
77.72465,150,1298,-1734,532,4259,-139,351,739
77.72515,150,1298,-1734,533,4264,-140,351,739
77.72565,149,1298,-1734,532,4265,-140,351,739
77.72615,149,1298,-1734,533,4263,-140,351,739
77.72665,150,1298,-1734,532,4264,-140,351,739
77.72715,150,1298,-1734,533,4266,-140,351,739
77.72765,150,1298,-1734,533,4274,-140,350,739
77.72815,150,1298,-1734,533,4309,-140,350,739
77.72865,149,1298,-1734,533,4312,-139,351,739
77.72915,149,1298,-1734,532,4303,-140,351,739
77.72965,149,1299,-1734,532,4278,-139,351,739
77.73015,149,1299,-1734,533,4247,-140,351,739
77.73065,149,1298,-1734,533,4240,-140,351,739
77.73115,150,1299,-1734,533,4241,-139,351,739
77.73165,149,1298,-1734,533,4245,-140,351,739
77.73215,150,1298,-1734,533,4249,-140,351,739
77.73265,149,1298,-1734,533,4252,-140,351,739
77.73315,149,1298,-1734,533,4255,-140,351,739
77.73365,150,1298,-1734,533,4256,-140,351,739
77.73415,149,1299,-1734,532,4258,-140,351,739
77.73465,150,1298,-1734,533,4258,-140,351,739
77.73515,150,1298,-1734,532,4257,-139,351,739
77.73565,150,1298,-1734,533,4261,-140,351,739
77.73615,150,1299,-1734,532,4262,-139,351,739
77.73665,150,1298,-1734,533,4265,-140,351,739
77.73715,149,1298,-1734,533,4266,-140,351,739
77.73775,149,1298,-1734,533,4276,-140,351,739
77.73825,149,1298,-1734,533,4311,-139,350,739
77.73875,149,1298,-1734,532,4312,-139,351,739
77.73925,149,1298,-1734,533,4305,-140,351,739
77.73975,149,1299,-1734,532,4279,-140,351,739
77.74025,149,1298,-1735,532,4252,-140,352,739
77.74075,149,1298,-1734,533,4246,-139,351,739
77.74125,149,1299,-1734,533,4246,-140,351,739
77.74175,149,1298,-1734,532,4248,-139,351,739
77.74225,149,1298,-1734,533,4250,-140,351,739
77.74275,150,1298,-1734,533,4252,-139,351,739
77.74325,149,1299,-1733,533,4252,-140,351,739
77.74375,149,1298,-1734,533,4249,-139,351,739
77.74425,149,1299,-1734,532,4251,-139,351,739
77.74475,149,1299,-1734,532,4253,-140,351,739
77.74525,149,1299,-1734,532,4260,-139,351,739
77.74575,149,1299,-1734,533,4263,-140,351,739
77.74625,149,1298,-1734,532,4266,-139,351,739
77.74675,149,1299,-1734,533,4264,-139,351,739
77.74725,149,1299,-1734,533,4262,-139,351,739
77.74775,149,1299,-1734,534,4273,-139,351,739
77.74825,150,1298,-1734,533,4307,-139,351,739
77.74875,149,1299,-1734,533,4307,-139,351,739
77.74925,149,1298,-1734,533,4298,-139,351,739
77.74975,149,1298,-1734,532,4270,-140,352,739
77.75025,149,1299,-1734,533,4245,-139,351,739
77.75075,149,1299,-1734,533,4244,-139,351,739
77.75125,149,1299,-1734,533,4248,-139,351,739
77.75175,149,1299,-1734,533,4254,-139,351,739
77.75225,149,1299,-1734,533,4257,-140,352,739
77.75275,150,1299,-1735,533,4261,-140,351,739
77.75325,149,1299,-1734,533,4263,-140,351,739
77.75375,149,1299,-1734,533,4266,-139,351,739
77.75425,149,1298,-1734,533,4267,-139,351,739
77.75475,150,1299,-1734,532,4267,-139,351,739
77.75525,149,1299,-1734,533,4272,-139,351,739
77.75575,149,1299,-1733,532,4275,-140,351,739
77.75625,149,1298,-1734,532,4278,-139,351,739
77.75675,149,1299,-1734,533,4281,-140,351,739
77.75725,149,1299,-1734,532,4279,-140,351,739
77.75775,149,1299,-1734,533,4284,-140,351,739
77.75825,150,1299,-1734,533,4318,-139,351,739
77.75875,149,1299,-1734,533,4320,-140,351,739
77.75925,149,1299,-1735,533,4312,-139,351,739
77.75975,149,1298,-1735,533,4286,-140,352,739
77.76025,149,1299,-1735,533,4258,-139,351,739
77.76075,150,1299,-1735,533,4253,-139,351,739
77.76125,149,1299,-1735,534,4253,-139,351,739
77.76175,149,1299,-1735,533,4257,-139,351,739
77.76225,149,1298,-1734,533,4260,-139,351,739
77.76275,149,1299,-1734,533,4262,-139,352,739
77.76325,150,1299,-1734,533,4260,-140,351,739
77.76375,149,1299,-1734,532,4257,-139,351,739
77.76425,149,1299,-1734,532,4257,-139,351,739
77.76475,149,1299,-1734,532,4259,-139,351,739
77.76525,149,1299,-1734,532,4264,-139,351,739
77.76575,149,1299,-1734,532,4267,-139,351,739
77.76625,149,1299,-1734,532,4270,-139,351,739
77.76675,149,1299,-1734,533,4273,-139,351,739
77.76725,149,1299,-1734,532,4273,-139,351,739
77.76775,149,1299,-1734,533,4288,-139,351,739
77.76825,149,1299,-1735,533,4321,-139,351,740
77.76875,150,1299,-1735,532,4320,-139,351,739
77.76925,150,1299,-1735,532,4314,-139,351,739
77.76975,149,1298,-1734,531,4282,-139,351,739
77.77025,149,1299,-1734,532,4257,-139,351,739
77.77075,149,1299,-1733,532,4254,-139,351,739
77.77125,149,1298,-1734,533,4258,-139,351,739
77.77175,149,1299,-1734,533,4264,-139,351,739
77.77225,149,1299,-1734,533,4266,-139,351,739
77.77275,149,1299,-1734,532,4270,-139,351,739
77.77325,150,1299,-1734,533,4272,-139,351,739
77.77375,149,1299,-1734,533,4273,-139,351,739
77.77425,149,1298,-1734,532,4275,-139,351,739
77.77475,149,1298,-1734,532,4274,-139,351,739
77.77525,150,1299,-1734,532,4271,-139,351,739
77.77575,149,1298,-1734,532,4275,-139,351,739
77.77625,150,1299,-1734,532,4275,-139,351,739
77.77675,149,1299,-1734,533,4277,-139,351,739
77.77725,149,1298,-1734,533,4278,-139,351,739
77.77775,150,1298,-1735,534,4294,-139,352,739
77.77825,149,1299,-1735,534,4324,-139,351,740
77.77875,149,1299,-1735,533,4321,-139,352,739
77.77925,149,1299,-1734,533,4314,-139,351,739
77.77975,149,1299,-1734,532,4279,-139,352,739
77.78025,149,1298,-1734,532,4254,-139,351,739
77.78075,150,1299,-1735,533,4250,-139,351,739
77.78125,149,1299,-1735,533,4251,-140,351,739
77.78175,150,1298,-1734,533,4254,-140,351,739
77.78225,150,1298,-1734,533,4256,-139,351,739
77.78275,149,1299,-1734,533,4260,-139,352,739
77.78325,149,1299,-1735,533,4260,-139,351,739
77.78375,149,1299,-1734,533,4259,-139,351,739
77.78425,149,1299,-1734,532,4261,-139,351,739
77.78475,149,1299,-1734,533,4264,-139,351,739
77.78525,150,1299,-1734,533,4270,-139,352,739
77.78575,149,1299,-1734,533,4274,-139,352,739
77.78625,149,1299,-1734,533,4277,-139,351,739
77.78675,149,1299,-1734,533,4277,-139,351,739
77.78725,149,1299,-1734,533,4276,-139,351,739
77.78775,149,1299,-1734,533,4298,-139,351,739
77.78825,149,1299,-1733,532,4326,-139,351,739
77.78875,149,1299,-1733,533,4324,-139,351,739
77.78925,149,1299,-1733,532,4313,-139,351,739
77.78975,149,1299,-1733,532,4279,-139,351,739
77.79025,149,1298,-1734,532,4259,-139,351,739
77.79075,149,1299,-1734,533,4260,-139,352,739
77.79125,150,1299,-1734,532,4262,-140,351,739
77.79175,149,1299,-1734,533,4266,-139,351,739
77.79225,150,1299,-1734,533,4267,-139,351,740
77.79275,150,1298,-1734,533,4269,-139,351,739
77.79325,149,1299,-1734,533,4274,-139,351,739
77.79375,150,1299,-1734,532,4272,-139,351,740
77.79425,150,1299,-1734,533,4270,-139,351,739
77.79475,150,1299,-1733,533,4273,-140,352,739
77.79525,150,1298,-1734,533,4274,-139,352,739
77.79575,149,1299,-1734,533,4273,-139,351,739
77.79625,150,1299,-1733,532,4274,-140,351,739
77.79675,150,1298,-1734,532,4276,-139,351,739
77.79725,149,1299,-1734,532,4272,-140,351,739
77.79775,150,1298,-1734,533,4292,-139,351,739
77.79825,150,1299,-1734,532,4318,-139,350,739
77.79875,149,1299,-1734,532,4315,-140,351,739
77.79935,149,1298,-1734,532,4304,-139,351,739
77.79985,149,1299,-1734,532,4271,-140,351,739
77.80035,150,1298,-1734,532,4254,-140,351,739
77.80085,149,1299,-1734,533,4252,-139,352,739
77.80135,149,1298,-1734,533,4254,-140,351,739
77.80185,150,1299,-1734,533,4258,-140,352,739
77.80235,149,1299,-1734,533,4259,-140,352,739
77.80285,150,1299,-1735,533,4263,-140,352,739
77.80335,149,1299,-1735,533,4262,-139,352,739
77.80385,149,1299,-1735,533,4261,-140,352,739
77.80435,149,1299,-1736,533,4263,-139,351,739
77.80485,149,1298,-1736,534,4267,-140,352,739
77.80535,150,1299,-1735,534,4274,-139,351,739
77.80585,149,1298,-1734,533,4276,-139,351,739
77.80635,150,1299,-1734,533,4278,-139,351,739
77.80685,149,1299,-1734,533,4281,-140,351,739
77.80735,149,1299,-1733,533,4279,-139,352,739
77.80785,150,1299,-1734,533,4305,-139,351,739
77.80835,149,1298,-1733,532,4325,-139,351,739
77.80885,150,1299,-1733,531,4318,-139,350,739
77.80935,149,1298,-1734,531,4304,-140,351,739
77.80985,149,1299,-1734,531,4270,-140,351,739
77.81035,149,1299,-1734,532,4254,-140,351,739
77.81085,149,1298,-1734,532,4252,-140,351,739
77.81135,149,1299,-1734,533,4256,-140,351,739
77.81185,149,1299,-1734,533,4261,-140,352,739
77.81235,149,1299,-1734,533,4262,-140,351,739
77.81285,149,1299,-1734,532,4264,-140,351,739
77.81335,150,1299,-1734,532,4264,-140,352,739
77.81385,149,1298,-1734,532,4264,-140,351,739
77.81435,149,1299,-1734,533,4265,-139,352,739
77.81485,150,1299,-1734,533,4263,-140,351,739
77.81535,149,1299,-1734,533,4263,-140,351,739
77.81585,150,1299,-1734,534,4267,-140,351,739
77.81635,149,1299,-1734,534,4269,-139,352,739
77.81685,150,1299,-1734,534,4272,-139,351,739
77.81735,150,1298,-1734,534,4273,-139,352,739
77.81785,150,1299,-1734,535,4303,-140,351,740
77.81835,149,1299,-1734,535,4321,-139,352,739
77.81885,149,1298,-1734,535,4319,-140,352,739
77.81935,149,1299,-1735,534,4301,-140,352,739
77.81985,149,1299,-1734,533,4267,-140,352,738
77.82035,149,1298,-1734,531,4254,-140,352,738
77.82085,149,1299,-1734,531,4258,-140,351,739
77.82135,149,1298,-1734,532,4262,-140,351,739
77.82185,149,1298,-1735,532,4261,-139,351,739
77.82235,150,1298,-1735,532,4262,-140,351,739
77.82285,149,1299,-1734,533,4266,-140,352,739
77.82335,150,1299,-1735,532,4264,-139,351,739
77.82385,149,1299,-1735,533,4263,-140,351,739
77.82435,149,1298,-1735,534,4264,-140,351,739
77.82485,150,1299,-1735,535,4267,-139,351,739
77.82535,149,1298,-1735,534,4271,-140,351,739
77.82585,149,1298,-1735,535,4274,-140,351,739
77.82635,149,1299,-1735,534,4275,-140,351,739
77.82685,149,1298,-1735,534,4274,-140,352,739
77.82735,150,1298,-1734,533,4274,-140,352,739
77.82785,149,1298,-1734,532,4307,-140,351,739
77.82835,150,1298,-1734,531,4320,-140,351,739
77.82885,149,1299,-1734,531,4313,-140,351,739
77.82935,149,1299,-1734,530,4293,-140,351,738
77.82985,149,1299,-1735,530,4257,-140,351,739
77.83035,149,1299,-1735,531,4250,-140,351,739
77.83085,149,1299,-1736,531,4249,-139,352,739
77.83135,150,1299,-1736,531,4252,-140,351,739
77.83185,150,1298,-1736,532,4256,-140,351,739
77.83235,149,1299,-1735,532,4257,-140,351,739
77.83285,150,1298,-1732,532,4259,-140,351,739
77.83335,150,1299,-1730,532,4262,-140,351,739
77.83385,150,1298,-1731,532,4264,-140,351,739
77.83435,150,1299,-1733,532,4265,-140,351,739
77.83485,150,1299,-1734,532,4263,-140,352,739
77.83535,149,1299,-1735,532,4267,-140,351,739
77.83585,149,1299,-1735,532,4270,-140,351,739
77.83635,150,1299,-1735,532,4272,-140,351,739
77.83685,149,1298,-1735,532,4275,-140,351,739
77.83735,150,1299,-1735,533,4276,-140,351,739
77.83785,150,1299,-1735,534,4312,-140,351,739
77.83835,149,1299,-1734,533,4323,-140,351,739
77.83885,149,1299,-1734,533,4318,-140,351,739
77.83935,149,1298,-1734,533,4299,-140,351,739
77.83985,149,1298,-1734,533,4268,-140,352,739
77.84035,149,1299,-1733,534,4259,-140,351,739
77.84085,149,1299,-1733,534,4259,-140,351,739
77.84135,149,1298,-1733,534,4261,-140,352,739
77.84185,149,1299,-1733,533,4263,-140,352,739
77.84235,149,1299,-1734,533,4263,-140,351,739
77.84285,150,1298,-1734,532,4264,-140,351,739
77.84335,150,1299,-1733,532,4263,-140,351,739
77.84385,149,1299,-1734,532,4261,-140,351,739
77.84435,150,1298,-1733,532,4263,-140,351,739
77.84485,149,1298,-1734,533,4265,-140,351,739
77.84535,149,1298,-1735,533,4270,-140,351,739
77.84585,150,1298,-1735,533,4271,-140,351,739
77.84635,150,1299,-1735,533,4273,-140,352,739
77.84685,149,1298,-1735,533,4273,-140,352,739
77.84735,150,1299,-1735,534,4276,-140,351,739
77.84785,149,1298,-1734,534,4311,-140,351,739
77.84835,149,1299,-1734,533,4317,-140,351,739
77.84885,149,1299,-1734,532,4310,-139,351,739
77.84935,150,1299,-1734,532,4289,-140,352,739
77.84985,149,1299,-1734,532,4259,-140,351,739
77.85035,149,1298,-1734,533,4251,-140,352,739
77.85085,149,1299,-1734,533,4253,-140,351,739
77.85135,149,1299,-1734,533,4258,-140,351,739
77.85185,150,1299,-1734,533,4262,-140,351,739
77.85235,150,1299,-1734,532,4263,-140,351,739
77.85285,149,1298,-1733,532,4266,-140,351,739
77.85335,150,1298,-1734,532,4268,-140,351,739
77.85385,149,1299,-1734,534,4270,-140,351,739
77.85435,150,1299,-1734,534,4272,-140,351,739
77.85485,149,1298,-1734,535,4273,-140,352,739
77.85535,150,1299,-1734,535,4273,-140,351,739
77.85585,149,1299,-1735,534,4278,-140,351,739
77.85635,150,1298,-1735,534,4279,-140,351,739
77.85685,149,1299,-1735,534,4280,-140,351,739
77.85735,149,1298,-1735,535,4288,-140,351,739
77.85785,149,1298,-1735,535,4323,-140,351,739
77.85835,150,1299,-1735,533,4324,-140,351,739
77.85885,150,1299,-1735,532,4316,-140,351,739
77.85935,149,1298,-1735,530,4290,-140,351,739
77.85985,150,1299,-1735,530,4262,-140,351,739
77.86035,149,1299,-1734,530,4254,-140,351,739
77.86085,150,1298,-1734,531,4255,-140,351,739
77.86145,150,1298,-1733,531,4258,-140,351,739
77.86195,150,1299,-1732,532,4260,-140,351,739
77.86245,149,1299,-1733,533,4262,-140,351,739
77.86295,150,1299,-1733,533,4263,-140,352,739
77.86345,150,1299,-1733,533,4258,-140,352,739
77.86395,150,1299,-1733,533,4257,-140,352,739
77.86445,149,1298,-1734,534,4258,-140,351,739
77.86495,149,1299,-1734,535,4264,-140,351,739
77.86545,150,1298,-1734,534,4268,-140,352,739
77.86595,150,1299,-1734,534,4271,-140,351,739
77.86645,149,1299,-1734,535,4273,-140,352,739
77.86695,149,1299,-1734,534,4271,-140,351,739
77.86745,150,1298,-1734,533,4282,-140,351,739
77.86795,150,1298,-1734,532,4317,-140,351,739
77.86845,150,1298,-1734,530,4318,-140,351,739
77.86895,149,1298,-1734,531,4309,-140,351,739
77.86945,149,1299,-1734,530,4281,-140,351,739
77.86995,149,1299,-1734,531,4254,-140,351,739
77.87045,149,1298,-1734,532,4253,-140,351,739
77.87095,150,1298,-1734,532,4256,-140,351,739
77.87145,150,1299,-1734,532,4264,-140,351,739
77.87195,149,1299,-1734,532,4268,-140,352,739
77.87245,149,1299,-1734,533,4269,-140,351,739
77.87295,149,1299,-1735,533,4271,-140,351,739
77.87345,150,1299,-1734,533,4273,-140,351,739
77.87395,149,1299,-1734,533,4273,-140,351,739
77.87445,150,1299,-1734,532,4272,-140,351,739
77.87495,149,1299,-1734,532,4270,-140,351,739
77.87545,149,1299,-1734,532,4273,-140,351,739
77.87595,150,1299,-1734,532,4272,-140,351,739
77.87645,149,1299,-1734,532,4274,-140,351,739
77.87695,150,1298,-1734,533,4274,-140,351,739
77.87745,150,1298,-1734,533,4280,-140,351,739
77.87795,149,1299,-1734,534,4314,-140,351,739
77.87845,149,1298,-1734,533,4316,-140,351,739
77.87895,149,1299,-1734,534,4308,-140,351,739
77.87945,149,1299,-1734,533,4280,-140,352,739
77.87995,150,1298,-1733,533,4252,-140,352,739
77.88045,150,1299,-1734,533,4246,-140,351,739
77.88095,149,1298,-1734,533,4246,-139,351,739
77.88145,149,1299,-1734,533,4251,-140,351,739
77.88195,150,1298,-1734,533,4251,-140,351,739
77.88245,149,1298,-1734,533,4251,-140,351,739
77.88295,150,1298,-1734,533,4254,-140,352,739
77.88345,150,1298,-1734,532,4254,-140,352,739
77.88395,149,1298,-1734,532,4252,-140,351,739
77.88445,149,1298,-1734,532,4254,-140,351,739
77.88495,149,1299,-1734,532,4256,-140,351,739
77.88545,149,1299,-1734,532,4262,-140,351,739
77.88595,150,1299,-1734,533,4263,-140,351,739
77.88645,149,1298,-1734,532,4266,-140,352,739
77.88695,149,1299,-1734,533,4267,-140,351,739
77.88745,149,1299,-1734,533,4280,-140,351,740
77.88795,150,1299,-1734,532,4315,-140,351,739
77.88845,149,1299,-1734,532,4319,-140,351,739
77.88895,149,1299,-1734,532,4307,-140,351,739
77.88945,149,1298,-1734,532,4277,-140,351,739
77.88995,150,1299,-1734,533,4252,-140,352,739
77.89045,149,1298,-1734,532,4247,-140,351,739
77.89095,149,1299,-1734,532,4248,-140,351,739
77.89145,149,1299,-1734,532,4253,-140,351,739
77.89195,149,1298,-1734,532,4254,-140,352,739
77.89245,149,1298,-1734,532,4253,-140,351,739
77.89295,150,1298,-1734,532,4254,-140,351,739
77.89345,149,1298,-1734,533,4256,-140,351,739
77.89395,149,1298,-1734,532,4256,-140,351,739
77.89445,149,1298,-1734,532,4257,-140,351,739
77.89495,149,1299,-1734,533,4256,-140,351,739
77.89545,150,1298,-1733,533,4255,-140,351,739
77.89595,150,1298,-1734,532,4258,-140,352,739
77.89645,150,1299,-1734,532,4258,-140,351,739
77.89695,149,1299,-1735,532,4258,-140,351,739
77.89745,150,1299,-1735,533,4272,-140,351,740
77.89795,149,1298,-1735,533,4303,-140,351,739
77.89845,150,1299,-1735,533,4305,-140,351,739
77.89895,149,1298,-1734,533,4292,-140,351,739
77.89945,149,1299,-1735,532,4262,-140,352,739
77.89995,150,1299,-1735,533,4239,-140,352,739
77.90045,149,1298,-1735,533,4235,-140,352,739
77.90095,149,1299,-1736,533,4235,-140,352,740
77.90145,150,1298,-1737,533,4238,-140,351,739
77.90195,150,1299,-1737,534,4246,-140,351,739
77.90245,150,1298,-1737,534,4246,-140,351,739
77.90295,150,1299,-1737,534,4244,-140,351,740
77.90345,150,1299,-1737,533,4243,-140,351,739
77.90395,149,1299,-1736,533,4249,-140,352,739
77.90445,150,1298,-1735,533,4248,-140,352,739
77.90495,150,1299,-1733,533,4253,-140,351,739
77.90545,149,1298,-1731,532,4258,-140,351,739
77.90595,149,1299,-1731,532,4262,-140,352,739
77.90645,149,1299,-1732,533,4263,-141,352,740
77.90695,149,1298,-1733,532,4261,-140,352,739
77.90745,150,1298,-1733,533,4281,-140,351,740
77.90795,150,1298,-1733,533,4308,-140,351,739
77.90845,149,1299,-1733,532,4306,-140,351,740
77.90895,150,1298,-1734,532,4291,-140,351,739
77.90945,150,1299,-1733,531,4261,-141,352,739
77.90995,149,1299,-1734,532,4235,-140,352,739
77.910446,150,1298,-1734,532,4232,-140,351,739
77.91095,149,1299,-1734,532,4236,-141,351,740
77.91145,150,1298,-1734,532,4241,-140,351,740
77.91195,149,1299,-1734,532,4249,-140,351,739
77.91245,150,1298,-1734,532,4250,-141,351,740
77.91295,149,1298,-1734,532,4247,-140,351,740
77.91345,149,1298,-1734,532,4250,-141,351,740
77.91395,150,1299,-1733,533,4251,-140,351,740
77.91445,150,1298,-1734,532,4248,-141,351,739
77.91495,150,1299,-1734,533,4248,-140,351,740
77.91545,149,1298,-1734,532,4246,-140,351,740
77.91595,150,1298,-1734,533,4251,-140,351,740
77.91645,149,1299,-1734,533,4256,-140,351,740
77.91695,149,1298,-1734,533,4255,-140,351,740
77.91745,149,1298,-1734,533,4274,-140,351,740
77.91795,150,1298,-1734,533,4303,-140,351,740
77.91845,149,1298,-1734,533,4301,-140,351,740
77.91895,150,1299,-1734,533,4290,-140,351,740
77.91945,150,1298,-1734,533,4259,-140,352,740
77.91995,149,1298,-1734,533,4239,-141,352,740
77.92045,149,1299,-1734,533,4236,-140,352,740
77.92095,150,1298,-1734,533,4239,-140,352,740
77.92145,150,1299,-1734,532,4246,-140,351,740
77.92195,150,1298,-1734,532,4247,-141,352,740
77.92245,150,1298,-1734,532,4248,-140,351,740
77.92295,150,1298,-1734,532,4250,-140,352,739
77.92355,150,1299,-1734,532,4249,-140,351,740
77.92405,149,1298,-1735,532,4242,-140,352,740
77.92455,150,1298,-1736,532,4246,-141,351,740
77.92505,149,1298,-1736,532,4248,-140,351,740
77.92555,149,1298,-1735,533,4253,-141,351,740
77.92605,149,1299,-1734,532,4254,-140,351,740
77.92655,150,1299,-1734,533,4255,-141,351,740
77.92705,150,1298,-1733,532,4255,-141,351,740
77.92755,150,1298,-1734,533,4279,-141,351,740
77.92805,150,1299,-1734,532,4304,-140,351,740
77.92855,149,1299,-1734,532,4298,-141,351,740
77.92905,149,1299,-1734,532,4286,-141,351,740
77.92955,150,1299,-1734,532,4253,-141,352,739
77.93005,149,1299,-1734,533,4232,-141,352,739
77.93055,150,1299,-1734,533,4224,-141,352,740
77.93105,150,1299,-1735,533,4227,-140,352,740
77.93155,149,1299,-1735,533,4240,-140,351,740
77.93205,149,1299,-1735,533,4242,-141,352,740
77.93255,150,1299,-1735,533,4243,-141,352,740
77.93305,150,1299,-1734,533,4246,-140,351,740
77.93355,149,1299,-1734,532,4247,-141,352,740
77.93405,149,1299,-1734,533,4249,-141,351,740
77.93455,149,1298,-1734,533,4250,-141,352,740
77.93505,149,1299,-1733,532,4250,-141,351,740
77.93555,150,1298,-1733,533,4249,-141,352,740
77.93605,150,1299,-1734,533,4253,-140,351,740
77.93655,150,1298,-1734,533,4254,-140,351,740
77.93705,150,1299,-1734,533,4255,-140,351,740
77.93755,150,1298,-1734,533,4273,-140,351,740
77.93805,150,1299,-1734,533,4307,-141,351,740
77.93855,150,1299,-1734,532,4306,-141,351,740
77.93905,149,1299,-1734,532,4297,-141,352,740
77.93955,149,1298,-1734,532,4269,-141,351,740
77.94005,150,1299,-1734,532,4245,-141,351,740
77.94055,149,1299,-1734,532,4241,-141,351,740
77.94105,150,1299,-1735,532,4240,-141,352,740
77.94155,150,1298,-1735,532,4243,-141,351,740
77.94205,149,1298,-1735,533,4246,-141,351,740
77.94255,150,1299,-1734,533,4247,-141,351,740
77.94305,150,1298,-1734,533,4248,-141,351,740
77.94355,149,1298,-1733,533,4245,-140,351,740
77.94405,150,1299,-1734,533,4245,-140,351,740
77.94455,150,1298,-1734,533,4245,-141,351,740
77.94505,150,1298,-1734,533,4252,-141,351,740
77.94555,150,1299,-1734,533,4256,-140,351,740
77.94605,149,1298,-1735,533,4259,-141,351,740
77.94655,149,1298,-1734,533,4259,-141,351,740
77.94705,150,1298,-1735,532,4256,-140,351,740
77.94755,150,1298,-1734,533,4285,-141,351,740
77.94805,150,1299,-1734,533,4302,-140,351,740
77.94855,150,1299,-1734,533,4296,-141,351,740
77.94905,149,1299,-1734,532,4282,-140,351,740
77.94955,149,1299,-1734,532,4248,-141,352,740
77.95005,150,1299,-1733,533,4235,-141,351,739
77.95055,149,1299,-1734,533,4236,-141,351,740
77.95105,149,1298,-1734,534,4238,-141,351,740
77.95155,150,1299,-1734,533,4249,-140,351,740
77.95205,150,1299,-1734,534,4251,-140,351,740
77.95255,149,1298,-1734,534,4253,-141,351,740
77.95305,150,1299,-1734,534,4255,-141,351,740
77.95355,150,1299,-1735,534,4257,-140,351,740
77.95405,150,1299,-1735,534,4259,-141,351,740
77.95455,149,1299,-1735,533,4260,-141,351,740
77.95505,150,1298,-1735,533,4261,-140,351,739
77.95555,149,1298,-1735,533,4266,-141,351,740
77.95605,150,1299,-1734,532,4263,-141,351,740
77.95655,150,1299,-1734,532,4269,-141,351,740
77.95705,150,1299,-1734,532,4270,-141,351,740
77.95755,150,1298,-1734,532,4301,-141,351,740
77.95805,150,1298,-1734,532,4316,-140,351,740
77.95855,150,1298,-1734,532,4310,-141,351,740
77.95905,150,1299,-1735,532,4295,-141,351,740
77.95955,149,1298,-1734,532,4262,-141,352,740
77.96005,150,1299,-1734,532,4247,-141,352,740
77.96055,149,1298,-1735,532,4246,-140,352,740
77.96105,150,1299,-1734,533,4248,-141,352,740
77.96155,150,1299,-1734,532,4254,-141,351,740
77.96205,150,1299,-1734,532,4254,-141,351,740
77.96255,149,1299,-1733,532,4254,-141,351,740
77.96305,150,1299,-1733,532,4255,-140,351,740
77.96355,150,1298,-1733,532,4254,-141,351,740
77.96405,150,1299,-1734,533,4250,-141,351,740
77.96455,150,1299,-1734,533,4251,-141,351,740
77.96505,149,1299,-1734,533,4253,-141,351,740
77.96555,150,1299,-1734,533,4258,-140,351,740
77.96605,149,1299,-1734,533,4261,-141,351,740
77.96655,149,1299,-1734,533,4264,-140,351,740
77.96705,150,1299,-1734,533,4268,-140,351,740
77.96755,150,1299,-1734,533,4304,-141,351,740
77.96805,150,1299,-1734,532,4315,-140,351,740
77.96855,149,1299,-1734,533,4309,-140,351,740
77.96905,150,1299,-1734,533,4293,-140,351,740
77.96955,150,1299,-1734,533,4260,-140,351,740
77.97005,149,1299,-1734,533,4248,-140,351,740
77.97055,150,1299,-1734,533,4249,-141,351,740
77.97105,150,1299,-1734,533,4254,-141,351,740
77.97155,150,1299,-1734,533,4263,-141,351,740
77.97205,149,1299,-1734,533,4266,-140,351,740
77.97255,150,1299,-1734,533,4267,-141,352,739
77.97305,149,1299,-1733,533,4268,-140,351,740
77.97355,150,1299,-1733,532,4266,-141,351,740
77.97405,150,1299,-1734,533,4271,-141,351,740
77.97455,149,1299,-1733,533,4273,-140,351,740
77.97505,149,1299,-1733,533,4272,-141,352,740
77.97555,149,1299,-1733,533,4268,-140,351,740
77.97605,149,1298,-1734,533,4272,-141,351,740
77.97655,150,1298,-1734,533,4272,-141,351,740
77.97705,149,1298,-1734,533,4275,-140,351,740
77.97755,150,1299,-1734,533,4312,-140,351,740
77.97805,150,1299,-1734,532,4323,-140,351,740
77.97855,149,1298,-1735,532,4315,-141,351,740
77.97905,150,1298,-1734,532,4298,-140,351,740
77.97955,149,1299,-1735,532,4265,-141,352,740
77.98005,150,1299,-1735,533,4252,-140,351,740
77.98055,150,1299,-1734,533,4250,-140,351,740
77.98105,149,1299,-1734,533,4251,-140,351,740
77.98155,150,1299,-1734,533,4256,-140,352,740
77.98205,150,1299,-1734,533,4260,-140,351,740
77.98255,150,1299,-1734,534,4260,-140,351,740
77.98305,150,1299,-1734,534,4262,-141,351,740
77.98355,150,1299,-1734,534,4264,-140,351,740
77.98405,150,1299,-1735,533,4262,-141,351,740
77.98455,150,1299,-1736,534,4263,-140,352,740
77.98515,150,1298,-1736,534,4263,-140,351,740
77.98565,150,1299,-1735,534,4269,-140,352,740
77.98615,150,1299,-1735,533,4274,-140,352,740
77.98665,150,1299,-1734,533,4277,-140,352,740
77.98715,150,1298,-1733,533,4285,-140,351,740
77.98765,150,1299,-1733,533,4321,-140,351,740
77.98815,149,1299,-1733,533,4326,-140,351,740
77.98865,150,1299,-1733,533,4320,-140,351,740
77.98915,150,1299,-1733,533,4297,-140,352,740
77.98965,150,1299,-1733,532,4266,-140,352,740
77.99015,150,1298,-1733,532,4261,-140,351,740
77.99065,150,1298,-1733,532,4263,-141,351,740
77.99115,150,1299,-1734,532,4268,-140,352,740
77.99165,150,1299,-1735,532,4273,-140,352,740
77.99215,150,1298,-1736,532,4272,-141,352,740
77.99265,149,1299,-1736,532,4272,-140,351,740
77.99315,150,1299,-1735,532,4272,-140,351,740
77.99365,149,1299,-1734,533,4273,-140,352,740
77.99415,149,1299,-1734,533,4274,-140,351,740
77.99465,150,1298,-1734,534,4274,-140,351,740
77.99515,149,1299,-1734,533,4272,-140,351,740
77.99565,150,1299,-1734,533,4275,-140,351,740
77.99615,149,1299,-1734,534,4277,-140,351,740
77.99665,150,1298,-1734,534,4275,-140,351,740
77.99715,150,1299,-1734,535,4283,-140,351,740
77.99765,150,1298,-1735,535,4317,-140,351,740
77.99815,150,1298,-1735,534,4320,-140,351,740
77.99865,150,1299,-1735,533,4315,-141,352,740
77.99915,150,1299,-1734,532,4293,-140,352,739
77.99965,149,1299,-1734,531,4263,-140,352,740
78.00015,149,1299,-1734,530,4253,-140,351,739
78.00065,150,1299,-1734,531,4258,-140,351,740
78.00115,149,1299,-1734,531,4262,-140,351,740
78.00165,150,1299,-1734,532,4269,-140,351,739
78.00215,149,1299,-1734,532,4269,-140,351,740
78.00265,150,1299,-1734,532,4264,-140,351,740
78.00315,150,1299,-1734,532,4269,-140,351,740
78.00365,149,1299,-1735,532,4272,-140,351,740
78.00415,150,1299,-1735,532,4268,-140,351,740
78.00465,150,1299,-1735,533,4270,-140,352,740
78.00515,150,1299,-1734,532,4272,-140,352,740
78.00565,150,1299,-1733,533,4278,-140,352,740
78.00615,149,1298,-1734,533,4281,-140,352,740
78.00665,150,1299,-1734,533,4283,-140,352,740
78.00715,150,1299,-1734,533,4287,-140,352,740
78.00765,150,1299,-1735,534,4322,-140,351,740
78.00815,149,1299,-1735,534,4327,-140,352,740
78.00865,150,1299,-1735,534,4319,-140,351,740
78.00915,149,1298,-1735,534,4299,-140,351,740
78.00965,149,1299,-1735,534,4266,-140,352,740
78.01015,149,1299,-1735,534,4254,-140,352,740
78.01065,150,1298,-1735,532,4255,-140,351,740
78.01115,150,1299,-1735,532,4259,-140,351,740
78.01165,150,1299,-1735,531,4263,-140,351,739
78.01215,150,1299,-1735,532,4264,-140,351,740
78.01265,149,1299,-1734,532,4260,-140,351,739
78.01315,150,1299,-1734,532,4263,-140,352,740
78.01365,150,1299,-1733,532,4261,-140,351,740
78.01415,150,1299,-1733,532,4264,-140,352,739
78.01465,150,1299,-1733,531,4265,-140,352,740
78.01515,149,1299,-1734,531,4261,-140,351,739
78.01565,150,1299,-1734,531,4262,-140,352,740
78.01615,149,1299,-1735,532,4263,-140,351,740
78.01665,150,1299,-1735,532,4268,-140,351,740
78.01715,149,1299,-1736,534,4280,-140,351,740
78.01765,150,1298,-1736,534,4318,-140,351,740
78.01815,150,1299,-1736,534,4318,-140,351,739
78.01865,150,1299,-1735,533,4310,-140,352,740
78.01915,149,1298,-1736,533,4282,-140,352,740
78.01965,150,1299,-1735,532,4257,-140,352,739
78.02015,150,1299,-1734,532,4252,-140,352,739
78.02065,149,1299,-1733,532,4247,-140,352,740
78.02115,149,1299,-1733,532,4250,-140,351,739
78.02165,150,1299,-1733,532,4262,-140,351,739
78.02215,150,1299,-1733,532,4263,-140,351,740
78.02265,150,1299,-1734,532,4263,-140,351,739
78.02315,149,1298,-1734,533,4269,-140,351,740
78.02365,150,1299,-1734,533,4266,-140,352,739
78.02415,149,1298,-1735,533,4265,-140,352,739
78.02465,150,1298,-1734,533,4262,-140,351,740
78.02515,150,1299,-1734,533,4260,-140,351,739
78.02565,150,1299,-1734,532,4269,-140,351,740
78.02615,149,1299,-1734,532,4270,-140,351,740
78.02665,149,1299,-1734,531,4273,-140,352,739
78.02715,150,1299,-1734,532,4287,-140,351,740
78.02765,149,1299,-1734,533,4315,-140,351,740
78.02815,150,1298,-1734,533,4316,-140,351,739
78.02865,150,1298,-1735,533,4307,-140,351,740
78.02915,150,1298,-1735,533,4274,-140,351,739
78.02965,149,1298,-1735,533,4249,-140,351,739
78.03015,149,1299,-1734,533,4243,-140,351,739
78.03065,149,1298,-1734,533,4243,-140,351,739
78.03115,149,1298,-1734,533,4248,-140,351,739
78.03165,149,1299,-1735,533,4254,-140,351,739
78.03215,149,1298,-1735,533,4255,-140,351,739
78.032646,150,1299,-1735,533,4256,-140,351,739
78.03315,150,1298,-1734,533,4258,-140,351,739
78.03365,149,1299,-1734,533,4261,-140,351,739
78.03415,150,1299,-1734,532,4263,-140,351,739
78.03465,150,1299,-1734,532,4265,-140,351,739
78.03515,150,1299,-1734,532,4263,-140,351,739
78.03565,150,1299,-1735,532,4265,-140,351,740
78.03615,149,1298,-1734,532,4269,-140,352,739
78.03665,150,1298,-1734,532,4272,-140,352,739
78.03715,150,1299,-1734,533,4285,-140,351,740
78.03765,150,1298,-1735,533,4320,-140,351,739
78.03815,149,1299,-1735,535,4323,-140,352,739
78.03865,150,1298,-1734,534,4312,-140,352,740
78.03915,150,1299,-1734,534,4284,-140,352,739
78.03965,150,1298,-1734,534,4263,-140,352,739
78.04015,149,1299,-1734,534,4255,-140,352,740
78.04065,149,1299,-1734,534,4256,-140,352,739
78.04115,149,1299,-1734,534,4265,-140,352,740
78.04165,150,1299,-1734,533,4264,-140,352,739
78.04215,149,1298,-1733,533,4264,-140,351,739
78.04265,149,1299,-1734,532,4259,-140,351,739
78.04315,149,1298,-1735,532,4258,-140,351,739
78.04365,149,1299,-1735,532,4259,-140,352,739
78.04415,149,1298,-1735,532,4257,-140,351,739
78.04465,149,1299,-1735,532,4257,-140,352,739
78.04515,150,1299,-1734,531,4260,-140,351,740
78.04565,150,1299,-1734,531,4264,-140,351,739
78.04615,150,1298,-1735,531,4271,-140,351,739
78.04675,150,1299,-1735,532,4268,-140,351,740
78.04725,150,1298,-1735,532,4278,-140,351,739
78.04775,150,1299,-1734,532,4316,-140,351,739
78.04825,149,1299,-1734,532,4312,-140,351,739
78.04875,149,1299,-1734,533,4303,-140,351,739
78.04925,149,1299,-1735,533,4278,-140,352,739
78.04975,149,1299,-1734,534,4251,-140,351,739
78.05025,150,1299,-1734,534,4246,-140,352,739
78.05075,150,1298,-1735,534,4249,-140,351,740
78.05125,150,1298,-1735,534,4256,-140,352,739
78.05175,150,1298,-1735,533,4266,-140,351,739
78.05225,150,1299,-1735,533,4264,-140,351,739
78.05275,150,1299,-1735,533,4262,-140,351,739
78.05325,150,1298,-1735,533,4264,-140,351,739
78.05375,149,1299,-1735,533,4266,-140,352,739
78.05425,149,1299,-1735,533,4269,-141,351,739
78.05475,149,1299,-1734,533,4271,-140,351,739
78.05525,150,1299,-1735,533,4273,-140,352,739
78.05575,149,1299,-1734,533,4271,-140,351,739
78.05625,149,1298,-1734,533,4275,-140,352,739
78.05675,149,1299,-1734,533,4275,-140,351,740
78.05725,150,1298,-1734,534,4299,-140,351,740
78.05775,150,1299,-1734,533,4332,-140,351,739
78.05825,150,1298,-1734,533,4326,-140,351,739
78.05875,150,1299,-1734,532,4309,-140,351,739
78.05925,150,1299,-1734,532,4276,-140,351,739
78.05975,149,1299,-1734,531,4254,-140,351,739
78.06025,150,1299,-1734,531,4251,-140,351,739
78.06075,150,1298,-1734,532,4252,-140,352,739
78.06125,150,1299,-1734,532,4256,-140,352,739
78.06175,150,1299,-1734,532,4260,-140,351,739
78.06225,149,1298,-1734,531,4262,-140,351,739
78.06275,150,1299,-1734,531,4262,-140,352,739
78.06325,150,1299,-1734,532,4262,-140,352,739
78.06375,150,1299,-1735,532,4261,-141,352,739
78.06425,149,1299,-1735,532,4257,-140,352,739
78.06475,150,1298,-1735,533,4256,-140,351,739
78.06525,150,1299,-1735,533,4257,-140,352,739
78.06575,150,1299,-1735,533,4262,-140,352,739
78.06625,150,1298,-1735,533,4267,-140,351,739
78.06675,149,1299,-1735,533,4269,-140,351,739
78.06725,150,1299,-1735,533,4296,-140,351,739
78.06775,149,1299,-1736,533,4319,-140,351,739
78.06825,149,1299,-1736,533,4313,-140,351,739
78.06875,149,1298,-1736,533,4300,-140,351,739
78.06925,149,1299,-1736,533,4266,-140,352,739
78.06975,149,1299,-1736,533,4249,-140,352,739
78.07025,150,1299,-1736,533,4249,-140,351,739
78.07075,149,1298,-1736,533,4253,-141,351,739
78.07125,150,1298,-1735,532,4262,-140,351,739
78.07175,149,1299,-1735,532,4267,-140,351,739
78.07225,149,1298,-1734,533,4269,-140,351,739
78.07275,149,1298,-1734,533,4269,-140,351,740
78.07325,150,1299,-1735,533,4271,-140,352,740
78.07375,149,1298,-1735,534,4276,-140,352,740
78.07425,150,1298,-1736,534,4277,-140,352,740
78.07475,150,1298,-1736,535,4276,-140,351,740
78.07525,150,1299,-1736,535,4272,-140,351,740
78.07575,150,1298,-1735,534,4271,-140,351,740
78.07625,149,1299,-1734,532,4273,-140,351,740
78.07675,150,1298,-1733,531,4271,-140,351,740
78.07725,150,1298,-1733,531,4297,-140,351,740
78.07775,150,1298,-1733,530,4322,-140,350,740
78.07825,150,1299,-1734,531,4317,-140,351,740
78.07875,149,1298,-1734,531,4305,-140,351,740
78.07925,150,1298,-1735,532,4273,-140,351,739
78.07975,149,1299,-1734,532,4252,-140,351,739
78.08025,150,1298,-1734,532,4243,-140,351,740
78.08075,150,1298,-1734,532,4244,-140,351,739
78.08125,150,1299,-1734,532,4255,-140,351,739
78.08175,149,1299,-1734,533,4254,-140,351,739
78.08225,150,1299,-1734,533,4251,-140,352,739
78.08275,149,1298,-1734,534,4251,-140,352,740
78.08325,150,1299,-1734,533,4255,-140,352,740
78.08375,150,1299,-1734,534,4261,-140,352,740
78.08425,150,1299,-1734,533,4259,-140,351,740
78.08475,150,1299,-1735,532,4260,-140,351,740
78.08525,149,1299,-1735,532,4261,-140,351,739
78.08575,149,1299,-1735,532,4263,-140,351,740
78.08625,150,1299,-1735,532,4263,-140,352,740
78.08675,149,1298,-1735,532,4268,-140,351,740
78.08725,150,1299,-1735,533,4292,-140,351,740
78.08775,150,1298,-1735,532,4321,-140,351,740
78.08825,150,1298,-1736,532,4319,-140,351,740
78.08875,150,1299,-1735,532,4310,-140,352,740
78.08925,150,1298,-1735,532,4281,-140,351,740
78.08975,149,1299,-1736,532,4256,-140,352,740
78.09025,150,1298,-1735,533,4252,-140,352,740
78.09075,150,1298,-1735,532,4254,-140,352,740
78.09125,150,1298,-1734,532,4259,-140,351,740
78.09175,150,1299,-1733,532,4262,-140,351,740
78.09225,150,1299,-1733,533,4262,-140,351,740
78.09275,150,1298,-1734,532,4261,-140,351,740
78.09325,149,1299,-1734,532,4261,-140,351,740
78.09375,150,1299,-1734,532,4262,-140,351,740
78.09425,149,1299,-1734,532,4263,-140,351,740
78.09475,150,1298,-1735,533,4264,-140,351,740
78.09525,150,1298,-1735,532,4264,-140,351,740
78.09575,149,1299,-1735,533,4261,-140,352,740
78.09625,149,1299,-1734,533,4263,-140,352,740
78.09675,150,1298,-1734,533,4262,-140,352,740
78.09725,150,1298,-1734,533,4284,-140,351,740
78.09775,149,1299,-1735,533,4312,-140,351,740
78.09825,150,1298,-1735,533,4307,-140,351,740
78.09875,150,1299,-1735,533,4297,-140,351,740
78.09925,149,1299,-1735,532,4267,-140,352,740
78.09975,150,1299,-1735,532,4246,-140,352,740
78.10025,150,1299,-1735,532,4243,-140,352,740
78.10075,150,1298,-1734,532,4244,-140,351,740
78.10125,149,1298,-1734,533,4249,-140,351,740
78.10175,149,1298,-1734,533,4256,-140,351,740
78.10225,150,1298,-1734,533,4257,-140,351,740
78.10275,150,1299,-1734,533,4257,-140,351,740
78.10325,150,1299,-1734,533,4259,-140,352,740
78.10375,150,1299,-1735,533,4260,-140,352,740
78.10425,149,1298,-1735,533,4257,-140,352,740
78.10475,150,1299,-1734,533,4259,-140,351,740
78.10525,150,1299,-1734,533,4262,-140,352,740
78.10575,150,1298,-1734,533,4268,-140,352,740
78.10625,149,1298,-1734,533,4272,-140,351,740
78.10675,149,1299,-1735,533,4279,-140,351,740
78.10725,150,1298,-1735,533,4315,-140,351,740
78.10775,149,1298,-1734,533,4321,-140,351,740
78.10825,150,1299,-1734,532,4312,-140,351,740
78.10885,149,1298,-1735,532,4290,-140,351,740
78.10935,150,1299,-1735,532,4256,-140,351,740
78.10985,150,1299,-1735,533,4248,-140,351,740
78.11035,150,1298,-1734,532,4250,-140,351,740
78.11085,150,1299,-1734,533,4254,-140,351,740
78.11135,150,1298,-1734,533,4260,-140,352,740
78.11185,149,1299,-1734,533,4262,-140,351,740
78.11235,150,1299,-1734,532,4263,-140,351,740
78.11285,150,1298,-1735,532,4262,-140,351,740
78.11335,150,1298,-1735,532,4261,-140,351,740
78.11385,149,1299,-1736,533,4261,-140,351,740
78.11435,150,1299,-1736,533,4262,-140,351,740
78.11485,150,1299,-1736,533,4262,-140,351,740
78.11535,150,1299,-1736,533,4260,-140,351,740
78.11585,150,1299,-1736,533,4261,-140,351,740
78.11635,150,1298,-1735,533,4264,-140,351,740
78.11685,150,1299,-1734,533,4269,-140,351,740
78.11735,149,1298,-1733,533,4307,-140,351,741
78.11785,150,1298,-1733,532,4314,-140,351,740
78.11835,150,1299,-1733,532,4305,-140,352,740
78.11885,150,1299,-1734,532,4288,-140,352,740
78.11935,150,1299,-1734,532,4259,-140,352,740
78.11985,150,1298,-1735,533,4250,-140,352,740
78.12035,150,1299,-1734,533,4251,-140,352,740
78.12085,150,1299,-1734,533,4257,-140,352,741
78.12135,150,1298,-1734,532,4261,-140,352,740
78.12185,150,1298,-1734,533,4260,-140,352,740
78.12235,150,1299,-1734,533,4264,-140,352,740
78.12285,149,1298,-1735,533,4265,-140,351,740
78.12335,149,1299,-1735,533,4267,-140,352,740
78.12385,150,1299,-1734,533,4267,-140,352,740
78.12435,150,1298,-1735,533,4263,-140,352,740
78.12485,150,1298,-1735,532,4263,-140,352,740
78.12535,150,1298,-1734,533,4264,-140,351,740
78.12585,150,1298,-1734,532,4265,-140,352,740
78.12635,150,1298,-1734,532,4268,-140,352,740
78.12685,150,1299,-1734,532,4273,-140,352,740
78.12735,150,1298,-1735,533,4311,-139,351,740
78.12785,150,1298,-1735,532,4319,-140,351,740
78.12835,150,1298,-1735,532,4312,-140,352,740
78.12885,149,1298,-1735,532,4293,-140,352,740
78.12935,149,1298,-1735,533,4260,-140,352,740
78.12985,149,1298,-1735,533,4248,-140,351,740
78.13035,150,1298,-1735,533,4247,-140,351,740
78.13085,150,1298,-1735,533,4251,-140,352,740
78.13135,150,1298,-1735,532,4256,-140,351,741
78.13185,150,1299,-1735,533,4257,-140,352,741
78.13235,150,1298,-1735,533,4253,-140,352,740
78.13285,149,1299,-1734,533,4254,-140,352,740
78.13335,150,1298,-1734,533,4261,-140,352,740
78.13385,150,1299,-1734,533,4265,-140,352,740
78.13435,150,1299,-1734,533,4265,-140,351,740
78.13485,150,1298,-1734,532,4266,-140,352,740
78.13535,150,1298,-1734,533,4265,-140,351,740
78.13585,150,1298,-1734,533,4265,-140,351,740
78.13635,150,1298,-1734,533,4267,-140,351,741
78.13685,150,1298,-1734,533,4275,-140,351,740
78.13735,150,1298,-1734,533,4310,-140,351,741
78.13785,150,1298,-1735,532,4318,-140,351,740
78.13835,150,1299,-1735,532,4310,-140,352,740
78.13885,150,1298,-1735,532,4293,-140,352,740
78.13935,150,1298,-1734,532,4265,-140,352,740
78.13985,150,1299,-1735,533,4256,-140,352,740
78.14035,149,1298,-1735,532,4255,-140,352,740
78.14085,150,1298,-1735,532,4255,-140,352,741
78.14135,150,1298,-1735,532,4260,-140,351,740
78.14185,149,1298,-1735,532,4260,-140,351,740
78.14235,150,1298,-1735,532,4262,-140,351,740
78.14285,149,1298,-1735,532,4262,-140,351,740
78.14335,150,1299,-1735,533,4262,-140,352,740
78.14385,150,1298,-1735,532,4262,-140,352,741
78.14435,150,1299,-1736,533,4258,-140,351,740
78.14485,149,1298,-1735,533,4253,-140,351,740
78.14535,150,1299,-1735,533,4257,-140,351,740
78.14585,150,1298,-1734,533,4264,-140,352,740
78.14635,150,1298,-1735,533,4266,-140,351,741
78.14685,150,1298,-1735,533,4275,-140,351,741
78.14735,149,1298,-1735,533,4306,-140,351,741
78.14785,149,1298,-1735,532,4305,-140,351,741
78.14835,150,1298,-1735,532,4297,-140,351,740
78.14885,150,1298,-1734,532,4273,-140,351,740
78.14935,149,1299,-1734,532,4249,-140,351,740
78.14985,149,1299,-1734,532,4246,-140,352,741
78.15035,150,1299,-1734,533,4248,-140,351,741
78.15085,149,1299,-1734,533,4248,-140,352,741
78.15135,150,1298,-1735,533,4253,-140,352,741
78.15185,150,1298,-1736,533,4256,-140,352,740
78.15235,150,1298,-1736,533,4258,-140,352,740
78.15285,150,1299,-1736,533,4263,-140,351,741
78.15335,150,1299,-1736,533,4265,-140,351,741
78.15385,149,1298,-1736,533,4261,-140,352,740
78.15435,149,1299,-1736,533,4263,-140,352,741
78.15485,150,1298,-1736,533,4269,-140,351,740
78.15535,150,1299,-1735,533,4265,-140,351,740
78.15585,150,1298,-1734,532,4270,-140,351,740
78.15635,150,1298,-1734,533,4273,-140,352,740
78.15685,150,1298,-1735,533,4286,-140,352,740
78.15735,150,1298,-1735,533,4320,-140,352,741
78.15785,149,1298,-1735,533,4318,-140,352,740
78.15835,150,1298,-1735,533,4305,-140,351,741
78.15885,149,1298,-1735,534,4280,-140,352,740
78.15935,150,1298,-1735,534,4251,-140,352,740
78.15985,149,1298,-1735,533,4248,-140,352,740
78.16035,149,1299,-1735,532,4251,-140,352,740
78.16085,149,1299,-1734,532,4256,-140,352,740
78.16135,149,1299,-1734,532,4260,-140,352,741
78.16185,150,1298,-1735,532,4260,-140,352,740
78.16235,149,1299,-1735,533,4254,-140,352,740
78.16285,149,1298,-1734,532,4255,-140,352,740
78.16335,150,1298,-1735,533,4256,-140,351,740
78.16385,150,1299,-1734,533,4256,-140,352,740
78.16435,149,1299,-1734,532,4251,-140,352,740
78.16485,149,1299,-1735,533,4251,-140,352,740
78.16535,150,1298,-1734,533,4252,-140,352,740
78.16585,149,1298,-1734,533,4254,-140,351,740
78.16635,149,1298,-1734,533,4258,-140,351,740
78.16685,150,1298,-1734,533,4275,-140,351,740
78.16735,150,1299,-1734,533,4311,-140,351,741
78.16785,149,1299,-1734,531,4309,-140,351,740
78.16835,150,1299,-1734,531,4296,-140,351,740
78.16885,150,1298,-1735,532,4273,-140,352,740
78.16935,149,1299,-1735,532,4249,-140,352,740
78.16985,150,1298,-1734,532,4244,-140,352,740
78.17045,150,1299,-1735,532,4247,-140,352,740
78.17095,149,1298,-1735,533,4254,-140,351,740
78.17145,149,1299,-1735,533,4258,-140,352,740
78.17195,149,1298,-1735,533,4261,-140,352,740
78.17245,149,1298,-1735,533,4264,-140,352,740
78.17295,150,1298,-1735,533,4263,-140,352,740
78.17345,149,1298,-1735,533,4263,-140,352,740
78.17395,150,1298,-1735,533,4265,-140,351,740
78.17445,149,1298,-1735,533,4265,-140,351,740
78.17495,150,1298,-1735,533,4264,-140,351,740
78.17545,150,1299,-1736,533,4262,-140,352,741
78.17595,150,1298,-1736,533,4259,-140,352,740
78.17645,149,1298,-1736,533,4257,-140,352,740
78.17695,150,1298,-1735,533,4279,-140,351,740
78.17745,149,1298,-1736,532,4312,-140,351,740
78.17795,150,1299,-1735,532,4309,-140,352,740
78.17845,149,1299,-1734,532,4300,-140,352,740
78.17895,150,1299,-1734,532,4271,-140,352,740
78.17945,149,1298,-1734,532,4245,-140,352,740
78.17995,149,1298,-1734,532,4240,-140,352,740
78.18045,150,1299,-1734,533,4238,-140,351,740
78.18095,149,1298,-1734,533,4241,-140,351,740
78.18145,149,1298,-1735,533,4247,-140,352,740
78.18195,149,1298,-1735,533,4251,-140,352,740
78.18245,150,1298,-1735,533,4251,-140,352,740
78.18295,150,1299,-1735,533,4249,-140,351,740
78.18345,150,1299,-1735,533,4251,-140,352,740
78.18395,149,1298,-1734,532,4252,-140,351,740
78.18445,150,1298,-1734,532,4249,-140,352,740
78.18495,149,1299,-1734,532,4248,-140,351,740
78.18545,149,1298,-1734,532,4250,-140,351,740
78.18595,150,1299,-1735,532,4255,-140,352,740
78.18645,150,1299,-1735,532,4258,-140,351,740
78.18695,150,1299,-1734,533,4276,-140,351,740
78.18745,150,1298,-1735,533,4310,-140,351,740
78.18795,149,1298,-1735,533,4309,-140,351,740
78.18845,149,1299,-1735,532,4301,-140,351,740
78.18895,150,1299,-1735,532,4272,-140,352,740
78.18945,150,1299,-1736,532,4248,-140,352,740
78.18995,150,1298,-1736,533,4246,-140,351,740
78.19045,150,1299,-1736,532,4247,-140,352,740
78.19095,149,1298,-1735,532,4252,-140,351,740
78.19145,149,1298,-1735,532,4256,-140,352,740
78.19195,149,1299,-1735,532,4257,-140,352,740
78.19245,150,1298,-1735,532,4256,-140,352,740
78.19295,149,1299,-1735,531,4255,-140,352,740
78.19345,150,1299,-1735,532,4255,-140,351,740
78.19395,149,1298,-1734,532,4256,-140,352,740
78.19445,150,1299,-1734,532,4257,-140,351,740
78.19495,149,1299,-1735,532,4257,-140,351,740
78.19545,150,1299,-1736,533,4256,-140,352,740
78.19595,149,1299,-1736,534,4256,-140,351,740
78.19645,149,1299,-1737,534,4256,-140,351,740
78.19695,150,1299,-1737,535,4281,-140,351,740
78.19745,150,1298,-1737,534,4306,-140,351,740
78.19795,150,1299,-1737,534,4301,-140,352,740
78.19845,150,1299,-1737,534,4290,-140,352,740
78.19895,150,1299,-1735,533,4259,-140,352,740
78.19945,149,1299,-1732,532,4240,-140,351,740
78.19995,150,1298,-1731,532,4238,-140,352,740
78.20045,150,1299,-1732,532,4241,-140,351,740
78.20095,150,1298,-1733,532,4249,-140,352,740
78.20145,150,1299,-1734,532,4252,-140,351,740
78.20195,150,1298,-1735,532,4254,-140,352,740
78.20245,149,1299,-1735,532,4253,-140,351,740
78.20295,149,1299,-1735,533,4253,-140,352,740
78.20345,149,1298,-1735,534,4255,-140,352,740
78.20395,149,1298,-1735,535,4256,-140,352,740
78.20445,149,1298,-1736,535,4254,-140,352,740
78.20495,150,1299,-1736,536,4255,-141,352,740
78.20545,149,1298,-1736,536,4259,-140,352,740
78.20595,150,1298,-1736,536,4261,-140,352,740
78.20645,150,1298,-1735,535,4264,-140,352,740
78.20695,150,1299,-1735,535,4281,-140,352,740
78.20745,150,1299,-1735,535,4315,-140,351,740
78.20795,149,1299,-1735,535,4314,-140,352,740
78.20845,150,1299,-1735,533,4304,-140,352,740
78.20895,149,1299,-1734,530,4277,-140,352,739
78.20945,149,1299,-1734,528,4248,-141,351,740
78.20995,149,1299,-1734,529,4239,-140,351,740
78.21045,150,1299,-1734,530,4244,-140,351,740
78.21095,149,1299,-1734,531,4251,-140,351,740
78.21145,149,1299,-1735,532,4257,-140,351,740
78.21195,150,1299,-1734,531,4259,-140,351,740
78.21245,149,1298,-1734,531,4259,-140,351,740
78.21295,149,1299,-1734,532,4258,-140,351,740
78.21345,149,1299,-1734,532,4258,-140,351,740
78.21395,150,1298,-1734,532,4259,-140,351,740
78.21445,149,1299,-1734,532,4259,-140,351,740
78.21495,150,1299,-1735,532,4259,-140,352,740
78.21545,150,1299,-1735,532,4257,-141,352,740
78.21595,150,1298,-1735,532,4258,-140,352,740
78.21645,150,1298,-1735,532,4260,-141,352,740
78.21695,150,1299,-1735,533,4285,-140,351,740
78.21745,149,1298,-1734,533,4314,-140,351,740
78.21795,149,1299,-1734,533,4312,-140,352,740
78.21845,149,1299,-1735,534,4302,-140,352,740
78.21895,150,1299,-1735,533,4272,-140,352,739
78.21945,149,1299,-1736,533,4250,-140,351,740
78.21995,149,1298,-1736,534,4243,-140,352,740
78.22045,150,1299,-1736,534,4248,-140,352,740
78.22095,149,1298,-1736,534,4256,-140,352,740
78.22145,149,1299,-1736,532,4264,-140,351,740
78.22195,149,1299,-1736,532,4268,-140,351,740
78.22245,150,1299,-1736,531,4268,-140,351,740
78.222946,150,1299,-1736,531,4266,-140,351,740
78.22345,149,1299,-1735,530,4266,-140,351,740
78.22395,149,1299,-1734,530,4267,-140,351,740
78.22445,149,1299,-1734,530,4263,-140,351,740
78.22495,150,1299,-1734,532,4261,-140,351,740
78.22545,150,1299,-1734,532,4260,-140,351,740
78.22595,150,1298,-1734,532,4264,-140,351,740
78.22645,149,1298,-1735,532,4267,-140,351,740
78.22695,150,1298,-1734,533,4301,-140,351,740
78.22745,150,1298,-1734,532,4319,-140,351,740
78.22795,149,1299,-1734,533,4312,-140,351,740
78.22845,149,1299,-1734,533,4296,-140,352,740
78.22895,150,1299,-1734,533,4261,-140,352,740
78.22945,150,1299,-1734,532,4248,-140,351,740
78.22995,149,1299,-1734,532,4247,-140,351,740
78.23045,150,1298,-1734,532,4250,-140,352,740
78.23095,150,1299,-1734,532,4256,-140,351,740
78.23145,149,1299,-1734,533,4257,-140,352,740
78.23195,149,1299,-1734,533,4258,-140,352,740
78.23255,150,1299,-1735,533,4260,-140,351,740
78.23305,150,1298,-1736,534,4260,-140,352,740
78.23355,149,1298,-1735,534,4262,-140,352,740
78.23405,150,1299,-1737,535,4264,-140,352,740
78.23455,149,1299,-1737,535,4266,-140,352,740
78.23505,149,1299,-1737,535,4267,-140,352,740
78.23555,150,1299,-1736,535,4265,-140,352,740
78.23605,150,1298,-1735,535,4265,-140,352,741
78.23655,149,1299,-1735,536,4267,-141,352,740
78.23705,150,1299,-1735,536,4296,-140,351,740
78.23755,149,1299,-1735,535,4319,-140,352,740
78.23805,150,1299,-1735,533,4318,-140,351,740
78.23855,149,1299,-1735,530,4306,-140,351,740
78.23905,149,1299,-1734,530,4274,-140,352,740
78.23955,149,1299,-1734,529,4258,-140,351,740
78.24005,150,1299,-1734,529,4257,-140,352,740
78.24055,150,1298,-1734,530,4261,-140,351,740
78.24105,150,1299,-1734,530,4265,-140,352,740
78.24155,150,1299,-1735,531,4266,-140,351,740
78.24205,150,1299,-1735,532,4266,-140,351,740
78.24255,149,1299,-1735,532,4265,-140,351,740
78.24305,149,1298,-1735,532,4262,-140,351,740
78.24355,149,1299,-1735,532,4263,-140,351,740
78.24405,150,1298,-1735,532,4263,-140,351,740
78.24455,150,1299,-1735,531,4261,-140,351,740
78.24505,150,1299,-1735,532,4261,-140,352,741
78.24555,150,1299,-1735,532,4262,-140,352,740
78.24605,149,1299,-1735,532,4260,-140,352,740
78.24655,150,1298,-1734,532,4268,-140,352,740
78.24705,149,1299,-1734,533,4305,-140,351,741
78.24755,150,1299,-1734,533,4318,-140,351,740
78.24805,150,1298,-1734,533,4307,-140,351,740
78.24855,149,1299,-1734,532,4295,-140,352,740
78.24905,149,1299,-1735,532,4263,-140,352,740
78.24955,150,1299,-1735,532,4250,-140,352,740
78.25005,150,1299,-1735,532,4251,-140,352,740
78.25055,150,1299,-1736,532,4255,-140,352,740
78.25105,150,1299,-1735,532,4261,-140,352,740
78.25155,149,1298,-1735,531,4264,-140,352,740
78.25205,150,1299,-1735,532,4265,-140,351,740
78.25255,149,1298,-1735,533,4265,-140,352,740
78.25305,150,1298,-1735,533,4267,-140,352,740
78.25355,150,1298,-1735,534,4269,-141,351,740
78.25405,150,1298,-1735,535,4271,-140,352,740
78.25455,149,1299,-1735,535,4273,-140,352,740
78.25505,150,1298,-1735,535,4274,-140,352,740
78.25555,150,1299,-1735,534,4273,-140,352,740
78.25605,150,1299,-1735,534,4276,-140,351,740
78.25655,150,1299,-1734,533,4278,-140,352,740
78.25705,150,1299,-1734,533,4313,-140,351,741
78.25755,150,1298,-1734,531,4327,-140,351,740
78.25805,150,1299,-1734,530,4316,-140,351,740
78.25855,150,1299,-1734,529,4303,-140,351,740
78.25905,150,1299,-1735,529,4271,-140,352,740
78.25955,149,1298,-1735,529,4256,-140,351,740
78.26005,149,1298,-1735,530,4254,-140,352,740
78.26055,150,1299,-1735,532,4255,-140,352,740
78.26105,149,1298,-1735,532,4261,-140,352,740
78.26155,149,1299,-1735,534,4267,-140,352,740
78.26205,150,1299,-1735,534,4269,-140,351,740
78.26255,149,1299,-1735,534,4267,-140,352,741
78.26305,150,1298,-1734,535,4262,-140,352,740
78.26355,149,1298,-1735,533,4258,-140,351,740
78.26405,149,1299,-1735,533,4263,-140,352,740
78.26455,150,1299,-1735,532,4261,-140,352,740
78.26505,150,1299,-1735,531,4259,-140,351,740
78.26555,150,1298,-1735,530,4260,-140,352,740
78.26605,150,1299,-1735,531,4263,-140,351,740
78.26655,150,1298,-1735,530,4263,-140,352,740
78.26705,150,1298,-1735,532,4298,-140,351,740
78.26755,150,1299,-1736,532,4323,-140,351,739
78.26805,150,1298,-1736,532,4315,-140,352,740
78.26855,150,1298,-1735,532,4297,-140,352,740
78.26905,150,1298,-1735,532,4270,-140,352,740
78.26955,150,1298,-1734,533,4255,-140,352,740
78.27005,150,1298,-1734,533,4253,-140,351,740
78.27055,150,1298,-1735,533,4256,-140,352,740
78.27105,150,1299,-1735,534,4262,-140,352,740
78.27155,150,1299,-1735,534,4268,-140,352,740
78.27205,150,1299,-1734,533,4270,-140,351,740
78.27255,150,1299,-1734,533,4271,-140,351,740
78.27305,149,1298,-1734,533,4270,-140,351,740
78.27355,150,1298,-1734,532,4271,-140,351,740
78.27405,150,1299,-1734,532,4271,-140,351,740
78.27455,149,1298,-1734,531,4271,-140,351,740
78.27505,149,1299,-1733,530,4270,-140,351,740
78.27555,149,1299,-1734,530,4267,-140,351,740
78.27605,150,1299,-1734,531,4265,-141,351,740
78.27655,150,1299,-1735,532,4278,-140,351,740
78.27705,150,1298,-1736,532,4313,-140,352,741
78.27755,149,1299,-1736,532,4314,-140,351,740
78.27805,149,1299,-1736,532,4304,-140,351,740
78.27855,150,1298,-1736,531,4283,-141,352,740
78.27905,150,1299,-1736,532,4257,-140,352,740
78.27955,150,1299,-1735,532,4249,-140,351,740
78.28005,149,1299,-1735,532,4249,-140,352,741
78.28055,149,1299,-1734,532,4252,-141,351,741
78.28105,150,1299,-1734,532,4251,-140,352,741
78.28155,149,1299,-1733,532,4251,-140,351,740
78.28205,150,1299,-1734,532,4254,-140,352,741
78.28255,149,1299,-1734,532,4258,-140,351,741
78.28305,149,1299,-1735,532,4253,-140,352,741
78.28355,149,1299,-1734,532,4253,-140,352,740
78.28405,150,1299,-1735,533,4256,-140,351,741
78.28455,150,1299,-1735,532,4258,-140,352,740
78.28505,149,1299,-1735,531,4255,-140,351,740
78.28555,150,1299,-1736,531,4260,-140,352,740
78.28605,150,1299,-1736,531,4263,-140,351,740
78.28655,150,1299,-1736,532,4276,-140,351,741
78.28705,150,1298,-1736,531,4314,-140,351,741
78.28755,150,1299,-1735,531,4314,-140,351,740
78.28805,150,1298,-1735,531,4307,-140,351,740
78.28855,150,1298,-1735,532,4290,-140,352,740
78.28905,150,1299,-1734,533,4262,-140,352,740
78.28955,150,1298,-1734,533,4255,-140,352,740
78.29005,149,1299,-1734,533,4255,-140,351,740
78.29055,150,1299,-1734,533,4261,-140,352,741
78.29105,150,1299,-1735,532,4264,-140,351,740
78.29155,150,1299,-1735,533,4260,-140,352,740
78.29205,150,1299,-1734,533,4262,-140,352,741
78.29255,150,1299,-1734,532,4262,-140,352,740
78.29305,150,1298,-1735,533,4259,-140,352,740
78.29355,149,1299,-1735,533,4263,-140,352,740
78.29415,150,1298,-1735,533,4266,-140,352,741
78.29465,150,1299,-1735,532,4266,-140,352,740
78.29515,150,1299,-1735,532,4260,-140,352,740
78.29565,150,1298,-1735,532,4261,-140,352,740
78.29615,150,1299,-1735,532,4265,-140,351,740
78.29665,150,1298,-1734,532,4277,-140,351,740
78.29715,150,1299,-1734,531,4310,-140,351,741
78.29765,150,1298,-1734,531,4308,-141,352,741
78.29815,150,1299,-1734,531,4295,-140,351,740
78.29865,150,1299,-1734,531,4267,-140,352,740
78.29915,149,1299,-1734,531,4246,-140,352,740
78.29965,150,1299,-1735,532,4243,-140,352,740
78.30015,149,1299,-1735,532,4243,-140,352,741
78.30065,150,1299,-1736,532,4246,-140,352,740
78.30115,149,1299,-1736,533,4249,-140,351,741
78.30165,149,1298,-1736,532,4257,-140,352,741
78.30215,150,1298,-1735,532,4256,-141,352,741
78.30265,150,1299,-1734,533,4255,-140,352,740
78.30315,150,1299,-1735,532,4254,-140,352,740
78.30365,149,1299,-1735,533,4261,-140,352,740
78.30415,149,1299,-1735,533,4264,-140,352,740
78.30465,149,1299,-1735,533,4261,-140,352,740
78.30515,149,1299,-1735,533,4261,-140,352,740
78.30565,149,1299,-1735,532,4262,-140,352,740
78.30615,150,1299,-1735,533,4263,-140,352,740
78.30665,149,1299,-1735,533,4277,-140,351,741
78.30715,150,1298,-1735,532,4316,-140,351,741
78.30765,149,1299,-1735,531,4312,-140,351,741
78.30815,149,1299,-1735,531,4301,-140,351,741
78.30865,150,1298,-1735,531,4274,-141,351,740
78.30915,150,1299,-1735,531,4247,-140,351,740
78.30965,150,1299,-1735,532,4247,-140,351,740
78.31015,149,1299,-1735,532,4250,-140,352,741
78.31065,150,1299,-1735,532,4252,-140,352,740
78.31115,149,1299,-1735,532,4253,-140,351,741
78.31165,150,1299,-1734,532,4258,-140,352,740
78.31215,150,1299,-1734,532,4257,-140,352,741
78.31265,150,1298,-1734,532,4260,-140,352,741
78.31315,149,1299,-1734,532,4255,-140,352,740
78.31365,150,1298,-1734,532,4253,-140,351,740
78.31415,149,1299,-1735,532,4259,-140,352,740
78.31465,150,1299,-1735,532,4261,-140,351,741
78.31515,149,1299,-1735,533,4260,-140,352,740
78.31565,150,1299,-1735,532,4255,-140,352,741
78.31615,149,1299,-1735,533,4255,-140,352,741
78.31665,149,1299,-1735,533,4276,-140,351,741
78.31715,149,1299,-1735,532,4305,-140,351,741
78.31765,150,1299,-1735,532,4302,-140,351,741
78.31815,150,1299,-1735,532,4296,-140,351,740
78.31865,149,1299,-1735,531,4271,-141,352,740
78.31915,150,1299,-1735,532,4253,-140,352,740
78.31965,150,1299,-1735,532,4251,-140,352,740
78.32015,149,1299,-1735,532,4253,-140,352,741
78.32065,150,1299,-1735,532,4258,-140,352,740
78.32115,150,1299,-1735,532,4258,-140,352,741
78.32165,150,1299,-1735,532,4265,-140,352,740
78.32215,150,1299,-1735,532,4264,-140,352,740
78.32265,150,1299,-1735,532,4267,-140,352,740
78.32315,149,1298,-1735,532,4267,-140,352,740
78.32365,150,1299,-1735,532,4266,-140,351,740
78.32415,149,1299,-1735,533,4267,-140,352,740
78.32465,150,1299,-1735,532,4263,-140,351,741
78.32515,149,1298,-1735,532,4259,-140,351,741
78.32565,150,1299,-1735,532,4255,-140,351,740
78.32615,149,1298,-1735,532,4255,-140,352,741
78.32665,150,1299,-1735,532,4274,-140,351,741
78.32715,150,1298,-1735,532,4309,-140,351,741
78.32765,150,1298,-1735,532,4310,-141,351,740
78.32815,149,1299,-1736,532,4305,-140,351,740
78.32865,150,1298,-1736,532,4284,-140,352,740
78.32915,149,1299,-1736,532,4257,-140,352,740
78.32965,150,1299,-1736,532,4249,-140,352,741
78.33015,150,1299,-1735,532,4247,-140,352,740
78.33065,149,1299,-1735,532,4248,-140,352,741
78.33115,149,1299,-1734,532,4255,-140,352,741
78.33165,150,1299,-1733,532,4254,-140,352,740
78.33215,150,1299,-1734,532,4252,-140,352,740
78.33265,150,1299,-1734,532,4258,-140,352,740
78.33315,150,1299,-1734,532,4263,-141,352,740
78.33365,150,1299,-1735,532,4265,-140,352,740
78.33415,149,1299,-1735,533,4266,-140,352,741
78.33465,150,1299,-1736,533,4266,-140,352,741
78.33515,149,1299,-1735,533,4262,-140,352,740
78.33565,150,1299,-1735,533,4260,-140,352,740
78.33615,150,1299,-1735,533,4265,-140,352,740
78.33665,150,1298,-1736,534,4296,-140,352,741
78.33715,150,1299,-1735,534,4318,-140,351,741
78.33765,150,1299,-1735,534,4311,-140,351,741
78.33815,149,1299,-1736,534,4302,-141,352,741
78.33865,149,1299,-1736,534,4272,-140,352,740
78.33915,149,1299,-1735,533,4255,-140,352,740
78.33965,149,1299,-1735,533,4258,-140,352,740
78.34015,149,1299,-1735,533,4260,-140,352,740
78.34065,149,1299,-1735,532,4264,-140,352,740
78.34115,150,1298,-1735,531,4269,-141,352,740
78.34165,150,1299,-1735,530,4271,-140,351,740
78.34215,150,1299,-1735,530,4270,-141,352,740
78.34265,150,1299,-1735,531,4268,-140,352,740
78.34315,150,1299,-1735,532,4264,-140,352,741
78.34365,149,1299,-1735,532,4263,-140,351,740
78.34415,150,1299,-1735,532,4260,-140,351,741
78.34465,150,1299,-1735,532,4260,-140,351,740
78.345146,150,1299,-1735,532,4256,-140,352,741
78.34565,150,1299,-1735,532,4259,-141,352,741
78.34615,150,1299,-1735,532,4259,-140,351,740
78.34665,150,1298,-1734,533,4292,-141,351,741
78.34715,150,1299,-1735,532,4316,-140,351,741
78.34765,149,1299,-1735,533,4307,-140,351,740
78.34815,149,1298,-1735,532,4291,-141,352,740
78.34865,150,1299,-1736,532,4261,-140,352,740
78.34915,149,1298,-1736,532,4249,-140,352,740
78.34965,150,1299,-1735,533,4249,-140,352,740
78.35015,149,1299,-1735,533,4252,-140,352,741
78.35065,150,1299,-1735,533,4258,-141,352,740
78.35115,150,1299,-1735,532,4257,-141,352,741
78.35165,150,1299,-1735,531,4262,-140,352,740
78.35215,150,1299,-1735,532,4261,-140,352,740
78.35265,150,1299,-1735,531,4266,-140,352,740
78.35315,149,1299,-1735,532,4267,-140,352,740
78.35365,149,1299,-1735,532,4267,-140,352,740
78.35415,149,1298,-1735,532,4268,-140,352,740
78.35465,150,1299,-1735,532,4270,-141,352,740
78.35515,150,1299,-1735,532,4272,-140,352,740
78.35565,150,1299,-1735,532,4271,-141,352,741
78.35615,150,1299,-1735,532,4269,-140,352,741
78.35675,150,1298,-1735,532,4302,-140,351,741
78.35725,150,1298,-1735,532,4314,-140,351,740
78.35775,149,1299,-1735,532,4309,-140,352,740
78.35825,150,1299,-1735,532,4301,-140,352,740
78.35875,149,1299,-1735,532,4270,-141,352,740
78.35925,150,1299,-1735,532,4255,-140,352,741
78.35975,150,1299,-1735,532,4252,-140,352,740
78.36025,150,1299,-1735,532,4251,-140,352,740
78.36075,150,1299,-1735,532,4259,-141,351,740
78.36125,150,1299,-1736,532,4262,-140,352,740
78.36175,150,1299,-1735,532,4263,-141,352,740
78.36225,150,1299,-1735,532,4264,-140,352,740
78.36275,150,1298,-1735,532,4262,-140,351,740
78.36325,150,1299,-1735,532,4259,-140,352,740
78.36375,150,1299,-1735,532,4257,-141,352,741
78.36425,150,1298,-1735,532,4257,-140,351,741
78.36475,150,1299,-1735,532,4250,-140,352,740
78.36525,150,1299,-1736,532,4247,-140,352,740
78.36575,150,1299,-1735,532,4254,-140,352,740
78.36625,150,1299,-1735,532,4259,-140,352,741
78.36675,150,1299,-1735,533,4299,-140,351,741
78.36725,150,1299,-1735,532,4308,-140,351,741
78.36775,150,1299,-1735,533,4302,-140,351,740
78.36825,150,1299,-1735,533,4288,-140,352,741
78.36875,150,1299,-1735,532,4260,-140,352,740
78.36925,150,1299,-1735,533,4246,-140,352,740
78.36975,149,1299,-1734,533,4249,-140,352,741
78.37025,150,1299,-1735,532,4252,-140,352,740
78.37075,150,1299,-1735,532,4254,-140,352,741
78.37125,150,1299,-1734,533,4261,-140,352,740
78.37175,149,1299,-1735,532,4260,-140,352,740
78.37225,149,1299,-1736,532,4263,-140,352,740
78.37275,150,1299,-1736,532,4267,-140,352,740
78.37325,149,1299,-1736,533,4269,-141,352,741
78.37375,150,1299,-1736,532,4269,-141,352,740
78.37425,150,1299,-1736,532,4264,-140,351,740
78.37475,150,1299,-1736,532,4268,-141,351,740
78.37525,150,1299,-1735,533,4268,-141,351,740
78.37575,150,1299,-1735,532,4264,-140,352,741
78.37625,150,1299,-1735,532,4270,-140,352,741
78.37675,149,1298,-1735,533,4302,-140,351,741
78.37725,150,1299,-1735,532,4308,-140,351,741
78.37775,150,1299,-1735,532,4304,-141,351,740
78.37825,150,1299,-1735,532,4287,-141,352,740
78.37875,149,1299,-1735,532,4260,-140,352,741
78.37925,150,1299,-1735,532,4250,-140,352,741
78.37975,150,1299,-1735,532,4242,-140,352,740
78.38025,150,1299,-1736,533,4242,-140,352,740
78.38075,150,1299,-1736,532,4252,-141,351,741
78.38125,150,1299,-1736,533,4258,-140,352,741
78.38175,150,1299,-1736,533,4255,-140,352,741
78.38225,150,1299,-1736,533,4255,-140,352,740
78.38275,150,1299,-1736,533,4256,-140,352,740
78.38325,150,1299,-1735,532,4259,-140,352,741
78.38375,150,1299,-1735,533,4261,-140,352,740
78.38425,150,1299,-1735,532,4259,-140,352,740
78.38475,150,1299,-1735,532,4260,-140,352,741
78.38525,150,1299,-1734,532,4259,-140,352,741
78.38575,149,1299,-1735,532,4254,-141,352,741
78.38625,149,1299,-1735,532,4255,-141,352,740
78.38675,150,1299,-1735,533,4289,-140,351,741
78.38725,150,1299,-1735,532,4320,-140,351,741
78.38775,150,1299,-1735,533,4313,-141,352,741
78.38825,149,1299,-1735,532,4299,-140,352,740
78.38875,149,1299,-1735,532,4269,-141,352,740
78.38925,149,1299,-1735,532,4258,-141,352,740
78.38975,150,1299,-1735,533,4258,-141,352,740
78.39025,150,1299,-1736,532,4260,-140,352,740
78.39075,150,1299,-1736,532,4265,-140,351,741
78.39125,150,1299,-1736,532,4267,-141,352,740
78.39175,149,1299,-1735,532,4262,-141,352,741
78.39225,150,1299,-1735,532,4266,-141,352,741
78.39275,150,1299,-1735,532,4263,-140,352,741
78.39325,150,1299,-1735,532,4260,-140,352,741
78.39375,149,1299,-1735,532,4261,-140,352,740
78.39425,150,1299,-1735,532,4263,-140,352,741
78.39475,149,1299,-1735,532,4268,-141,352,740
78.39525,150,1299,-1735,532,4266,-140,352,741
78.39575,149,1299,-1734,532,4267,-141,352,740
78.39625,150,1299,-1735,532,4269,-140,352,741
78.39675,150,1299,-1735,533,4307,-140,351,741
78.39725,150,1299,-1735,532,4307,-140,351,741
78.39775,150,1299,-1735,533,4298,-141,352,741
78.39825,149,1299,-1735,533,4276,-141,352,741
78.39875,150,1299,-1736,532,4251,-140,352,741
78.39925,150,1299,-1736,533,4244,-140,352,741
78.39975,150,1299,-1735,532,4247,-140,352,741
78.40025,149,1299,-1736,533,4253,-141,352,741
78.40075,150,1299,-1736,532,4257,-141,351,741
78.40125,150,1299,-1737,533,4259,-141,352,740
78.40175,149,1299,-1737,533,4262,-141,351,741
78.40225,150,1299,-1737,533,4266,-140,352,741
78.40275,149,1299,-1736,532,4262,-141,352,740
78.40325,150,1299,-1736,532,4259,-141,352,741
78.40375,150,1299,-1736,532,4264,-140,351,740
78.40425,150,1299,-1735,532,4263,-140,351,741
78.40475,150,1299,-1734,532,4265,-140,352,741
78.40525,150,1299,-1734,531,4260,-141,352,741
78.40575,150,1299,-1734,531,4259,-140,352,741
78.40625,150,1299,-1735,532,4273,-140,351,741
78.40675,150,1299,-1735,532,4311,-141,351,741
78.40725,149,1299,-1735,531,4313,-141,352,741
78.40775,150,1299,-1735,531,4307,-141,351,741
78.40825,150,1299,-1735,531,4283,-141,352,740
78.40875,150,1299,-1735,531,4255,-141,352,740
78.40925,150,1299,-1735,531,4252,-140,352,741
78.40975,149,1299,-1735,531,4253,-141,352,740
78.41025,149,1299,-1735,532,4254,-141,352,741
78.41075,150,1299,-1735,533,4260,-141,352,740
78.41125,150,1299,-1735,533,4258,-141,351,741
78.41175,150,1299,-1735,533,4260,-141,352,740
78.41225,150,1299,-1735,533,4256,-141,351,741
78.41275,149,1299,-1735,532,4261,-141,352,741
78.41325,149,1299,-1735,533,4259,-141,351,741
78.41375,150,1299,-1735,532,4256,-141,352,740
78.41425,149,1299,-1735,533,4258,-141,352,740
78.41475,150,1299,-1735,532,4262,-140,352,741
78.41525,150,1299,-1735,533,4264,-140,352,741
78.41575,149,1299,-1735,532,4258,-140,352,740
78.41625,150,1299,-1736,532,4265,-140,352,741
78.41675,150,1299,-1736,532,4306,-140,351,741
78.41725,149,1299,-1735,532,4307,-140,352,741
78.41775,150,1299,-1735,532,4299,-140,352,741
78.41825,150,1299,-1735,532,4277,-141,352,740
78.41885,149,1299,-1735,532,4253,-140,352,741
78.41935,150,1299,-1735,532,4251,-140,352,740
78.41985,149,1299,-1736,532,4247,-140,352,741
78.42035,150,1299,-1736,532,4253,-141,352,741
78.42085,149,1299,-1736,532,4257,-140,351,741
78.42135,150,1299,-1736,532,4262,-141,352,741
78.42185,150,1299,-1735,532,4265,-140,352,740
78.42235,150,1299,-1735,532,4268,-141,352,740
78.42285,150,1299,-1735,532,4272,-140,352,740
78.42335,150,1299,-1734,532,4270,-140,352,741
78.42385,150,1299,-1735,531,4268,-140,352,741
78.42435,150,1299,-1735,532,4263,-141,352,741
78.42485,150,1299,-1736,533,4258,-140,352,741
78.42535,150,1299,-1735,534,4256,-141,352,740
78.42585,150,1299,-1735,534,4255,-140,352,741
78.42635,150,1299,-1735,535,4269,-140,352,741
78.42685,150,1299,-1735,535,4306,-140,351,741
78.42735,150,1299,-1736,535,4310,-141,352,740
78.42785,149,1299,-1736,534,4304,-141,352,741
78.42835,149,1299,-1736,534,4284,-141,352,741
78.42885,149,1299,-1736,533,4253,-140,352,740
78.42935,149,1299,-1736,533,4245,-141,351,741
78.42985,150,1299,-1736,532,4249,-140,352,741
78.43035,150,1299,-1736,531,4249,-140,352,741
78.43085,150,1299,-1736,530,4252,-141,351,741
78.43135,150,1299,-1736,530,4254,-141,352,740
78.43185,150,1299,-1735,530,4256,-140,351,741
78.43235,150,1299,-1734,530,4262,-141,351,740
78.43285,150,1299,-1733,531,4261,-141,352,741
78.43335,149,1299,-1733,532,4263,-140,351,741
78.43385,149,1299,-1733,532,4260,-140,352,741
78.43435,150,1299,-1734,532,4260,-140,351,741
78.43485,149,1299,-1734,531,4262,-140,352,741
78.43535,149,1299,-1735,531,4264,-140,351,741
78.43585,149,1299,-1736,531,4264,-140,352,741
78.43635,150,1299,-1735,531,4277,-141,351,741
78.43685,150,1299,-1735,531,4311,-140,351,741
78.43735,150,1299,-1735,532,4313,-141,352,741
78.43785,150,1299,-1735,532,4307,-141,352,741
78.43835,149,1299,-1735,533,4284,-141,352,740
78.43885,149,1299,-1735,533,4261,-140,352,741
78.43935,149,1299,-1735,533,4261,-140,351,741
78.43985,150,1299,-1735,533,4259,-141,352,741
78.44035,149,1299,-1735,532,4262,-141,351,740
78.44085,149,1299,-1736,532,4267,-141,351,741
78.44135,149,1299,-1736,531,4271,-141,352,740
78.44185,150,1299,-1737,532,4268,-141,351,741
78.44235,150,1299,-1737,532,4270,-140,352,741
78.44285,150,1299,-1737,532,4266,-141,352,741
78.44335,150,1299,-1737,532,4260,-141,352,741
78.44385,150,1299,-1738,532,4260,-141,352,741
78.44435,150,1299,-1737,531,4261,-141,352,741
78.44485,150,1299,-1737,531,4261,-140,352,741
78.44535,150,1299,-1735,531,4257,-140,352,740
78.44585,149,1299,-1732,531,4256,-140,351,741
78.44635,150,1299,-1731,532,4279,-140,351,741
78.44685,150,1299,-1731,532,4307,-140,351,741
78.44735,150,1299,-1733,533,4304,-140,352,741
78.44785,149,1299,-1734,533,4297,-140,352,740
78.44835,150,1299,-1735,533,4269,-140,352,741
78.44885,149,1299,-1736,533,4249,-140,352,741
78.44935,150,1299,-1737,534,4242,-140,352,741
78.44985,150,1299,-1737,533,4244,-141,352,741
78.45035,149,1299,-1736,533,4251,-140,352,741
78.45085,150,1299,-1736,532,4254,-140,352,741
78.45135,149,1299,-1735,532,4255,-141,352,741
78.45185,150,1299,-1734,531,4255,-140,352,741
78.45235,150,1299,-1734,530,4254,-141,352,741
78.45285,150,1299,-1735,530,4259,-141,352,741
78.45335,150,1299,-1735,530,4261,-141,352,741
78.45385,149,1299,-1735,531,4262,-141,352,741
78.45435,150,1299,-1735,532,4264,-140,351,741
78.45485,150,1299,-1735,532,4266,-141,352,741
78.45535,150,1299,-1734,533,4268,-141,352,741
78.45585,150,1299,-1735,533,4266,-141,352,741
78.45635,150,1298,-1734,533,4287,-140,352,741
78.45685,149,1299,-1735,532,4315,-141,352,741
78.45735,149,1299,-1735,532,4311,-140,352,741
78.45785,150,1299,-1735,531,4301,-141,351,741
78.45835,149,1299,-1735,531,4271,-141,352,741
78.45885,149,1299,-1736,532,4249,-140,352,741
78.45935,149,1299,-1736,532,4245,-140,352,741
78.45985,150,1299,-1736,533,4244,-141,352,741
78.46035,150,1299,-1737,534,4248,-140,352,740
78.46085,149,1299,-1736,534,4255,-141,352,740
78.46135,150,1299,-1736,534,4263,-141,352,741
78.46185,150,1299,-1736,534,4264,-141,352,740
78.46235,150,1299,-1736,534,4259,-141,352,740
78.46285,150,1299,-1735,534,4260,-140,352,740
78.46335,150,1299,-1735,534,4257,-141,352,740
78.46385,149,1299,-1735,534,4254,-140,352,741
78.46435,150,1299,-1735,532,4253,-140,352,741
78.46485,150,1299,-1735,530,4245,-141,352,740
78.46535,149,1299,-1734,530,4242,-141,352,741
78.46585,150,1299,-1734,530,4246,-141,351,740
78.46635,149,1299,-1735,530,4272,-141,351,741
78.46685,150,1299,-1735,531,4303,-141,351,741
78.46735,149,1299,-1735,531,4298,-140,351,741
78.46785,150,1299,-1735,531,4286,-140,352,740
78.46835,149,1299,-1735,531,4254,-140,352,740
78.46885,150,1299,-1735,532,4242,-141,352,740
78.46935,150,1299,-1736,532,4243,-140,352,740
78.46985,150,1299,-1736,532,4246,-141,352,741
78.47035,150,1299,-1737,532,4252,-140,352,740
78.47085,149,1299,-1737,532,4251,-141,352,740
78.47135,150,1299,-1736,532,4257,-140,352,740
78.47185,149,1300,-1735,532,4262,-140,352,741
78.47235,150,1298,-1735,532,4262,-140,352,741
78.47285,149,1299,-1735,532,4259,-140,351,741
78.47335,150,1299,-1736,533,4257,-140,352,741
78.47385,149,1299,-1736,533,4256,-141,352,741
78.47435,150,1299,-1736,533,4257,-140,352,741
78.47485,149,1299,-1736,534,4257,-140,352,741
78.47535,150,1299,-1736,534,4257,-141,352,741
78.47585,149,1299,-1736,533,4255,-141,352,741
78.47635,150,1299,-1735,533,4282,-140,351,742
78.47685,150,1299,-1735,532,4303,-140,352,741
78.47735,150,1299,-1734,531,4302,-141,352,741
78.47785,150,1299,-1734,531,4286,-140,352,741
78.47835,149,1299,-1735,531,4253,-141,352,741
78.47885,150,1299,-1734,531,4239,-141,352,741
78.47935,149,1299,-1735,531,4238,-140,351,741
78.47985,150,1299,-1735,530,4239,-141,352,741
78.48035,149,1299,-1736,531,4243,-140,352,741
78.48085,149,1299,-1735,531,4243,-140,352,741
78.48145,149,1299,-1735,532,4245,-141,352,741
78.48195,150,1299,-1736,532,4246,-141,352,741
78.48245,149,1299,-1736,532,4248,-140,352,741
78.48295,150,1299,-1737,532,4248,-140,352,741
78.48345,150,1299,-1737,533,4246,-141,352,741
78.48395,149,1299,-1736,533,4245,-140,352,741
78.48445,149,1299,-1736,534,4247,-140,352,741
78.48495,149,1299,-1735,534,4246,-141,352,741
78.48545,149,1299,-1734,534,4244,-140,352,741
78.48595,150,1299,-1734,534,4245,-141,352,741
78.48645,150,1299,-1734,535,4281,-140,351,741
78.48695,149,1299,-1735,534,4300,-140,352,741
78.48745,149,1299,-1735,534,4296,-140,351,741
78.48795,149,1299,-1735,533,4285,-140,352,741
78.48845,149,1299,-1735,532,4255,-140,352,741
78.48895,150,1299,-1735,531,4241,-141,351,741
78.48945,149,1299,-1735,530,4240,-140,351,741
78.48995,149,1299,-1736,530,4244,-141,351,741
78.49045,150,1299,-1736,530,4250,-140,352,741
78.49095,149,1298,-1735,530,4252,-140,352,741
78.49145,150,1299,-1736,531,4253,-141,352,741
78.49195,150,1299,-1735,531,4250,-141,352,741
78.49245,149,1299,-1735,531,4250,-140,352,741
78.49295,150,1299,-1735,532,4253,-141,352,741
78.49345,150,1299,-1735,532,4253,-140,351,741
78.49395,149,1299,-1736,532,4253,-140,351,741
78.49445,149,1299,-1735,532,4253,-140,351,741
78.49495,150,1299,-1736,532,4254,-140,352,741
78.49545,149,1299,-1736,532,4254,-140,351,741
78.49595,149,1299,-1736,532,4254,-140,352,741
78.49645,150,1299,-1736,533,4286,-140,351,741
78.49695,149,1299,-1737,532,4298,-140,352,741
78.49745,149,1299,-1737,532,4292,-140,351,741
78.49795,149,1299,-1737,533,4277,-141,352,741
78.49845,149,1299,-1736,533,4246,-141,352,741
78.49895,150,1299,-1735,534,4233,-140,352,741
78.49945,150,1299,-1735,533,4232,-141,352,741
78.49995,150,1299,-1735,533,4233,-141,352,741
78.50045,150,1299,-1735,534,4240,-140,352,741
78.50095,150,1299,-1735,534,4246,-140,352,741
78.50145,150,1299,-1735,534,4249,-140,352,741
78.50195,150,1299,-1735,533,4251,-140,352,741
78.50245,150,1299,-1735,533,4253,-140,352,741
78.50295,150,1299,-1735,532,4252,-141,352,741
78.50345,149,1300,-1736,531,4251,-140,352,741
78.50395,150,1299,-1735,530,4251,-141,351,741
78.50445,150,1299,-1735,530,4254,-141,351,741
78.50495,150,1299,-1735,530,4253,-140,352,741
78.50545,150,1299,-1735,531,4251,-140,351,741
78.50595,150,1299,-1735,531,4254,-140,351,741
78.50645,150,1299,-1735,532,4293,-140,351,741
78.50695,150,1299,-1735,531,4306,-141,351,741
78.50745,150,1299,-1734,531,4301,-140,351,741
78.50795,150,1299,-1735,531,4282,-141,352,741
78.50845,150,1299,-1735,531,4248,-141,352,741
78.50895,149,1299,-1735,532,4239,-141,352,741
78.50945,150,1299,-1734,531,4239,-140,352,741
78.50995,150,1299,-1735,533,4243,-141,352,741
78.51045,150,1299,-1735,532,4248,-141,352,741
78.51095,150,1299,-1736,533,4250,-141,352,741
78.51145,150,1298,-1736,532,4252,-141,352,741
78.51195,150,1299,-1735,532,4253,-140,351,741
78.51245,150,1299,-1735,532,4254,-141,352,741
78.51295,150,1299,-1736,532,4253,-141,352,741
78.51345,150,1299,-1736,533,4251,-140,352,741
78.51395,149,1299,-1735,533,4250,-140,352,741
78.51445,149,1299,-1736,532,4251,-140,352,741
78.51495,149,1299,-1736,533,4251,-141,352,741
78.51545,149,1299,-1736,533,4251,-140,352,741
78.51595,149,1299,-1736,533,4257,-141,351,741
78.51645,149,1299,-1736,533,4291,-140,351,741
78.51695,149,1299,-1736,532,4297,-140,351,741
78.51745,150,1299,-1735,532,4293,-141,351,741
78.51795,149,1299,-1735,532,4272,-140,352,741
78.51845,149,1299,-1735,531,4245,-141,352,741
78.51895,149,1299,-1735,531,4239,-140,352,741
78.51945,149,1299,-1735,532,4241,-141,352,741
78.51995,149,1299,-1736,534,4246,-140,351,741
78.52045,150,1299,-1736,535,4251,-141,352,741
78.52095,150,1299,-1735,535,4254,-140,352,741
78.52145,149,1299,-1736,536,4256,-140,352,741
78.52195,150,1299,-1736,536,4258,-140,352,741
78.52245,149,1299,-1736,536,4260,-140,352,741
78.52295,150,1299,-1736,535,4261,-140,352,741
78.52345,150,1299,-1736,534,4260,-140,352,741
78.52395,150,1299,-1736,534,4257,-141,352,741
78.52445,150,1299,-1736,534,4258,-140,352,741
78.52495,150,1299,-1735,531,4256,-140,352,741
78.52545,149,1299,-1734,529,4250,-140,351,741
78.52595,150,1299,-1734,528,4258,-140,351,741
78.52645,150,1299,-1735,529,4295,-140,351,741
78.52695,150,1299,-1735,531,4301,-140,351,741
78.52745,150,1299,-1736,531,4296,-140,352,741
78.52795,149,1299,-1736,531,4275,-140,352,741
78.52845,149,1299,-1735,531,4246,-140,352,741
78.52895,149,1299,-1736,531,4239,-140,352,741
78.52945,150,1299,-1736,532,4239,-140,352,741
78.52995,150,1299,-1736,532,4243,-140,352,741
78.53045,149,1299,-1737,533,4246,-140,352,741
78.53095,150,1299,-1737,532,4248,-140,352,741
78.53145,150,1299,-1737,531,4248,-140,352,741
78.53195,149,1299,-1737,531,4246,-140,352,741
78.53245,150,1299,-1737,531,4249,-140,352,741
78.53295,150,1299,-1736,531,4253,-141,352,741
78.53345,149,1299,-1735,531,4254,-141,352,741
78.53395,150,1299,-1734,530,4254,-140,352,741
78.53445,149,1299,-1734,531,4256,-140,352,741
78.53495,149,1299,-1734,531,4256,-140,352,741
78.535446,150,1299,-1734,531,4257,-140,352,741
78.53595,149,1299,-1735,532,4266,-140,351,741
78.53645,149,1299,-1735,532,4301,-140,351,741
78.53695,149,1299,-1736,532,4305,-140,351,742
78.53745,149,1300,-1736,532,4299,-140,351,741
78.53795,149,1299,-1736,532,4281,-140,352,741
78.53845,149,1299,-1736,532,4254,-140,352,741
78.53895,149,1299,-1736,532,4247,-140,352,741
78.53945,149,1299,-1736,532,4248,-140,352,742
78.53995,149,1299,-1736,532,4250,-140,352,741
78.54045,150,1299,-1735,532,4261,-140,352,741
78.54095,149,1299,-1735,532,4261,-140,352,741
78.54145,150,1299,-1735,533,4260,-140,352,741
78.54195,149,1299,-1735,533,4260,-140,352,741
78.54245,150,1299,-1735,534,4260,-140,352,741
78.54295,149,1299,-1735,533,4259,-141,352,741
78.54345,150,1299,-1735,533,4256,-140,352,741
78.54405,149,1299,-1735,531,4255,-140,352,741
78.54455,149,1299,-1735,532,4257,-140,352,741
78.54505,149,1299,-1735,531,4256,-140,352,741
78.54555,150,1299,-1735,532,4252,-140,352,741
78.54605,149,1299,-1735,532,4264,-140,351,741
78.54655,149,1299,-1735,531,4300,-140,351,741
78.54705,149,1299,-1735,532,4304,-140,351,741
78.54755,149,1299,-1735,531,4298,-140,351,741
78.54805,149,1299,-1736,531,4271,-140,352,741
78.54855,150,1299,-1735,532,4243,-140,352,741
78.54905,149,1299,-1736,532,4240,-140,352,741
78.54955,150,1299,-1736,533,4244,-140,352,741
78.55005,149,1299,-1736,533,4251,-140,352,741
78.55055,150,1299,-1736,532,4255,-140,352,741
78.55105,150,1299,-1735,531,4257,-140,351,741
78.55155,149,1299,-1735,531,4259,-140,352,741
78.55205,149,1299,-1735,531,4261,-140,351,741
78.55255,150,1299,-1735,531,4262,-141,352,741
78.55305,150,1299,-1735,531,4263,-140,352,741
78.55355,150,1298,-1735,532,4263,-140,352,741
78.55405,150,1299,-1735,532,4263,-140,352,741
78.55455,150,1299,-1736,532,4265,-140,352,741
78.55505,150,1299,-1736,532,4267,-140,352,741
78.55555,149,1299,-1737,532,4268,-140,352,741
78.55605,150,1299,-1737,533,4281,-140,352,741
78.55655,149,1299,-1737,532,4313,-140,351,741
78.55705,150,1299,-1736,531,4313,-140,352,741
78.55755,149,1299,-1736,531,4307,-140,352,741
78.55805,149,1299,-1735,530,4281,-140,352,741
78.55855,149,1299,-1735,531,4254,-140,352,741
78.55905,150,1299,-1734,531,4250,-140,351,741
78.55955,150,1299,-1734,532,4251,-140,351,741
78.56005,149,1299,-1734,532,4256,-140,351,741
78.56055,149,1299,-1734,532,4260,-140,351,741
78.56105,150,1299,-1735,532,4262,-140,352,741
78.56155,150,1299,-1735,532,4263,-140,351,741
78.56205,150,1299,-1736,532,4264,-140,352,741
78.56255,150,1299,-1736,532,4265,-140,351,741
78.56305,150,1299,-1736,533,4263,-140,352,741
78.56355,150,1299,-1736,533,4259,-140,352,741
78.56405,149,1299,-1736,533,4257,-140,352,741
78.56455,149,1299,-1736,533,4258,-140,352,741
78.56505,150,1299,-1736,532,4258,-140,352,741
78.56555,150,1299,-1736,532,4253,-140,351,741
78.56605,150,1299,-1736,532,4270,-140,351,741
78.56655,150,1299,-1734,531,4305,-140,351,741
78.56705,150,1299,-1734,531,4308,-140,352,741
78.56755,150,1299,-1734,531,4303,-140,352,741
78.56805,149,1299,-1734,531,4278,-140,352,741
78.56855,149,1299,-1735,531,4254,-140,352,741
78.56905,150,1299,-1735,532,4250,-140,351,741
78.56955,150,1299,-1735,532,4253,-140,352,741
78.57005,150,1299,-1736,532,4260,-140,352,741
78.57055,150,1299,-1736,532,4264,-140,352,741
78.57105,150,1299,-1737,533,4267,-140,352,741
78.57155,150,1299,-1738,532,4267,-140,352,741
78.57205,150,1299,-1738,533,4268,-140,352,741
78.57255,150,1299,-1738,533,4272,-140,352,741
78.57305,149,1299,-1738,535,4276,-140,352,741
78.57355,150,1299,-1737,534,4276,-140,352,741
78.57405,150,1299,-1736,535,4275,-140,352,741
78.57455,150,1299,-1735,533,4275,-140,352,741
78.57505,150,1299,-1734,532,4275,-140,351,741
78.57555,150,1299,-1734,531,4272,-140,352,741
78.57605,150,1299,-1734,530,4292,-140,351,741
78.57655,150,1299,-1734,530,4318,-140,351,741
78.57705,150,1299,-1734,530,4316,-140,351,741
78.57755,150,1299,-1735,530,4308,-140,351,741
78.57805,150,1299,-1734,530,4279,-140,352,741
78.57855,150,1299,-1734,531,4259,-140,352,741
78.57905,150,1299,-1734,531,4257,-140,351,741
78.57955,150,1299,-1735,531,4255,-140,352,741
78.58005,149,1299,-1735,532,4259,-140,351,741
78.58055,150,1298,-1735,532,4264,-140,351,741
78.58105,150,1298,-1735,532,4267,-140,352,741
78.58155,150,1299,-1736,532,4268,-140,351,741
78.58205,150,1299,-1736,532,4269,-140,351,741
78.58255,149,1299,-1735,532,4270,-140,352,741
78.58305,149,1299,-1736,532,4270,-140,352,741
78.58355,149,1299,-1736,532,4268,-140,352,741
78.58405,149,1299,-1736,532,4268,-140,352,741
78.58455,149,1299,-1737,532,4269,-140,352,741
78.58505,149,1299,-1736,532,4268,-140,352,741
78.58555,150,1299,-1736,532,4264,-140,352,741
78.58605,149,1299,-1735,532,4288,-140,351,741
78.58655,150,1299,-1735,532,4317,-140,351,741
78.58705,149,1299,-1735,531,4318,-140,351,741
78.58755,149,1299,-1736,531,4310,-140,352,741
78.58805,149,1299,-1736,531,4282,-140,352,741
78.58855,150,1299,-1736,531,4264,-140,352,741
78.58905,150,1299,-1735,531,4263,-140,352,741
78.58955,149,1299,-1735,532,4266,-140,352,741
78.59005,149,1299,-1736,533,4271,-139,352,741
78.59055,150,1299,-1735,533,4273,-139,351,741
78.59105,149,1299,-1736,533,4274,-139,352,741
78.59155,150,1299,-1735,533,4274,-139,351,741
78.59205,149,1299,-1736,534,4275,-140,352,741
78.59255,150,1299,-1736,533,4275,-139,352,741
78.59305,150,1299,-1738,533,4274,-140,352,741
78.59355,149,1299,-1738,533,4274,-140,352,741
78.59405,150,1299,-1738,533,4273,-140,352,741
78.59455,149,1299,-1738,533,4274,-140,352,741
78.59505,150,1299,-1738,533,4274,-140,352,741
78.59555,150,1299,-1738,532,4274,-140,352,741
78.59605,149,1298,-1736,532,4300,-140,351,741
78.59655,150,1299,-1733,530,4321,-139,351,741
78.59705,149,1299,-1731,530,4312,-140,351,741
78.59755,149,1299,-1732,531,4303,-139,351,741
78.59805,150,1299,-1733,530,4271,-140,352,741
78.59855,150,1299,-1734,531,4253,-140,352,741
78.59905,150,1299,-1734,531,4255,-140,352,741
78.59955,150,1299,-1734,531,4258,-140,352,741
78.60005,150,1299,-1735,532,4264,-140,352,741
78.60055,149,1299,-1735,531,4268,-140,352,741
78.60105,150,1298,-1736,531,4270,-139,352,741
78.60155,150,1299,-1736,531,4272,-140,351,741
78.60205,150,1299,-1736,532,4273,-140,352,741
78.60255,149,1299,-1736,531,4274,-140,352,741
78.60305,149,1299,-1736,531,4274,-139,351,741
78.60355,150,1299,-1736,531,4273,-139,352,741
78.60405,150,1299,-1735,531,4272,-140,352,741
78.60455,150,1299,-1735,531,4275,-140,352,741
78.60505,149,1299,-1735,531,4276,-140,352,741
78.60555,150,1299,-1734,531,4272,-139,352,741
78.60615,150,1299,-1735,532,4303,-140,351,741
78.60665,149,1299,-1734,531,4324,-140,351,741
78.60715,150,1299,-1735,531,4322,-139,351,741
78.60765,150,1299,-1735,532,4313,-140,352,741
78.60815,149,1299,-1736,532,4281,-140,352,741
78.60865,150,1299,-1736,532,4263,-140,352,741
78.60915,149,1299,-1737,532,4260,-140,352,741
78.60965,150,1299,-1737,532,4263,-140,352,741
78.61015,150,1299,-1737,533,4268,-139,352,741
78.61065,149,1299,-1737,533,4271,-140,352,741
78.61115,149,1299,-1737,533,4271,-140,352,741
78.61165,150,1299,-1737,533,4270,-139,352,741
78.61215,150,1299,-1737,533,4270,-140,352,741
78.61265,150,1299,-1737,533,4274,-139,352,741
78.61315,149,1299,-1737,533,4275,-140,352,741
78.61365,149,1299,-1737,534,4274,-140,352,741
78.61415,149,1299,-1737,534,4272,-139,352,741
78.61465,150,1299,-1736,534,4272,-140,352,741
78.61515,149,1299,-1735,535,4272,-139,352,741
78.61565,150,1299,-1734,534,4272,-139,353,741
78.61615,150,1299,-1734,534,4303,-139,352,742
78.61665,150,1299,-1734,532,4319,-140,352,741
78.61715,150,1299,-1734,533,4319,-139,352,741
78.61765,150,1299,-1734,532,4304,-140,352,741
78.61815,149,1299,-1735,533,4271,-140,352,741
78.61865,150,1299,-1736,533,4257,-140,352,741
78.61915,150,1299,-1736,532,4257,-139,351,741
78.61965,149,1299,-1736,531,4257,-139,351,741
78.62015,150,1299,-1735,529,4263,-140,351,741
78.62065,149,1299,-1735,529,4270,-140,351,741
78.62115,150,1299,-1735,529,4274,-139,351,741
78.62165,149,1299,-1735,531,4276,-140,351,741
78.62215,150,1299,-1735,531,4278,-140,352,741
78.62265,150,1299,-1735,532,4279,-139,352,741
78.62315,149,1299,-1735,532,4278,-140,352,741
78.62365,150,1299,-1736,532,4276,-140,352,741
78.62415,150,1299,-1736,531,4274,-140,352,741
78.62465,150,1299,-1736,532,4274,-140,352,741
78.62515,150,1299,-1736,531,4271,-139,352,741
78.62565,150,1299,-1736,531,4268,-139,352,741
78.62615,150,1299,-1736,531,4303,-139,351,741
78.62665,150,1299,-1736,531,4315,-140,351,741
78.62715,150,1299,-1736,531,4312,-140,351,741
78.62765,149,1299,-1736,531,4296,-140,352,740
78.62815,150,1299,-1735,532,4266,-140,352,740
78.62865,150,1299,-1736,532,4260,-140,352,741
78.62915,149,1299,-1735,531,4260,-140,352,741
78.62965,150,1299,-1736,531,4258,-139,352,740
78.63015,149,1299,-1735,531,4261,-140,352,741
78.63065,149,1299,-1736,531,4266,-140,352,741
78.63115,149,1299,-1736,532,4264,-140,352,741
78.63165,149,1299,-1737,532,4262,-140,352,741
78.63215,149,1299,-1738,532,4263,-140,352,741
78.63265,149,1299,-1738,532,4266,-140,351,741
78.63315,150,1299,-1737,532,4267,-140,352,741
78.63365,150,1299,-1737,533,4268,-140,352,741
78.63415,149,1299,-1736,533,4267,-140,352,741
78.63465,150,1299,-1736,533,4268,-139,352,741
78.63515,149,1299,-1736,534,4269,-140,352,741
78.63565,149,1299,-1736,533,4268,-139,352,741
78.63615,150,1299,-1736,533,4300,-139,351,741
78.63665,150,1299,-1736,531,4319,-140,351,741
78.63715,150,1299,-1736,531,4311,-140,352,741
78.63765,149,1299,-1736,530,4303,-140,351,741
78.63815,149,1299,-1736,529,4271,-140,352,741
78.63865,150,1299,-1735,528,4258,-139,352,741
78.63915,149,1299,-1734,528,4261,-140,351,741
78.63965,150,1299,-1733,528,4265,-140,352,741
78.64015,150,1299,-1733,528,4270,-140,352,741
78.64065,150,1299,-1733,530,4272,-140,352,741
78.64115,150,1299,-1734,531,4271,-139,352,741
78.64165,150,1299,-1736,532,4270,-140,352,741
78.64215,150,1299,-1737,533,4270,-140,352,741
78.64265,150,1299,-1738,534,4270,-140,352,741
78.64315,150,1299,-1738,533,4269,-140,352,741
78.64365,150,1299,-1738,533,4267,-139,352,741
78.64415,150,1299,-1738,532,4266,-140,352,741
78.64465,150,1299,-1737,532,4267,-140,352,741
78.64515,150,1299,-1735,531,4266,-140,352,741
78.64565,150,1299,-1734,531,4267,-140,352,741
78.64615,150,1299,-1733,530,4304,-139,352,741
78.64665,150,1299,-1733,530,4308,-140,352,741
78.64715,150,1299,-1733,531,4304,-140,352,741
78.64765,150,1299,-1734,531,4284,-140,352,741
78.64815,150,1299,-1735,531,4254,-140,352,741
78.64865,149,1299,-1735,532,4246,-140,352,741
78.64915,149,1299,-1735,532,4247,-140,352,741
78.64965,150,1299,-1735,532,4253,-140,352,741
78.65015,150,1299,-1736,532,4258,-140,352,741
78.65065,150,1299,-1737,533,4259,-140,352,741
78.65115,150,1299,-1736,532,4260,-140,352,741
78.65165,150,1299,-1736,532,4258,-140,352,741
78.65215,150,1299,-1736,532,4260,-140,352,741
78.65265,150,1299,-1735,532,4264,-140,352,741
78.65315,150,1299,-1735,532,4266,-139,351,741
78.65365,150,1299,-1735,532,4266,-140,351,741
78.65415,150,1299,-1736,532,4265,-140,352,741
78.65465,149,1299,-1736,532,4267,-140,351,741
78.65515,150,1299,-1735,532,4268,-140,352,741
78.65565,150,1299,-1735,532,4277,-140,351,741
78.65615,150,1299,-1736,532,4313,-140,351,741
78.65665,150,1299,-1736,532,4313,-140,351,741
78.65715,150,1299,-1736,531,4308,-140,352,741
78.657646,150,1299,-1735,531,4285,-140,352,741
78.65815,149,1299,-1735,530,4254,-140,352,741
78.65865,150,1299,-1734,530,4246,-140,352,741
78.65915,150,1300,-1735,531,4245,-140,352,741
78.65965,150,1299,-1735,531,4249,-139,351,741
78.66015,149,1299,-1735,531,4255,-140,352,741
78.66065,149,1299,-1735,531,4255,-140,352,741
78.66115,150,1299,-1735,532,4257,-140,352,741
78.66165,150,1299,-1736,533,4258,-140,352,741
78.66215,150,1299,-1736,532,4259,-140,352,741
78.66265,150,1299,-1736,533,4259,-140,352,741
78.66315,150,1299,-1736,533,4258,-140,352,741
78.66365,150,1299,-1736,534,4256,-140,352,741
78.66415,150,1299,-1736,534,4256,-140,352,741
78.66465,150,1299,-1736,535,4254,-140,352,741
78.66515,150,1299,-1736,535,4249,-140,353,741
78.66565,150,1299,-1736,534,4259,-140,352,741
78.66615,150,1299,-1737,533,4295,-140,352,741
78.66665,150,1299,-1737,533,4301,-140,352,741
78.66715,150,1299,-1738,533,4296,-140,352,741
78.66775,150,1299,-1738,534,4271,-140,352,741
78.66825,150,1299,-1738,534,4242,-140,352,741
78.66875,150,1299,-1737,533,4239,-140,352,741
78.66925,150,1299,-1736,532,4242,-140,352,741
78.66975,150,1299,-1735,531,4248,-140,352,741
78.67025,150,1299,-1734,531,4252,-140,352,741
78.67075,150,1299,-1734,531,4254,-140,352,741
78.67125,150,1300,-1735,531,4256,-140,352,741
78.67175,150,1299,-1736,531,4258,-140,352,741
78.67225,150,1299,-1736,532,4260,-140,352,741
78.67275,150,1299,-1737,532,4261,-140,352,741
78.67325,150,1299,-1736,532,4262,-140,352,741
78.67375,149,1299,-1735,532,4259,-140,352,741
78.67425,149,1299,-1735,532,4259,-140,352,741
78.67475,149,1299,-1734,532,4259,-140,352,741
78.67525,149,1299,-1735,532,4256,-140,352,741
78.67575,149,1299,-1736,532,4265,-140,351,741
78.67625,149,1299,-1736,532,4299,-140,351,741
78.67675,149,1299,-1735,531,4297,-141,352,741
78.67725,149,1299,-1735,531,4289,-140,351,741
78.67775,150,1299,-1736,531,4266,-140,352,741
78.67825,150,1299,-1736,532,4239,-140,352,741
78.67875,150,1299,-1736,532,4236,-140,352,741
78.67925,150,1300,-1736,532,4238,-140,352,741
78.67975,150,1299,-1736,532,4242,-141,352,741
78.68025,150,1299,-1736,533,4245,-140,352,741
78.68075,150,1300,-1736,534,4246,-140,352,742
78.68125,150,1299,-1736,534,4246,-140,352,741
78.68175,149,1299,-1736,535,4251,-140,352,742
78.68225,150,1299,-1737,535,4248,-140,352,742
78.68275,150,1299,-1737,535,4251,-140,352,742
78.68325,150,1299,-1737,534,4251,-140,352,742
78.68375,149,1299,-1736,533,4247,-140,352,742
78.68425,150,1299,-1736,531,4247,-140,353,742
78.68475,149,1299,-1736,530,4248,-140,353,742
78.68525,150,1299,-1737,530,4244,-140,352,742
78.68575,150,1299,-1736,530,4256,-140,352,742
78.68625,150,1299,-1736,530,4291,-140,352,742
78.68675,150,1299,-1735,530,4293,-140,352,742
78.68725,150,1299,-1734,530,4289,-140,352,741
78.68775,149,1299,-1735,530,4264,-140,352,741
78.68825,149,1299,-1735,531,4236,-140,352,741
78.68875,149,1299,-1736,531,4231,-140,352,741
78.68925,150,1299,-1736,532,4235,-140,352,741
78.68975,149,1299,-1737,532,4242,-140,352,741
78.69025,149,1300,-1737,532,4246,-140,352,741
78.69075,150,1299,-1737,532,4247,-140,352,741
78.69125,149,1299,-1737,532,4246,-140,352,741
78.69175,149,1299,-1737,533,4244,-140,352,741
78.69225,150,1300,-1737,534,4247,-140,352,741
78.69275,150,1299,-1737,534,4250,-140,352,741
78.69325,150,1300,-1737,534,4250,-140,352,742
78.69375,149,1299,-1736,533,4250,-140,352,741
78.69425,150,1299,-1735,533,4253,-140,351,741
78.69475,150,1299,-1735,533,4250,-140,351,742
78.69525,150,1299,-1734,533,4248,-140,351,741
78.69575,150,1300,-1735,535,4266,-140,351,742
78.69625,150,1299,-1737,536,4295,-140,351,742
78.69675,149,1299,-1737,536,4293,-140,352,741
78.69725,149,1299,-1737,533,4286,-140,352,742
78.69775,150,1299,-1737,530,4255,-141,352,741
78.69825,150,1299,-1737,528,4233,-140,352,741
78.69875,150,1300,-1736,529,4228,-140,351,741
78.69925,150,1299,-1737,530,4228,-140,352,741
78.69975,150,1299,-1736,531,4234,-140,352,742
78.70025,150,1299,-1735,531,4242,-140,352,741
78.70075,150,1299,-1734,530,4251,-140,352,741
78.70125,150,1299,-1733,529,4249,-140,351,742
78.70175,149,1299,-1734,530,4249,-140,351,741
78.70225,149,1299,-1735,531,4254,-140,352,741
78.70275,149,1299,-1735,532,4252,-140,352,741
78.70325,150,1299,-1736,532,4251,-140,352,741
78.70375,150,1299,-1736,533,4249,-140,352,741
78.70425,149,1299,-1736,533,4249,-140,352,741
78.70475,149,1299,-1736,533,4252,-140,352,741
78.70525,150,1299,-1736,533,4251,-140,352,741
78.70575,150,1300,-1736,533,4266,-140,351,741
78.70625,150,1299,-1736,533,4299,-140,351,742
78.70675,150,1299,-1735,532,4298,-140,351,741
78.70725,150,1299,-1735,532,4298,-140,352,742
78.70775,150,1299,-1735,531,4267,-141,352,741
78.70825,150,1299,-1736,530,4246,-141,351,741
78.70875,150,1299,-1736,530,4240,-140,351,741
78.70925,150,1299,-1737,530,4239,-140,352,741
78.70975,150,1299,-1736,530,4245,-140,352,742
78.71025,149,1299,-1735,530,4248,-140,351,741
78.71075,150,1299,-1735,531,4253,-140,352,741
78.71125,150,1299,-1735,531,4252,-140,352,741
78.71175,150,1299,-1736,531,4251,-140,352,742
78.71225,150,1299,-1736,531,4253,-140,352,741
78.71275,150,1299,-1736,532,4257,-140,352,741
78.71325,150,1299,-1736,531,4254,-140,352,741
78.71375,150,1299,-1736,532,4250,-140,352,741
78.71425,150,1299,-1735,531,4249,-140,352,741
78.71475,150,1299,-1735,532,4250,-140,352,741
78.71525,149,1299,-1735,532,4249,-140,352,741
78.71575,150,1299,-1736,532,4272,-140,351,741
78.71625,150,1299,-1736,532,4301,-140,351,742
78.71675,150,1299,-1737,532,4297,-140,351,741
78.71725,150,1299,-1737,532,4290,-140,352,741
78.71775,150,1299,-1737,531,4260,-140,352,741
78.71825,150,1299,-1737,532,4238,-140,352,742
78.71875,150,1299,-1737,531,4238,-140,352,741
78.71925,149,1299,-1738,531,4248,-141,352,741
78.71975,150,1299,-1737,531,4251,-141,351,742
78.72025,150,1299,-1736,531,4254,-141,351,741
78.72075,149,1299,-1734,531,4260,-140,351,741
78.72125,150,1299,-1733,531,4259,-141,351,741
78.72175,150,1299,-1734,532,4259,-140,351,741
78.72225,150,1299,-1735,532,4261,-140,352,741
78.72275,150,1299,-1736,533,4262,-140,352,741
78.72325,150,1299,-1736,533,4259,-140,352,741
78.72375,149,1299,-1736,534,4258,-141,352,741
78.72425,150,1299,-1737,534,4258,-140,352,741
78.72475,150,1299,-1737,534,4258,-140,352,741
78.72525,150,1299,-1737,534,4252,-140,352,741
78.72575,150,1299,-1737,533,4277,-140,352,742
78.72625,149,1299,-1737,532,4302,-140,351,741
78.72675,150,1299,-1737,530,4304,-140,351,741
78.72725,149,1299,-1737,530,4292,-140,351,741
78.72775,150,1299,-1736,530,4260,-140,352,741
78.72825,149,1299,-1734,531,4242,-140,352,741
78.72875,150,1299,-1732,531,4239,-140,352,741
78.72925,150,1299,-1733,532,4242,-140,352,741
78.72975,150,1299,-1735,531,4247,-140,352,741
78.73035,150,1299,-1735,532,4249,-140,352,742
78.73085,150,1299,-1736,532,4249,-140,351,741
78.73135,150,1299,-1736,533,4251,-140,352,741
78.73185,150,1299,-1736,532,4248,-140,352,741
78.73235,150,1299,-1736,532,4251,-140,352,741
78.73285,150,1299,-1736,532,4255,-140,352,742
78.73335,150,1299,-1736,532,4257,-140,352,742
78.73385,150,1299,-1736,532,4261,-141,352,741
78.73435,149,1299,-1736,532,4260,-140,352,742
78.73485,150,1299,-1736,532,4256,-140,352,741
78.73535,150,1299,-1735,532,4258,-140,352,742
78.73585,150,1299,-1736,533,4284,-140,351,742
78.73635,150,1299,-1736,533,4307,-140,352,742
78.73685,150,1299,-1736,532,4302,-140,352,742
78.73735,150,1300,-1736,531,4293,-140,352,742
78.73785,150,1299,-1736,531,4262,-140,352,741
78.73835,150,1299,-1736,532,4245,-140,352,741
78.73885,150,1299,-1736,532,4242,-140,352,742
78.73935,150,1299,-1737,532,4243,-140,352,741
78.73985,150,1299,-1736,531,4253,-140,352,741
78.74035,150,1299,-1736,531,4257,-141,352,742
78.74085,150,1299,-1736,531,4257,-140,351,742
78.74135,150,1299,-1737,531,4262,-140,351,741
78.74185,150,1299,-1737,531,4262,-140,352,742
78.74235,150,1299,-1736,531,4256,-140,351,741
78.74285,150,1299,-1735,532,4258,-140,352,741
78.74335,150,1299,-1735,531,4255,-140,352,742
78.74385,150,1300,-1735,531,4250,-140,351,741
78.74435,150,1299,-1735,531,4253,-140,351,741
78.74485,150,1299,-1735,532,4250,-141,352,741
78.74535,150,1299,-1736,532,4247,-140,352,741
78.74585,150,1299,-1736,532,4275,-140,351,742
78.74635,150,1299,-1736,532,4293,-141,352,742
78.74685,150,1299,-1737,533,4290,-140,352,741
78.74735,150,1299,-1737,533,4281,-140,351,741
78.74785,150,1299,-1736,532,4243,-140,352,741
78.74835,150,1299,-1735,532,4227,-140,352,741
78.74885,149,1299,-1735,533,4230,-141,352,742
78.74935,149,1299,-1735,532,4235,-141,352,741
78.74985,149,1299,-1735,532,4246,-140,352,742
78.75035,150,1299,-1736,532,4245,-141,352,742
78.75085,150,1299,-1737,533,4250,-140,352,742
78.75135,150,1299,-1736,534,4253,-140,352,741
78.75185,150,1299,-1737,534,4252,-141,352,741
78.75235,149,1299,-1736,534,4248,-141,352,741
78.75285,150,1299,-1736,535,4248,-140,352,741
78.75335,150,1299,-1736,534,4249,-141,351,741
78.75385,150,1299,-1735,532,4250,-140,352,741
78.75435,150,1300,-1735,532,4250,-140,352,741
78.75485,150,1299,-1735,531,4253,-140,351,741
78.75535,150,1300,-1736,531,4256,-140,351,742
78.75585,150,1299,-1736,531,4291,-140,351,742
78.75635,150,1300,-1736,530,4310,-140,351,741
78.75685,150,1299,-1736,530,4303,-141,351,741
78.75735,150,1299,-1735,530,4278,-140,351,741
78.75785,150,1299,-1736,530,4246,-140,352,741
78.75835,150,1299,-1736,530,4234,-140,352,741
78.75885,150,1299,-1736,531,4234,-141,352,741
78.75935,150,1300,-1736,531,4242,-140,351,742
78.75985,150,1299,-1736,530,4248,-141,352,742
78.76035,150,1299,-1736,531,4253,-140,352,742
78.76085,150,1299,-1736,531,4254,-141,352,741
78.76135,150,1299,-1736,532,4253,-140,352,741
78.76185,149,1299,-1736,533,4248,-141,351,741
78.76235,149,1300,-1736,533,4247,-140,352,742
78.76285,149,1300,-1736,533,4246,-140,352,742
78.76335,149,1300,-1735,532,4247,-140,352,742
78.76385,150,1299,-1736,533,4246,-141,351,741
78.76435,149,1299,-1735,532,4245,-141,351,741
78.76485,149,1300,-1736,531,4239,-141,352,742
78.76535,150,1299,-1736,531,4239,-140,351,741
78.76585,150,1300,-1735,531,4279,-140,351,742
78.76635,150,1300,-1736,530,4285,-140,351,741
78.76685,150,1300,-1736,531,4286,-140,352,742
78.76735,149,1300,-1736,531,4268,-140,351,741
78.76785,149,1299,-1736,531,4242,-141,352,741
78.76835,149,1299,-1736,532,4230,-141,352,742
78.76885,150,1299,-1736,532,4230,-140,352,741
78.76935,150,1299,-1736,532,4240,-140,352,742
78.76985,150,1299,-1737,532,4243,-140,352,742
78.77035,150,1300,-1737,532,4249,-141,352,742
78.77085,150,1300,-1736,531,4250,-141,352,741
78.77135,150,1299,-1735,531,4249,-141,351,741
78.77185,149,1300,-1735,532,4248,-141,351,742
78.77235,150,1300,-1735,531,4252,-140,351,742
78.77285,150,1300,-1735,532,4260,-140,352,742
78.77335,150,1300,-1736,531,4262,-140,352,741
78.77385,149,1299,-1736,532,4259,-140,352,742
78.77435,150,1299,-1736,531,4253,-140,352,742
78.77485,149,1299,-1736,532,4255,-140,352,742
78.77535,150,1300,-1735,532,4261,-141,352,742
78.77585,150,1299,-1736,532,4296,-140,351,742
78.77635,150,1300,-1736,531,4299,-141,352,742
78.77685,150,1299,-1736,531,4291,-140,352,742
78.77735,150,1300,-1735,531,4273,-141,352,741
78.77785,150,1300,-1736,531,4242,-141,352,742
78.77835,150,1300,-1736,531,4231,-140,351,741
78.77885,150,1299,-1736,531,4236,-141,352,742
78.77935,150,1299,-1736,532,4236,-141,352,741
78.77985,150,1300,-1736,532,4244,-141,351,742
78.78035,150,1300,-1737,532,4245,-140,352,741
78.78085,150,1300,-1736,532,4249,-140,352,741
78.78135,150,1300,-1736,531,4246,-141,352,741
78.78185,150,1300,-1736,532,4246,-140,352,742
78.78235,150,1300,-1736,532,4248,-140,352,742
78.78285,150,1300,-1736,532,4254,-141,352,742
78.78335,150,1300,-1736,532,4256,-140,352,741
78.78385,150,1300,-1736,531,4253,-140,352,741
78.78435,150,1300,-1736,531,4247,-140,352,742
78.78485,150,1299,-1736,531,4247,-141,352,741
78.78535,150,1299,-1736,531,4259,-140,351,742
78.78585,150,1299,-1736,531,4290,-140,351,742
78.78635,150,1300,-1736,531,4296,-141,352,742
78.78685,150,1299,-1736,531,4292,-141,351,742
78.78735,150,1300,-1736,531,4273,-140,352,741
78.78785,150,1300,-1735,531,4245,-140,352,742
78.78835,150,1300,-1735,532,4237,-140,352,742
78.78885,150,1299,-1735,531,4245,-140,352,741
78.78935,150,1300,-1735,532,4253,-141,352,741
78.78985,150,1300,-1735,532,4253,-141,352,741
78.79035,150,1300,-1736,532,4253,-140,352,741
78.79085,150,1299,-1735,532,4255,-140,351,742
78.79135,150,1300,-1736,531,4256,-140,351,742
78.79185,150,1300,-1736,532,4261,-140,351,742
78.79245,150,1300,-1736,532,4262,-140,351,742
78.79295,150,1300,-1735,531,4261,-140,352,742
78.79345,150,1300,-1736,532,4260,-140,352,742
78.79395,150,1300,-1736,532,4259,-140,352,742
78.79445,149,1300,-1736,532,4257,-140,351,742
78.79495,150,1300,-1737,532,4257,-140,352,742
78.79545,150,1300,-1737,533,4267,-140,352,742
78.79595,150,1300,-1737,533,4302,-140,351,741
78.79645,150,1300,-1738,532,4301,-140,352,741
78.79695,150,1300,-1738,532,4288,-140,351,741
78.79745,150,1300,-1738,530,4259,-141,352,741
78.79795,150,1300,-1738,530,4234,-140,352,741
78.79845,150,1300,-1737,530,4230,-141,351,741
78.79895,150,1300,-1736,531,4234,-140,352,741
78.79945,150,1300,-1736,531,4244,-141,352,742
78.79995,150,1300,-1735,532,4252,-140,352,741
78.80045,150,1300,-1735,532,4258,-140,352,742
78.80095,150,1300,-1735,532,4257,-141,352,742
78.80145,150,1300,-1735,531,4261,-140,352,741
78.80195,149,1300,-1736,531,4262,-140,352,741
78.80245,150,1300,-1737,531,4258,-141,352,742
78.80295,150,1300,-1737,531,4255,-141,352,741
78.80345,150,1300,-1737,531,4259,-140,351,741
78.80395,150,1300,-1736,532,4258,-140,351,741
78.80445,150,1300,-1736,532,4257,-140,351,741
78.80495,150,1300,-1736,533,4258,-141,352,741
78.80545,150,1300,-1737,533,4271,-140,351,742
78.80595,150,1300,-1738,533,4305,-140,352,741
78.80645,150,1300,-1738,532,4309,-140,352,742
78.80695,150,1300,-1738,532,4298,-140,352,742
78.80745,150,1300,-1738,531,4276,-140,352,741
78.80795,150,1300,-1737,531,4252,-140,352,741
78.80845,150,1300,-1736,531,4244,-140,352,741
78.80895,150,1300,-1735,531,4245,-140,352,742
78.80945,150,1300,-1735,531,4252,-140,352,742
78.80995,150,1300,-1736,531,4260,-140,352,742
78.81045,150,1300,-1736,531,4263,-140,352,742
78.81095,150,1300,-1736,531,4261,-140,352,742
78.81145,150,1300,-1736,531,4259,-140,351,742
78.81195,150,1300,-1736,531,4262,-140,352,742
78.81245,150,1300,-1735,531,4265,-140,351,742
78.81295,150,1300,-1735,530,4265,-140,351,742
78.81345,150,1300,-1735,531,4263,-140,352,742
78.81395,150,1300,-1735,530,4261,-140,351,742
78.81445,150,1300,-1736,531,4260,-140,352,741
78.81495,150,1300,-1736,531,4259,-140,352,742
78.81545,150,1300,-1736,532,4261,-140,352,742
78.81595,150,1300,-1736,532,4302,-140,351,742
78.81645,150,1300,-1736,531,4310,-140,351,742
78.81695,150,1300,-1735,531,4301,-140,351,742
78.81745,150,1300,-1735,530,4282,-140,351,742
78.81795,149,1300,-1735,530,4253,-140,352,742
78.81845,149,1300,-1735,530,4245,-140,352,742
78.81895,149,1300,-1735,531,4248,-140,352,742
78.81945,149,1300,-1736,531,4253,-140,351,742
78.81995,149,1300,-1736,531,4260,-140,351,742
78.82045,149,1300,-1736,531,4265,-140,351,742
78.82095,149,1300,-1736,531,4268,-140,352,742
78.82145,149,1300,-1736,531,4270,-140,352,742
78.82195,150,1300,-1736,531,4272,-140,352,742
78.82245,150,1300,-1737,531,4273,-140,352,741
78.82295,150,1300,-1737,531,4272,-141,352,742
78.82345,150,1300,-1736,531,4268,-140,351,741
78.82395,150,1300,-1736,531,4273,-140,352,742
78.82445,150,1300,-1736,532,4270,-140,352,741
78.82495,150,1300,-1736,531,4269,-140,352,742
78.82545,150,1300,-1736,531,4280,-140,352,742
78.82595,150,1300,-1736,531,4315,-140,351,742
78.82645,150,1300,-1737,531,4311,-140,352,742
78.82695,150,1300,-1736,531,4302,-140,352,742
78.82745,150,1300,-1736,531,4275,-140,352,741
78.82795,150,1300,-1737,531,4251,-140,352,741
78.82845,150,1300,-1737,531,4245,-140,352,741
78.82895,150,1300,-1737,532,4249,-140,351,742
78.82945,150,1300,-1737,531,4257,-140,352,741
78.82995,150,1300,-1737,531,4264,-140,352,741
78.83045,150,1300,-1736,531,4262,-140,352,741
78.83095,150,1300,-1735,530,4261,-140,352,742
78.83145,149,1300,-1735,531,4263,-140,352,742
78.83195,150,1300,-1735,531,4270,-140,352,742
78.83245,150,1300,-1736,531,4271,-140,351,742
78.83295,149,1300,-1736,531,4272,-140,352,741
78.83345,150,1300,-1736,532,4272,-140,352,742
78.83395,150,1300,-1735,531,4268,-140,352,742
78.83445,150,1300,-1736,531,4271,-140,352,742
78.83495,150,1300,-1736,532,4272,-140,352,741
78.83545,150,1300,-1737,533,4290,-140,351,741
78.83595,150,1299,-1737,533,4317,-140,352,742
78.83645,150,1300,-1737,533,4315,-140,352,741
78.83695,150,1300,-1738,532,4311,-140,352,741
78.83745,150,1300,-1738,532,4277,-140,353,741
78.83795,150,1300,-1738,532,4256,-140,352,741
78.83845,150,1300,-1737,531,4256,-140,352,741
78.83895,150,1300,-1735,530,4263,-140,351,741
78.83945,150,1300,-1734,530,4273,-140,351,741
78.83995,149,1300,-1734,529,4276,-140,351,742
78.84045,150,1300,-1735,529,4278,-140,352,741
78.84095,150,1300,-1735,530,4283,-140,351,742
78.84145,150,1300,-1736,530,4280,-140,351,741
78.84195,149,1300,-1736,530,4281,-140,351,741
78.84245,149,1300,-1736,530,4277,-140,352,741
78.84295,150,1300,-1736,530,4272,-140,352,741
78.84345,150,1300,-1736,530,4271,-140,352,741
78.84395,150,1300,-1736,531,4273,-140,352,742
78.84445,149,1300,-1736,532,4272,-140,352,741
78.84495,149,1300,-1736,532,4274,-140,352,741
78.84545,150,1300,-1736,533,4292,-140,351,742
78.84595,150,1300,-1736,533,4316,-140,352,742
78.84645,150,1300,-1736,533,4314,-140,352,741
78.84695,149,1300,-1736,533,4304,-140,352,741
78.84745,150,1300,-1736,533,4270,-140,352,741
78.847946,149,1299,-1736,533,4249,-140,352,741
78.84845,150,1300,-1735,533,4249,-140,352,741
78.84895,149,1299,-1736,532,4254,-140,352,741
78.84945,150,1300,-1736,532,4261,-140,352,741
78.84995,150,1300,-1736,531,4264,-140,352,741
78.85045,150,1300,-1736,530,4266,-140,352,741
78.85095,149,1300,-1736,529,4265,-140,352,741
78.85145,150,1300,-1736,529,4266,-140,352,741
78.85195,150,1299,-1735,529,4271,-140,351,741
78.85245,150,1299,-1735,529,4274,-140,352,741
78.85295,149,1299,-1735,530,4276,-140,352,741
78.85345,150,1300,-1736,530,4277,-140,352,741
78.85395,150,1300,-1736,530,4277,-140,352,741
78.85455,150,1300,-1736,530,4276,-140,351,741
78.85505,150,1299,-1737,530,4277,-140,352,741
78.85555,150,1299,-1737,531,4302,-140,351,742
78.85605,150,1299,-1737,532,4327,-140,352,741
78.85655,150,1300,-1736,532,4326,-140,352,741
78.85705,150,1300,-1736,532,4310,-140,352,741
78.85755,149,1300,-1735,532,4276,-140,352,741
78.85805,150,1300,-1736,532,4256,-140,352,741
78.85855,150,1300,-1736,532,4254,-141,352,741
78.85905,150,1300,-1736,531,4257,-140,352,741
78.85955,150,1300,-1736,531,4261,-140,352,741
78.86005,150,1300,-1736,531,4266,-140,352,741
78.86055,150,1300,-1736,530,4271,-140,352,741
78.86105,150,1299,-1736,530,4271,-140,352,741
78.86155,150,1299,-1735,529,4272,-140,352,741
78.86205,150,1300,-1735,529,4272,-140,352,741
78.86255,150,1299,-1736,529,4273,-140,351,741
78.86305,150,1300,-1736,529,4271,-140,351,741
78.86355,150,1300,-1736,529,4270,-140,352,741
78.86405,150,1300,-1736,530,4266,-140,352,741
78.86455,150,1300,-1737,530,4262,-140,351,741
78.86505,150,1300,-1737,530,4261,-140,352,741
78.86555,150,1300,-1736,531,4289,-140,351,742
78.86605,150,1299,-1736,532,4308,-140,351,741
78.86655,150,1300,-1736,533,4306,-140,351,741
78.86705,150,1300,-1736,533,4291,-140,352,741
78.86755,150,1300,-1736,533,4259,-140,352,741
78.86805,149,1300,-1736,532,4246,-140,352,741
78.86855,149,1300,-1736,532,4247,-140,352,741
78.86905,149,1300,-1737,532,4253,-140,352,741
78.86955,149,1300,-1736,532,4260,-140,352,741
78.87005,149,1300,-1736,532,4263,-140,352,741
78.87055,149,1299,-1736,532,4264,-140,352,741
78.87105,150,1300,-1736,531,4266,-140,352,741
78.87155,150,1300,-1736,531,4268,-140,352,741
78.87205,150,1300,-1736,530,4270,-140,351,741
78.87255,150,1300,-1736,529,4272,-140,352,741
78.87305,150,1299,-1736,528,4272,-140,352,741
78.87355,150,1300,-1736,529,4273,-140,351,741
78.87405,149,1299,-1736,530,4272,-140,352,741
78.87455,150,1300,-1736,531,4269,-141,352,741
78.87505,150,1300,-1736,531,4267,-140,352,741
78.87555,150,1300,-1735,531,4296,-140,351,741
78.87605,149,1300,-1735,531,4313,-140,352,741
78.87655,150,1299,-1735,531,4307,-140,352,741
78.87705,149,1300,-1734,531,4294,-140,352,741
78.87755,149,1299,-1736,531,4257,-140,353,741
78.87805,149,1300,-1735,531,4243,-140,352,741
78.87855,150,1299,-1736,531,4243,-140,352,741
78.87905,150,1300,-1736,531,4248,-140,352,741
78.87955,149,1299,-1736,531,4256,-140,352,741
78.88005,150,1299,-1736,531,4257,-140,352,741
78.88055,149,1300,-1736,531,4257,-140,352,741
78.88105,150,1299,-1736,532,4257,-140,352,741
78.88155,150,1299,-1736,532,4257,-140,352,741
78.88205,150,1300,-1736,532,4257,-140,352,741
78.88255,149,1300,-1736,532,4256,-141,353,741
78.88305,150,1300,-1736,532,4254,-141,352,741
78.88355,149,1300,-1736,533,4256,-140,352,741
78.88405,150,1300,-1736,533,4258,-140,352,741
78.88455,150,1300,-1736,532,4257,-140,352,741
78.88505,150,1300,-1735,531,4258,-140,352,741
78.88555,150,1299,-1735,531,4292,-140,351,741
78.88605,150,1300,-1735,529,4303,-140,352,741
78.88655,150,1300,-1735,529,4297,-140,351,741
78.88705,150,1300,-1735,529,4281,-140,352,741
78.88755,150,1300,-1736,529,4253,-141,352,741
78.88805,150,1300,-1736,530,4245,-140,352,741
78.88855,149,1299,-1737,531,4248,-141,352,741
78.88905,149,1299,-1736,531,4253,-140,352,741
78.88955,150,1299,-1736,531,4259,-140,352,741
78.89005,149,1299,-1736,531,4262,-140,352,741
78.89055,150,1300,-1736,531,4261,-140,352,741
78.89105,149,1299,-1736,531,4258,-140,352,741
78.89155,149,1299,-1736,532,4259,-140,352,741
78.89205,149,1299,-1736,532,4262,-140,352,741
78.89255,150,1299,-1736,532,4262,-140,352,741
78.89305,150,1299,-1736,532,4262,-140,352,741
78.89355,150,1299,-1736,533,4262,-140,352,741
78.89405,150,1299,-1736,533,4261,-140,352,741
78.89455,150,1299,-1736,534,4259,-140,352,741
78.89505,150,1299,-1736,533,4262,-140,352,741
78.89555,150,1299,-1736,533,4297,-140,352,741
78.89605,149,1299,-1736,531,4305,-140,352,741
78.89655,150,1299,-1736,529,4297,-140,352,741
78.89705,150,1300,-1736,528,4275,-141,352,741
78.89755,150,1299,-1736,528,4241,-140,352,741
78.89805,150,1300,-1735,529,4233,-140,352,741
78.89855,150,1300,-1735,530,4233,-140,352,741
78.89905,150,1299,-1736,530,4240,-140,352,741
78.89955,150,1299,-1736,531,4249,-140,352,741
78.90005,150,1299,-1736,531,4253,-140,352,741
78.90055,150,1299,-1736,531,4254,-140,352,741
78.90105,150,1299,-1735,531,4255,-140,352,741
78.90155,150,1300,-1735,530,4256,-140,351,741
78.90205,151,1299,-1735,531,4256,-140,352,742
78.90255,150,1299,-1735,531,4258,-140,352,741
78.90305,150,1300,-1736,532,4262,-140,352,741
78.90355,150,1299,-1736,532,4259,-140,352,741
78.90405,150,1300,-1736,532,4255,-140,352,741
78.90455,150,1299,-1736,532,4253,-140,352,741
78.90505,150,1299,-1736,532,4260,-140,352,742
78.90555,150,1299,-1736,531,4297,-140,351,741
78.90605,150,1299,-1736,529,4305,-140,352,741
78.90655,150,1299,-1736,529,4294,-140,351,741
78.90705,150,1300,-1736,529,4272,-140,352,741
78.90755,150,1299,-1736,529,4241,-140,352,741
78.90805,150,1299,-1736,530,4235,-140,352,741
78.90855,150,1299,-1736,530,4237,-140,352,741
78.90905,150,1299,-1736,529,4244,-140,352,741
78.90955,149,1300,-1736,529,4249,-140,352,741
78.91005,149,1300,-1736,530,4250,-140,352,741
78.91055,149,1299,-1736,530,4251,-140,352,741
78.91105,149,1299,-1737,531,4251,-140,352,741
78.91155,149,1299,-1738,532,4251,-141,352,741
78.91205,149,1299,-1738,533,4252,-140,352,741
78.91255,150,1300,-1739,534,4251,-140,352,741
78.91305,149,1299,-1739,535,4250,-140,352,741
78.91355,149,1299,-1739,535,4249,-140,352,742
78.91405,149,1299,-1739,535,4248,-140,353,741
78.91455,150,1299,-1738,535,4250,-140,352,741
78.91505,149,1299,-1735,534,4252,-140,352,741
78.91555,150,1299,-1733,531,4286,-140,351,742
78.91605,149,1299,-1731,528,4291,-140,351,741
78.91665,150,1299,-1733,526,4290,-141,351,741
78.91715,150,1299,-1734,525,4266,-140,352,741
78.91765,150,1299,-1734,527,4230,-141,352,741
78.91815,150,1299,-1735,528,4225,-140,352,741
78.91865,150,1299,-1735,530,4227,-140,352,741
78.91915,150,1299,-1735,530,4235,-140,352,741
78.91965,150,1299,-1735,530,4245,-140,352,742
78.92015,150,1299,-1736,531,4248,-140,352,741
78.92065,150,1300,-1736,531,4253,-140,352,741
78.92115,150,1299,-1737,531,4251,-140,352,741
78.92165,150,1299,-1737,531,4251,-140,352,741
78.92215,150,1299,-1737,531,4252,-140,352,741
78.92265,150,1299,-1737,531,4250,-140,352,741
78.92315,150,1299,-1736,531,4249,-140,352,741
78.92365,150,1300,-1736,531,4251,-140,352,741
78.92415,150,1299,-1736,531,4251,-140,352,741
78.92465,150,1299,-1737,531,4247,-140,352,741
78.92515,149,1299,-1736,531,4255,-140,352,741
78.92565,149,1299,-1736,531,4289,-140,352,742
78.92615,149,1299,-1737,530,4287,-140,352,741
78.92665,149,1299,-1736,531,4282,-140,352,741
78.92715,149,1300,-1736,531,4253,-140,352,741
78.92765,149,1299,-1735,530,4226,-140,352,741
78.92815,150,1299,-1735,530,4224,-140,351,741
78.92865,149,1299,-1735,529,4229,-140,352,741
78.92915,150,1299,-1735,529,4235,-140,352,742
78.92965,150,1299,-1735,530,4239,-140,352,741
78.93015,149,1299,-1736,530,4243,-140,352,742
78.93065,150,1299,-1736,531,4238,-140,352,741
78.93115,150,1299,-1736,531,4238,-140,352,741
78.93165,150,1299,-1736,531,4238,-140,352,741
78.93215,150,1299,-1736,532,4240,-140,352,742
78.93265,150,1299,-1736,532,4241,-140,352,741
78.93315,149,1300,-1737,532,4247,-140,352,741
78.93365,150,1299,-1737,533,4245,-140,352,741
78.93415,150,1299,-1736,532,4243,-140,352,741
78.93465,150,1299,-1736,531,4242,-140,352,741
78.93515,150,1299,-1735,531,4253,-140,351,742
78.93565,150,1299,-1736,530,4289,-140,351,742
78.93615,150,1299,-1735,530,4295,-140,351,742
78.93665,150,1299,-1736,529,4290,-140,352,742
78.93715,150,1299,-1735,529,4262,-140,352,741
78.93765,150,1299,-1736,529,4233,-140,352,741
78.93815,150,1299,-1736,530,4227,-140,352,742
78.93865,149,1300,-1736,530,4230,-140,352,742
78.93915,149,1300,-1736,530,4243,-140,352,742
78.93965,149,1299,-1736,530,4253,-140,352,742
78.94015,149,1299,-1735,531,4255,-140,352,742
78.94065,149,1299,-1736,531,4254,-140,352,742
78.94115,149,1299,-1736,531,4254,-140,352,742
78.94165,149,1299,-1736,531,4253,-140,352,741
78.94215,149,1300,-1736,530,4251,-140,352,742
78.94265,149,1299,-1736,531,4246,-140,352,742
78.94315,150,1299,-1736,531,4249,-140,352,742
78.94365,149,1299,-1736,531,4251,-140,352,741
78.94415,149,1299,-1736,531,4247,-140,352,742
78.94465,150,1299,-1736,531,4239,-140,352,741
78.94515,150,1299,-1736,531,4254,-140,352,742
78.94565,149,1299,-1736,531,4286,-140,352,742
78.94615,149,1299,-1736,531,4284,-140,352,742
78.94665,149,1299,-1736,531,4276,-140,352,742
78.94715,149,1300,-1736,531,4250,-140,352,741
78.94765,150,1299,-1736,531,4222,-140,352,742
78.94815,150,1299,-1737,531,4217,-140,352,742
78.94865,150,1299,-1737,531,4225,-140,352,742
78.94915,149,1299,-1737,531,4235,-140,352,742
78.94965,150,1299,-1736,531,4242,-140,352,742
78.95015,150,1299,-1736,531,4245,-140,352,742
78.95065,150,1299,-1736,531,4246,-140,352,742
78.95115,150,1299,-1736,530,4247,-140,352,742
78.95165,150,1299,-1736,530,4249,-140,352,742
78.95215,150,1299,-1736,530,4251,-140,352,742
78.95265,150,1299,-1735,530,4251,-140,352,742
78.95315,149,1299,-1736,530,4253,-140,352,742
78.95365,150,1299,-1736,530,4253,-140,352,742
78.95415,149,1299,-1736,531,4254,-140,352,742
78.95465,149,1299,-1737,531,4253,-140,352,742
78.95515,150,1299,-1736,531,4267,-140,351,742
78.95565,150,1299,-1736,531,4302,-140,351,742
78.95615,149,1299,-1736,531,4301,-140,352,742
78.95665,149,1300,-1736,531,4294,-140,352,742
78.95715,149,1299,-1736,531,4266,-140,352,742
78.95765,149,1299,-1736,531,4237,-140,352,742
78.95815,150,1299,-1736,531,4234,-140,352,742
78.95865,150,1299,-1736,531,4236,-140,352,742
78.95915,150,1299,-1736,531,4244,-140,352,742
78.95965,150,1299,-1737,532,4250,-140,352,742
78.96015,150,1299,-1737,532,4251,-140,352,742
78.96065,150,1299,-1737,532,4251,-140,352,742
78.96115,150,1299,-1737,531,4252,-140,352,741
78.96165,150,1299,-1737,531,4252,-140,352,742
78.96215,150,1299,-1736,531,4248,-140,352,741
78.96265,150,1299,-1736,531,4248,-140,352,742
78.96315,150,1299,-1736,532,4244,-141,352,742
78.96365,150,1299,-1736,532,4250,-140,352,741
78.96415,150,1299,-1737,532,4250,-140,352,741
78.96465,150,1299,-1736,532,4241,-140,352,741
78.96515,150,1299,-1736,532,4256,-140,352,742
78.96565,150,1299,-1736,531,4291,-140,352,742
78.96615,150,1299,-1736,530,4291,-140,352,741
78.96665,150,1299,-1736,530,4283,-140,352,741
78.96715,150,1299,-1736,530,4249,-140,352,741
78.96765,150,1299,-1736,530,4228,-140,352,742
78.96815,150,1299,-1737,531,4230,-140,351,741
78.96865,150,1299,-1736,531,4241,-140,352,742
78.96915,150,1299,-1735,530,4247,-140,352,742
78.96965,149,1299,-1735,530,4253,-140,352,741
78.970146,150,1299,-1736,530,4256,-140,352,742
78.97065,150,1300,-1736,530,4250,-140,352,742
78.97115,149,1299,-1736,530,4256,-140,352,742
78.97165,149,1299,-1737,530,4263,-140,352,742
78.97215,149,1299,-1737,530,4266,-140,352,742
78.97265,149,1299,-1738,531,4266,-140,352,742
78.97315,149,1299,-1738,531,4266,-140,352,742
78.97365,149,1299,-1737,531,4266,-140,351,742
78.97415,149,1299,-1736,530,4265,-140,351,742
78.97465,149,1299,-1735,530,4261,-140,352,742
78.97515,149,1299,-1735,531,4279,-140,352,742
78.97565,149,1299,-1736,531,4306,-140,352,743
78.97615,150,1299,-1737,531,4300,-140,352,742
78.97665,149,1299,-1738,532,4287,-140,352,743
78.97715,149,1299,-1738,531,4258,-140,352,742
78.97765,150,1299,-1738,532,4233,-140,352,742
78.97815,150,1299,-1737,531,4236,-140,352,742
78.97865,149,1299,-1736,531,4240,-140,352,743
78.97925,150,1299,-1736,531,4246,-140,352,742
78.97975,150,1299,-1735,532,4248,-140,352,742
78.98025,149,1299,-1735,531,4254,-140,352,742
78.98075,149,1299,-1735,531,4256,-140,352,742
78.98125,150,1299,-1736,530,4256,-140,352,742
78.98175,150,1299,-1737,530,4256,-140,352,742
78.98225,149,1299,-1737,529,4256,-140,352,742
78.98275,150,1299,-1737,529,4257,-140,351,742
78.98325,149,1299,-1736,530,4258,-140,352,742
78.98375,150,1299,-1736,529,4260,-140,352,742
78.98425,150,1299,-1736,530,4258,-140,351,742
78.98475,150,1299,-1736,530,4255,-140,352,742
78.98525,150,1299,-1736,531,4278,-140,351,742
78.98575,149,1299,-1735,531,4305,-140,352,742
78.98625,149,1299,-1736,530,4298,-140,352,742
78.98675,149,1299,-1736,531,4287,-140,352,742
78.98725,149,1299,-1736,530,4257,-140,352,742
78.98775,149,1299,-1736,531,4239,-140,352,742
78.98825,149,1299,-1737,531,4242,-140,352,743
78.98875,150,1299,-1737,531,4248,-140,352,742
78.98925,149,1299,-1737,530,4254,-140,352,743
78.98975,150,1299,-1737,531,4262,-140,351,742
78.99025,150,1299,-1737,531,4261,-140,352,742
78.99075,149,1299,-1736,531,4265,-140,352,742
78.99125,150,1300,-1736,531,4266,-140,352,742
78.99175,150,1299,-1735,531,4265,-140,352,742
78.99225,150,1300,-1736,531,4264,-140,352,742
78.99275,150,1299,-1736,532,4264,-140,352,742
78.99325,150,1299,-1737,532,4264,-140,352,743
78.99375,150,1299,-1737,532,4263,-140,351,742
78.99425,150,1299,-1737,531,4259,-140,352,742
78.99475,150,1299,-1736,530,4258,-140,352,742
78.99525,150,1299,-1736,530,4281,-140,352,742
78.99575,150,1299,-1736,529,4308,-140,351,742
78.99625,150,1299,-1735,529,4302,-140,352,742
78.99675,150,1299,-1736,529,4291,-141,352,742
78.99725,150,1299,-1736,529,4258,-141,352,742
78.99775,150,1299,-1736,530,4235,-141,352,742
78.99825,150,1299,-1736,530,4236,-140,352,742
78.99875,150,1299,-1736,531,4240,-140,352,742
78.99925,150,1299,-1736,531,4249,-140,352,742
78.99975,150,1299,-1736,531,4256,-140,352,742
79.00025,150,1299,-1736,531,4259,-141,352,742
79.00075,150,1299,-1736,531,4261,-140,352,742
79.00125,150,1299,-1736,531,4263,-140,352,742
79.00175,150,1300,-1736,531,4264,-140,352,741
79.00225,150,1299,-1736,531,4263,-140,352,742
79.00275,150,1299,-1736,531,4257,-141,352,742
79.00325,150,1299,-1736,531,4262,-140,352,742
79.00375,150,1299,-1735,531,4268,-140,352,742
79.00425,150,1299,-1736,532,4268,-140,352,742
79.00475,150,1300,-1736,532,4264,-140,352,742
79.00525,149,1299,-1736,533,4295,-140,352,743
79.00575,149,1299,-1736,532,4315,-140,352,742
79.00625,149,1299,-1736,532,4303,-140,352,742
79.00675,149,1299,-1736,532,4292,-140,352,742
79.00725,149,1300,-1736,532,4259,-140,352,742
79.00775,149,1300,-1736,531,4246,-141,352,742
79.00825,149,1299,-1736,531,4248,-140,351,742
79.00875,149,1300,-1736,531,4253,-140,352,743
79.00925,149,1299,-1736,531,4258,-141,351,742
79.00975,149,1300,-1737,531,4257,-141,351,742
79.01025,150,1299,-1738,530,4260,-140,351,742
79.01075,150,1300,-1738,530,4261,-140,351,742
79.01125,150,1299,-1738,530,4262,-140,351,742
79.01175,149,1299,-1737,531,4265,-141,352,742
79.01225,149,1299,-1736,531,4266,-141,352,742
79.01275,150,1299,-1736,531,4266,-140,352,742
79.01325,149,1299,-1737,531,4264,-140,352,742
79.01375,150,1299,-1737,531,4264,-140,352,742
79.01425,149,1300,-1736,531,4262,-140,352,742
79.01475,150,1299,-1736,530,4261,-140,352,742
79.01525,150,1299,-1737,531,4294,-140,352,743
79.01575,149,1299,-1738,531,4308,-140,352,742
79.01625,150,1299,-1739,532,4299,-141,352,743
79.01675,150,1300,-1739,531,4289,-140,352,742
79.01725,150,1299,-1740,531,4252,-140,352,742
79.01775,149,1300,-1740,532,4243,-140,352,742
79.01825,150,1299,-1740,532,4248,-140,352,742
79.01875,150,1299,-1738,533,4254,-140,352,742
79.01925,149,1299,-1736,532,4262,-140,351,742
79.01975,150,1299,-1735,531,4267,-140,352,742
79.02025,150,1299,-1735,529,4269,-140,352,742
79.02075,150,1299,-1735,528,4269,-140,352,742
79.02125,150,1299,-1735,528,4271,-140,351,742
79.02175,150,1299,-1734,529,4272,-140,352,742
79.02225,150,1299,-1734,529,4273,-140,352,742
79.02275,150,1299,-1735,529,4274,-140,352,742
79.02325,150,1299,-1736,530,4273,-140,352,742
79.02375,150,1299,-1737,531,4273,-140,352,742
79.02425,150,1299,-1737,531,4270,-140,352,742
79.02475,150,1300,-1737,531,4268,-140,352,742
79.02525,150,1299,-1737,531,4302,-140,351,743
79.02575,150,1299,-1737,531,4310,-140,351,742
79.02625,150,1299,-1736,531,4296,-140,352,742
79.02675,150,1299,-1735,530,4282,-140,352,742
79.02725,150,1299,-1734,529,4251,-140,352,742
79.02775,150,1299,-1735,530,4240,-140,351,742
79.02825,150,1299,-1735,530,4244,-140,352,742
79.02875,149,1299,-1735,530,4251,-141,351,742
79.02925,150,1299,-1736,530,4260,-140,352,742
79.02975,149,1299,-1736,530,4261,-140,352,742
79.03025,150,1299,-1736,530,4262,-140,352,742
79.03075,150,1299,-1736,530,4261,-140,352,742
79.03125,150,1299,-1736,530,4261,-140,352,742
79.03175,150,1299,-1736,530,4262,-140,352,742
79.03225,149,1300,-1736,530,4263,-140,352,742
79.03275,150,1299,-1736,530,4265,-140,352,742
79.03325,150,1299,-1735,530,4266,-140,352,742
79.03375,150,1299,-1736,531,4268,-140,352,742
79.03425,149,1299,-1735,530,4268,-140,352,742
79.03475,150,1299,-1735,531,4272,-140,352,742
79.03525,150,1299,-1736,531,4307,-140,351,742
79.03575,150,1299,-1736,531,4315,-140,351,742
79.03625,150,1299,-1737,531,4309,-140,352,742
79.03675,150,1299,-1736,531,4292,-140,352,742
79.03725,150,1299,-1736,530,4259,-140,352,742
79.03775,150,1299,-1736,531,4248,-140,352,742
79.03825,149,1299,-1736,531,4254,-140,352,742
79.03875,150,1299,-1736,531,4260,-140,352,742
79.03925,150,1299,-1737,531,4269,-140,352,742
79.03975,150,1299,-1737,531,4274,-140,352,742
79.04035,149,1299,-1737,530,4275,-140,352,742
79.04085,150,1299,-1736,530,4275,-140,352,742
79.04135,150,1299,-1736,530,4275,-140,352,742
79.04185,149,1299,-1736,530,4274,-140,352,742
79.04235,150,1299,-1736,530,4271,-140,352,742
79.04285,150,1299,-1736,530,4268,-140,352,742
79.04335,150,1299,-1736,530,4270,-140,352,742
79.04385,149,1299,-1736,530,4273,-140,352,742
79.04435,150,1300,-1736,530,4270,-140,352,742
79.04485,150,1299,-1736,531,4273,-140,352,742
79.04535,149,1299,-1736,531,4308,-140,351,742
79.04585,150,1299,-1736,531,4311,-140,352,742
79.04635,150,1299,-1736,531,4301,-140,352,742
79.04685,150,1299,-1736,530,4276,-140,352,742
79.04735,149,1299,-1736,530,4243,-140,352,742
79.04785,150,1299,-1736,531,4238,-140,352,742
79.04835,150,1300,-1736,531,4244,-140,352,742
79.04885,150,1299,-1737,531,4254,-140,351,742
79.04935,150,1299,-1737,531,4261,-140,352,742
79.04985,150,1299,-1737,531,4263,-140,351,742
79.05035,149,1299,-1736,530,4263,-140,352,742
79.05085,150,1299,-1736,530,4263,-140,352,742
79.05135,150,1299,-1736,530,4267,-140,352,742
79.05185,150,1299,-1736,529,4271,-140,352,742
79.05235,150,1299,-1736,530,4272,-140,352,742
79.05285,150,1300,-1736,530,4273,-140,352,742
79.05335,150,1299,-1736,530,4274,-140,352,742
79.05385,150,1299,-1736,530,4275,-140,352,742
79.05435,150,1299,-1736,530,4274,-140,352,742
79.05485,150,1299,-1736,531,4283,-140,352,742
79.05535,150,1299,-1736,531,4318,-140,352,742
79.05585,150,1299,-1736,530,4320,-140,352,742
79.05635,150,1299,-1736,530,4314,-140,352,742
79.05685,149,1299,-1737,531,4290,-140,352,742
79.05735,150,1299,-1736,530,4259,-140,352,742
79.05785,150,1299,-1736,530,4250,-140,352,742
79.05835,150,1299,-1736,530,4254,-140,352,742
79.05885,149,1299,-1736,530,4259,-140,352,742
79.05935,150,1299,-1736,531,4263,-140,352,742
79.05985,150,1299,-1736,532,4268,-140,352,742
79.06035,150,1299,-1737,531,4269,-140,352,742
79.06085,150,1299,-1736,531,4269,-140,352,742
79.06135,150,1299,-1737,530,4269,-140,352,742
79.06185,150,1299,-1736,530,4269,-140,352,742
79.06235,150,1299,-1736,530,4269,-140,352,742
79.06285,149,1299,-1736,530,4268,-140,352,742
79.06335,149,1299,-1736,530,4267,-140,352,742
79.06385,149,1299,-1737,530,4266,-140,352,742
79.06435,149,1299,-1737,531,4262,-140,352,741
79.06485,150,1300,-1736,532,4268,-140,351,742
79.06535,149,1299,-1736,532,4298,-140,352,742
79.06585,149,1299,-1736,531,4305,-140,352,742
79.06635,149,1299,-1736,531,4297,-140,352,742
79.06685,149,1300,-1736,531,4271,-140,352,742
79.06735,149,1299,-1737,531,4246,-140,352,742
79.06785,150,1299,-1736,531,4241,-141,352,742
79.06835,150,1299,-1736,531,4247,-140,352,742
79.06885,150,1299,-1737,531,4255,-140,352,742
79.06935,150,1299,-1737,531,4264,-140,352,742
79.06985,150,1299,-1737,531,4267,-140,352,742
79.07035,150,1299,-1737,531,4268,-140,352,742
79.07085,150,1299,-1737,530,4270,-141,352,742
79.07135,150,1299,-1737,530,4271,-140,352,742
79.07185,150,1299,-1736,531,4273,-140,352,742
79.07235,150,1299,-1736,531,4273,-141,352,742
79.07285,150,1299,-1736,531,4274,-140,352,742
79.07335,150,1299,-1736,530,4274,-141,352,742
79.07385,150,1299,-1736,530,4273,-140,352,742
79.07435,149,1299,-1736,530,4270,-140,352,742
79.07485,150,1299,-1736,531,4280,-140,351,742
79.07535,150,1299,-1736,531,4312,-140,351,742
79.07585,150,1299,-1736,531,4311,-140,352,742
79.07635,150,1300,-1737,531,4303,-140,352,742
79.07685,150,1299,-1737,531,4276,-140,352,742
79.07735,150,1299,-1737,531,4247,-140,352,741
79.07785,150,1299,-1737,531,4240,-141,352,742
79.07835,149,1299,-1737,531,4240,-140,352,742
79.07885,150,1299,-1737,530,4251,-140,352,742
79.07935,150,1299,-1737,530,4258,-140,352,742
79.07985,150,1300,-1737,530,4260,-140,352,742
79.08035,150,1299,-1737,531,4260,-140,352,742
79.08085,150,1300,-1737,531,4259,-140,352,742
79.08135,150,1300,-1737,531,4259,-140,352,742
79.08185,149,1299,-1737,532,4259,-141,352,742
79.08235,150,1299,-1737,531,4257,-140,352,742
79.08285,149,1299,-1737,531,4257,-141,352,741
79.08335,150,1300,-1737,532,4260,-140,353,742
79.08385,150,1299,-1737,531,4259,-141,352,742
79.08435,150,1299,-1737,532,4261,-141,352,742
79.08485,150,1299,-1737,532,4273,-140,352,742
79.08535,150,1299,-1736,530,4305,-140,352,742
79.08585,149,1299,-1736,528,4305,-141,352,742
79.08635,150,1299,-1736,528,4294,-141,352,742
79.08685,149,1299,-1735,528,4264,-140,352,742
79.08735,150,1299,-1736,530,4239,-141,352,742
79.08785,149,1299,-1736,529,4238,-140,352,742
79.08835,150,1299,-1737,529,4246,-141,352,742
79.08885,150,1299,-1736,530,4256,-140,352,742
79.08935,150,1299,-1737,530,4262,-141,352,742
79.08985,150,1299,-1737,531,4263,-140,352,742
79.09035,150,1300,-1737,531,4261,-140,352,742
79.09085,150,1299,-1736,532,4260,-141,352,742
79.09135,150,1299,-1737,531,4262,-141,352,742
79.09185,150,1299,-1737,531,4262,-141,352,742
79.09235,150,1299,-1736,531,4261,-140,352,742
79.09285,150,1299,-1737,531,4260,-141,352,742
79.09335,150,1299,-1737,532,4260,-140,352,742
79.09385,150,1299,-1736,531,4259,-141,351,742
79.09435,150,1299,-1736,530,4257,-141,352,742
79.09485,150,1299,-1736,530,4270,-141,351,742
79.09535,150,1299,-1736,529,4300,-141,351,742
79.09585,150,1299,-1736,529,4297,-140,352,742
79.09635,150,1299,-1736,529,4288,-141,352,742
79.09685,150,1299,-1736,529,4259,-141,352,742
79.09735,150,1299,-1736,530,4231,-141,352,742
79.09785,150,1299,-1736,530,4225,-141,352,742
79.09835,150,1299,-1736,531,4231,-141,352,742
79.09885,150,1299,-1737,531,4239,-141,352,742
79.09935,150,1299,-1736,531,4245,-141,352,742
79.09985,150,1299,-1736,531,4250,-141,352,742
79.10035,150,1300,-1736,531,4252,-141,352,742
79.10085,150,1300,-1737,531,4254,-141,352,742
79.10135,150,1300,-1737,531,4255,-141,352,742
79.10185,150,1299,-1737,531,4255,-141,352,742
79.10245,150,1299,-1737,531,4256,-141,352,742
79.10295,150,1300,-1737,531,4256,-141,352,742
79.10345,150,1299,-1737,531,4257,-141,352,742
79.10395,150,1300,-1737,531,4257,-141,352,742
79.10445,150,1300,-1737,531,4255,-141,352,742
79.10495,150,1299,-1737,531,4272,-140,352,742
79.10545,150,1299,-1737,530,4302,-141,352,742
79.10595,149,1299,-1737,530,4299,-141,352,742
79.10645,150,1300,-1737,530,4288,-140,352,742
79.10695,150,1300,-1737,530,4256,-141,352,742
79.10745,150,1299,-1737,529,4232,-140,352,742
79.10795,150,1299,-1737,530,4230,-141,352,742
79.10845,150,1299,-1737,530,4236,-141,352,742
79.10895,150,1299,-1737,530,4244,-141,352,742
79.10945,150,1299,-1736,530,4249,-141,352,742
79.10995,150,1299,-1735,530,4251,-141,352,742
79.11045,150,1300,-1735,530,4252,-141,352,742
79.11095,150,1300,-1735,531,4252,-141,352,742
79.11145,149,1299,-1736,531,4252,-141,352,742
79.11195,150,1300,-1736,531,4252,-141,352,742
79.11245,150,1300,-1736,531,4251,-141,352,742
79.11295,150,1300,-1736,532,4250,-141,352,742
79.11345,150,1299,-1737,532,4249,-141,352,742
79.11395,149,1299,-1737,531,4248,-141,352,742
79.11445,150,1299,-1737,531,4244,-141,351,742
79.11495,150,1299,-1737,531,4267,-141,351,742
79.11545,150,1300,-1737,530,4294,-141,351,742
79.11595,150,1299,-1737,530,4291,-141,352,742
79.11645,150,1300,-1737,530,4283,-141,352,742
79.11695,150,1300,-1737,530,4253,-141,352,742
79.11745,150,1299,-1736,530,4231,-141,352,742
79.11795,150,1300,-1736,530,4230,-141,352,742
79.11845,150,1300,-1736,530,4237,-141,352,742
79.11895,150,1300,-1736,530,4245,-141,352,742
79.11945,149,1299,-1736,530,4251,-141,352,742
79.11995,150,1299,-1736,530,4255,-141,352,742
79.12045,150,1299,-1736,530,4256,-141,352,742
79.12095,150,1299,-1737,530,4257,-141,352,742
79.12145,150,1300,-1737,530,4259,-141,352,742
79.12195,150,1299,-1737,530,4260,-141,351,742
79.12245,150,1300,-1737,530,4257,-141,352,742
79.12295,150,1299,-1737,530,4259,-141,352,742
79.12345,150,1299,-1737,531,4263,-141,352,742
79.12395,150,1300,-1737,530,4263,-141,352,742
79.12445,150,1299,-1737,531,4260,-141,352,742
79.12495,150,1300,-1737,531,4281,-141,352,742
79.12545,149,1300,-1737,531,4302,-141,351,742
79.12595,150,1300,-1737,531,4297,-141,352,742
79.12645,150,1299,-1737,531,4282,-141,352,742
79.12695,150,1299,-1737,530,4249,-141,352,742
79.12745,150,1300,-1737,530,4229,-141,352,742
79.12795,150,1299,-1737,530,4229,-141,352,742
79.12845,150,1300,-1737,530,4238,-141,352,742
79.12895,150,1299,-1737,530,4249,-141,352,742
79.12945,150,1299,-1737,530,4254,-141,352,742
79.12995,150,1299,-1737,530,4253,-141,352,742
79.13045,150,1299,-1737,530,4250,-141,352,742
79.13095,150,1299,-1737,530,4251,-141,351,742
79.13145,150,1300,-1737,531,4255,-141,352,742
79.13195,150,1299,-1738,531,4256,-141,352,742
79.13245,150,1300,-1737,531,4257,-141,352,742
79.13295,150,1299,-1736,531,4258,-141,352,743
79.13345,150,1300,-1736,531,4259,-141,352,742
79.13395,150,1299,-1736,530,4256,-141,352,743
79.13445,150,1299,-1736,530,4259,-141,351,742
79.13495,150,1299,-1736,531,4285,-141,352,743
79.13545,150,1299,-1736,530,4308,-141,351,743
79.13595,150,1300,-1737,531,4301,-141,352,743
79.13645,150,1300,-1737,531,4288,-141,352,743
79.13695,150,1300,-1737,531,4257,-141,352,743
79.13745,149,1300,-1737,531,4241,-141,352,743
79.13795,150,1300,-1737,532,4239,-141,352,743
79.13845,150,1300,-1737,532,4249,-141,352,743
79.13895,150,1299,-1737,531,4258,-141,352,743
79.13945,150,1300,-1737,531,4263,-141,352,742
79.13995,150,1300,-1737,531,4269,-141,352,742
79.14045,150,1300,-1737,530,4275,-141,352,742
79.14095,150,1300,-1737,531,4276,-141,351,742
79.14145,150,1299,-1737,531,4274,-141,352,742
79.14195,150,1299,-1737,530,4272,-141,352,742
79.14245,150,1299,-1736,530,4271,-141,352,743
79.14295,150,1299,-1736,530,4270,-141,352,742
79.14345,150,1299,-1737,530,4265,-141,352,742
79.14395,150,1300,-1736,530,4268,-141,352,742
79.14445,150,1299,-1736,531,4267,-141,352,742
79.14495,150,1299,-1737,532,4294,-141,351,743
79.14545,150,1299,-1737,532,4309,-141,352,742
79.14595,150,1299,-1737,532,4299,-141,352,742
79.14645,150,1299,-1737,532,4285,-141,352,742
79.14695,150,1300,-1737,531,4249,-141,352,742
79.14745,150,1299,-1738,532,4235,-141,352,742
79.14795,150,1299,-1739,532,4235,-141,352,743
79.14845,150,1299,-1739,531,4244,-141,352,742
79.14895,150,1300,-1738,530,4250,-141,352,742
79.14945,150,1299,-1738,530,4260,-141,352,742
79.14995,150,1299,-1738,530,4265,-141,352,742
79.15045,150,1299,-1738,530,4266,-141,352,742
79.15095,150,1299,-1736,529,4267,-141,352,742
79.15145,150,1299,-1734,529,4268,-141,352,743
79.15195,150,1300,-1733,530,4268,-141,351,743
79.15245,150,1299,-1734,530,4265,-141,352,742
79.15295,149,1300,-1736,531,4266,-141,352,743
79.15345,149,1300,-1736,531,4272,-141,352,742
79.15395,150,1300,-1737,531,4269,-141,353,742
79.15445,150,1300,-1737,531,4273,-141,352,742
79.15495,150,1299,-1738,532,4312,-141,352,743
79.15545,150,1299,-1737,531,4323,-141,352,743
79.15595,149,1299,-1737,530,4313,-141,352,743
79.15645,150,1300,-1736,529,4296,-141,352,742
79.15695,150,1299,-1736,529,4264,-141,352,742
79.15745,150,1299,-1735,529,4252,-141,352,742
79.15795,150,1299,-1736,530,4256,-141,352,742
79.15845,150,1300,-1736,530,4260,-141,352,743
79.15895,150,1299,-1736,530,4266,-141,352,742
79.15945,150,1299,-1736,531,4266,-141,352,743
79.15995,150,1299,-1737,531,4270,-141,352,742
79.160446,150,1299,-1737,531,4268,-141,352,742
79.16095,150,1300,-1737,531,4272,-141,352,742
79.16145,150,1299,-1737,531,4273,-141,352,743
79.16195,150,1300,-1737,530,4269,-141,352,742
79.16245,150,1299,-1736,530,4262,-141,352,742
79.16295,150,1299,-1736,530,4267,-141,352,742
79.16345,150,1299,-1736,530,4271,-141,352,743
79.16405,150,1299,-1737,530,4270,-141,352,742
79.16455,150,1299,-1737,530,4267,-141,352,742
79.16505,150,1299,-1737,531,4303,-141,351,743
79.16555,150,1299,-1737,530,4310,-141,351,742
79.16605,150,1300,-1737,530,4301,-141,352,742
79.16655,150,1299,-1737,530,4284,-141,352,742
79.16705,150,1300,-1737,530,4251,-141,352,742
79.16755,150,1300,-1736,530,4243,-141,352,742
79.16805,150,1300,-1736,530,4246,-141,352,743
79.16855,150,1300,-1736,531,4257,-141,352,742
79.16905,150,1299,-1736,531,4262,-141,352,742
79.16955,150,1299,-1736,530,4270,-141,352,742
79.17005,150,1299,-1736,530,4271,-141,352,742
79.17055,150,1300,-1736,530,4270,-141,352,742
79.17105,150,1300,-1737,530,4273,-141,352,742
79.17155,150,1299,-1736,530,4277,-141,352,743
79.17205,150,1299,-1736,530,4279,-142,352,742
79.17255,149,1299,-1736,530,4276,-141,352,743
79.17305,150,1300,-1737,530,4279,-142,352,742
79.17355,150,1299,-1737,531,4277,-141,352,743
79.17405,150,1299,-1738,531,4279,-140,352,743
79.17455,150,1300,-1738,531,4280,-141,352,743
79.17505,149,1300,-1738,531,4312,-141,351,743
79.17555,150,1299,-1737,530,4315,-141,352,743
79.17605,150,1299,-1736,530,4308,-141,352,742
79.17655,150,1299,-1736,530,4288,-141,352,742
79.17705,149,1299,-1736,530,4262,-141,352,742
79.17755,150,1300,-1737,530,4253,-141,352,742
79.17805,149,1299,-1737,530,4251,-141,352,742
79.17855,150,1299,-1738,531,4258,-141,352,742
79.17905,150,1299,-1737,530,4262,-141,352,742
79.17955,150,1299,-1736,531,4263,-141,352,743
79.18005,150,1299,-1737,531,4265,-141,352,742
79.18055,150,1299,-1737,531,4264,-141,352,743
79.18105,150,1299,-1737,531,4267,-141,352,742
79.18155,150,1299,-1737,531,4265,-141,352,742
79.18205,150,1299,-1736,531,4268,-141,352,743
79.18255,150,1299,-1736,531,4270,-142,352,742
79.18305,150,1299,-1736,531,4267,-141,352,742
79.18355,150,1299,-1736,531,4272,-141,352,742
79.18405,150,1299,-1736,530,4273,-141,352,742
79.18455,150,1299,-1736,531,4280,-141,352,742
79.18505,150,1299,-1736,531,4313,-141,352,742
79.18555,150,1299,-1736,530,4315,-141,352,743
79.18605,150,1299,-1736,530,4308,-141,352,742
79.18655,150,1299,-1737,529,4278,-141,352,742
79.18705,150,1300,-1737,530,4250,-141,352,742
79.18755,150,1300,-1737,530,4246,-141,352,742
79.18805,150,1300,-1737,531,4251,-141,352,742
79.18855,150,1299,-1737,531,4262,-141,352,742
79.18905,150,1299,-1737,532,4269,-141,352,742
79.18955,150,1299,-1736,532,4275,-141,352,742
79.19005,150,1299,-1737,532,4277,-141,352,742
79.19055,150,1300,-1737,532,4277,-141,352,742
79.19105,150,1299,-1736,531,4277,-141,352,742
79.19155,150,1300,-1737,531,4276,-141,352,742
79.19205,150,1299,-1737,530,4274,-141,352,742
79.19255,150,1299,-1737,529,4274,-141,352,742
79.19305,150,1299,-1736,529,4273,-141,351,742
79.19355,150,1299,-1737,529,4273,-141,352,742
79.19405,150,1299,-1736,530,4269,-141,352,742
79.19455,151,1299,-1736,530,4278,-141,352,742
79.19505,151,1299,-1737,531,4313,-141,352,743
79.19555,150,1300,-1737,530,4313,-141,352,742
79.19605,150,1299,-1737,530,4301,-141,352,742
79.19655,150,1299,-1737,530,4279,-141,352,742
79.19705,150,1299,-1737,530,4251,-141,352,742
79.19755,150,1299,-1737,531,4241,-141,352,742
79.19805,150,1300,-1737,530,4246,-141,352,742
79.19855,149,1299,-1737,531,4253,-141,352,743
79.19905,149,1299,-1737,531,4259,-141,352,742
79.19955,149,1299,-1736,530,4260,-141,352,743
79.20005,150,1299,-1736,531,4266,-141,352,742
79.20055,150,1299,-1737,531,4266,-141,352,742
79.20105,150,1299,-1737,531,4270,-141,352,742
79.20155,150,1299,-1737,531,4272,-141,352,742
79.20205,150,1299,-1737,531,4270,-141,352,742
79.20255,150,1300,-1737,531,4269,-141,352,742
79.20305,150,1299,-1737,531,4272,-141,352,742
79.20355,150,1299,-1737,530,4275,-141,352,742
79.20405,150,1299,-1737,531,4274,-141,352,742
79.20455,150,1299,-1737,531,4284,-141,352,742
79.20505,150,1299,-1736,531,4316,-141,352,743
79.20555,149,1299,-1737,531,4315,-141,352,742
79.20605,150,1300,-1737,531,4305,-141,352,742
79.20655,150,1299,-1738,531,4280,-141,352,742
79.20705,150,1300,-1738,531,4251,-141,352,742
79.20755,149,1299,-1738,531,4244,-141,352,742
79.20805,150,1299,-1738,531,4247,-141,352,742
79.20855,150,1299,-1738,531,4257,-141,352,742
79.20905,149,1300,-1738,531,4264,-141,352,742
79.20955,149,1300,-1737,531,4266,-141,352,742
79.21005,149,1300,-1736,531,4264,-141,352,742
79.21055,149,1300,-1736,530,4262,-141,352,742
79.21105,149,1299,-1736,530,4265,-141,352,742
79.21155,149,1300,-1736,530,4267,-141,352,742
79.21205,149,1300,-1736,530,4267,-141,352,742
79.21255,149,1299,-1736,530,4267,-141,352,742
79.21305,150,1300,-1736,530,4266,-141,352,742
79.21355,150,1300,-1736,530,4264,-141,352,742
79.21405,150,1300,-1736,530,4262,-141,352,742
79.21455,150,1299,-1736,531,4275,-141,352,742
79.21505,150,1299,-1736,531,4306,-141,351,743
79.21555,150,1300,-1737,530,4304,-141,352,742
79.21605,150,1300,-1737,531,4294,-141,352,742
79.21655,149,1299,-1737,530,4273,-141,352,742
79.21705,150,1299,-1737,530,4248,-141,352,742
79.21755,150,1300,-1737,531,4244,-141,352,742
79.21805,150,1300,-1737,530,4243,-141,352,742
79.21855,150,1300,-1737,531,4252,-141,352,742
79.21905,150,1299,-1736,530,4259,-141,352,742
79.21955,150,1299,-1736,531,4262,-141,352,742
79.22005,150,1300,-1737,531,4266,-141,352,742
79.22055,150,1299,-1737,531,4270,-141,352,742
79.22105,149,1300,-1736,530,4271,-141,352,742
79.22155,150,1300,-1736,530,4272,-141,352,742
79.22205,150,1300,-1736,530,4273,-141,352,742
79.22255,150,1299,-1736,530,4274,-141,352,742
79.22305,150,1300,-1736,530,4274,-141,352,742
79.22355,149,1300,-1736,530,4273,-141,352,742
79.22405,150,1299,-1736,530,4271,-141,352,742
79.22455,150,1299,-1737,531,4283,-141,351,742
79.22505,149,1299,-1738,531,4310,-141,351,742
79.22565,150,1300,-1738,531,4307,-141,352,742
79.22615,150,1300,-1738,531,4298,-141,352,742
79.22665,150,1300,-1737,531,4268,-141,352,742
79.22715,149,1300,-1737,531,4239,-141,352,742
79.22765,150,1300,-1736,531,4234,-141,352,742
79.22815,150,1300,-1737,532,4237,-141,352,742
79.22865,150,1299,-1737,532,4248,-141,352,742
79.22915,150,1299,-1737,531,4254,-141,352,742
79.22965,150,1299,-1737,531,4257,-141,352,742
79.23015,150,1299,-1736,531,4258,-141,352,742
79.23065,149,1300,-1737,531,4258,-141,352,742
79.23115,150,1299,-1737,530,4258,-141,352,742
79.23165,149,1300,-1736,530,4259,-141,352,742
79.23215,150,1300,-1737,529,4259,-141,352,742
79.23265,149,1299,-1737,530,4260,-141,352,742
79.23315,150,1299,-1737,530,4261,-141,352,742
79.23365,150,1300,-1737,530,4261,-141,352,742
79.23415,150,1299,-1737,531,4258,-141,353,742
79.23465,150,1300,-1737,531,4279,-141,352,742
79.23515,150,1299,-1737,531,4310,-141,352,742
79.23565,150,1300,-1737,531,4306,-141,352,742
79.23615,150,1300,-1737,531,4298,-141,352,742
79.23665,149,1300,-1737,531,4269,-141,353,742
79.23715,149,1299,-1737,532,4246,-141,352,742
79.23765,149,1299,-1737,532,4244,-141,352,742
79.23815,150,1299,-1737,531,4245,-141,352,742
79.23865,150,1299,-1737,530,4251,-141,352,742
79.23915,150,1300,-1737,530,4260,-141,352,742
79.23965,149,1299,-1737,530,4263,-141,352,742
79.24015,149,1300,-1737,530,4266,-141,352,742
79.24065,150,1299,-1737,531,4269,-141,352,742
79.24115,150,1300,-1737,531,4268,-141,352,742
79.24165,150,1300,-1737,531,4266,-141,352,742
79.24215,149,1299,-1737,531,4261,-141,352,742
79.24265,150,1299,-1736,530,4260,-141,352,742
79.24315,150,1299,-1736,530,4263,-141,352,742
79.24365,150,1299,-1737,530,4264,-141,352,742
79.24415,149,1299,-1736,530,4262,-141,352,742
79.24465,150,1299,-1737,530,4281,-141,352,742
79.24515,150,1299,-1737,531,4304,-141,352,742
79.24565,149,1300,-1737,531,4298,-141,352,742
79.24615,150,1300,-1737,531,4288,-141,352,742
79.24665,150,1299,-1737,531,4253,-141,352,742
79.24715,150,1299,-1737,532,4227,-141,352,742
79.24765,150,1300,-1737,531,4224,-141,352,742
79.24815,150,1299,-1737,531,4229,-141,352,742
79.24865,150,1299,-1736,530,4242,-141,352,742
79.24915,150,1299,-1736,530,4250,-141,352,742
79.24965,149,1299,-1737,529,4253,-141,352,742
79.25015,150,1300,-1737,529,4253,-141,352,742
79.25065,149,1300,-1737,530,4256,-141,352,742
79.25115,149,1299,-1737,530,4260,-141,352,742
79.25165,150,1299,-1737,530,4262,-141,352,742
79.25215,149,1299,-1737,530,4263,-141,352,742
79.25265,149,1300,-1737,531,4263,-141,352,742
79.25315,150,1299,-1737,531,4264,-141,352,742
79.25365,150,1300,-1737,531,4264,-141,352,742
79.25415,149,1300,-1737,531,4264,-141,352,742
79.25465,149,1300,-1737,531,4289,-141,351,742
79.25515,149,1300,-1737,531,4313,-141,352,742
79.25565,150,1300,-1737,531,4308,-141,352,742
79.25615,149,1299,-1737,531,4298,-141,352,742
79.25665,149,1299,-1737,530,4267,-141,352,742
79.25715,150,1299,-1737,530,4247,-141,352,742
79.25765,149,1299,-1737,530,4245,-141,352,742
79.25815,150,1299,-1737,531,4244,-141,352,742
79.25865,149,1300,-1737,531,4254,-141,352,743
79.25915,150,1299,-1737,531,4257,-141,352,742
79.25965,150,1300,-1737,531,4254,-141,352,743
79.26015,150,1299,-1737,531,4261,-141,352,742
79.26065,150,1299,-1737,530,4262,-141,352,742
79.26115,149,1299,-1736,530,4266,-141,352,742
79.26165,150,1300,-1736,530,4267,-141,352,742
79.26215,150,1299,-1737,530,4266,-141,352,742
79.26265,150,1300,-1737,531,4265,-141,352,742
79.26315,150,1299,-1737,530,4263,-141,353,743
79.26365,149,1299,-1737,530,4261,-141,352,742
79.26415,150,1299,-1737,530,4254,-141,352,742
79.26465,150,1299,-1737,531,4284,-141,351,742
79.26515,150,1299,-1737,530,4304,-141,351,742
79.26565,150,1299,-1737,531,4298,-141,352,742
79.26615,150,1299,-1737,531,4287,-141,352,742
79.26665,150,1299,-1737,531,4254,-141,352,742
79.26715,150,1300,-1737,531,4234,-141,352,742
79.26765,150,1299,-1737,531,4234,-141,352,742
79.26815,150,1299,-1738,531,4239,-141,352,742
79.26865,150,1300,-1737,531,4251,-141,351,742
79.26915,149,1299,-1738,531,4258,-141,352,742
79.26965,149,1300,-1738,531,4263,-141,352,742
79.27015,150,1300,-1738,531,4267,-141,352,742
79.27065,149,1299,-1738,530,4268,-141,352,742
79.27115,149,1300,-1738,531,4269,-141,352,742
79.27165,150,1299,-1737,530,4271,-141,352,742
79.27215,150,1300,-1736,530,4270,-141,352,742
79.27265,149,1300,-1735,530,4271,-141,352,742
79.27315,150,1299,-1736,531,4271,-141,352,742
79.27365,150,1300,-1736,531,4269,-141,352,742
79.27415,150,1300,-1736,532,4265,-141,352,742
79.27465,150,1299,-1736,532,4298,-141,352,742
79.27515,150,1299,-1737,532,4314,-141,352,743
79.27565,150,1300,-1737,532,4306,-141,352,742
79.27615,150,1299,-1737,532,4288,-141,352,742
79.27665,149,1300,-1736,532,4257,-141,353,742
79.27715,149,1300,-1736,531,4244,-141,352,742
79.27765,149,1300,-1736,531,4242,-141,352,742
79.27815,150,1299,-1737,531,4243,-141,352,742
79.27865,150,1299,-1737,530,4252,-141,352,742
79.27915,150,1300,-1737,529,4257,-140,352,742
79.27965,150,1299,-1738,529,4258,-141,352,742
79.28015,150,1300,-1737,529,4261,-141,352,742
79.28065,150,1300,-1737,530,4262,-141,352,742
79.28115,150,1299,-1737,531,4261,-141,352,742
79.28165,149,1300,-1737,531,4259,-141,352,742
79.28215,150,1299,-1737,531,4257,-141,352,742
79.282646,150,1300,-1737,531,4260,-141,352,742
79.28315,150,1300,-1737,532,4265,-141,352,742
79.28365,149,1300,-1737,531,4266,-141,352,742
79.28415,149,1299,-1737,532,4267,-141,352,742
79.28465,150,1299,-1737,532,4300,-141,352,742
79.28515,150,1299,-1738,532,4310,-141,352,742
79.28565,150,1300,-1737,532,4303,-141,352,742
79.28615,149,1299,-1738,532,4289,-140,352,742
79.28665,149,1300,-1738,532,4254,-141,352,742
79.28715,150,1299,-1738,533,4240,-141,352,742
79.28765,149,1299,-1739,533,4241,-141,352,742
79.28825,150,1300,-1738,533,4249,-141,352,742
79.28875,150,1299,-1738,531,4261,-141,352,742
79.28925,149,1300,-1737,530,4267,-141,352,742
79.28975,150,1299,-1737,530,4270,-141,352,742
79.29025,149,1300,-1736,529,4268,-141,352,742
79.29075,150,1299,-1735,528,4270,-141,352,742
79.29125,149,1300,-1735,528,4273,-141,352,742
79.29175,150,1300,-1735,528,4272,-141,351,742
79.29225,149,1299,-1736,528,4271,-141,351,742
79.29275,150,1300,-1736,529,4271,-141,351,742
79.29325,149,1300,-1736,529,4270,-141,351,742
79.29375,150,1300,-1736,529,4269,-141,351,742
79.29425,149,1300,-1736,530,4272,-140,352,742
79.29475,150,1300,-1737,531,4307,-141,351,742
79.29525,150,1299,-1737,531,4312,-141,352,742
79.29575,150,1300,-1736,531,4305,-141,352,742
79.29625,150,1300,-1737,531,4286,-141,352,742
79.29675,150,1300,-1738,532,4252,-141,353,742
79.29725,150,1300,-1738,533,4242,-141,352,742
79.29775,149,1300,-1739,533,4242,-141,352,742
79.29825,149,1299,-1739,533,4244,-141,352,742
79.29875,150,1299,-1739,533,4250,-141,352,742
79.29925,149,1299,-1739,532,4256,-141,352,742
79.29975,150,1300,-1739,530,4259,-141,352,742
79.30025,149,1300,-1739,529,4264,-141,352,742
79.30075,150,1300,-1739,529,4268,-140,352,742
79.30125,149,1299,-1738,530,4269,-141,352,742
79.30175,150,1300,-1735,529,4270,-141,352,742
79.30225,149,1300,-1735,530,4271,-141,352,742
79.30275,150,1300,-1735,531,4271,-141,352,742
79.30325,149,1300,-1735,531,4272,-140,352,742
79.30375,149,1300,-1735,530,4272,-141,352,742
79.30425,150,1299,-1736,530,4277,-140,352,742
79.30475,150,1299,-1736,530,4313,-141,351,742
79.30525,150,1299,-1738,530,4317,-141,352,742
79.30575,149,1299,-1738,530,4310,-141,352,742
79.30625,149,1300,-1738,531,4290,-141,352,742
79.30675,150,1300,-1738,531,4258,-141,353,742
79.30725,150,1299,-1738,531,4245,-141,352,742
79.30775,149,1300,-1738,532,4245,-141,353,741
79.30825,149,1300,-1738,532,4250,-141,352,742
79.30875,150,1300,-1738,533,4255,-141,352,742
79.30925,150,1300,-1738,532,4262,-141,352,742
79.30975,150,1300,-1738,533,4268,-140,352,742
79.31025,149,1299,-1738,533,4270,-141,352,742
79.31075,150,1299,-1738,532,4270,-141,352,742
79.31125,149,1300,-1738,532,4269,-140,352,742
79.31175,150,1299,-1738,533,4267,-141,352,742
79.31225,150,1300,-1738,534,4268,-141,352,742
79.31275,150,1299,-1738,534,4269,-141,352,742
79.31325,150,1300,-1738,533,4267,-141,352,742
79.31375,150,1300,-1737,532,4264,-141,351,742
79.31425,150,1299,-1737,532,4268,-140,351,742
79.31475,150,1300,-1737,532,4306,-141,351,742
79.31525,149,1300,-1737,531,4310,-141,351,742
79.31575,149,1300,-1737,530,4304,-141,352,742
79.31625,150,1300,-1736,528,4282,-141,352,742
79.31675,149,1300,-1735,527,4254,-141,352,742
79.31725,150,1300,-1735,527,4248,-141,352,742
79.31775,149,1300,-1736,527,4249,-140,352,742
79.31825,149,1300,-1736,527,4253,-141,352,742
79.31875,150,1300,-1736,528,4261,-140,352,742
79.31925,150,1300,-1736,528,4264,-141,352,742
79.31975,150,1299,-1736,529,4268,-141,352,742
79.32025,150,1299,-1736,529,4272,-141,352,742
79.32075,149,1300,-1737,530,4274,-141,352,741
79.32125,150,1300,-1737,529,4275,-141,352,742
79.32175,149,1300,-1737,530,4270,-141,352,742
79.32225,150,1300,-1736,530,4272,-140,352,742
79.32275,150,1300,-1736,529,4278,-141,352,742
79.32325,150,1300,-1736,530,4280,-141,352,742
79.32375,149,1300,-1737,530,4279,-140,352,742
79.32425,150,1299,-1737,530,4285,-141,352,742
79.32475,149,1300,-1738,530,4318,-141,351,742
79.32525,149,1299,-1738,530,4315,-141,352,741
79.32575,150,1300,-1738,530,4305,-140,352,742
79.32625,149,1300,-1737,530,4276,-141,352,741
79.32675,150,1300,-1737,530,4249,-141,352,742
79.32725,150,1300,-1737,531,4236,-140,352,741
79.32775,149,1300,-1736,531,4240,-141,352,742
79.32825,149,1300,-1736,531,4245,-141,352,742
79.32875,149,1300,-1736,531,4258,-141,352,741
79.32925,149,1300,-1737,531,4262,-141,352,742
79.32975,150,1300,-1736,531,4258,-141,352,742
79.33025,149,1300,-1737,531,4260,-141,352,742
79.33075,149,1300,-1737,531,4265,-141,352,742
79.33125,150,1300,-1737,532,4266,-141,352,742
79.33175,149,1300,-1737,532,4266,-141,352,742
79.33225,150,1300,-1737,532,4265,-140,352,742
79.33275,149,1300,-1737,532,4266,-140,352,742
79.33325,149,1300,-1738,532,4267,-140,352,742
79.33375,149,1300,-1737,531,4267,-141,352,742
79.33425,150,1300,-1737,531,4278,-140,352,743
79.33475,149,1300,-1737,530,4313,-141,352,742
79.33525,150,1299,-1738,529,4309,-141,352,743
79.33575,149,1300,-1738,529,4304,-141,352,742
79.33625,149,1300,-1737,529,4278,-141,352,742
79.33675,149,1300,-1737,531,4253,-141,352,742
79.33725,150,1300,-1737,531,4249,-141,352,742
79.33775,150,1300,-1737,532,4252,-141,352,742
79.33825,149,1300,-1737,532,4257,-141,351,742
79.33875,150,1299,-1737,532,4263,-141,352,743
79.33925,150,1300,-1737,533,4268,-140,352,743
79.33975,150,1299,-1737,533,4265,-141,352,742
79.34025,149,1300,-1738,533,4267,-141,352,742
79.34075,150,1300,-1737,534,4275,-141,352,742
79.34125,149,1300,-1737,533,4277,-141,352,742
79.34175,149,1300,-1737,531,4275,-141,352,742
79.34225,149,1300,-1736,529,4273,-141,352,742
79.34275,149,1300,-1736,527,4272,-140,352,742
79.34325,149,1300,-1737,528,4271,-141,352,743
79.34375,149,1299,-1737,529,4269,-141,352,742
79.34425,150,1300,-1736,530,4277,-140,352,742
79.34475,150,1299,-1737,530,4311,-141,352,742
79.34525,149,1300,-1737,530,4309,-141,352,742
79.34575,150,1300,-1737,530,4299,-141,352,742
79.34625,149,1300,-1737,530,4272,-141,352,742
79.34675,149,1300,-1737,529,4243,-140,352,742
79.34725,149,1300,-1736,530,4233,-141,352,742
79.34775,150,1300,-1737,530,4235,-141,352,742
79.34825,149,1300,-1737,530,4241,-141,352,742
79.34875,150,1300,-1736,529,4251,-141,352,742
79.34925,149,1300,-1737,529,4256,-141,352,742
79.34975,149,1300,-1737,529,4262,-141,352,742
79.35035,149,1300,-1737,530,4265,-141,352,742
79.35085,150,1300,-1737,529,4267,-141,351,742
79.35135,149,1300,-1737,530,4268,-141,352,742
79.35185,150,1300,-1738,530,4268,-141,352,742
79.35235,149,1299,-1739,531,4268,-141,352,742
79.35285,149,1300,-1739,531,4269,-141,352,742
79.35335,149,1300,-1739,531,4269,-141,352,742
79.35385,149,1300,-1740,531,4265,-141,352,742
79.35435,149,1300,-1740,531,4279,-141,352,742
79.35485,150,1300,-1739,531,4317,-140,351,742
79.35535,149,1300,-1737,531,4317,-140,352,742
79.35585,150,1300,-1734,531,4308,-141,352,742
79.35635,150,1300,-1733,531,4282,-141,352,742
79.35685,150,1300,-1734,531,4256,-140,352,742
79.35735,150,1300,-1736,531,4250,-140,352,742
79.35785,150,1300,-1738,531,4251,-141,352,742
79.35835,150,1300,-1738,531,4253,-141,352,742
79.35885,149,1300,-1737,531,4260,-140,352,742
79.35935,149,1300,-1737,530,4262,-141,352,742
79.35985,149,1300,-1736,530,4265,-141,352,742
79.36035,150,1300,-1736,530,4268,-141,352,742
79.36085,150,1300,-1736,530,4269,-140,351,743
79.36135,150,1300,-1736,529,4267,-141,352,742
79.36185,150,1300,-1736,530,4260,-141,351,742
79.36235,149,1300,-1736,530,4262,-141,352,742
79.36285,150,1300,-1737,530,4267,-141,352,742
79.36335,150,1300,-1737,530,4266,-141,352,742
79.36385,150,1299,-1737,530,4264,-141,352,742
79.36435,150,1300,-1738,530,4280,-140,352,743
79.36485,150,1300,-1738,531,4308,-140,352,743
79.36535,149,1300,-1737,531,4299,-141,352,743
79.36585,150,1300,-1737,531,4288,-140,352,743
79.36635,150,1300,-1736,531,4262,-140,352,742
79.36685,149,1300,-1736,530,4238,-141,352,742
79.36735,149,1300,-1736,530,4237,-140,352,742
79.36785,149,1300,-1737,530,4242,-140,352,742
79.36835,150,1300,-1736,530,4250,-140,352,742
79.36885,149,1300,-1737,531,4258,-140,352,743
79.36935,149,1300,-1737,530,4262,-141,351,742
79.36985,149,1300,-1737,530,4259,-140,352,742
79.37035,150,1300,-1738,530,4264,-140,352,743
79.37085,149,1300,-1738,530,4270,-141,352,742
79.37135,150,1300,-1737,530,4268,-141,352,742
79.37185,149,1299,-1737,530,4273,-140,352,742
79.37235,150,1300,-1737,531,4275,-140,352,742
79.37285,149,1299,-1737,531,4275,-141,352,742
79.37335,149,1300,-1737,531,4274,-140,352,743
79.37385,149,1300,-1737,531,4271,-141,352,742
79.37435,150,1300,-1737,532,4288,-141,351,743
79.37485,149,1299,-1737,531,4316,-141,351,742
79.37535,149,1300,-1737,531,4308,-140,352,742
79.37585,149,1300,-1737,530,4299,-141,352,742
79.37635,149,1300,-1737,530,4270,-140,352,742
79.37685,149,1300,-1737,531,4247,-141,352,742
79.37735,149,1300,-1737,531,4244,-141,352,742
79.37785,149,1300,-1737,532,4247,-140,352,743
79.37835,149,1300,-1737,532,4251,-141,352,742
79.37885,150,1300,-1737,532,4249,-140,352,742
79.37935,149,1300,-1737,532,4257,-140,352,743
79.37985,150,1300,-1737,532,4258,-140,352,742
79.38035,149,1300,-1737,532,4255,-140,352,742
79.38085,149,1300,-1737,532,4262,-140,352,742
79.38135,150,1300,-1737,531,4264,-140,352,742
79.38185,149,1300,-1737,531,4264,-140,352,742
79.38235,149,1299,-1737,531,4263,-140,352,742
79.38285,149,1300,-1737,531,4263,-140,352,742
79.38335,150,1300,-1737,531,4264,-140,352,742
79.38385,149,1300,-1737,530,4263,-140,352,742
79.38435,150,1300,-1737,531,4287,-140,352,743
79.38485,149,1300,-1737,530,4309,-140,352,743
79.38535,150,1300,-1737,530,4298,-140,352,742
79.38585,150,1300,-1737,530,4287,-140,352,742
79.38635,149,1300,-1738,529,4262,-141,353,742
79.38685,149,1300,-1737,530,4244,-141,352,742
79.38735,149,1300,-1737,530,4238,-140,352,742
79.38785,150,1300,-1736,530,4240,-140,352,743
79.38835,149,1300,-1736,530,4248,-140,352,742
79.38885,149,1300,-1736,531,4255,-140,352,743
79.38935,150,1300,-1736,531,4263,-140,352,743
79.38985,150,1300,-1737,531,4264,-140,352,743
79.39035,150,1300,-1737,531,4263,-140,352,742
79.39085,149,1300,-1737,531,4265,-141,352,742
79.39135,149,1300,-1737,531,4270,-140,352,742
79.39185,149,1300,-1737,531,4270,-140,352,743
79.39235,150,1300,-1737,531,4268,-140,352,742
79.39285,149,1300,-1738,531,4262,-140,352,742
79.39335,149,1300,-1737,531,4264,-140,352,743
79.39385,149,1300,-1737,532,4261,-141,352,742
79.39435,150,1300,-1737,533,4284,-140,351,743
79.39485,149,1300,-1737,532,4310,-140,351,743
79.39535,149,1300,-1737,531,4301,-140,351,742
79.39585,149,1300,-1737,530,4288,-140,352,742
79.39635,150,1300,-1736,530,4260,-140,352,742
79.39685,149,1300,-1737,530,4242,-140,352,742
79.39735,149,1300,-1737,530,4239,-140,352,742
79.39785,149,1300,-1737,530,4240,-140,352,743
79.39835,150,1300,-1738,531,4243,-140,352,742
79.39885,149,1300,-1737,531,4247,-140,352,742
79.39935,150,1300,-1737,531,4253,-140,352,742
79.39985,150,1300,-1737,531,4259,-140,352,742
79.40035,149,1300,-1737,531,4263,-141,352,742
79.40085,150,1300,-1737,531,4264,-140,352,742
79.40135,149,1300,-1737,531,4263,-141,352,742
79.40185,149,1300,-1737,531,4259,-140,352,742
79.40235,149,1300,-1737,531,4261,-141,352,742
79.40285,149,1300,-1737,531,4265,-140,352,743
79.40335,149,1299,-1737,532,4265,-141,352,743
79.40385,150,1300,-1737,532,4258,-140,352,743
79.40435,149,1300,-1737,532,4287,-140,351,743
79.40485,150,1300,-1737,531,4306,-140,352,743
79.40535,150,1300,-1737,530,4301,-140,352,743
79.40585,149,1300,-1737,529,4289,-141,352,742
79.40635,149,1300,-1737,528,4257,-140,352,742
79.40685,150,1300,-1736,528,4244,-141,352,742
79.40735,150,1300,-1736,529,4240,-140,352,742
79.40785,150,1300,-1737,529,4241,-140,352,742
79.40835,149,1300,-1737,530,4247,-140,352,743
79.40885,150,1300,-1737,531,4253,-140,352,742
79.40935,150,1300,-1737,531,4252,-140,352,742
79.40985,150,1300,-1738,531,4255,-141,352,742
79.41035,150,1300,-1737,532,4258,-141,352,743
79.41085,150,1299,-1737,532,4260,-141,352,743
79.41135,150,1300,-1737,532,4256,-140,352,742
79.41185,150,1300,-1737,531,4255,-140,352,742
79.41245,150,1300,-1737,531,4261,-140,352,742
79.41295,150,1300,-1737,531,4261,-141,351,742
79.41345,150,1300,-1737,531,4258,-140,351,743
79.41395,150,1300,-1737,531,4257,-140,352,743
79.41445,150,1299,-1737,532,4285,-140,351,743
79.41495,150,1300,-1738,532,4296,-140,352,742
79.41545,150,1300,-1738,532,4290,-140,352,743
79.41595,150,1300,-1738,532,4278,-140,352,742
79.41645,150,1300,-1737,531,4244,-141,353,742
79.41695,150,1300,-1737,532,4236,-140,352,742
79.41745,149,1300,-1737,532,4238,-140,352,742
79.41795,150,1300,-1738,533,4243,-140,352,743
79.41845,149,1300,-1737,532,4247,-140,352,743
79.41895,149,1300,-1737,531,4243,-141,352,743
79.41945,149,1300,-1737,531,4247,-140,352,742
79.41995,149,1300,-1736,529,4251,-140,352,743
79.42045,149,1300,-1737,529,4260,-140,352,742
79.42095,149,1300,-1737,530,4261,-140,352,742
79.42145,149,1300,-1737,530,4266,-140,352,743
79.42195,149,1300,-1737,531,4267,-140,352,742
79.42245,149,1300,-1737,531,4263,-141,352,742
79.42295,149,1300,-1737,531,4266,-140,352,743
79.42345,149,1299,-1737,531,4267,-141,352,742
79.42395,149,1300,-1738,531,4263,-140,352,742
79.42445,150,1300,-1739,532,4301,-141,352,743
79.42495,150,1300,-1738,531,4308,-140,352,743
79.42545,150,1300,-1739,531,4294,-140,352,742
79.42595,150,1300,-1738,530,4272,-141,352,742
79.42645,150,1300,-1739,530,4245,-141,352,742
79.42695,150,1300,-1739,530,4235,-140,352,742
79.42745,150,1300,-1739,531,4230,-140,352,742
79.42795,150,1300,-1738,531,4233,-140,352,742
79.42845,150,1300,-1736,531,4239,-140,352,742
79.42895,150,1300,-1735,531,4248,-140,352,743
79.42945,150,1300,-1735,531,4251,-140,352,742
79.42995,150,1300,-1736,532,4249,-141,352,742
79.43045,150,1300,-1737,533,4252,-140,352,742
79.43095,150,1300,-1737,533,4253,-140,352,742
79.43145,150,1300,-1737,533,4253,-141,352,742
79.43195,150,1300,-1737,533,4253,-140,352,742
79.43245,149,1300,-1737,533,4253,-141,352,742
79.43295,149,1300,-1737,533,4254,-140,352,742
79.43345,149,1300,-1738,533,4253,-141,352,743
79.43395,148,1300,-1738,533,4254,-140,352,743
79.43445,149,1300,-1738,533,4288,-140,351,743
79.43495,149,1300,-1739,532,4296,-140,352,743
79.43545,149,1300,-1739,532,4291,-140,352,742
79.43595,149,1300,-1738,530,4273,-140,353,742
79.43645,149,1300,-1737,528,4246,-140,352,742
79.43695,149,1300,-1736,527,4238,-141,352,742
79.43745,149,1300,-1736,527,4239,-140,351,742
79.43795,149,1300,-1736,527,4245,-141,352,742
79.43845,149,1300,-1736,528,4249,-140,352,742
79.43895,149,1300,-1737,529,4255,-141,352,742
79.43945,149,1300,-1739,530,4258,-140,352,743
79.43995,149,1300,-1740,531,4261,-141,352,742
79.44045,149,1300,-1739,531,4260,-140,352,743
79.44095,150,1300,-1738,531,4264,-141,351,742
79.44145,150,1300,-1736,531,4258,-141,351,742
79.44195,150,1300,-1735,530,4257,-141,352,742
79.44245,149,1300,-1736,531,4261,-140,351,743
79.44295,149,1300,-1736,531,4262,-141,351,742
79.44345,150,1300,-1736,530,4256,-141,352,742
79.44395,150,1300,-1736,530,4264,-140,351,743
79.44445,149,1300,-1737,530,4300,-140,351,742
79.44495,149,1300,-1737,530,4298,-141,352,743
79.44545,150,1300,-1737,530,4292,-140,351,743
79.44595,149,1300,-1737,531,4265,-141,352,742
79.44645,150,1300,-1737,531,4233,-140,352,742
79.44695,149,1300,-1737,531,4228,-141,352,743
79.44745,149,1300,-1737,532,4225,-141,352,742
79.44795,149,1300,-1737,531,4226,-141,352,742
79.44845,149,1300,-1738,531,4236,-141,351,742
79.44895,150,1300,-1738,531,4246,-140,351,742
79.44945,149,1300,-1737,530,4250,-141,352,743
79.44995,149,1300,-1737,529,4250,-141,352,742
79.45045,149,1300,-1737,530,4249,-141,352,742
79.45095,149,1300,-1737,531,4257,-141,352,742
79.45145,149,1300,-1737,530,4260,-141,352,742
79.45195,149,1300,-1737,530,4261,-141,352,742
79.45245,149,1300,-1737,531,4260,-141,352,742
79.45295,149,1300,-1737,531,4260,-140,352,742
79.45345,150,1300,-1737,532,4259,-141,352,742
79.45395,149,1300,-1737,532,4269,-141,352,742
79.45445,149,1300,-1737,532,4305,-140,351,743
79.45495,149,1300,-1737,532,4306,-141,352,743
79.45545,149,1300,-1737,532,4295,-141,352,743
79.45595,149,1300,-1737,531,4268,-141,352,742
79.45645,149,1300,-1737,531,4242,-141,352,742
79.45695,149,1300,-1737,532,4242,-141,352,742
79.45745,149,1300,-1737,532,4245,-140,352,742
79.45795,149,1300,-1737,532,4250,-141,352,742
79.45845,149,1300,-1737,531,4252,-141,352,743
79.45895,150,1300,-1737,531,4250,-140,352,742
79.45945,150,1300,-1737,531,4250,-140,352,742
79.45995,149,1300,-1736,530,4255,-140,352,743
79.46045,149,1300,-1737,530,4259,-140,352,742
79.46095,150,1300,-1737,530,4257,-140,352,742
79.46145,149,1300,-1737,530,4260,-141,352,742
79.46195,149,1300,-1737,531,4262,-141,352,742
79.46245,149,1300,-1737,532,4261,-141,351,742
79.46295,149,1300,-1738,533,4259,-141,352,742
79.46345,149,1300,-1738,533,4256,-141,351,742
79.46395,149,1299,-1738,533,4264,-141,351,742
79.46445,150,1300,-1738,533,4299,-140,351,742
79.46495,149,1300,-1738,533,4299,-140,351,742
79.46545,149,1300,-1738,533,4290,-140,352,742
79.46595,149,1300,-1738,533,4265,-141,352,742
79.46645,149,1300,-1738,533,4238,-141,352,742
79.46695,149,1300,-1737,532,4231,-140,352,742
79.46745,149,1300,-1737,530,4230,-140,352,742
79.46795,150,1300,-1736,528,4233,-140,352,742
79.46845,149,1300,-1736,528,4241,-140,352,742
79.46895,149,1300,-1736,528,4250,-141,351,742
79.46945,150,1300,-1737,529,4256,-140,352,742
79.46995,150,1300,-1737,530,4260,-140,352,742
79.47045,149,1300,-1737,530,4262,-141,352,742
79.47095,149,1300,-1737,530,4263,-140,352,742
79.47145,149,1300,-1737,530,4265,-140,352,742
79.47195,149,1300,-1737,530,4266,-141,352,742
79.47245,149,1300,-1738,530,4266,-141,352,742
79.472946,149,1300,-1738,531,4266,-141,352,742
79.47345,149,1300,-1738,530,4262,-140,352,742
79.47405,149,1300,-1738,531,4274,-140,352,742
79.47455,149,1300,-1738,531,4309,-141,351,743
79.47505,149,1300,-1737,531,4308,-140,352,742
79.47555,150,1300,-1737,530,4295,-140,352,742
79.47605,149,1300,-1737,530,4270,-141,352,742
79.47655,149,1300,-1737,531,4244,-141,352,742
79.47705,149,1300,-1737,532,4239,-141,352,742
79.47755,149,1300,-1737,532,4241,-140,352,742
79.47805,150,1300,-1737,532,4247,-141,352,742
79.47855,149,1300,-1737,532,4248,-141,352,742
79.47905,150,1300,-1738,532,4253,-140,352,742
79.47955,149,1300,-1737,532,4255,-141,352,742
79.48005,149,1300,-1738,533,4256,-141,352,742
79.48055,149,1300,-1738,532,4259,-140,352,742
79.48105,149,1300,-1738,532,4259,-141,352,742
79.48155,149,1300,-1737,530,4256,-140,352,742
79.48205,149,1300,-1737,529,4255,-140,352,742
79.48255,149,1300,-1737,529,4259,-140,352,742
79.48305,149,1300,-1737,529,4261,-140,352,742
79.48355,150,1300,-1737,530,4261,-140,352,743
79.48405,149,1300,-1737,531,4274,-141,351,742
79.48455,149,1300,-1737,531,4303,-140,351,742
79.48505,149,1300,-1736,531,4305,-140,351,742
79.48555,149,1300,-1735,530,4297,-141,351,742
79.48605,149,1300,-1736,530,4268,-141,352,742
79.48655,149,1300,-1736,531,4243,-140,352,742
79.48705,150,1300,-1737,531,4238,-140,352,742
79.48755,149,1300,-1738,531,4237,-140,352,742
79.48805,149,1300,-1737,531,4244,-140,352,742
79.48855,149,1300,-1737,530,4251,-141,352,742
79.48905,150,1300,-1737,530,4260,-141,352,742
79.48955,149,1300,-1737,531,4262,-140,352,742
79.49005,150,1300,-1737,531,4267,-140,352,742
79.49055,149,1300,-1737,531,4269,-141,352,742
79.49105,149,1300,-1737,532,4269,-141,352,742
79.49155,149,1300,-1737,532,4268,-141,352,742
79.49205,149,1300,-1737,532,4266,-140,352,742
79.49255,149,1300,-1737,533,4265,-141,352,742
79.49305,149,1300,-1737,533,4265,-141,352,742
79.49355,149,1300,-1738,533,4263,-140,352,742
79.49405,150,1300,-1738,534,4279,-140,351,742
79.49455,149,1300,-1739,534,4309,-141,352,742
79.49505,150,1300,-1739,533,4307,-140,352,742
79.49555,149,1300,-1739,533,4297,-141,352,741
79.49605,149,1300,-1739,531,4266,-141,352,742
79.49655,149,1300,-1738,530,4236,-141,352,742
79.49705,149,1300,-1738,529,4236,-141,351,741
79.49755,149,1300,-1737,529,4239,-141,351,742
79.49805,149,1300,-1736,528,4242,-141,351,742
79.49855,149,1300,-1736,528,4248,-141,352,741
79.49905,149,1300,-1736,529,4250,-141,352,742
79.49955,149,1300,-1736,530,4251,-140,352,742
79.50005,149,1300,-1737,531,4258,-141,352,742
79.50055,149,1300,-1736,531,4264,-140,352,742
79.50105,149,1300,-1736,531,4267,-141,352,742
79.50155,149,1300,-1736,531,4268,-140,352,743
79.50205,149,1300,-1737,530,4266,-140,352,743
79.50255,149,1300,-1737,531,4262,-140,351,743
79.50305,149,1300,-1737,531,4262,-140,351,743
79.50355,149,1300,-1737,531,4261,-140,352,743
79.50405,149,1300,-1737,531,4283,-140,351,743
79.50455,149,1300,-1737,531,4311,-140,351,743
79.50505,150,1300,-1737,530,4308,-140,351,743
79.50555,149,1300,-1738,531,4298,-140,351,742
79.50605,149,1300,-1738,531,4268,-140,352,742
79.50655,149,1300,-1738,531,4251,-140,352,742
79.50705,150,1300,-1738,531,4248,-140,352,742
79.50755,149,1300,-1739,531,4245,-141,352,742
79.50805,149,1300,-1739,531,4249,-140,352,742
79.50855,150,1300,-1738,532,4253,-141,352,742
79.50905,149,1300,-1737,531,4259,-140,352,742
79.50955,149,1300,-1737,531,4263,-140,351,742
79.51005,149,1300,-1737,531,4266,-141,352,742
79.51055,149,1300,-1737,532,4266,-140,352,742
79.51105,150,1300,-1737,531,4266,-140,351,743
79.51155,149,1300,-1737,531,4265,-140,352,742
79.51205,149,1300,-1737,531,4260,-140,352,742
79.51255,149,1300,-1736,531,4264,-140,352,742
79.51305,149,1300,-1736,531,4263,-140,352,742
79.51355,149,1300,-1736,531,4258,-140,352,742
79.51405,150,1300,-1737,532,4282,-140,351,742
79.51455,149,1300,-1737,531,4308,-140,351,742
79.51505,149,1300,-1737,530,4305,-140,352,742
79.51555,149,1300,-1737,530,4294,-140,352,742
79.51605,149,1300,-1737,530,4262,-140,352,742
79.51655,149,1300,-1737,531,4242,-140,352,742
79.51705,149,1301,-1738,531,4242,-140,352,742
79.51755,149,1300,-1738,532,4246,-140,352,742
79.51805,149,1300,-1738,531,4253,-140,352,742
79.51855,149,1300,-1738,532,4254,-140,352,742
79.51905,149,1300,-1737,531,4259,-140,351,742
79.51955,149,1300,-1737,530,4262,-140,352,742
79.52005,149,1300,-1737,531,4265,-140,352,742
79.52055,149,1300,-1737,531,4269,-140,352,742
79.52105,149,1300,-1737,531,4271,-140,352,742
79.52155,149,1300,-1737,532,4269,-140,352,742
79.52205,149,1300,-1738,532,4271,-140,352,742
79.52255,149,1300,-1737,531,4275,-140,352,742
79.52305,150,1300,-1737,531,4276,-140,352,742
79.52355,149,1300,-1737,531,4274,-140,352,742
79.52405,149,1300,-1737,531,4300,-140,351,742
79.52455,149,1300,-1737,530,4320,-140,351,742
79.52505,149,1300,-1737,530,4313,-140,352,742
79.52555,149,1300,-1737,529,4300,-140,352,742
79.52605,149,1300,-1737,529,4264,-141,352,742
79.52655,149,1300,-1737,530,4246,-140,351,741
79.52705,149,1300,-1737,531,4243,-140,352,742
79.52755,149,1301,-1737,531,4237,-140,352,742
79.52805,149,1300,-1737,531,4246,-141,352,742
79.52855,150,1300,-1737,531,4252,-140,352,742
79.52905,149,1300,-1737,531,4259,-140,352,742
79.52955,149,1300,-1737,531,4262,-140,352,742
79.53005,149,1300,-1736,531,4264,-140,352,742
79.53055,149,1300,-1736,531,4266,-141,352,742
79.53105,149,1300,-1737,531,4266,-140,352,742
79.53155,149,1300,-1737,531,4266,-140,352,742
79.53205,149,1300,-1737,531,4266,-140,352,742
79.53255,149,1300,-1737,531,4267,-140,352,742
79.53305,149,1300,-1737,531,4268,-140,352,742
79.53355,149,1300,-1738,531,4268,-140,352,742
79.53405,149,1300,-1739,532,4298,-140,351,742
79.53455,149,1300,-1739,531,4318,-140,352,743
79.53505,149,1300,-1739,531,4312,-140,352,742
79.53555,149,1300,-1739,531,4296,-140,352,742
79.53615,149,1300,-1740,531,4265,-140,352,742
79.53665,149,1300,-1739,531,4251,-140,352,742
79.53715,149,1300,-1737,531,4251,-140,352,742
79.53765,149,1300,-1735,531,4256,-140,352,742
79.53815,149,1300,-1735,532,4264,-140,352,742
79.53865,149,1300,-1735,531,4267,-140,352,742
79.53915,149,1300,-1736,532,4268,-140,352,742
79.53965,149,1300,-1736,532,4273,-140,352,742
79.54015,149,1300,-1736,531,4274,-140,351,742
79.54065,149,1300,-1737,531,4278,-140,351,742
79.54115,149,1300,-1737,532,4279,-140,352,742
79.54165,149,1300,-1737,531,4278,-140,352,742
79.54215,149,1300,-1737,532,4276,-140,352,742
79.54265,149,1300,-1737,532,4276,-140,352,742
79.54315,149,1300,-1737,531,4274,-140,352,742
79.54365,149,1300,-1737,531,4274,-140,352,742
79.54415,149,1300,-1737,531,4305,-140,351,742
79.54465,149,1300,-1737,530,4319,-140,352,742
79.54515,149,1300,-1736,530,4312,-140,352,742
79.54565,149,1300,-1737,530,4294,-140,352,742
79.54615,149,1300,-1736,530,4260,-140,352,742
79.54665,149,1300,-1737,531,4246,-140,352,742
79.54715,149,1300,-1736,531,4242,-140,352,742
79.54765,149,1300,-1737,531,4243,-140,352,742
79.54815,149,1300,-1737,530,4248,-140,352,742
79.54865,149,1300,-1737,530,4256,-140,352,742
79.54915,149,1300,-1737,530,4263,-140,352,742
79.54965,149,1300,-1737,530,4268,-140,351,742
79.55015,149,1300,-1737,531,4272,-140,352,742
79.55065,149,1301,-1736,531,4273,-140,352,742
79.55115,149,1300,-1736,531,4275,-140,352,742
79.55165,149,1300,-1737,531,4276,-140,352,742
79.55215,149,1300,-1737,532,4276,-140,352,742
79.55265,149,1300,-1738,532,4277,-140,352,742
79.55315,149,1301,-1738,532,4275,-140,352,742
79.55365,149,1300,-1737,532,4276,-140,352,742
79.55415,149,1300,-1737,532,4313,-140,351,743
79.55465,149,1300,-1737,531,4324,-140,352,742
79.55515,149,1300,-1737,531,4316,-140,352,742
79.55565,149,1300,-1737,530,4302,-140,352,742
79.55615,149,1300,-1737,530,4269,-140,352,742
79.55665,149,1300,-1736,530,4259,-140,352,742
79.55715,149,1300,-1737,530,4258,-140,352,742
79.55765,149,1300,-1737,530,4263,-140,352,742
79.55815,149,1300,-1737,531,4266,-140,352,742
79.55865,149,1300,-1737,530,4265,-140,352,742
79.55915,149,1300,-1738,531,4269,-140,352,742
79.55965,149,1300,-1737,531,4271,-140,352,742
79.56015,149,1300,-1737,531,4272,-140,352,742
79.56065,149,1300,-1737,531,4275,-141,352,742
79.56115,149,1300,-1737,531,4273,-140,352,742
79.56165,149,1300,-1737,531,4270,-140,352,742
79.56215,149,1300,-1737,531,4272,-140,352,742
79.56265,149,1300,-1737,531,4274,-140,352,742
79.56315,149,1300,-1737,531,4272,-140,352,742
79.56365,149,1300,-1737,531,4274,-140,352,742
79.56415,149,1300,-1738,532,4307,-140,352,742
79.56465,149,1300,-1738,532,4313,-140,352,742
79.56515,149,1300,-1738,532,4306,-140,352,742
79.56565,149,1300,-1738,532,4284,-140,352,742
79.56615,149,1300,-1738,532,4251,-140,352,742
79.56665,149,1300,-1737,532,4243,-140,352,742
79.56715,149,1300,-1737,531,4245,-140,352,742
79.56765,149,1300,-1737,530,4248,-140,351,742
79.56815,149,1301,-1736,530,4252,-140,352,742
79.56865,149,1300,-1736,529,4255,-140,351,742
79.56915,149,1300,-1736,529,4264,-140,352,742
79.56965,149,1300,-1737,530,4267,-140,352,742
79.57015,149,1300,-1737,531,4271,-140,352,742
79.57065,149,1300,-1738,531,4274,-140,352,742
79.57115,149,1300,-1737,531,4276,-140,351,742
79.57165,149,1300,-1738,531,4277,-140,352,742
79.57215,149,1300,-1737,531,4277,-140,351,742
79.57265,149,1300,-1737,531,4277,-140,352,742
79.57315,149,1300,-1738,531,4277,-141,352,742
79.57365,149,1300,-1737,532,4283,-140,352,742
79.57415,149,1300,-1737,532,4317,-140,351,742
79.57465,149,1300,-1737,531,4319,-140,351,742
79.57515,149,1300,-1737,531,4312,-140,352,742
79.57565,149,1300,-1737,530,4289,-140,352,742
79.57615,149,1301,-1737,530,4255,-140,352,741
79.57665,149,1300,-1737,530,4247,-140,352,742
79.57715,149,1300,-1737,530,4245,-140,352,742
79.57765,149,1300,-1737,530,4252,-140,352,742
79.57815,149,1300,-1737,530,4260,-140,352,742
79.57865,149,1300,-1737,530,4260,-140,352,742
79.57915,149,1300,-1737,531,4259,-140,352,742
79.57965,149,1300,-1737,531,4263,-140,352,742
79.58015,149,1300,-1737,531,4263,-140,352,742
79.58065,149,1300,-1737,531,4265,-140,352,742
79.58115,149,1300,-1737,532,4267,-140,351,741
79.58165,149,1300,-1737,532,4266,-140,352,742
79.58215,149,1300,-1737,532,4261,-140,352,742
79.58265,149,1300,-1737,531,4265,-140,352,742
79.58315,149,1300,-1737,531,4267,-140,352,742
79.58365,149,1300,-1738,531,4276,-140,352,742
79.58415,150,1300,-1738,532,4311,-140,351,742
79.58465,149,1300,-1737,531,4312,-140,352,742
79.58515,149,1300,-1737,531,4304,-140,352,742
79.58565,149,1300,-1737,531,4279,-140,352,742
79.58615,149,1300,-1737,531,4250,-140,352,742
79.58665,149,1300,-1737,531,4245,-140,352,741
79.58715,149,1300,-1737,532,4243,-140,352,742
79.58765,149,1300,-1737,532,4243,-140,352,741
79.58815,149,1300,-1738,532,4253,-140,352,742
79.58865,149,1300,-1738,532,4260,-140,352,742
79.58915,149,1300,-1738,532,4269,-140,352,742
79.58965,149,1300,-1738,532,4275,-140,352,742
79.59015,149,1300,-1738,532,4276,-140,352,742
79.59065,149,1300,-1737,531,4275,-140,352,742
79.59115,149,1300,-1737,531,4274,-140,351,742
79.59165,149,1300,-1736,530,4272,-140,352,742
79.59215,149,1300,-1737,529,4271,-140,352,742
79.59265,149,1300,-1736,529,4270,-140,351,742
79.59315,149,1301,-1737,530,4265,-140,351,742
79.59365,149,1300,-1736,530,4274,-140,351,742
79.59415,149,1300,-1737,531,4310,-140,351,742
79.59465,149,1300,-1737,531,4311,-140,352,742
79.595146,149,1300,-1737,531,4304,-140,352,742
79.59565,149,1300,-1738,531,4277,-140,352,741
79.59615,149,1300,-1737,532,4246,-140,352,742
79.59665,149,1300,-1737,531,4235,-140,352,742
79.59715,149,1300,-1737,532,4240,-140,352,742
79.59765,149,1300,-1737,531,4247,-140,352,742
79.59825,149,1300,-1737,532,4250,-140,352,742
79.59875,149,1300,-1737,531,4251,-140,352,742
79.59925,149,1300,-1737,531,4257,-140,352,742
79.59975,149,1300,-1737,532,4259,-140,352,742
79.60025,149,1300,-1738,532,4263,-140,352,742
79.60075,149,1300,-1738,532,4266,-140,352,742
79.60125,149,1300,-1738,532,4264,-140,352,742
79.60175,149,1300,-1738,532,4263,-140,352,742
79.60225,149,1300,-1737,531,4267,-140,352,742
79.60275,149,1300,-1737,531,4269,-140,352,742
79.60325,149,1300,-1737,531,4268,-140,352,742
79.60375,149,1300,-1737,532,4280,-140,351,742
79.60425,149,1300,-1737,531,4313,-140,351,742
79.60475,149,1300,-1737,530,4313,-140,352,742
79.60525,149,1300,-1737,530,4307,-140,352,742
79.60575,149,1300,-1737,530,4279,-140,352,742
79.60625,149,1301,-1737,530,4250,-140,352,742
79.60675,149,1300,-1737,531,4244,-140,352,742
79.60725,149,1300,-1737,531,4246,-140,352,742
79.60775,149,1300,-1737,532,4247,-140,352,742
79.60825,149,1300,-1737,533,4249,-140,352,742
79.60875,149,1300,-1738,533,4250,-140,352,742
79.60925,149,1300,-1738,533,4257,-140,352,742
79.60975,150,1300,-1738,533,4259,-140,352,742
79.61025,149,1300,-1738,534,4263,-140,352,742
79.61075,149,1300,-1738,534,4264,-140,352,742
79.61125,149,1300,-1738,534,4264,-140,352,742
79.61175,149,1300,-1737,534,4264,-140,352,741
79.61225,149,1301,-1737,532,4262,-140,352,742
79.61275,149,1300,-1736,529,4257,-140,352,742
79.61325,149,1300,-1736,528,4258,-140,352,742
79.61375,149,1300,-1736,528,4272,-140,352,742
79.61425,149,1300,-1737,529,4304,-140,351,742
79.61475,149,1300,-1737,530,4302,-140,352,742
79.61525,149,1300,-1737,530,4294,-140,351,742
79.61575,149,1300,-1737,530,4267,-140,352,742
79.61625,150,1300,-1737,530,4240,-140,352,742
79.61675,149,1300,-1737,530,4236,-140,352,742
79.61725,149,1300,-1737,531,4240,-140,352,742
79.61775,149,1300,-1737,531,4247,-140,352,742
79.61825,149,1300,-1738,531,4252,-140,352,742
79.61875,149,1300,-1738,531,4253,-140,352,742
79.61925,149,1300,-1738,531,4254,-140,352,742
79.61975,149,1300,-1738,531,4258,-140,352,742
79.62025,149,1300,-1737,530,4260,-140,352,742
79.62075,149,1300,-1736,531,4264,-140,352,742
79.62125,149,1300,-1736,530,4268,-140,352,742
79.62175,149,1300,-1736,531,4269,-140,351,742
79.62225,149,1300,-1737,531,4269,-140,352,742
79.62275,150,1300,-1737,531,4269,-140,352,742
79.62325,149,1300,-1737,531,4267,-140,352,742
79.62375,149,1300,-1736,531,4282,-140,351,742
79.62425,149,1300,-1737,531,4312,-140,351,742
79.62475,149,1300,-1737,531,4308,-140,351,742
79.62525,149,1300,-1737,531,4295,-140,352,742
79.62575,149,1300,-1737,531,4264,-140,352,742
79.62625,149,1300,-1737,531,4240,-140,352,742
79.62675,149,1300,-1737,531,4236,-140,352,742
79.62725,149,1301,-1737,531,4234,-140,352,742
79.62775,150,1300,-1738,531,4238,-140,352,742
79.62825,149,1300,-1737,532,4240,-140,352,742
79.62875,149,1300,-1737,532,4248,-140,352,742
79.62925,149,1300,-1737,532,4252,-140,352,742
79.62975,149,1300,-1737,531,4255,-140,352,742
79.63025,149,1300,-1737,531,4255,-140,352,742
79.63075,149,1301,-1737,531,4254,-140,352,742
79.63125,149,1300,-1737,531,4254,-140,352,742
79.63175,149,1300,-1737,531,4255,-140,352,742
79.63225,149,1300,-1737,530,4255,-140,352,742
79.63275,149,1300,-1737,530,4255,-140,352,742
79.63325,149,1301,-1737,530,4252,-140,352,742
79.63375,149,1300,-1737,531,4274,-140,351,742
79.63425,149,1300,-1737,530,4306,-140,351,742
79.63475,149,1301,-1737,531,4303,-140,352,742
79.63525,149,1300,-1738,531,4295,-140,352,742
79.63575,149,1301,-1738,531,4263,-140,352,742
79.63625,149,1300,-1738,531,4240,-140,352,742
79.63675,149,1300,-1738,532,4239,-140,352,742
79.63725,149,1300,-1738,532,4242,-140,352,742
79.63775,149,1300,-1738,533,4249,-140,351,742
79.63825,149,1301,-1738,534,4254,-140,352,742
79.63875,149,1300,-1737,533,4255,-140,352,742
79.63925,149,1300,-1737,534,4261,-140,352,742
79.63975,149,1300,-1738,534,4263,-140,352,742
79.64025,149,1300,-1737,534,4265,-140,352,742
79.64075,149,1300,-1737,533,4267,-140,352,742
79.64125,149,1300,-1737,531,4263,-140,352,742
79.64175,149,1300,-1737,530,4262,-140,351,742
79.64225,149,1300,-1737,530,4264,-140,351,742
79.64275,149,1300,-1738,531,4264,-140,351,742
79.64325,149,1300,-1738,531,4261,-140,352,742
79.64375,149,1300,-1737,531,4282,-140,351,742
79.64425,149,1300,-1737,531,4306,-140,352,742
79.64475,149,1300,-1737,531,4301,-140,352,742
79.64525,149,1300,-1737,532,4291,-140,352,742
79.64575,149,1300,-1737,531,4258,-140,352,742
79.64625,149,1300,-1738,532,4233,-140,352,742
79.64675,149,1300,-1737,531,4229,-140,352,742
79.64725,149,1300,-1737,529,4231,-140,352,742
79.64775,149,1300,-1737,528,4232,-140,352,742
79.64825,149,1300,-1737,529,4234,-140,351,742
79.64875,149,1301,-1737,530,4237,-140,352,742
79.64925,149,1300,-1737,530,4246,-140,351,742
79.64975,149,1300,-1737,531,4250,-140,352,742
79.65025,149,1300,-1737,531,4255,-140,352,742
79.65075,149,1300,-1737,532,4259,-140,352,742
79.65125,149,1300,-1737,532,4260,-141,351,742
79.65175,149,1300,-1738,532,4261,-140,352,742
79.65225,149,1301,-1738,532,4261,-140,351,742
79.65275,149,1300,-1737,532,4262,-140,352,741
79.65325,149,1300,-1737,532,4260,-140,352,742
79.65375,149,1301,-1736,532,4283,-140,352,742
79.65425,149,1300,-1737,530,4310,-140,352,742
79.65475,149,1301,-1736,530,4308,-140,352,742
79.65525,149,1300,-1737,530,4298,-140,352,742
79.65575,149,1301,-1737,530,4267,-140,352,742
79.65625,149,1300,-1737,530,4246,-140,352,742
79.65675,149,1300,-1737,531,4244,-140,352,742
79.65725,149,1300,-1738,531,4248,-140,352,742
79.65775,149,1301,-1737,531,4253,-140,352,742
79.65825,149,1300,-1737,531,4255,-140,352,742
79.65875,149,1301,-1736,530,4254,-140,351,742
79.65925,149,1300,-1737,530,4253,-140,352,742
79.65975,149,1300,-1737,531,4256,-140,351,741
79.66035,149,1300,-1737,531,4256,-140,351,742
79.66085,149,1301,-1737,531,4255,-140,351,742
79.66135,149,1300,-1738,531,4262,-140,351,742
79.66185,149,1301,-1738,531,4263,-140,352,742
79.66235,149,1300,-1738,531,4262,-140,352,742
79.66285,149,1300,-1738,531,4261,-140,352,741
79.66335,150,1300,-1738,531,4256,-140,352,742
79.66385,149,1300,-1738,532,4279,-140,351,742
79.66435,149,1300,-1738,531,4301,-140,352,742
79.66485,149,1300,-1738,531,4296,-140,352,742
79.66535,149,1301,-1739,531,4281,-140,352,742
79.66585,149,1300,-1739,531,4250,-140,352,741
79.66635,149,1300,-1738,531,4234,-140,352,742
79.66685,149,1301,-1738,532,4229,-140,352,742
79.66735,149,1300,-1738,532,4238,-140,352,742
79.66785,149,1300,-1737,532,4245,-140,352,742
79.66835,149,1300,-1737,531,4244,-140,352,742
79.66885,149,1300,-1737,530,4245,-140,352,742
79.66935,149,1300,-1737,530,4249,-140,352,742
79.66985,149,1300,-1737,530,4256,-140,351,742
79.67035,149,1300,-1737,530,4260,-140,352,742
79.67085,150,1301,-1736,530,4264,-140,352,742
79.67135,149,1300,-1736,530,4266,-140,352,742
79.67185,149,1300,-1736,530,4266,-140,352,742
79.67235,149,1301,-1737,530,4267,-140,352,743
79.67285,149,1300,-1737,531,4264,-140,352,742
79.67335,149,1300,-1737,531,4258,-140,352,743
79.67385,149,1300,-1737,532,4296,-140,351,743
79.67435,149,1300,-1737,531,4307,-140,351,743
79.67485,149,1300,-1738,531,4300,-140,352,742
79.67535,150,1300,-1737,531,4285,-141,352,742
79.67585,150,1300,-1738,531,4254,-140,352,742
79.67635,150,1300,-1738,531,4240,-140,352,742
79.67685,149,1300,-1737,531,4238,-140,352,742
79.67735,149,1301,-1737,531,4242,-140,352,742
79.67785,149,1300,-1737,531,4248,-140,352,742
79.67835,149,1300,-1736,531,4249,-140,352,742
79.67885,149,1301,-1737,531,4247,-140,352,742
79.67935,150,1300,-1736,532,4249,-140,352,743
79.67985,149,1300,-1736,531,4251,-140,352,742
79.68035,150,1301,-1736,532,4247,-140,351,742
79.68085,149,1301,-1736,531,4252,-140,352,742
79.68135,149,1300,-1736,531,4252,-140,352,742
79.68185,149,1300,-1736,531,4254,-140,352,742
79.68235,149,1301,-1737,530,4257,-141,352,742
79.68285,149,1301,-1738,530,4257,-141,351,742
79.68335,149,1300,-1738,530,4259,-140,351,742
79.68385,149,1300,-1738,531,4293,-140,351,743
79.68435,148,1301,-1738,530,4303,-140,351,742
79.68485,148,1300,-1738,530,4293,-140,351,742
79.68535,148,1301,-1738,530,4281,-140,352,743
79.68585,148,1301,-1737,530,4248,-140,352,742
79.68635,148,1301,-1737,531,4229,-140,352,742
79.68685,149,1301,-1738,531,4234,-140,352,742
79.68735,149,1300,-1738,532,4241,-140,352,742
79.68785,149,1300,-1738,531,4243,-140,352,742
79.68835,150,1300,-1738,531,4246,-140,352,742
79.68885,149,1300,-1738,531,4248,-140,351,742
79.68935,150,1300,-1738,531,4256,-141,352,742
79.68985,149,1300,-1737,531,4260,-141,352,742
79.69035,149,1300,-1736,531,4262,-140,351,742
79.69085,149,1300,-1736,531,4264,-141,351,742
79.69135,150,1301,-1736,531,4263,-140,352,742
79.69185,149,1300,-1737,532,4262,-140,352,742
79.69235,149,1300,-1737,532,4261,-140,352,742
79.69285,149,1301,-1737,532,4259,-140,352,742
79.69335,149,1301,-1737,532,4262,-140,351,742
79.69385,150,1301,-1737,532,4298,-140,351,742
79.69435,149,1300,-1737,532,4303,-140,352,742
79.69485,149,1301,-1737,531,4297,-140,352,742
79.69535,149,1301,-1737,530,4277,-140,352,742
79.69585,149,1301,-1737,529,4245,-140,352,742
79.69635,148,1301,-1737,530,4232,-140,352,742
79.69685,148,1301,-1737,530,4231,-140,351,742
79.69735,148,1300,-1738,531,4235,-140,351,742
79.69785,148,1300,-1738,531,4242,-140,351,742
79.69835,149,1300,-1738,530,4245,-140,352,742
79.69885,149,1300,-1738,531,4248,-140,351,742
79.69935,149,1301,-1738,530,4248,-140,352,742
79.69985,149,1301,-1738,531,4249,-140,352,743
79.70035,149,1300,-1737,530,4253,-140,351,742
79.70085,149,1300,-1736,530,4252,-140,352,742
79.70135,149,1300,-1736,531,4259,-141,352,742
79.70185,149,1301,-1737,531,4264,-140,352,742
79.70235,149,1300,-1737,531,4265,-140,352,742
79.70285,149,1301,-1737,530,4264,-140,352,742
79.70335,148,1300,-1737,531,4269,-140,352,742
79.70385,149,1301,-1737,531,4304,-140,352,743
79.70435,149,1300,-1736,530,4308,-140,352,742
79.70485,149,1301,-1737,530,4297,-140,352,742
79.70535,149,1300,-1737,530,4280,-140,352,742
79.70585,149,1301,-1738,531,4252,-141,352,742
79.70635,149,1300,-1738,531,4243,-140,352,742
79.70685,149,1301,-1738,531,4243,-140,352,742
79.70735,149,1300,-1737,532,4248,-140,352,742
79.70785,149,1301,-1737,532,4250,-140,352,742
79.70835,149,1301,-1737,532,4248,-140,352,742
79.70885,149,1301,-1738,532,4249,-140,351,742
79.70935,149,1301,-1738,532,4251,-140,351,742
79.70985,149,1300,-1738,532,4257,-140,351,742
79.71035,148,1300,-1738,533,4260,-140,351,742
79.71085,149,1301,-1738,532,4262,-140,352,742
79.71135,149,1300,-1738,532,4262,-140,352,742
79.71185,149,1301,-1737,532,4262,-140,352,742
79.71235,149,1301,-1737,531,4262,-140,351,742
79.71285,149,1301,-1738,531,4257,-140,352,742
79.71335,149,1300,-1738,531,4263,-140,351,742
79.71385,148,1301,-1738,530,4300,-140,351,743
79.71435,149,1301,-1737,529,4303,-140,351,742
79.71485,149,1301,-1737,529,4291,-140,351,742
79.71535,149,1301,-1737,530,4272,-140,352,742
79.71585,148,1301,-1737,531,4244,-140,352,742
79.71635,149,1300,-1737,532,4237,-140,352,742
79.71685,149,1301,-1737,533,4240,-140,352,742
79.71735,149,1301,-1737,533,4247,-140,352,742
79.71785,149,1301,-1737,531,4253,-140,352,743
79.71835,149,1300,-1736,530,4255,-140,352,743
79.71885,149,1300,-1736,530,4251,-140,352,743
79.71935,149,1301,-1736,529,4251,-140,352,742
79.71985,149,1301,-1736,529,4258,-140,352,742
79.72035,149,1301,-1737,530,4266,-140,352,743
79.72085,149,1300,-1737,530,4269,-140,352,742
79.72135,149,1300,-1737,531,4265,-140,351,742
79.72185,149,1301,-1737,532,4270,-140,351,742
79.72245,149,1300,-1737,532,4276,-140,351,742
79.722946,149,1301,-1737,532,4275,-140,352,742
79.72345,149,1300,-1737,531,4284,-140,351,742
79.72395,149,1300,-1737,531,4316,-140,351,743
79.72445,149,1300,-1737,531,4316,-140,352,742
79.72495,149,1300,-1737,531,4304,-140,352,742
79.72545,149,1300,-1738,531,4281,-141,352,742
79.72595,149,1301,-1737,531,4253,-140,352,742
79.72645,149,1301,-1737,531,4242,-140,352,742
79.72695,149,1301,-1737,531,4243,-140,352,742
79.72745,149,1301,-1737,530,4251,-140,352,742
79.72795,149,1300,-1737,529,4251,-140,351,742
79.72845,149,1300,-1737,529,4251,-140,352,742
79.72895,149,1301,-1737,530,4253,-140,351,742
79.72945,149,1301,-1737,530,4257,-140,351,743
79.72995,149,1300,-1738,530,4261,-140,351,742
79.73045,149,1301,-1737,530,4259,-140,351,742
79.73095,149,1300,-1738,531,4265,-140,352,743
79.73145,149,1301,-1738,531,4266,-140,352,742
79.73195,149,1301,-1738,531,4262,-140,352,742
79.73245,149,1300,-1738,531,4266,-140,352,742
79.73295,149,1301,-1737,531,4267,-140,352,742
79.73345,149,1301,-1737,532,4279,-140,351,742
79.73395,149,1300,-1737,532,4313,-140,352,743
79.73445,149,1301,-1737,531,4312,-140,351,742
79.73495,149,1300,-1738,531,4301,-140,352,742
79.73545,149,1300,-1739,531,4280,-141,352,742
79.73595,149,1300,-1739,531,4255,-140,351,742
79.73645,149,1300,-1740,531,4248,-140,352,742
79.73695,149,1301,-1740,531,4250,-140,351,742
79.73745,149,1300,-1740,531,4257,-140,352,742
79.73795,149,1301,-1739,531,4263,-140,352,742
79.73845,149,1300,-1736,531,4267,-140,351,742
79.73895,149,1301,-1734,531,4269,-140,351,742
79.73945,149,1300,-1733,531,4268,-140,351,742
79.73995,149,1300,-1734,532,4271,-140,352,742
79.74045,149,1301,-1735,531,4274,-140,352,742
79.74095,149,1301,-1737,531,4275,-140,351,742
79.74145,149,1300,-1738,531,4277,-140,352,742
79.74195,149,1300,-1738,531,4277,-140,352,742
79.74245,149,1301,-1738,531,4276,-140,352,743
79.74295,149,1301,-1737,532,4273,-140,352,742
79.74345,149,1300,-1737,532,4281,-140,352,743
79.74395,149,1301,-1737,532,4316,-140,351,742
79.74445,149,1301,-1738,532,4312,-140,352,742
79.74495,149,1300,-1738,531,4305,-140,352,742
79.74545,149,1301,-1738,530,4279,-140,352,742
79.74595,149,1300,-1738,530,4253,-140,352,742
79.74645,149,1300,-1738,530,4245,-140,352,742
79.74695,149,1301,-1738,531,4246,-140,352,742
79.74745,149,1301,-1738,531,4252,-140,352,742
79.74795,149,1301,-1737,530,4252,-140,352,742
79.74845,149,1300,-1737,530,4253,-140,351,742
79.74895,149,1300,-1736,530,4255,-140,351,742
79.74945,149,1300,-1736,531,4260,-140,352,742
79.74995,149,1300,-1736,531,4266,-140,351,743
79.75045,149,1301,-1736,532,4270,-140,351,742
79.75095,149,1300,-1737,532,4269,-140,352,743
79.75145,149,1301,-1737,531,4273,-141,351,742
79.75195,149,1301,-1737,531,4271,-140,352,742
79.75245,149,1300,-1737,531,4274,-141,352,742
79.75295,149,1300,-1737,530,4272,-140,352,742
79.75345,149,1301,-1737,531,4287,-140,352,742
79.75395,149,1301,-1738,531,4322,-140,351,743
79.75445,149,1301,-1737,531,4321,-140,351,742
79.75495,149,1300,-1737,531,4310,-140,352,742
79.75545,149,1301,-1738,531,4287,-141,352,742
79.75595,149,1301,-1738,531,4263,-141,352,742
79.75645,149,1301,-1738,531,4257,-140,352,742
79.75695,149,1301,-1739,531,4259,-141,352,742
79.75745,149,1301,-1739,531,4265,-140,352,742
79.75795,149,1301,-1738,532,4267,-140,352,742
79.75845,148,1301,-1738,532,4268,-141,352,742
79.75895,149,1301,-1737,532,4267,-140,352,742
79.75945,149,1301,-1737,531,4266,-140,352,742
79.75995,149,1300,-1737,531,4270,-140,352,742
79.76045,149,1300,-1736,531,4270,-141,351,742
79.76095,148,1301,-1736,531,4270,-140,351,742
79.76145,149,1300,-1736,531,4273,-140,352,742
79.76195,149,1300,-1736,531,4274,-140,352,742
79.76245,149,1300,-1737,530,4273,-141,352,742
79.76295,149,1300,-1737,530,4270,-140,352,742
79.76345,149,1301,-1737,530,4285,-140,351,742
79.76395,149,1300,-1738,531,4312,-140,351,742
79.76445,149,1301,-1738,531,4308,-140,352,742
79.76495,149,1301,-1738,531,4299,-140,352,742
79.76545,149,1301,-1738,531,4271,-140,353,742
79.76595,149,1301,-1738,532,4245,-141,353,742
79.76645,149,1301,-1739,532,4240,-140,352,742
79.76695,149,1301,-1739,532,4243,-141,352,742
79.76745,149,1301,-1738,532,4250,-140,352,742
79.76795,149,1300,-1737,532,4250,-140,352,742
79.76845,149,1301,-1736,532,4251,-140,352,742
79.76895,149,1301,-1735,531,4256,-140,351,742
79.76945,149,1301,-1736,530,4259,-140,352,742
79.76995,149,1301,-1736,529,4265,-141,352,742
79.77045,149,1301,-1737,529,4268,-140,352,742
79.77095,149,1301,-1737,529,4273,-140,352,742
79.77145,149,1300,-1737,529,4275,-140,352,742
79.77195,149,1301,-1737,530,4276,-140,352,742
79.77245,149,1301,-1737,531,4276,-140,351,742
79.77295,149,1301,-1737,531,4275,-140,352,742
79.77345,149,1301,-1737,531,4296,-140,351,742
79.77395,149,1301,-1737,531,4321,-141,352,742
79.77445,149,1300,-1737,531,4315,-140,352,742
79.77495,149,1301,-1737,531,4304,-140,352,742
79.77545,149,1301,-1737,531,4272,-141,352,742
79.77595,149,1301,-1738,531,4249,-141,352,742
79.77645,149,1301,-1738,531,4244,-141,352,742
79.77695,149,1301,-1738,532,4245,-141,352,742
79.77745,149,1301,-1738,532,4252,-140,352,742
79.77795,149,1301,-1738,532,4254,-140,352,742
79.77845,148,1301,-1738,533,4256,-140,352,742
79.77895,149,1301,-1738,532,4257,-141,352,742
79.77945,149,1301,-1737,532,4254,-141,351,742
79.77995,149,1301,-1737,531,4255,-140,352,742
79.78045,149,1301,-1736,530,4257,-141,352,742
79.78095,149,1301,-1736,529,4258,-140,352,742
79.78145,149,1301,-1737,530,4261,-140,352,742
79.78195,149,1301,-1737,530,4262,-141,352,742
79.78245,149,1301,-1737,531,4263,-140,352,742
79.78295,149,1301,-1737,530,4261,-140,352,742
79.78345,148,1301,-1737,531,4287,-140,351,742
79.78395,149,1301,-1737,530,4310,-141,351,742
79.78455,149,1301,-1738,530,4304,-140,351,742
79.78505,149,1301,-1738,530,4291,-141,352,742
79.78555,149,1301,-1737,530,4261,-140,352,742
79.78605,149,1301,-1738,530,4244,-141,352,742
79.78655,149,1301,-1737,531,4239,-140,352,742
79.78705,149,1301,-1738,531,4243,-141,353,742
79.78755,149,1301,-1739,533,4250,-141,352,742
79.78805,149,1301,-1740,533,4250,-141,352,742
79.78855,149,1301,-1740,533,4251,-141,352,742
79.78905,149,1301,-1739,534,4253,-140,352,742
79.78955,148,1301,-1739,534,4258,-141,352,742
79.79005,149,1301,-1739,535,4263,-141,351,742
79.79055,148,1301,-1740,534,4267,-141,352,742
79.79105,149,1301,-1740,535,4268,-141,352,742
79.79155,149,1301,-1740,535,4267,-141,352,742
79.79205,149,1301,-1739,534,4265,-140,352,742
79.79255,149,1301,-1737,532,4263,-141,352,742
79.79305,149,1301,-1736,530,4258,-140,351,742
79.79355,149,1301,-1735,528,4288,-140,351,742
79.79405,149,1301,-1735,527,4309,-140,350,742
79.79455,149,1301,-1735,526,4303,-141,351,742
79.79505,149,1301,-1735,527,4290,-141,351,742
79.79555,149,1301,-1736,528,4257,-140,352,742
79.79605,149,1301,-1736,529,4238,-141,352,742
79.79655,149,1301,-1737,531,4234,-140,352,742
79.79705,149,1301,-1737,531,4236,-141,352,742
79.79755,148,1301,-1738,532,4242,-141,352,742
79.79805,148,1301,-1738,532,4245,-141,352,742
79.79855,149,1301,-1739,533,4247,-141,352,742
79.79905,149,1301,-1739,533,4246,-141,352,742
79.79955,149,1301,-1738,533,4248,-140,352,742
79.80005,149,1301,-1738,532,4253,-140,352,742
79.80055,149,1301,-1737,530,4255,-141,352,742
79.80105,148,1301,-1737,528,4257,-141,352,742
79.80155,149,1301,-1737,528,4261,-141,352,742
79.80205,148,1301,-1737,529,4263,-141,352,742
79.80255,149,1301,-1738,531,4263,-141,351,742
79.80305,149,1301,-1737,531,4262,-141,352,742
79.80355,149,1301,-1737,532,4292,-140,351,742
79.80405,148,1301,-1738,532,4309,-141,352,742
79.80455,149,1301,-1737,532,4304,-140,352,742
79.80505,148,1301,-1738,533,4293,-141,352,742
79.80555,149,1301,-1738,533,4261,-141,352,742
79.80605,149,1301,-1738,533,4244,-140,352,742
79.80655,149,1301,-1737,530,4240,-140,352,742
79.80705,149,1301,-1737,528,4243,-140,351,742
79.80755,149,1301,-1737,527,4249,-141,351,742
79.80805,149,1301,-1737,527,4248,-140,352,742
79.80855,149,1301,-1737,528,4247,-141,351,742
79.80905,149,1301,-1737,529,4249,-140,352,742
79.80955,149,1301,-1737,530,4250,-140,352,742
79.81005,149,1301,-1736,530,4254,-141,351,742
79.81055,149,1301,-1736,530,4257,-140,352,742
79.81105,149,1301,-1736,531,4260,-141,352,742
79.81155,149,1301,-1736,531,4261,-141,352,742
79.81205,149,1301,-1737,531,4261,-141,352,742
79.81255,149,1301,-1738,531,4260,-141,352,742
79.81305,149,1301,-1738,531,4259,-141,352,742
79.81355,149,1301,-1738,532,4292,-140,351,743
79.81405,149,1301,-1738,531,4302,-141,352,742
79.81455,148,1301,-1737,531,4291,-140,352,742
79.81505,149,1301,-1737,531,4279,-141,352,742
79.81555,149,1301,-1737,531,4248,-140,352,742
79.81605,149,1301,-1737,531,4236,-140,352,742
79.81655,149,1301,-1737,531,4235,-140,352,742
79.81705,149,1301,-1737,531,4241,-141,352,742
79.81755,148,1301,-1737,531,4248,-140,352,742
79.81805,148,1301,-1738,532,4252,-141,352,742
79.81855,148,1301,-1738,532,4255,-141,352,742
79.81905,149,1301,-1738,533,4256,-141,352,742
79.81955,149,1301,-1739,533,4255,-141,352,742
79.82005,149,1301,-1739,534,4258,-140,352,742
79.82055,149,1301,-1738,533,4261,-141,352,742
79.82105,148,1301,-1737,533,4263,-141,352,742
79.82155,148,1301,-1737,533,4268,-141,352,742
79.82205,149,1301,-1737,532,4270,-141,352,742
79.82255,148,1301,-1737,530,4270,-141,351,742
79.82305,148,1301,-1737,528,4273,-141,351,742
79.82355,149,1301,-1737,528,4307,-140,351,743
79.82405,149,1301,-1737,527,4313,-141,351,742
79.82455,149,1301,-1737,528,4301,-141,351,742
79.82505,149,1301,-1737,529,4284,-141,352,742
79.82555,148,1301,-1737,530,4255,-141,352,742
79.82605,148,1301,-1737,530,4243,-141,352,742
79.82655,149,1301,-1737,530,4240,-141,352,743
79.82705,149,1301,-1737,531,4243,-140,352,742
79.82755,149,1301,-1738,531,4246,-141,352,742
79.82805,149,1301,-1737,531,4249,-141,352,742
79.82855,149,1301,-1737,531,4249,-141,352,742
79.82905,150,1300,-1737,531,4250,-141,352,742
79.82955,149,1301,-1737,530,4253,-140,352,742
79.83005,149,1301,-1737,530,4257,-140,351,742
79.83055,149,1301,-1737,531,4260,-141,352,742
79.83105,149,1301,-1738,531,4262,-141,352,742
79.83155,149,1301,-1738,531,4261,-141,352,742
79.83205,149,1301,-1738,531,4262,-141,352,742
79.83255,149,1301,-1738,531,4259,-141,352,742
79.83305,149,1301,-1737,531,4264,-141,351,742
79.83355,149,1301,-1737,531,4304,-141,351,742
79.83405,149,1301,-1738,530,4311,-141,351,742
79.83455,149,1301,-1737,530,4305,-141,351,742
79.83505,149,1301,-1737,529,4285,-141,352,742
79.83555,149,1301,-1737,529,4255,-141,351,742
79.83605,149,1301,-1737,530,4246,-141,352,742
79.83655,149,1301,-1737,530,4245,-140,351,742
79.83705,149,1301,-1737,531,4250,-140,352,742
79.83755,149,1301,-1737,531,4257,-141,352,742
79.83805,148,1301,-1737,530,4261,-141,352,743
79.83855,148,1301,-1737,531,4264,-140,352,743
79.83905,148,1301,-1737,531,4260,-140,352,742
79.83955,148,1301,-1737,531,4260,-141,351,742
79.84005,148,1301,-1737,531,4271,-141,351,742
79.84055,149,1301,-1738,531,4273,-141,351,742
79.84105,149,1301,-1738,531,4273,-140,351,742
79.84155,148,1301,-1738,531,4274,-141,351,742
79.84205,149,1301,-1738,531,4275,-141,352,742
79.84255,149,1301,-1738,531,4272,-140,352,742
79.84305,149,1301,-1738,532,4277,-140,352,743
79.84355,149,1300,-1738,532,4311,-141,351,743
79.84405,148,1301,-1738,531,4308,-140,352,743
79.84455,148,1301,-1737,531,4300,-141,352,742
79.84505,148,1301,-1737,532,4279,-141,352,742
79.84555,148,1301,-1737,532,4254,-141,352,742
79.84605,148,1301,-1737,533,4245,-141,352,742
79.84655,149,1301,-1738,532,4242,-141,352,742
79.84715,149,1301,-1738,533,4246,-141,352,742
79.84765,149,1301,-1738,532,4251,-141,352,742
79.84815,149,1301,-1738,532,4249,-141,352,742
79.84865,148,1301,-1737,531,4248,-141,352,742
79.84915,149,1301,-1738,531,4252,-141,352,742
79.84965,149,1301,-1738,531,4255,-141,351,742
79.85015,149,1301,-1738,531,4261,-141,352,742
79.85065,148,1301,-1738,531,4265,-141,352,742
79.85115,149,1301,-1738,530,4269,-141,352,742
79.85165,148,1301,-1738,530,4272,-141,351,742
79.85215,149,1301,-1738,529,4272,-141,351,742
79.85265,149,1301,-1738,530,4272,-140,351,742
79.85315,149,1301,-1738,531,4282,-141,351,742
79.85365,149,1301,-1739,531,4317,-141,351,742
79.85415,149,1301,-1739,532,4317,-141,352,742
79.85465,149,1301,-1738,532,4311,-141,352,742
79.85515,149,1301,-1738,532,4288,-141,352,742
79.85565,149,1301,-1738,532,4260,-141,352,742
79.85615,149,1301,-1737,533,4255,-141,352,742
79.85665,149,1301,-1738,534,4255,-141,352,742
79.85715,148,1301,-1737,534,4259,-141,351,742
79.85765,149,1301,-1738,534,4264,-141,352,742
79.85815,149,1301,-1738,534,4265,-140,352,742
79.85865,149,1301,-1739,533,4266,-141,352,742
79.85915,149,1301,-1739,530,4266,-141,352,742
79.85965,149,1301,-1739,529,4264,-141,352,742
79.86015,149,1301,-1739,528,4267,-141,352,742
79.86065,149,1301,-1738,529,4269,-141,352,743
79.86115,148,1301,-1738,529,4269,-141,352,743
79.86165,148,1301,-1737,529,4268,-141,351,742
79.86215,148,1301,-1736,529,4267,-141,352,743
79.86265,148,1301,-1736,529,4270,-140,351,743
79.86315,149,1301,-1735,530,4275,-141,351,743
79.86365,148,1301,-1736,530,4305,-141,351,743
79.86415,149,1301,-1737,530,4305,-140,351,743
79.86465,149,1301,-1737,530,4296,-141,352,743
79.86515,148,1301,-1737,531,4271,-141,352,742
79.86565,149,1301,-1737,530,4248,-140,352,743
79.86615,149,1301,-1737,531,4247,-141,352,742
79.86665,149,1301,-1737,532,4244,-141,352,743
79.86715,149,1301,-1737,532,4250,-141,352,743
79.86765,149,1301,-1737,533,4254,-141,352,743
79.86815,149,1301,-1737,533,4253,-140,352,742
79.86865,148,1301,-1738,534,4253,-140,352,743
79.86915,149,1301,-1738,535,4259,-141,352,742
79.86965,149,1301,-1738,535,4261,-141,352,743
79.87015,149,1301,-1737,534,4269,-141,352,742
79.87065,149,1301,-1736,533,4271,-141,352,743
79.87115,149,1301,-1737,533,4276,-141,352,742
79.87165,149,1301,-1737,532,4275,-141,352,743
79.87215,149,1301,-1737,531,4276,-141,352,743
79.87265,149,1301,-1737,529,4269,-141,351,742
79.87315,149,1301,-1737,528,4281,-140,351,743
79.87365,149,1301,-1737,526,4321,-140,351,743
79.87415,149,1301,-1737,528,4317,-141,351,743
79.87465,149,1301,-1737,529,4306,-141,352,742
79.87515,149,1301,-1738,530,4280,-141,352,742
79.87565,149,1301,-1738,531,4256,-141,352,742
79.87615,149,1301,-1738,531,4251,-141,352,742
79.87665,149,1301,-1738,531,4250,-141,352,743
79.87715,149,1301,-1738,531,4253,-141,352,742
79.87765,149,1301,-1738,531,4251,-141,352,742
79.87815,149,1301,-1738,531,4256,-141,352,743
79.87865,149,1301,-1738,531,4258,-141,352,742
79.87915,149,1300,-1738,531,4254,-141,352,742
79.87965,149,1301,-1738,531,4255,-141,352,743
79.88015,149,1301,-1738,530,4259,-141,352,742
79.88065,149,1301,-1737,531,4255,-141,351,743
79.88115,149,1301,-1738,531,4259,-141,352,743
79.88165,148,1301,-1738,531,4259,-141,352,742
79.88215,148,1301,-1739,531,4259,-141,352,743
79.88265,148,1302,-1739,530,4262,-141,352,743
79.88315,148,1301,-1739,531,4273,-141,351,743
79.88365,148,1301,-1739,531,4304,-140,351,742
79.88415,148,1301,-1740,531,4304,-141,352,742
79.88465,148,1301,-1740,531,4302,-141,352,742
79.88515,148,1301,-1740,531,4278,-141,352,742
79.88565,148,1301,-1738,531,4251,-141,352,742
79.88615,149,1301,-1735,530,4244,-141,352,742
79.88665,149,1301,-1734,531,4243,-141,352,743
79.88715,149,1301,-1735,531,4248,-141,352,742
79.88765,148,1301,-1736,532,4249,-140,352,742
79.88815,149,1301,-1737,531,4253,-141,352,742
79.88865,149,1301,-1737,532,4255,-141,352,743
79.88915,149,1301,-1737,532,4257,-141,351,742
79.88965,148,1301,-1737,532,4255,-141,352,743
79.89015,149,1301,-1737,531,4262,-141,352,742
79.89065,148,1301,-1737,530,4263,-141,352,742
79.89115,149,1301,-1737,529,4269,-141,351,742
79.89165,148,1301,-1737,529,4270,-141,352,742
79.89215,149,1301,-1737,530,4268,-141,352,742
79.89265,149,1301,-1737,530,4265,-141,352,742
79.89315,149,1301,-1738,531,4282,-141,352,743
79.89365,148,1301,-1738,531,4310,-141,352,743
79.89415,149,1301,-1738,530,4301,-141,352,742
79.89465,149,1301,-1738,531,4292,-141,352,742
79.89515,149,1301,-1738,530,4267,-141,352,742
79.89565,148,1302,-1738,531,4245,-141,352,742
79.89615,149,1301,-1738,531,4239,-141,352,743
79.89665,149,1301,-1737,531,4238,-141,351,742
79.89715,149,1301,-1737,532,4237,-141,352,742
79.89765,149,1301,-1737,531,4245,-141,351,742
79.89815,149,1301,-1737,531,4249,-141,352,742
79.89865,149,1301,-1736,531,4251,-141,352,743
79.89915,149,1301,-1737,530,4251,-141,352,742
79.89965,148,1301,-1737,531,4246,-141,352,742
79.90015,149,1301,-1737,531,4255,-141,352,742
79.90065,149,1301,-1738,531,4260,-141,352,742
79.90115,148,1301,-1738,532,4262,-141,352,743
79.90165,148,1301,-1738,532,4265,-141,352,742
79.90215,149,1301,-1739,532,4262,-141,352,742
79.90265,149,1301,-1739,532,4263,-141,351,742
79.90315,149,1301,-1739,533,4285,-141,351,743
79.90365,149,1301,-1738,532,4310,-141,351,742
79.90415,149,1301,-1737,532,4301,-141,352,742
79.90465,148,1301,-1737,531,4294,-141,351,742
79.90515,148,1301,-1737,531,4268,-141,352,742
79.90565,149,1301,-1737,530,4250,-141,352,742
79.90615,149,1301,-1737,530,4246,-141,352,742
79.90665,149,1301,-1737,529,4246,-141,352,743
79.90715,149,1301,-1737,529,4250,-141,352,742
79.907646,148,1301,-1738,529,4250,-141,352,742
79.90815,148,1301,-1737,530,4251,-141,352,742
79.90865,149,1301,-1738,530,4251,-141,352,742
79.90925,149,1301,-1738,530,4250,-141,352,742
79.90975,149,1301,-1737,531,4253,-141,352,742
79.91025,149,1301,-1738,531,4259,-141,351,742
79.91075,149,1301,-1737,532,4262,-140,351,742
79.91125,149,1301,-1737,531,4264,-141,352,743
79.91175,149,1301,-1738,532,4263,-141,351,742
79.91225,149,1301,-1738,531,4256,-141,351,742
79.91275,149,1301,-1738,531,4255,-141,352,742
79.91325,149,1301,-1738,531,4281,-141,351,743
79.91375,149,1301,-1738,531,4305,-141,351,742
79.91425,149,1301,-1737,531,4296,-141,352,742
79.91475,148,1301,-1737,531,4289,-141,352,742
79.91525,148,1301,-1738,531,4260,-141,352,742
79.91575,149,1301,-1738,531,4240,-141,352,742
79.91625,148,1301,-1737,530,4238,-141,352,743
79.91675,148,1301,-1737,531,4240,-141,352,742
79.91725,149,1301,-1737,531,4243,-141,352,742
79.91775,149,1301,-1737,531,4252,-141,352,742
79.91825,149,1301,-1737,531,4256,-141,352,742
79.91875,149,1301,-1737,531,4258,-141,351,742
79.91925,149,1301,-1737,531,4258,-141,351,742
79.91975,148,1301,-1737,530,4257,-141,351,742
79.92025,149,1301,-1737,531,4262,-141,352,743
79.92075,149,1301,-1737,531,4263,-141,351,742
79.92125,149,1301,-1738,530,4263,-141,352,742
79.92175,149,1301,-1738,531,4270,-141,352,742
79.92225,149,1301,-1738,531,4274,-141,352,742
79.92275,149,1301,-1738,531,4271,-141,352,742
79.92325,149,1301,-1738,531,4297,-141,351,742
79.92375,149,1301,-1738,531,4317,-141,352,742
79.92425,149,1301,-1738,531,4311,-141,352,743
79.92475,149,1301,-1738,531,4297,-141,351,742
79.92525,149,1301,-1738,531,4261,-141,352,742
79.92575,149,1301,-1738,531,4246,-141,351,742
79.92625,149,1301,-1738,531,4244,-141,352,742
79.92675,148,1301,-1738,531,4242,-141,352,742
79.92725,149,1301,-1738,532,4247,-141,352,742
79.92775,149,1301,-1738,532,4252,-141,351,742
79.92825,149,1301,-1738,531,4250,-141,352,742
79.92875,149,1301,-1738,532,4248,-141,352,742
79.92925,149,1301,-1738,531,4250,-141,351,742
79.92975,149,1302,-1738,532,4251,-141,352,742
79.93025,149,1301,-1739,532,4255,-141,351,742
79.93075,148,1301,-1739,531,4257,-141,351,742
79.93125,149,1301,-1739,531,4260,-141,351,742
79.93175,149,1301,-1738,531,4262,-141,352,742
79.93225,148,1301,-1737,530,4262,-141,352,742
79.93275,149,1301,-1737,531,4261,-141,352,742
79.93325,149,1301,-1736,531,4292,-141,351,742
79.93375,148,1301,-1737,531,4310,-141,351,742
79.93425,149,1301,-1736,531,4305,-141,352,742
79.93475,149,1301,-1737,531,4294,-141,352,742
79.93525,148,1301,-1738,531,4261,-141,352,742
79.93575,148,1301,-1738,531,4245,-141,352,742
79.93625,148,1302,-1739,531,4244,-141,352,742
79.93675,148,1302,-1738,531,4248,-141,351,742
79.93725,148,1301,-1737,531,4254,-141,352,742
79.93775,148,1302,-1737,531,4259,-141,351,742
79.93825,149,1301,-1737,531,4262,-141,352,742
79.93875,149,1302,-1738,531,4265,-141,352,742
79.93925,149,1301,-1737,531,4265,-141,352,742
79.93975,149,1301,-1737,531,4263,-141,352,742
79.94025,149,1301,-1737,531,4268,-141,351,742
79.94075,149,1301,-1737,531,4269,-141,352,742
79.94125,149,1301,-1737,531,4271,-141,352,742
79.94175,149,1301,-1738,532,4272,-141,352,742
79.94225,149,1301,-1738,531,4271,-141,352,742
79.94275,148,1301,-1738,532,4270,-141,352,742
79.94325,149,1301,-1738,532,4302,-141,351,742
79.94375,149,1302,-1737,531,4312,-141,351,742
79.94425,149,1302,-1737,531,4304,-141,352,742
79.94475,149,1301,-1738,531,4287,-141,352,742
79.94525,148,1301,-1738,530,4255,-141,352,742
79.94575,149,1301,-1738,531,4245,-141,352,742
79.94625,149,1301,-1738,531,4243,-141,352,742
79.94675,149,1301,-1738,531,4242,-141,352,742
79.94725,148,1301,-1738,531,4247,-141,352,742
79.94775,149,1301,-1738,531,4250,-141,352,742
79.94825,149,1302,-1738,531,4249,-141,352,742
79.94875,149,1301,-1738,531,4248,-141,352,742
79.94925,149,1301,-1738,531,4250,-141,352,742
79.94975,149,1302,-1738,531,4254,-141,352,742
79.95025,149,1301,-1737,531,4261,-140,352,742
79.95075,149,1302,-1737,531,4265,-141,352,742
79.95125,149,1301,-1737,531,4268,-141,352,742
79.95175,149,1301,-1738,531,4269,-141,352,742
79.95225,149,1301,-1738,532,4266,-141,351,742
79.95275,149,1301,-1738,531,4268,-140,352,742
79.95325,148,1301,-1738,532,4306,-141,351,742
79.95375,148,1302,-1739,531,4316,-141,352,742
79.95425,149,1301,-1739,531,4310,-141,352,742
79.95475,148,1301,-1739,531,4294,-141,352,742
79.95525,148,1302,-1739,531,4262,-141,352,742
79.95575,149,1301,-1739,531,4252,-141,352,742
79.95625,148,1301,-1738,531,4253,-140,352,742
79.95675,149,1301,-1737,531,4255,-141,352,742
79.95725,149,1301,-1737,531,4261,-141,352,742
79.95775,148,1301,-1736,530,4263,-141,351,742
79.95825,149,1301,-1737,531,4264,-141,351,742
79.95875,149,1301,-1737,531,4264,-141,351,742
79.95925,148,1301,-1737,531,4264,-141,352,742
79.95975,149,1302,-1737,531,4261,-141,352,742
79.96025,148,1301,-1737,531,4265,-141,352,742
79.96075,148,1301,-1738,531,4265,-141,352,742
79.96125,149,1301,-1737,531,4267,-141,352,742
79.96175,149,1301,-1738,532,4270,-141,352,742
79.96225,149,1301,-1738,531,4269,-141,352,742
79.96275,149,1301,-1738,532,4272,-141,352,742
79.96325,149,1301,-1738,532,4305,-141,352,743
79.96375,149,1301,-1738,532,4307,-141,351,742
79.96425,149,1302,-1738,532,4296,-141,352,742
79.96475,149,1301,-1738,531,4280,-141,352,742
79.96525,148,1301,-1738,530,4251,-140,352,742
79.96575,149,1301,-1738,530,4242,-141,352,742
79.96625,149,1301,-1738,531,4243,-141,352,742
79.96675,149,1301,-1738,531,4247,-141,352,742
79.96725,148,1301,-1738,531,4251,-141,352,742
79.96775,149,1301,-1738,531,4255,-141,352,742
79.96825,149,1301,-1739,531,4255,-141,352,742
79.96875,149,1301,-1739,531,4253,-140,352,742
79.96925,148,1301,-1738,532,4256,-141,352,742
79.96975,149,1301,-1737,532,4259,-141,351,742
79.97025,149,1301,-1737,532,4264,-140,351,742
79.97085,149,1301,-1737,532,4268,-141,351,742
79.97135,149,1302,-1737,532,4273,-140,352,742
79.97185,148,1301,-1738,532,4275,-141,352,742
79.97235,148,1301,-1738,531,4275,-141,352,742
79.97285,149,1301,-1737,530,4281,-140,352,743
79.97335,149,1301,-1738,530,4316,-141,351,742
79.97385,148,1301,-1737,530,4313,-141,352,742
79.97435,149,1301,-1738,531,4309,-140,352,742
79.97485,149,1301,-1738,531,4287,-141,352,742
79.97535,148,1301,-1738,531,4255,-141,352,742
79.97585,149,1301,-1738,532,4246,-141,352,742
79.97635,148,1301,-1739,531,4245,-141,352,742
79.97685,148,1301,-1739,531,4250,-140,352,742
79.97735,148,1301,-1738,531,4255,-141,351,742
79.97785,148,1301,-1738,531,4257,-141,352,742
79.97835,148,1301,-1739,532,4258,-140,352,742
79.97885,148,1301,-1739,532,4259,-141,352,742
79.97935,149,1301,-1739,532,4256,-140,352,742
79.97985,148,1301,-1738,533,4256,-141,352,742
79.98035,149,1301,-1737,532,4258,-141,352,742
79.98085,148,1301,-1737,532,4258,-141,352,742
79.98135,148,1301,-1737,532,4261,-141,352,742
79.98185,148,1301,-1737,531,4263,-141,352,742
79.98235,149,1301,-1737,531,4262,-141,352,742
79.98285,148,1301,-1738,531,4270,-141,351,743
79.98335,148,1301,-1738,531,4305,-141,352,743
79.98385,148,1301,-1738,531,4301,-141,351,742
79.98435,148,1301,-1738,530,4293,-141,352,742
79.98485,148,1302,-1739,531,4274,-141,352,742
79.98535,148,1301,-1738,531,4251,-141,352,742
79.98585,148,1301,-1738,531,4246,-141,352,742
79.98635,148,1302,-1738,531,4247,-141,352,742
79.98685,149,1301,-1738,531,4248,-141,352,742
79.98735,148,1301,-1737,531,4252,-141,352,742
79.98785,148,1301,-1737,531,4256,-141,352,742
79.98835,149,1301,-1737,531,4256,-141,352,742
79.98885,148,1301,-1737,530,4256,-141,352,742
79.98935,148,1301,-1737,530,4257,-141,352,743
79.98985,148,1301,-1737,530,4259,-141,351,742
79.99035,149,1301,-1737,530,4261,-140,352,742
79.99085,149,1301,-1737,530,4268,-140,351,742
79.99135,148,1301,-1737,530,4271,-140,352,742
79.99185,149,1302,-1738,530,4269,-141,352,742
79.99235,148,1302,-1738,530,4263,-141,352,742
79.99285,149,1301,-1738,531,4272,-141,352,743
79.99335,149,1301,-1738,531,4308,-141,352,743
79.99385,148,1302,-1737,530,4303,-141,352,743
79.99435,149,1301,-1738,530,4293,-141,352,742
79.99485,148,1301,-1738,530,4269,-141,352,743
79.99535,148,1301,-1738,530,4244,-141,352,742
79.99585,148,1302,-1738,531,4236,-141,352,742
79.99635,148,1301,-1738,531,4239,-141,352,742
79.99685,149,1301,-1738,531,4244,-141,352,743
79.99735,149,1301,-1738,531,4244,-141,351,742
79.99785,149,1301,-1738,531,4242,-140,352,742
79.99835,148,1301,-1739,531,4247,-141,352,742
79.99885,149,1301,-1738,531,4251,-141,351,742
79.99935,149,1302,-1738,531,4252,-141,352,743
79.99985,149,1301,-1738,532,4249,-141,351,742
80.00035,148,1301,-1737,531,4250,-141,351,742
80.00085,149,1301,-1737,532,4257,-141,351,742
80.00135,148,1301,-1737,531,4261,-140,352,742
80.00185,149,1301,-1737,531,4265,-141,352,742
80.00235,148,1301,-1737,531,4264,-141,352,742
80.00285,149,1301,-1738,531,4275,-141,352,742
80.00335,148,1301,-1738,531,4308,-141,352,743
80.00385,149,1301,-1737,531,4306,-141,352,743
80.00435,148,1301,-1737,531,4294,-141,352,742
80.00485,148,1301,-1737,530,4270,-141,352,742
80.00535,148,1301,-1738,530,4250,-141,352,742
80.00585,148,1301,-1738,531,4246,-141,352,742
80.00635,148,1301,-1738,531,4246,-141,352,742
80.00685,149,1301,-1738,531,4250,-141,352,742
80.00735,148,1301,-1738,531,4251,-141,352,743
80.00785,148,1301,-1738,532,4252,-141,352,742
80.00835,148,1301,-1738,531,4247,-141,352,743
80.00885,149,1301,-1738,531,4247,-141,352,742
80.00935,148,1301,-1737,531,4246,-141,352,742
80.00985,148,1302,-1737,530,4250,-140,352,742
80.01035,149,1301,-1737,530,4257,-140,352,742
80.01085,148,1301,-1738,530,4259,-141,351,742
80.01135,149,1301,-1738,531,4261,-141,352,742
80.01185,148,1301,-1738,531,4262,-140,352,743
80.01235,148,1301,-1738,531,4259,-141,352,743
80.01285,149,1301,-1738,532,4267,-140,351,743
80.01335,149,1301,-1738,531,4297,-140,351,742
80.01385,148,1301,-1738,531,4296,-141,352,742
80.01435,149,1301,-1738,530,4292,-140,352,742
80.01485,148,1302,-1738,530,4267,-141,352,742
80.01535,148,1301,-1738,530,4240,-141,352,742
80.01585,149,1302,-1738,531,4234,-141,352,742
80.01635,149,1301,-1738,531,4235,-141,352,742
80.01685,148,1301,-1738,531,4241,-141,352,742
80.01735,148,1302,-1737,531,4248,-141,352,742
80.01785,148,1302,-1738,531,4251,-141,352,742
80.01835,149,1301,-1738,531,4254,-141,352,742
80.01885,148,1301,-1737,532,4255,-141,352,742
80.01935,148,1302,-1738,532,4255,-141,352,742
80.01985,148,1302,-1737,533,4255,-141,352,742
80.02035,148,1301,-1738,533,4261,-141,352,742
80.02085,148,1302,-1738,533,4262,-141,352,742
80.02135,149,1301,-1738,533,4266,-141,352,742
80.02185,149,1301,-1738,532,4269,-141,352,742
80.02235,149,1302,-1738,533,4269,-141,352,742
80.02285,148,1301,-1739,533,4285,-141,351,742
80.02335,149,1301,-1739,532,4314,-141,352,742
80.02385,148,1301,-1738,530,4309,-140,352,742
80.02435,149,1301,-1738,529,4297,-141,352,742
80.02485,149,1302,-1738,528,4268,-141,352,742
80.02535,148,1301,-1738,528,4246,-140,352,742
80.02585,149,1302,-1738,529,4242,-141,352,743
80.02635,149,1301,-1737,529,4243,-141,352,743
80.02685,148,1301,-1738,530,4241,-141,352,742
80.02735,149,1301,-1738,530,4242,-141,352,743
80.02785,149,1301,-1739,531,4249,-141,352,743
80.02835,148,1301,-1738,531,4246,-141,352,742
80.02885,148,1302,-1738,531,4242,-141,352,743
80.02935,148,1302,-1738,531,4248,-141,352,742
80.02985,149,1302,-1737,531,4247,-141,352,742
80.03035,148,1302,-1737,531,4255,-140,351,743
80.03085,149,1301,-1737,531,4259,-141,352,743
80.03135,149,1302,-1737,531,4256,-141,352,743
80.03185,149,1302,-1738,530,4254,-141,352,743
80.03245,148,1301,-1737,530,4251,-141,351,743
80.03295,149,1301,-1738,531,4275,-140,352,743
80.03345,148,1301,-1738,531,4306,-141,351,743
80.03395,149,1301,-1738,531,4303,-141,352,742
80.03445,149,1301,-1738,530,4296,-140,352,743
80.03495,149,1302,-1738,531,4272,-141,352,742
80.035446,148,1301,-1738,531,4247,-141,352,743
80.03595,148,1301,-1738,531,4246,-140,352,743
80.03645,148,1302,-1738,531,4247,-141,352,743
80.03695,149,1301,-1738,531,4251,-141,352,742
80.03745,149,1301,-1738,530,4254,-140,352,742
80.03795,149,1301,-1738,531,4262,-141,352,743
80.03845,148,1302,-1738,530,4265,-141,352,742
80.03895,148,1302,-1738,531,4263,-141,352,743
80.03945,149,1301,-1737,531,4266,-141,352,743
80.03995,148,1301,-1738,531,4261,-141,352,743
80.04045,149,1301,-1738,531,4263,-141,352,743
80.04095,149,1302,-1738,531,4265,-141,352,743
80.04145,148,1301,-1738,531,4265,-141,352,743
80.04195,149,1302,-1738,531,4267,-141,352,742
80.04245,149,1301,-1739,531,4268,-141,351,743
80.04295,149,1302,-1738,531,4294,-141,351,743
80.04345,149,1301,-1738,531,4314,-141,351,743
80.04395,148,1301,-1738,530,4306,-141,352,743
80.04445,148,1302,-1737,530,4296,-140,352,743
80.04495,148,1301,-1737,530,4265,-141,352,743
80.04545,148,1301,-1737,531,4245,-141,352,742
80.04595,148,1301,-1738,531,4242,-141,352,742
80.04645,148,1301,-1738,531,4247,-141,352,742
80.04695,148,1301,-1738,531,4249,-141,352,742
80.04745,148,1302,-1738,531,4251,-141,352,743
80.04795,148,1302,-1738,532,4252,-141,352,742
80.04845,148,1301,-1738,531,4247,-141,352,743
80.04895,148,1302,-1738,531,4248,-140,352,742
80.04945,149,1301,-1738,531,4248,-141,352,742
80.04995,148,1302,-1738,531,4254,-141,352,743
80.05045,149,1301,-1738,531,4261,-141,352,743
80.05095,148,1301,-1738,531,4260,-141,351,743
80.05145,148,1301,-1738,531,4263,-141,352,743
80.05195,148,1301,-1738,531,4266,-141,352,743
80.05245,149,1302,-1738,531,4265,-141,352,743
80.05295,149,1301,-1738,531,4293,-141,351,743
80.05345,149,1301,-1738,531,4315,-141,351,743
80.05395,148,1302,-1738,531,4309,-141,351,743
80.05445,148,1301,-1738,530,4299,-141,352,742
80.05495,148,1302,-1738,531,4269,-141,352,742
80.05545,148,1301,-1738,531,4256,-141,352,743
80.05595,148,1302,-1738,531,4254,-141,352,742
80.05645,149,1302,-1738,531,4250,-141,352,742
80.05695,148,1301,-1738,531,4261,-141,352,742
80.05745,149,1302,-1738,531,4266,-141,352,743
80.05795,148,1302,-1738,532,4266,-141,352,742
80.05845,148,1301,-1738,531,4263,-141,352,742
80.05895,149,1302,-1738,531,4265,-141,352,742
80.05945,148,1301,-1738,531,4264,-141,352,742
80.05995,149,1301,-1738,531,4266,-141,352,742
80.06045,148,1301,-1738,530,4268,-141,352,742
80.06095,148,1302,-1737,530,4268,-141,352,742
80.06145,148,1301,-1738,530,4271,-141,351,743
80.06195,148,1301,-1738,530,4271,-141,352,743
80.06245,148,1301,-1738,531,4263,-141,352,743
80.06295,149,1302,-1738,531,4290,-141,351,743
80.06345,148,1302,-1738,530,4307,-141,352,742
80.06395,148,1302,-1738,530,4300,-141,352,742
80.06445,149,1302,-1738,530,4290,-141,352,743
80.06495,148,1301,-1739,530,4259,-141,352,742
80.06545,149,1301,-1739,530,4242,-141,352,742
80.06595,149,1301,-1739,530,4245,-141,352,742
80.06645,149,1302,-1740,531,4251,-141,352,742
80.06695,148,1301,-1740,532,4254,-141,351,742
80.06745,148,1302,-1739,532,4255,-141,352,742
80.06795,148,1301,-1739,532,4258,-141,352,742
80.06845,148,1302,-1738,532,4258,-141,352,742
80.06895,148,1301,-1738,532,4255,-141,352,742
80.06945,149,1302,-1738,532,4257,-141,352,743
80.06995,148,1302,-1738,532,4258,-141,352,742
80.07045,148,1302,-1738,531,4261,-141,352,743
80.07095,148,1302,-1738,532,4268,-141,352,743
80.07145,149,1301,-1737,532,4269,-141,352,743
80.07195,148,1302,-1737,531,4267,-141,352,743
80.07245,148,1301,-1737,531,4267,-141,352,743
80.07295,149,1301,-1738,531,4304,-141,351,743
80.07345,149,1301,-1738,530,4319,-141,351,743
80.07395,149,1302,-1738,530,4312,-141,352,742
80.07445,149,1302,-1737,530,4298,-141,352,742
80.07495,148,1301,-1738,530,4268,-141,352,742
80.07545,148,1302,-1738,530,4254,-141,352,742
80.07595,148,1301,-1738,530,4251,-141,352,742
80.07645,148,1302,-1738,530,4253,-141,352,743
80.07695,148,1302,-1738,531,4257,-141,352,743
80.07745,148,1302,-1738,531,4254,-141,352,742
80.07795,148,1302,-1738,530,4255,-141,352,742
80.07845,148,1301,-1738,531,4262,-141,352,743
80.07895,148,1302,-1738,531,4264,-141,352,743
80.07945,148,1301,-1738,532,4259,-141,352,742
80.07995,148,1302,-1738,531,4254,-141,352,742
80.08045,148,1302,-1739,531,4261,-141,352,742
80.08095,148,1302,-1738,531,4264,-141,352,743
80.08145,149,1302,-1738,531,4264,-141,352,742
80.08195,149,1302,-1738,531,4261,-141,352,743
80.08245,148,1301,-1738,531,4269,-141,352,742
80.08295,148,1302,-1738,532,4302,-141,352,743
80.08345,149,1302,-1738,532,4313,-141,352,742
80.08395,148,1301,-1738,531,4305,-141,352,742
80.08445,148,1302,-1738,531,4292,-141,352,742
80.08495,149,1302,-1739,530,4261,-141,352,742
80.08545,148,1302,-1739,530,4250,-141,352,742
80.08595,149,1301,-1739,531,4250,-141,352,742
80.08645,148,1301,-1738,530,4254,-141,351,742
80.08695,149,1301,-1739,531,4257,-141,352,742
80.08745,148,1301,-1738,531,4258,-141,352,742
80.08795,148,1301,-1738,531,4261,-141,352,742
80.08845,148,1302,-1737,531,4263,-141,352,742
80.08895,148,1302,-1737,531,4260,-141,352,743
80.08945,149,1301,-1737,531,4260,-141,352,742
80.08995,148,1302,-1738,531,4257,-141,352,742
80.09045,149,1302,-1738,531,4267,-141,352,743
80.09095,148,1301,-1738,531,4270,-141,352,742
80.09145,148,1302,-1738,531,4268,-141,351,742
80.09195,148,1302,-1738,531,4272,-141,352,742
80.09245,148,1302,-1737,531,4276,-141,352,742
80.09295,148,1302,-1738,531,4310,-141,352,743
80.09345,149,1302,-1738,531,4314,-141,352,742
80.09405,149,1302,-1738,531,4302,-141,352,743
80.09455,148,1302,-1738,531,4285,-141,352,742
80.09505,148,1302,-1738,531,4251,-141,352,742
80.09555,148,1302,-1738,531,4244,-141,352,743
80.09605,149,1302,-1738,531,4242,-141,352,743
80.09655,149,1302,-1738,531,4241,-141,352,742
80.09705,148,1302,-1738,531,4248,-141,352,743
80.09755,148,1301,-1739,531,4254,-141,352,743
80.09805,148,1302,-1738,531,4251,-141,352,742
80.09855,149,1302,-1738,531,4252,-141,352,742
80.09905,148,1301,-1738,531,4259,-141,352,743
80.09955,149,1302,-1738,531,4262,-141,352,742
80.10005,148,1302,-1737,530,4258,-141,352,742
80.10055,148,1301,-1738,530,4261,-141,352,742
80.10105,148,1302,-1738,530,4267,-141,351,742
80.10155,149,1302,-1738,530,4268,-141,352,742
80.10205,148,1302,-1738,531,4270,-141,351,743
80.10255,148,1301,-1737,531,4278,-141,352,742
80.10305,149,1301,-1737,532,4309,-141,351,742
80.10355,148,1302,-1738,532,4315,-141,351,742
80.10405,149,1301,-1738,532,4308,-141,352,742
80.10455,148,1302,-1738,532,4286,-141,352,742
80.10505,148,1301,-1738,532,4259,-141,352,743
80.10555,148,1302,-1738,532,4254,-141,352,743
80.10605,149,1302,-1738,533,4251,-141,352,743
80.10655,148,1302,-1738,532,4253,-141,352,742
80.10705,148,1302,-1738,532,4257,-140,352,742
80.10755,148,1302,-1738,532,4262,-141,352,742
80.10805,148,1302,-1738,531,4264,-141,352,742
80.10855,148,1302,-1738,531,4262,-141,352,742
80.10905,148,1302,-1738,531,4258,-141,352,742
80.10955,148,1302,-1738,531,4258,-141,352,743
80.11005,148,1302,-1738,531,4258,-141,352,743
80.11055,148,1302,-1737,530,4259,-141,352,742
80.11105,148,1301,-1738,529,4262,-141,352,742
80.11155,148,1301,-1738,529,4270,-141,352,742
80.11205,148,1302,-1739,530,4268,-141,352,742
80.11255,149,1302,-1739,531,4275,-141,352,743
80.11305,149,1302,-1739,531,4310,-141,352,743
80.11355,149,1302,-1740,532,4305,-141,352,742
80.11405,149,1302,-1740,532,4296,-141,352,742
80.11455,148,1302,-1740,531,4278,-141,353,742
80.11505,148,1302,-1740,532,4249,-141,352,742
80.11555,148,1302,-1739,532,4243,-141,352,742
80.11605,148,1302,-1737,531,4245,-141,351,742
80.11655,148,1302,-1736,531,4251,-141,352,743
80.11705,148,1302,-1736,530,4254,-140,351,743
80.11755,148,1302,-1737,530,4252,-141,352,742
80.11805,148,1302,-1737,531,4255,-141,352,742
80.11855,148,1301,-1738,530,4263,-141,352,743
80.11905,149,1302,-1738,531,4266,-141,352,742
80.11955,148,1301,-1737,530,4263,-141,352,743
80.12005,148,1302,-1738,531,4264,-141,352,742
80.12055,148,1302,-1738,531,4265,-141,351,743
80.12105,148,1302,-1738,531,4272,-141,352,742
80.12155,149,1302,-1738,530,4271,-141,351,743
80.12205,149,1302,-1738,530,4276,-141,352,742
80.12255,149,1302,-1738,531,4287,-141,352,742
80.12305,148,1302,-1738,531,4324,-141,351,742
80.12355,148,1302,-1738,531,4325,-141,352,742
80.12405,148,1302,-1739,532,4316,-141,352,743
80.12455,148,1302,-1739,531,4290,-141,352,742
80.12505,148,1302,-1740,532,4257,-141,352,742
80.12555,148,1302,-1740,532,4253,-141,352,742
80.12605,148,1302,-1740,533,4255,-141,352,742
80.12655,148,1302,-1739,533,4260,-141,352,742
80.12705,148,1302,-1739,533,4260,-141,352,742
80.12755,149,1302,-1739,533,4260,-141,352,742
80.12805,148,1302,-1738,531,4261,-141,352,742
80.12855,148,1302,-1737,530,4262,-141,352,743
80.12905,148,1301,-1736,529,4258,-141,351,743
80.12955,149,1302,-1737,528,4253,-140,352,742
80.13005,148,1302,-1737,528,4252,-141,351,743
80.13055,148,1301,-1738,528,4262,-141,352,743
80.13105,149,1302,-1738,529,4262,-141,352,743
80.13155,148,1302,-1739,530,4264,-141,352,743
80.13205,149,1301,-1738,530,4266,-141,352,742
80.13255,148,1302,-1738,531,4280,-141,351,743
80.13305,148,1302,-1737,531,4319,-141,351,743
80.13355,148,1302,-1737,531,4314,-141,352,743
80.13405,148,1302,-1737,531,4305,-141,351,743
80.13455,148,1302,-1737,530,4281,-141,352,742
80.13505,148,1302,-1737,531,4256,-141,352,743
80.13555,148,1302,-1737,531,4255,-141,352,742
80.13605,148,1302,-1738,531,4252,-141,352,742
80.13655,148,1302,-1737,531,4262,-141,352,742
80.13705,148,1302,-1738,530,4271,-141,352,742
80.13755,148,1302,-1738,530,4272,-141,352,742
80.13805,149,1302,-1738,530,4273,-141,352,742
80.13855,148,1302,-1738,531,4276,-141,352,743
80.13905,148,1302,-1738,531,4276,-141,352,743
80.13955,148,1302,-1737,531,4274,-141,352,743
80.14005,149,1302,-1738,531,4271,-141,352,743
80.14055,148,1302,-1738,531,4273,-141,352,743
80.14105,148,1302,-1738,532,4275,-141,352,742
80.14155,148,1302,-1739,532,4276,-141,352,742
80.14205,148,1302,-1738,532,4281,-141,352,742
80.14255,149,1302,-1737,531,4296,-141,352,743
80.14305,148,1302,-1737,531,4326,-141,352,743
80.14355,148,1302,-1737,530,4316,-141,352,742
80.14405,148,1302,-1737,530,4305,-141,352,742
80.14455,149,1302,-1737,530,4284,-141,352,743
80.14505,149,1302,-1738,530,4260,-141,352,742
80.14555,149,1302,-1738,531,4251,-141,352,742
80.14605,148,1302,-1738,531,4255,-141,352,742
80.14655,148,1302,-1739,531,4260,-141,352,743
80.14705,148,1302,-1739,531,4259,-141,352,742
80.14755,149,1302,-1739,532,4254,-140,352,743
80.14805,148,1302,-1738,532,4258,-141,352,742
80.14855,148,1302,-1737,531,4256,-141,352,742
80.14905,148,1302,-1737,531,4257,-141,352,743
80.14955,148,1302,-1738,531,4259,-141,352,742
80.15005,148,1301,-1738,531,4257,-141,352,742
80.15055,148,1302,-1738,530,4268,-141,351,742
80.15105,148,1302,-1738,530,4274,-141,352,743
80.15155,148,1301,-1738,530,4275,-141,352,742
80.15205,148,1302,-1738,530,4267,-141,352,742
80.15255,148,1301,-1737,531,4289,-141,352,743
80.15305,148,1302,-1737,531,4323,-141,352,743
80.15355,148,1302,-1737,531,4316,-141,352,743
80.15405,148,1302,-1737,531,4306,-141,352,743
80.15455,148,1302,-1738,531,4279,-141,353,742
80.15505,148,1302,-1738,531,4256,-141,352,742
80.15565,148,1302,-1739,531,4258,-141,352,743
80.15615,149,1302,-1739,531,4262,-141,352,742
80.15665,148,1302,-1739,531,4264,-141,352,742
80.15715,149,1302,-1739,531,4269,-141,352,742
80.157646,148,1302,-1739,531,4269,-142,352,742
80.15815,148,1302,-1739,531,4269,-141,352,742
80.15865,148,1302,-1738,530,4269,-142,352,743
80.15915,149,1302,-1738,530,4267,-141,352,742
80.15965,148,1302,-1738,530,4264,-141,352,743
80.16015,148,1301,-1738,530,4265,-141,352,742
80.16065,148,1301,-1738,530,4262,-141,352,742
80.16115,149,1302,-1738,531,4269,-141,352,743
80.16165,148,1301,-1738,531,4270,-141,352,742
80.16215,148,1302,-1738,531,4265,-141,352,743
80.16265,148,1302,-1738,532,4289,-141,351,743
80.16315,149,1302,-1738,532,4312,-141,352,743
80.16365,148,1302,-1737,531,4305,-141,352,743
80.16415,148,1302,-1737,531,4295,-141,352,743
80.16465,148,1302,-1737,531,4266,-141,352,742
80.16515,148,1302,-1737,530,4245,-142,352,743
80.16565,148,1302,-1737,530,4247,-141,352,742
80.16615,148,1302,-1737,530,4246,-141,352,742
80.16665,149,1302,-1738,530,4255,-141,352,743
80.16715,148,1302,-1738,530,4258,-141,352,743
80.16765,148,1302,-1738,530,4253,-141,352,742
80.16815,148,1302,-1738,530,4254,-141,352,743
80.16865,148,1302,-1738,531,4260,-141,352,742
80.16915,148,1302,-1738,531,4255,-142,352,742
80.16965,148,1302,-1738,531,4258,-141,352,742
80.17015,148,1302,-1738,531,4261,-141,352,742
80.17065,148,1302,-1738,531,4266,-141,352,743
80.17115,148,1302,-1738,531,4270,-141,352,742
80.17165,149,1302,-1738,531,4269,-141,352,743
80.17215,148,1302,-1738,532,4273,-141,352,742
80.17265,148,1302,-1738,532,4295,-141,351,742
80.17315,148,1302,-1739,532,4323,-141,352,742
80.17365,148,1302,-1738,532,4318,-141,352,742
80.17415,148,1302,-1738,532,4306,-141,352,742
80.17465,149,1302,-1738,531,4273,-141,352,742
80.17515,148,1302,-1738,531,4251,-141,353,742
80.17565,149,1302,-1738,531,4245,-141,352,742
80.17615,149,1302,-1738,531,4246,-141,352,742
80.17665,148,1302,-1738,530,4253,-141,352,742
80.17715,148,1302,-1738,530,4258,-141,352,742
80.17765,148,1302,-1738,531,4258,-141,352,742
80.17815,148,1302,-1738,531,4259,-141,352,743
80.17865,148,1302,-1738,532,4259,-142,352,742
80.17915,148,1302,-1738,531,4255,-141,352,743
80.17965,148,1302,-1738,531,4258,-141,352,742
80.18015,148,1302,-1738,531,4252,-141,352,742
80.18065,149,1302,-1738,531,4258,-141,352,742
80.18115,148,1302,-1738,531,4261,-141,352,742
80.18165,148,1302,-1738,532,4262,-141,352,742
80.18215,148,1302,-1738,532,4263,-141,352,742
80.18265,148,1302,-1738,533,4288,-141,352,743
80.18315,148,1302,-1738,532,4309,-141,352,742
80.18365,148,1302,-1738,531,4300,-141,352,742
80.18415,148,1302,-1738,531,4291,-141,352,743
80.18465,148,1302,-1738,531,4263,-141,352,742
80.18515,148,1302,-1738,531,4244,-141,353,743
80.18565,148,1302,-1738,532,4246,-141,352,743
80.18615,148,1302,-1738,533,4247,-141,352,742
80.18665,148,1302,-1739,533,4252,-141,352,743
80.18715,148,1302,-1738,532,4257,-141,352,743
80.18765,148,1302,-1738,531,4254,-141,352,743
80.18815,148,1301,-1737,530,4256,-141,352,743
80.18865,149,1302,-1738,530,4259,-141,352,743
80.18915,148,1302,-1737,530,4257,-141,352,743
80.18965,148,1302,-1738,530,4258,-141,351,743
80.19015,149,1302,-1738,530,4259,-141,351,743
80.19065,148,1302,-1737,529,4265,-141,351,743
80.19115,148,1302,-1737,529,4268,-141,352,743
80.19165,148,1302,-1738,529,4268,-141,351,743
80.19215,149,1302,-1737,529,4264,-142,352,743
80.19265,148,1302,-1738,530,4295,-141,351,744
80.19315,149,1302,-1738,530,4315,-141,351,743
80.19365,148,1302,-1738,530,4313,-141,352,743
80.19415,148,1302,-1738,530,4297,-141,352,743
80.19465,148,1302,-1738,530,4261,-141,352,743
80.19515,148,1302,-1738,530,4244,-141,352,742
80.19565,148,1301,-1738,530,4243,-141,352,743
80.19615,148,1302,-1738,531,4249,-141,352,743
80.19665,148,1302,-1738,531,4251,-140,352,743
80.19715,149,1302,-1738,532,4250,-141,352,743
80.19765,148,1302,-1738,532,4250,-141,352,743
80.19815,148,1302,-1738,532,4251,-141,352,743
80.19865,149,1302,-1738,531,4253,-141,352,743
80.19915,148,1302,-1737,531,4255,-141,352,743
80.19965,148,1302,-1737,531,4257,-141,352,743
80.20015,148,1302,-1737,531,4258,-141,352,743
80.20065,148,1302,-1737,531,4258,-141,352,743
80.20115,148,1302,-1737,531,4263,-141,352,743
80.20165,149,1302,-1738,531,4263,-141,352,743
80.20215,148,1302,-1738,532,4264,-141,352,743
80.20265,148,1302,-1739,532,4298,-141,351,743
80.20315,148,1302,-1739,531,4314,-141,352,743
80.20365,149,1302,-1739,531,4309,-141,352,743
80.20415,148,1302,-1739,530,4296,-141,352,743
80.20465,148,1302,-1738,530,4264,-141,352,742
80.20515,148,1302,-1738,530,4250,-141,352,743
80.20565,148,1302,-1739,531,4254,-141,352,742
80.20615,148,1302,-1739,531,4255,-142,352,743
80.20665,148,1302,-1739,531,4262,-141,352,743
80.20715,149,1302,-1739,531,4258,-141,352,743
80.20765,148,1302,-1739,531,4255,-142,352,743
80.20815,148,1302,-1739,531,4256,-141,352,743
80.20865,148,1302,-1738,531,4256,-141,352,743
80.20915,149,1302,-1737,530,4252,-142,352,743
80.20965,148,1302,-1736,531,4251,-141,352,743
80.21015,148,1302,-1736,531,4252,-141,352,743
80.21065,148,1302,-1737,531,4256,-141,352,743
80.21115,149,1302,-1737,531,4260,-141,352,743
80.21165,149,1302,-1738,531,4263,-141,352,743
80.21215,148,1302,-1738,531,4266,-141,352,743
80.21265,149,1302,-1739,532,4301,-141,352,743
80.21315,148,1302,-1739,532,4307,-142,352,743
80.21365,148,1302,-1740,532,4298,-141,352,743
80.21415,148,1302,-1739,532,4282,-142,352,743
80.21465,148,1302,-1739,532,4248,-142,352,743
80.21515,148,1302,-1738,532,4236,-141,352,743
80.21565,148,1302,-1737,532,4234,-142,352,743
80.21615,148,1302,-1737,531,4237,-142,352,743
80.21665,148,1302,-1737,530,4248,-141,352,743
80.21715,148,1302,-1737,530,4252,-141,352,743
80.21775,148,1302,-1737,530,4254,-141,352,743
80.21825,149,1302,-1737,530,4256,-141,352,743
80.21875,148,1302,-1737,530,4257,-141,352,743
80.21925,149,1302,-1738,531,4259,-141,352,743
80.21975,148,1302,-1738,531,4260,-141,352,743
80.22025,148,1302,-1739,531,4258,-141,352,743
80.22075,148,1302,-1739,532,4261,-141,352,743
80.22125,148,1302,-1738,531,4264,-141,351,743
80.22175,148,1302,-1738,531,4267,-141,352,743
80.22225,149,1302,-1738,532,4274,-141,351,743
80.22275,148,1302,-1738,532,4310,-141,352,743
80.22325,148,1302,-1738,531,4315,-142,351,743
80.22375,148,1302,-1738,531,4305,-142,352,743
80.22425,148,1302,-1737,531,4283,-142,352,743
80.22475,148,1302,-1738,531,4253,-141,352,743
80.22525,148,1302,-1739,531,4244,-142,352,743
80.22575,148,1302,-1738,531,4243,-141,353,743
80.22625,148,1302,-1738,531,4246,-142,352,743
80.22675,148,1302,-1738,531,4250,-141,352,743
80.22725,148,1302,-1738,530,4249,-142,352,743
80.22775,148,1302,-1738,531,4248,-141,352,743
80.22825,148,1302,-1738,531,4249,-141,352,743
80.22875,149,1302,-1738,531,4250,-142,352,743
80.22925,148,1302,-1738,532,4246,-142,352,743
80.22975,148,1302,-1738,532,4246,-141,352,743
80.23025,148,1302,-1739,532,4245,-142,352,743
80.23075,148,1302,-1739,533,4251,-142,352,743
80.23125,148,1302,-1739,533,4254,-142,352,743
80.23175,149,1302,-1739,533,4254,-141,352,743
80.23225,148,1302,-1738,533,4261,-142,352,743
80.23275,148,1302,-1738,533,4300,-141,352,743
80.23325,148,1302,-1738,532,4306,-142,352,743
80.23375,148,1302,-1738,532,4300,-141,352,743
80.23425,148,1302,-1738,531,4279,-141,352,743
80.23475,148,1302,-1738,530,4248,-141,352,743
80.23525,148,1302,-1737,529,4241,-142,352,743
80.23575,148,1302,-1737,529,4243,-142,352,743
80.23625,148,1302,-1738,529,4248,-142,352,743
80.23675,148,1302,-1738,530,4254,-142,352,743
80.23725,148,1302,-1738,530,4255,-142,351,743
80.23775,148,1302,-1738,530,4256,-142,352,743
80.23825,149,1302,-1738,531,4259,-141,352,743
80.23875,148,1302,-1738,531,4262,-142,352,743
80.23925,148,1302,-1738,531,4264,-142,352,743
80.23975,149,1302,-1738,531,4265,-141,352,743
80.24025,148,1302,-1738,531,4265,-142,352,743
80.24075,149,1302,-1738,531,4263,-141,352,743
80.24125,149,1302,-1738,531,4266,-141,352,743
80.24175,148,1302,-1738,531,4265,-141,352,743
80.24225,148,1302,-1738,531,4273,-141,351,743
80.24275,148,1302,-1738,531,4311,-142,351,743
80.24325,148,1302,-1738,531,4311,-141,352,743
80.24375,148,1302,-1738,531,4304,-142,352,743
80.24425,148,1302,-1738,531,4280,-142,352,743
80.24475,148,1302,-1738,531,4251,-142,352,743
80.24525,148,1302,-1738,531,4243,-142,352,743
80.24575,149,1302,-1738,531,4244,-142,352,743
80.24625,148,1302,-1738,531,4249,-142,352,743
80.24675,148,1302,-1738,531,4251,-142,352,743
80.24725,148,1302,-1738,531,4250,-141,352,743
80.24775,148,1302,-1738,531,4248,-141,352,743
80.24825,148,1302,-1738,531,4250,-141,352,743
80.24875,149,1302,-1738,531,4252,-141,352,743
80.24925,148,1302,-1739,531,4250,-142,352,743
80.24975,148,1302,-1739,532,4252,-141,352,743
80.25025,148,1303,-1739,532,4254,-141,352,743
80.25075,149,1302,-1739,532,4260,-142,352,743
80.25125,149,1302,-1738,531,4265,-141,352,743
80.25175,148,1302,-1738,530,4269,-142,352,743
80.25225,148,1302,-1738,531,4280,-142,352,743
80.25275,148,1302,-1738,530,4315,-141,351,743
80.25325,148,1302,-1738,530,4315,-141,352,743
80.25375,148,1302,-1737,530,4308,-141,352,743
80.25425,149,1302,-1738,530,4283,-142,352,742
80.25475,148,1302,-1738,531,4257,-142,352,743
80.25525,148,1302,-1739,531,4255,-141,352,743
80.25575,148,1302,-1738,531,4251,-142,352,743
80.25625,148,1302,-1738,532,4255,-141,352,743
80.25675,148,1302,-1738,532,4264,-142,352,743
80.25725,148,1302,-1738,532,4265,-141,352,743
80.25775,148,1302,-1738,531,4265,-141,352,743
80.25825,148,1303,-1738,531,4265,-141,352,743
80.25875,148,1302,-1738,531,4266,-141,352,743
80.25925,148,1302,-1738,532,4266,-141,352,743
80.25975,148,1302,-1738,531,4266,-142,352,743
80.26025,149,1302,-1738,531,4264,-142,352,743
80.26075,149,1302,-1739,531,4265,-141,352,743
80.26125,148,1302,-1738,531,4267,-142,352,743
80.26175,149,1302,-1738,532,4267,-142,352,742
80.26225,148,1302,-1738,532,4281,-142,351,743
80.26275,149,1302,-1738,531,4319,-141,352,743
80.26325,148,1302,-1738,532,4311,-141,352,743
80.26375,148,1302,-1738,531,4298,-141,352,742
80.26425,148,1302,-1738,531,4273,-141,352,743
80.26475,148,1302,-1738,531,4254,-142,352,742
80.26525,148,1302,-1738,531,4246,-142,352,743
80.26575,148,1302,-1738,531,4250,-142,352,743
80.26625,148,1302,-1738,531,4254,-142,352,743
80.26675,149,1302,-1738,531,4257,-141,352,743
80.26725,148,1302,-1738,531,4258,-142,352,743
80.26775,149,1302,-1738,531,4258,-142,352,743
80.26825,148,1302,-1738,531,4261,-142,352,743
80.26875,148,1303,-1738,531,4262,-142,352,743
80.26925,148,1303,-1738,531,4260,-141,352,743
80.26975,148,1302,-1738,531,4261,-141,352,743
80.27025,148,1302,-1738,531,4262,-142,352,743
80.27075,148,1302,-1738,531,4270,-142,352,743
80.27125,148,1302,-1738,531,4274,-142,352,743
80.27175,148,1302,-1738,531,4275,-141,352,743
80.27225,149,1302,-1738,532,4289,-141,352,743
80.27275,148,1302,-1738,532,4325,-142,351,743
80.27325,148,1302,-1739,531,4324,-141,352,743
80.27375,148,1302,-1738,531,4316,-142,352,743
80.27425,148,1303,-1738,531,4288,-141,352,743
80.27475,148,1302,-1738,531,4260,-141,352,743
80.27525,148,1302,-1738,532,4254,-142,352,743
80.27575,148,1302,-1739,532,4255,-142,352,743
80.27625,148,1303,-1739,532,4260,-141,352,743
80.27675,148,1302,-1738,532,4264,-141,352,743
80.27725,148,1303,-1738,532,4265,-141,352,743
80.27775,148,1302,-1738,532,4265,-141,352,743
80.27825,148,1303,-1737,531,4265,-142,352,743
80.27875,148,1302,-1738,531,4266,-142,352,743
80.27925,149,1302,-1738,531,4267,-142,352,743
80.27985,148,1303,-1738,531,4266,-142,352,743
80.28035,148,1302,-1738,531,4265,-142,352,743
80.28085,148,1302,-1738,531,4262,-141,352,743
80.28135,148,1302,-1739,532,4264,-142,352,743
80.28185,148,1302,-1739,532,4265,-141,352,743
80.28235,149,1302,-1740,532,4281,-141,352,743
80.28285,148,1302,-1739,532,4316,-141,352,743
80.28335,149,1302,-1739,531,4316,-142,351,743
80.28385,148,1302,-1739,531,4308,-142,352,743
80.28435,148,1302,-1738,530,4283,-141,352,743
80.28485,148,1302,-1738,530,4258,-142,352,742
80.28535,149,1302,-1738,530,4253,-142,352,743
80.28585,148,1302,-1738,531,4259,-141,352,742
80.28635,148,1302,-1738,531,4261,-141,352,743
80.28685,148,1302,-1738,531,4269,-141,352,743
80.28735,149,1303,-1738,531,4265,-142,352,743
80.28785,148,1302,-1738,531,4262,-142,352,743
80.28835,148,1303,-1738,531,4265,-142,352,743
80.28885,148,1303,-1739,532,4268,-142,352,743
80.28935,148,1302,-1739,531,4265,-142,351,743
80.28985,148,1302,-1740,531,4265,-141,352,743
80.29035,148,1303,-1739,531,4266,-142,352,743
80.29085,148,1302,-1739,531,4270,-141,352,743
80.29135,148,1302,-1738,531,4275,-141,352,743
80.29185,148,1302,-1738,531,4275,-141,352,743
80.29235,148,1302,-1737,531,4293,-142,352,743
80.29285,149,1302,-1737,531,4321,-142,352,743
80.29335,149,1302,-1737,531,4316,-141,352,743
80.29385,148,1303,-1737,531,4306,-141,352,743
80.29435,148,1302,-1738,531,4275,-142,352,742
80.29485,148,1303,-1738,532,4253,-141,352,742
80.29535,148,1302,-1738,531,4251,-141,352,742
80.29585,148,1302,-1738,532,4252,-142,352,743
80.29635,148,1302,-1738,532,4257,-141,352,743
80.29685,148,1302,-1738,531,4257,-141,352,743
80.29735,148,1302,-1739,532,4256,-142,352,743
80.29785,148,1303,-1739,532,4256,-141,352,743
80.29835,149,1302,-1738,531,4257,-142,352,743
80.29885,148,1303,-1739,531,4259,-141,352,742
80.29935,148,1302,-1739,531,4262,-141,352,743
80.29985,148,1302,-1739,531,4268,-142,352,742
80.30035,148,1302,-1738,530,4264,-142,352,742
80.30085,148,1302,-1739,530,4268,-142,352,743
80.30135,148,1302,-1738,531,4273,-141,352,743
80.30185,148,1302,-1739,531,4267,-142,352,743
80.30235,148,1302,-1738,532,4290,-142,352,743
80.30285,148,1303,-1739,532,4317,-141,352,743
80.30335,148,1302,-1738,532,4312,-142,352,743
80.30385,149,1303,-1738,532,4301,-141,352,743
80.30435,148,1302,-1738,531,4272,-142,352,743
80.30485,148,1302,-1739,531,4255,-142,352,743
80.30535,149,1302,-1738,532,4254,-142,352,743
80.30585,148,1303,-1738,531,4257,-142,352,743
80.30635,148,1302,-1739,531,4264,-142,352,743
80.30685,148,1302,-1738,531,4266,-142,352,743
80.30735,148,1302,-1738,531,4265,-142,352,743
80.30785,148,1303,-1738,531,4263,-142,352,742
80.30835,148,1302,-1738,531,4264,-141,352,743
80.30885,148,1302,-1739,531,4267,-142,352,742
80.30935,148,1303,-1738,531,4260,-142,352,743
80.30985,148,1302,-1738,532,4261,-141,352,743
80.31035,148,1303,-1738,531,4257,-142,352,742
80.31085,148,1302,-1738,531,4262,-141,352,743
80.31135,148,1302,-1738,531,4267,-141,352,742
80.31185,148,1302,-1738,531,4265,-142,352,743
80.31235,148,1302,-1738,532,4293,-141,351,743
80.31285,148,1302,-1738,531,4313,-142,352,743
80.31335,148,1303,-1738,531,4304,-141,351,743
80.31385,148,1303,-1738,531,4293,-142,352,743
80.31435,148,1302,-1739,531,4260,-142,352,743
80.31485,148,1303,-1739,532,4240,-142,352,743
80.31535,149,1302,-1739,532,4238,-142,352,743
80.31585,148,1303,-1739,532,4242,-142,352,743
80.31635,148,1303,-1739,532,4250,-141,352,743
80.31685,148,1302,-1740,532,4254,-142,352,743
80.31735,148,1303,-1739,532,4256,-141,352,743
80.31785,148,1302,-1739,531,4256,-142,352,743
80.31835,148,1303,-1738,531,4258,-142,352,743
80.31885,148,1302,-1737,531,4260,-141,352,743
80.31935,148,1302,-1737,530,4261,-141,352,743
80.31985,148,1302,-1737,531,4263,-142,352,743
80.32035,148,1302,-1738,531,4264,-141,351,743
80.32085,149,1302,-1738,531,4262,-142,352,742
80.32135,148,1303,-1739,531,4266,-142,352,743
80.32185,148,1302,-1739,532,4272,-142,352,743
80.32235,148,1302,-1739,532,4298,-141,351,743
80.32285,148,1302,-1740,532,4318,-141,352,743
80.32335,148,1302,-1740,532,4313,-142,352,743
80.32385,148,1302,-1740,531,4301,-141,352,743
80.32435,148,1302,-1739,531,4267,-142,352,742
80.32485,148,1302,-1739,531,4250,-142,352,742
80.32535,148,1302,-1738,531,4251,-142,352,743
80.32585,148,1303,-1738,531,4254,-142,352,742
80.32635,148,1303,-1737,531,4254,-142,352,743
80.32685,148,1302,-1737,531,4258,-142,352,743
80.32735,148,1302,-1737,531,4253,-142,352,743
80.32785,148,1302,-1737,532,4249,-141,352,743
80.32835,148,1302,-1737,532,4251,-142,352,743
80.32885,148,1302,-1738,532,4252,-142,352,742
80.32935,148,1303,-1738,532,4249,-142,352,743
80.32985,148,1302,-1738,532,4250,-142,352,743
80.33035,148,1302,-1738,532,4246,-142,352,742
80.33085,148,1302,-1738,532,4249,-142,352,742
80.33135,148,1302,-1738,532,4259,-142,352,743
80.33185,148,1302,-1738,531,4262,-142,352,743
80.33235,148,1303,-1738,532,4289,-141,351,743
80.33285,148,1302,-1738,531,4304,-142,352,743
80.33335,148,1302,-1739,531,4299,-142,351,743
80.33385,148,1303,-1739,530,4286,-141,352,743
80.33435,148,1302,-1738,530,4254,-142,352,742
80.33485,148,1302,-1738,531,4240,-142,352,742
80.33535,148,1302,-1738,532,4243,-142,352,743
80.33585,148,1303,-1738,531,4246,-142,352,743
80.33635,148,1302,-1738,532,4250,-141,352,743
80.33685,148,1302,-1738,532,4253,-142,352,743
80.33735,148,1303,-1738,531,4255,-142,352,743
80.33785,148,1303,-1739,532,4256,-142,353,743
80.33835,148,1302,-1739,531,4258,-142,352,743
80.33885,148,1302,-1739,531,4260,-142,352,743
80.33935,148,1302,-1739,531,4262,-142,352,743
80.33985,148,1303,-1738,532,4262,-142,352,743
80.34035,148,1302,-1739,532,4260,-142,352,743
80.34085,148,1302,-1738,531,4259,-142,352,743
80.34135,148,1303,-1738,531,4261,-142,352,743
80.34185,148,1302,-1738,532,4262,-141,352,743
80.34245,148,1302,-1738,532,4298,-141,351,743
80.34295,149,1302,-1738,532,4308,-142,352,743
80.34345,148,1302,-1738,532,4299,-142,352,743
80.34395,148,1302,-1738,531,4281,-142,352,743
80.34445,148,1303,-1738,531,4250,-142,353,743
80.34495,148,1302,-1739,532,4240,-142,352,743
80.34545,148,1303,-1739,532,4239,-142,353,743
80.34595,148,1302,-1739,532,4241,-141,352,743
80.34645,148,1302,-1739,532,4245,-142,352,743
80.34695,148,1302,-1739,532,4245,-142,352,743
80.34745,148,1302,-1739,532,4244,-142,352,743
80.347946,148,1302,-1739,532,4242,-142,352,743
80.34845,148,1302,-1739,532,4244,-142,352,743
80.34895,148,1302,-1739,532,4245,-142,352,743
80.34945,148,1302,-1739,532,4242,-142,352,742
80.34995,148,1302,-1738,531,4244,-142,351,743
80.35045,148,1302,-1737,530,4250,-142,352,743
80.35095,148,1302,-1738,530,4252,-141,352,743
80.35145,148,1302,-1738,531,4253,-142,352,742
80.35195,148,1302,-1739,532,4261,-142,352,743
80.35245,148,1302,-1739,533,4303,-141,352,743
80.35295,148,1302,-1739,532,4308,-141,352,743
80.35345,148,1303,-1739,532,4299,-142,352,743
80.35395,149,1302,-1739,532,4281,-142,353,743
80.35445,148,1303,-1738,531,4249,-142,352,742
80.35495,148,1302,-1738,531,4241,-142,352,743
80.35545,148,1302,-1738,532,4246,-141,352,743
80.35595,148,1302,-1739,532,4247,-142,352,743
80.35645,148,1303,-1738,532,4252,-142,352,743
80.35695,148,1302,-1739,533,4255,-141,352,743
80.35745,148,1302,-1739,533,4255,-141,352,743
80.35795,148,1302,-1739,534,4254,-141,352,743
80.35845,148,1303,-1740,534,4254,-142,352,743
80.35895,148,1302,-1740,533,4255,-141,352,743
80.35945,148,1303,-1740,533,4255,-142,352,743
80.35995,148,1303,-1739,532,4255,-142,352,743
80.36045,148,1302,-1739,531,4256,-142,352,743
80.36095,148,1303,-1739,530,4253,-142,351,743
80.36145,148,1303,-1739,529,4255,-141,352,743
80.36195,148,1302,-1739,529,4262,-141,351,743
80.36245,148,1302,-1739,530,4297,-141,352,743
80.36295,148,1302,-1740,531,4303,-142,352,743
80.36345,148,1303,-1739,531,4296,-142,352,743
80.36395,148,1303,-1739,531,4274,-142,352,743
80.36445,148,1303,-1739,531,4242,-142,352,743
80.36495,148,1303,-1738,531,4233,-142,352,743
80.36545,148,1303,-1738,531,4234,-141,352,743
80.36595,148,1303,-1738,531,4240,-141,352,743
80.36645,148,1303,-1738,531,4246,-141,352,743
80.36695,148,1302,-1738,531,4248,-142,352,743
80.36745,148,1302,-1738,531,4248,-141,352,743
80.36795,148,1302,-1738,532,4248,-142,352,743
80.36845,148,1303,-1738,532,4250,-141,352,743
80.36895,148,1303,-1738,532,4252,-142,352,743
80.36945,148,1303,-1739,532,4249,-141,352,743
80.36995,148,1303,-1739,532,4251,-141,352,742
80.37045,148,1303,-1739,532,4252,-141,352,743
80.37095,148,1302,-1740,532,4263,-141,351,743
80.37145,148,1303,-1739,532,4264,-142,352,743
80.37195,148,1302,-1738,532,4273,-141,351,743
80.37245,148,1303,-1738,532,4311,-141,351,743
80.37295,148,1302,-1738,531,4312,-141,352,743
80.37345,148,1303,-1738,531,4305,-141,352,742
80.37395,148,1302,-1738,531,4282,-141,352,742
80.37445,148,1302,-1739,531,4256,-142,352,743
80.37495,149,1302,-1739,531,4247,-141,352,743
80.37545,148,1302,-1739,531,4238,-141,352,743
80.37595,149,1303,-1738,531,4242,-141,352,743
80.37645,149,1302,-1739,531,4250,-141,352,742
80.37695,149,1303,-1739,531,4254,-141,352,743
80.37745,149,1303,-1739,531,4259,-142,352,743
80.37795,149,1302,-1740,531,4254,-141,352,743
80.37845,148,1303,-1740,531,4253,-142,352,743
80.37895,148,1302,-1740,531,4254,-142,352,743
80.37945,148,1302,-1741,532,4253,-141,352,743
80.37995,149,1303,-1741,532,4253,-142,352,743
80.38045,148,1303,-1741,532,4250,-141,352,743
80.38095,148,1303,-1741,532,4250,-142,352,743
80.38145,148,1303,-1741,532,4253,-141,352,743
80.38195,148,1303,-1738,532,4263,-141,352,743
80.38245,148,1303,-1735,532,4301,-141,351,743
80.38295,148,1303,-1735,531,4303,-142,352,743
80.38345,148,1303,-1736,531,4294,-142,352,743
80.38395,147,1303,-1737,531,4270,-141,353,743
80.38445,148,1303,-1738,531,4246,-142,352,743
80.38495,148,1302,-1738,532,4241,-141,352,743
80.38545,148,1303,-1738,532,4243,-142,352,743
80.38595,148,1303,-1738,532,4250,-142,352,743
80.38645,148,1302,-1738,531,4254,-141,352,742
80.38695,148,1303,-1738,531,4256,-141,352,743
80.38745,148,1303,-1738,531,4260,-142,352,742
80.38795,148,1302,-1739,531,4256,-142,352,743
80.38845,148,1303,-1739,531,4260,-141,352,743
80.38895,148,1302,-1739,531,4259,-142,352,742
80.38945,149,1303,-1739,531,4255,-141,352,742
80.38995,148,1303,-1739,531,4259,-141,352,742
80.39045,148,1303,-1740,531,4261,-141,352,742
80.39095,148,1302,-1739,531,4264,-141,352,742
80.39145,148,1303,-1738,531,4265,-141,352,742
80.39195,149,1302,-1738,532,4275,-141,352,743
80.39245,148,1302,-1739,532,4310,-141,351,743
80.39295,148,1302,-1739,532,4304,-141,352,743
80.39345,148,1303,-1739,532,4294,-141,352,742
80.39395,148,1303,-1739,532,4270,-141,352,742
80.39445,148,1303,-1739,532,4246,-141,352,742
80.39495,148,1303,-1738,533,4241,-141,353,743
80.39545,148,1303,-1738,533,4241,-141,352,743
80.39595,148,1303,-1738,533,4241,-141,352,743
80.39645,148,1303,-1738,533,4243,-141,352,742
80.39695,148,1303,-1738,533,4245,-141,352,742
80.39745,148,1303,-1738,533,4251,-141,352,742
80.39795,148,1303,-1738,532,4251,-141,352,743
80.39845,148,1303,-1738,530,4251,-141,352,743
80.39895,148,1303,-1738,530,4248,-141,352,743
80.39945,148,1303,-1738,530,4249,-142,352,743
80.39995,148,1303,-1739,531,4251,-141,352,743
80.40045,148,1303,-1739,531,4253,-141,352,743
80.40095,148,1302,-1739,532,4252,-141,352,743
80.40145,148,1303,-1738,533,4253,-141,352,743
80.40195,148,1302,-1738,533,4269,-141,351,743
80.40245,148,1303,-1738,533,4303,-141,351,743
80.40295,148,1303,-1738,533,4304,-141,352,743
80.40345,148,1303,-1738,532,4298,-141,352,743
80.40405,148,1303,-1739,531,4271,-141,352,742
80.40455,148,1303,-1739,532,4247,-141,352,743
80.40505,148,1302,-1739,531,4245,-141,352,743
80.40555,148,1303,-1738,530,4243,-141,352,743
80.40605,148,1303,-1738,530,4247,-141,352,743
80.40655,148,1302,-1738,529,4253,-141,352,743
80.40705,148,1303,-1738,530,4253,-141,352,743
80.40755,148,1303,-1738,531,4251,-141,352,743
80.40805,148,1303,-1738,532,4251,-141,352,743
80.40855,148,1303,-1739,532,4252,-141,352,743
80.40905,148,1302,-1739,533,4251,-141,352,743
80.40955,148,1303,-1739,533,4248,-141,352,743
80.41005,148,1303,-1739,533,4247,-141,352,743
80.41055,148,1303,-1739,533,4249,-141,352,743
80.41105,148,1303,-1739,533,4254,-141,352,743
80.41155,148,1303,-1739,533,4256,-141,352,743
80.41205,148,1303,-1739,533,4271,-141,351,743
80.41255,148,1302,-1738,533,4304,-141,351,743
80.41305,148,1303,-1738,530,4299,-141,352,743
80.41355,148,1303,-1737,529,4290,-141,352,743
80.41405,148,1303,-1737,528,4263,-141,352,743
80.41455,148,1303,-1738,530,4235,-141,352,742
80.41505,148,1303,-1738,530,4229,-141,351,743
80.41555,148,1303,-1738,531,4233,-141,352,743
80.41605,148,1303,-1738,531,4238,-141,352,743
80.41655,148,1303,-1739,532,4245,-141,352,743
80.41705,148,1303,-1739,532,4249,-141,352,743
80.41755,148,1303,-1739,532,4251,-141,352,743
80.41805,148,1303,-1739,533,4250,-141,352,743
80.41855,148,1303,-1739,533,4251,-141,352,743
80.41905,148,1303,-1739,533,4253,-141,352,743
80.41955,148,1303,-1739,533,4254,-141,352,743
80.42005,148,1303,-1738,533,4256,-140,352,743
80.42055,148,1303,-1738,533,4254,-141,352,743
80.42105,148,1303,-1739,533,4257,-141,352,743
80.42155,148,1303,-1739,533,4260,-141,352,743
80.42205,148,1303,-1739,533,4278,-141,352,743
80.42255,148,1303,-1739,531,4312,-140,351,743
80.42305,148,1303,-1738,530,4308,-141,351,743
80.42355,148,1303,-1739,530,4297,-141,352,743
80.42405,148,1303,-1739,529,4269,-141,352,743
80.42455,148,1303,-1739,530,4247,-141,352,742
80.42505,148,1303,-1739,530,4242,-141,352,743
80.42555,148,1303,-1738,530,4248,-141,352,743
80.42605,148,1303,-1738,531,4249,-141,352,743
80.42655,148,1303,-1738,531,4251,-141,352,743
80.42705,148,1302,-1738,531,4252,-141,352,743
80.42755,148,1303,-1738,531,4250,-141,352,743
80.42805,148,1303,-1739,531,4248,-141,351,743
80.42855,148,1303,-1739,532,4248,-141,352,743
80.42905,148,1303,-1740,533,4250,-141,352,743
80.42955,148,1303,-1740,532,4246,-141,352,743
80.43005,148,1303,-1741,533,4244,-141,352,743
80.43055,148,1303,-1740,532,4244,-141,352,743
80.43105,148,1303,-1740,533,4249,-141,352,743
80.43155,148,1303,-1740,532,4251,-141,352,743
80.43205,148,1303,-1739,533,4276,-141,351,743
80.43255,148,1302,-1740,533,4305,-141,352,743
80.43305,148,1303,-1740,533,4302,-141,352,743
80.43355,148,1303,-1739,533,4293,-141,352,743
80.43405,148,1303,-1739,532,4264,-141,353,743
80.43455,148,1303,-1739,533,4243,-141,352,743
80.43505,148,1303,-1738,533,4241,-141,352,743
80.43555,148,1303,-1738,533,4244,-141,352,743
80.43605,148,1302,-1738,533,4251,-140,352,743
80.43655,148,1303,-1737,532,4256,-141,352,743
80.43705,148,1303,-1737,530,4258,-141,352,743
80.43755,148,1303,-1737,529,4260,-141,351,743
80.43805,148,1303,-1737,529,4260,-141,352,743
80.43855,148,1303,-1738,530,4262,-141,351,743
80.43905,148,1303,-1738,531,4264,-141,352,743
80.43955,148,1303,-1738,531,4265,-141,352,743
80.44005,148,1303,-1738,531,4266,-141,352,743
80.44055,148,1303,-1738,531,4267,-141,352,743
80.44105,148,1303,-1738,531,4263,-141,352,743
80.44155,148,1303,-1739,531,4263,-141,351,743
80.44205,148,1303,-1739,532,4289,-140,351,743
80.44255,148,1303,-1739,531,4312,-141,351,743
80.44305,148,1303,-1739,532,4309,-141,352,743
80.44355,148,1303,-1739,532,4299,-141,352,743
80.44405,148,1303,-1738,531,4267,-141,352,743
80.44455,148,1303,-1739,532,4247,-141,352,743
80.44505,148,1303,-1739,532,4244,-141,352,743
80.44555,148,1303,-1739,532,4247,-141,352,743
80.44605,148,1303,-1739,532,4253,-141,352,743
80.44655,148,1303,-1739,532,4254,-141,352,743
80.44705,148,1303,-1739,532,4252,-141,352,743
80.44755,148,1303,-1739,532,4250,-140,352,743
80.44805,148,1303,-1738,531,4251,-141,352,743
80.44855,148,1303,-1738,531,4254,-140,352,743
80.44905,148,1303,-1738,531,4252,-141,352,743
80.44955,148,1303,-1739,532,4251,-141,352,743
80.45005,148,1303,-1739,532,4253,-141,352,743
80.45055,148,1303,-1739,532,4258,-140,352,743
80.45105,148,1303,-1738,532,4264,-141,352,743
80.45155,148,1302,-1738,532,4267,-141,351,743
80.45205,148,1303,-1739,532,4297,-141,351,743
80.45255,148,1303,-1738,531,4317,-141,351,743
80.45305,148,1303,-1738,531,4311,-140,352,743
80.45355,148,1303,-1738,532,4300,-141,352,743
80.45405,148,1303,-1739,531,4268,-141,352,742
80.45455,148,1303,-1740,531,4252,-140,353,743
80.45505,148,1303,-1740,532,4253,-140,352,743
80.45555,148,1303,-1740,532,4253,-141,352,743
80.45605,148,1303,-1739,532,4261,-140,352,743
80.45655,148,1303,-1739,532,4266,-140,352,743
80.45705,148,1302,-1738,532,4268,-140,352,743
80.45755,148,1303,-1738,531,4268,-141,352,743
80.45805,148,1303,-1738,532,4266,-140,352,743
80.45855,148,1303,-1738,531,4266,-140,352,743
80.45905,148,1303,-1738,532,4266,-140,352,743
80.45955,148,1303,-1738,531,4267,-140,352,743
80.46005,148,1303,-1739,531,4266,-141,352,743
80.46055,148,1303,-1739,531,4264,-141,352,743
80.46105,148,1303,-1739,531,4266,-141,351,743
80.46155,148,1303,-1738,532,4267,-141,351,743
80.46205,148,1302,-1739,533,4298,-140,351,744
80.46255,148,1303,-1738,532,4317,-141,352,743
80.46305,148,1303,-1739,531,4312,-141,352,743
80.46355,148,1303,-1738,531,4293,-141,352,743
80.46405,148,1303,-1738,531,4260,-141,352,743
80.46455,148,1303,-1738,531,4246,-140,352,743
80.46505,148,1303,-1738,531,4244,-141,352,743
80.46555,148,1303,-1738,531,4248,-141,352,743
80.46615,148,1303,-1738,532,4254,-141,352,743
80.46665,148,1303,-1739,532,4257,-140,352,743
80.46715,148,1303,-1739,531,4260,-140,352,743
80.46765,148,1303,-1738,532,4261,-140,352,743
80.46815,148,1303,-1738,532,4259,-141,352,743
80.46865,148,1303,-1739,531,4261,-141,352,743
80.46915,148,1303,-1739,532,4262,-141,352,743
80.46965,148,1303,-1739,532,4260,-140,352,743
80.470146,148,1303,-1739,531,4260,-141,352,743
80.47065,148,1303,-1739,532,4261,-141,352,743
80.47115,148,1303,-1739,531,4266,-141,352,743
80.47165,148,1303,-1739,532,4272,-141,352,743
80.47215,148,1303,-1739,532,4309,-141,351,743
80.47265,148,1303,-1739,532,4323,-140,352,743
80.47315,148,1303,-1739,532,4317,-141,352,743
80.47365,148,1303,-1739,531,4301,-141,352,743
80.47415,148,1303,-1738,531,4267,-141,352,743
80.47465,148,1303,-1739,531,4253,-141,352,743
80.47515,148,1303,-1739,531,4250,-141,352,743
80.47565,148,1303,-1739,531,4253,-140,352,743
80.47615,148,1303,-1739,531,4258,-140,351,743
80.47665,148,1303,-1739,532,4260,-141,352,743
80.47715,148,1303,-1739,531,4262,-141,352,743
80.47765,148,1303,-1738,531,4262,-141,352,743
80.47815,148,1303,-1739,532,4261,-141,352,743
80.47865,148,1303,-1739,533,4261,-141,352,743
80.47915,148,1303,-1739,533,4261,-140,352,743
80.47965,148,1303,-1739,533,4261,-140,352,743
80.48015,148,1303,-1739,532,4261,-141,352,743
80.48065,148,1303,-1739,532,4260,-141,352,743
80.48115,148,1303,-1739,532,4256,-140,352,743
80.48165,148,1303,-1739,532,4262,-141,352,743
80.48215,148,1303,-1738,532,4300,-140,352,744
80.48265,148,1302,-1738,531,4309,-141,352,743
80.48315,148,1303,-1738,531,4309,-140,352,743
80.48365,148,1303,-1738,531,4290,-141,352,743
80.48415,148,1303,-1738,531,4256,-140,352,743
80.48465,148,1303,-1739,532,4247,-141,352,743
80.48515,148,1303,-1739,532,4248,-141,352,743
80.48565,148,1303,-1739,532,4253,-140,352,743
80.48615,148,1303,-1739,532,4258,-141,352,743
80.48665,148,1303,-1739,532,4260,-141,352,743
80.48715,148,1303,-1739,532,4259,-140,352,743
80.48765,148,1303,-1739,531,4258,-141,352,743
80.48815,148,1303,-1739,532,4260,-141,352,743
80.48865,148,1303,-1739,532,4263,-141,352,743
80.48915,148,1303,-1739,531,4262,-141,352,743
80.48965,148,1303,-1739,531,4261,-141,352,743
80.49015,148,1303,-1738,531,4261,-141,351,743
80.49065,148,1303,-1739,531,4264,-140,351,743
80.49115,148,1303,-1739,531,4268,-141,351,743
80.49165,148,1303,-1738,532,4275,-141,352,743
80.49215,148,1303,-1739,532,4311,-140,351,743
80.49265,148,1303,-1738,532,4314,-141,352,743
80.49315,148,1303,-1739,532,4305,-141,352,743
80.49365,148,1303,-1738,531,4284,-141,352,743
80.49415,148,1303,-1739,531,4252,-141,352,743
80.49465,148,1303,-1738,531,4242,-141,352,743
80.49515,148,1303,-1738,532,4239,-141,352,743
80.49565,148,1303,-1739,532,4243,-141,352,743
80.49615,148,1303,-1738,532,4251,-141,352,743
80.49665,148,1303,-1739,531,4254,-141,352,743
80.49715,148,1303,-1739,532,4254,-140,352,743
80.49765,148,1303,-1739,532,4253,-141,352,743
80.49815,148,1303,-1739,531,4252,-141,351,743
80.49865,148,1303,-1739,531,4253,-141,352,743
80.49915,148,1303,-1739,531,4254,-141,352,743
80.49965,148,1303,-1739,531,4256,-141,352,743
80.50015,148,1303,-1739,532,4257,-140,352,743
80.50065,148,1303,-1739,531,4256,-141,352,743
80.50115,148,1303,-1739,532,4259,-141,352,743
80.50165,148,1303,-1739,532,4268,-141,352,743
80.50215,148,1303,-1739,532,4305,-141,351,744
80.50265,148,1303,-1739,532,4310,-141,352,743
80.50315,148,1303,-1739,532,4305,-141,352,743
80.50365,148,1303,-1740,531,4279,-141,352,743
80.50415,148,1303,-1739,532,4251,-140,352,743
80.50465,148,1303,-1739,531,4246,-141,352,743
80.50515,148,1303,-1739,531,4247,-141,352,743
80.50565,148,1302,-1738,531,4254,-141,352,743
80.50615,148,1303,-1738,531,4259,-141,352,743
80.50665,148,1303,-1738,531,4260,-140,352,743
80.50715,148,1303,-1738,531,4261,-141,352,743
80.50765,148,1303,-1738,532,4259,-141,352,743
80.50815,148,1303,-1739,531,4255,-141,352,743
80.50865,148,1303,-1738,532,4255,-140,352,743
80.50915,148,1303,-1739,532,4255,-141,352,743
80.50965,148,1303,-1739,532,4251,-141,352,743
80.51015,148,1303,-1739,532,4249,-141,352,743
80.51065,148,1303,-1739,532,4249,-141,352,743
80.51115,148,1303,-1739,532,4252,-141,352,743
80.51165,148,1303,-1739,532,4266,-141,352,743
80.51215,148,1303,-1738,532,4302,-140,352,744
80.51265,148,1303,-1739,532,4304,-141,352,743
80.51315,148,1303,-1738,532,4299,-141,352,744
80.51365,148,1303,-1739,531,4271,-141,352,743
80.51415,148,1303,-1739,532,4243,-141,352,743
80.51465,148,1303,-1739,531,4233,-141,352,743
80.51515,148,1303,-1739,532,4233,-141,352,743
80.51565,148,1303,-1739,532,4239,-141,352,743
80.51615,148,1303,-1739,531,4245,-141,352,743
80.51665,148,1303,-1739,532,4248,-141,352,743
80.51715,148,1303,-1739,531,4251,-141,352,743
80.51765,148,1303,-1738,532,4253,-141,352,743
80.51815,148,1303,-1739,532,4253,-141,352,743
80.51865,148,1303,-1739,532,4254,-141,352,743
80.51915,148,1303,-1739,532,4256,-141,352,743
80.51965,148,1303,-1739,532,4257,-141,352,743
80.52015,148,1303,-1738,531,4259,-141,352,743
80.52065,148,1303,-1739,532,4260,-141,352,743
80.52115,148,1303,-1738,532,4257,-141,352,743
80.52165,148,1303,-1739,533,4271,-141,352,743
80.52215,148,1303,-1738,533,4308,-141,351,743
80.52265,148,1303,-1739,532,4310,-141,352,743
80.52315,148,1303,-1739,532,4305,-141,352,743
80.52365,148,1303,-1738,531,4281,-141,352,743
80.52415,148,1303,-1738,531,4252,-141,352,743
80.52465,148,1303,-1738,531,4245,-141,352,743
80.52515,147,1303,-1738,532,4245,-141,352,743
80.52565,148,1303,-1738,531,4250,-141,352,743
80.52615,148,1303,-1739,532,4253,-141,352,743
80.52665,148,1303,-1739,532,4253,-141,352,743
80.52715,148,1303,-1739,532,4251,-142,352,743
80.52765,148,1303,-1739,532,4252,-141,352,743
80.52825,148,1303,-1739,531,4254,-141,352,743
80.52875,148,1303,-1738,531,4253,-141,352,743
80.52925,148,1303,-1739,531,4253,-141,352,743
80.52975,148,1303,-1739,531,4252,-140,351,743
80.53025,148,1303,-1739,531,4247,-141,352,743
80.53075,148,1303,-1739,531,4246,-141,352,743
80.53125,148,1303,-1739,532,4245,-141,352,743
80.53175,148,1303,-1739,532,4264,-141,352,743
80.53225,148,1302,-1739,532,4301,-140,351,743
80.53275,148,1303,-1739,532,4303,-141,352,743
80.53325,148,1303,-1739,532,4296,-141,352,743
80.53375,148,1303,-1739,532,4272,-141,352,743
80.53425,148,1303,-1739,532,4245,-141,351,743
80.53475,148,1303,-1739,532,4239,-141,352,743
80.53525,147,1303,-1739,532,4239,-141,352,743
80.53575,148,1303,-1739,532,4246,-141,352,743
80.53625,148,1303,-1739,532,4255,-141,352,743
80.53675,148,1303,-1739,531,4258,-141,352,743
80.53725,148,1303,-1739,531,4260,-141,352,743
80.53775,148,1303,-1739,531,4261,-141,352,743
80.53825,148,1303,-1739,531,4262,-141,352,743
80.53875,148,1303,-1739,531,4264,-141,352,743
80.53925,148,1303,-1739,532,4266,-141,352,743
80.53975,148,1303,-1740,531,4267,-141,352,743
80.54025,148,1303,-1739,532,4267,-141,352,743
80.54075,148,1303,-1739,532,4266,-141,352,743
80.54125,148,1303,-1738,532,4262,-141,352,743
80.54175,148,1303,-1738,532,4279,-141,351,743
80.54225,148,1303,-1738,532,4311,-141,351,743
80.54275,148,1303,-1738,532,4310,-141,352,743
80.54325,148,1303,-1739,532,4301,-141,351,743
80.54375,148,1303,-1739,531,4273,-141,352,743
80.54425,148,1303,-1739,532,4250,-141,352,743
80.54475,148,1303,-1739,531,4246,-141,352,743
80.54525,148,1303,-1739,532,4247,-141,352,743
80.54575,148,1303,-1739,531,4253,-141,352,743
80.54625,148,1303,-1739,532,4255,-141,352,743
80.54675,148,1303,-1739,532,4255,-141,352,743
80.54725,148,1303,-1740,532,4255,-141,352,743
80.54775,148,1303,-1740,532,4254,-141,352,743
80.54825,148,1303,-1739,532,4252,-141,352,743
80.54875,148,1303,-1739,532,4253,-141,352,743
80.54925,148,1303,-1739,532,4255,-141,352,743
80.54975,148,1303,-1738,532,4253,-141,352,743
80.55025,148,1303,-1738,532,4252,-141,352,743
80.55075,148,1303,-1738,532,4254,-141,351,743
80.55125,148,1303,-1738,532,4256,-141,351,743
80.55175,148,1303,-1738,532,4281,-141,351,743
80.55225,148,1303,-1738,531,4313,-141,351,743
80.55275,148,1303,-1738,531,4311,-141,352,743
80.55325,148,1303,-1739,531,4303,-141,352,743
80.55375,148,1303,-1739,531,4275,-142,352,743
80.55425,148,1303,-1739,532,4251,-141,352,743
80.55475,148,1303,-1740,532,4249,-141,352,743
80.55525,148,1303,-1740,533,4253,-141,352,743
80.55575,148,1303,-1740,533,4260,-141,352,743
80.55625,148,1303,-1740,534,4263,-141,352,743
80.55675,148,1303,-1739,533,4265,-141,352,743
80.55725,148,1303,-1739,533,4266,-141,352,743
80.55775,148,1303,-1738,533,4266,-141,352,743
80.55825,148,1303,-1738,532,4265,-141,352,743
80.55875,148,1303,-1738,531,4264,-141,352,743
80.55925,148,1303,-1738,530,4264,-141,352,743
80.55975,148,1303,-1739,530,4264,-141,352,743
80.56025,148,1303,-1739,529,4265,-141,352,743
80.56075,148,1303,-1739,531,4265,-141,351,743
80.56125,148,1303,-1739,531,4262,-141,352,743
80.56175,148,1303,-1739,532,4282,-141,351,743
80.56225,148,1303,-1739,532,4311,-141,351,743
80.56275,148,1303,-1738,532,4307,-141,352,743
80.56325,147,1303,-1738,532,4298,-141,351,743
80.56375,148,1303,-1738,531,4268,-141,352,743
80.56425,148,1303,-1738,532,4246,-141,352,743
80.56475,148,1303,-1739,532,4243,-141,352,743
80.56525,148,1303,-1739,532,4245,-141,352,743
80.56575,148,1303,-1739,532,4253,-141,352,743
80.56625,148,1303,-1738,532,4256,-141,352,743
80.56675,148,1303,-1739,532,4256,-141,352,743
80.56725,148,1303,-1739,532,4256,-141,352,743
80.56775,148,1303,-1739,532,4260,-141,352,743
80.56825,148,1303,-1739,531,4261,-141,352,743
80.56875,148,1303,-1738,531,4261,-141,352,743
80.56925,148,1303,-1738,531,4263,-141,352,743
80.56975,148,1303,-1739,531,4262,-141,352,743
80.57025,148,1303,-1739,531,4259,-141,352,743
80.57075,148,1303,-1739,532,4260,-141,352,743
80.57125,148,1303,-1739,532,4261,-141,352,743
80.57175,148,1303,-1739,533,4293,-141,351,743
80.57225,148,1303,-1739,533,4320,-141,351,743
80.57275,148,1303,-1739,532,4317,-141,352,743
80.57325,148,1303,-1739,532,4306,-141,352,743
80.57375,148,1303,-1739,532,4274,-141,352,743
80.57425,148,1303,-1739,532,4253,-141,352,743
80.57475,148,1303,-1739,532,4247,-141,352,743
80.57525,148,1303,-1739,532,4246,-141,352,742
80.57575,148,1303,-1739,531,4254,-141,352,743
80.57625,148,1303,-1739,532,4264,-141,351,743
80.57675,148,1303,-1739,531,4262,-141,352,743
80.57725,148,1303,-1739,531,4261,-141,352,743
80.57775,148,1303,-1740,532,4261,-141,352,743
80.57825,148,1303,-1739,532,4260,-141,352,743
80.57875,148,1303,-1738,532,4260,-141,352,743
80.57925,148,1303,-1738,533,4260,-141,352,743
80.57975,148,1303,-1738,533,4259,-142,352,743
80.58025,148,1303,-1738,533,4259,-141,352,743
80.58075,148,1303,-1739,532,4257,-141,352,742
80.58125,148,1303,-1738,532,4254,-141,352,742
80.58175,148,1303,-1739,531,4290,-141,351,743
80.58225,148,1303,-1739,531,4312,-141,351,743
80.58275,148,1303,-1739,531,4301,-141,352,743
80.58325,148,1303,-1739,531,4291,-141,352,743
80.58375,148,1303,-1739,531,4263,-141,352,743
80.58425,148,1303,-1739,532,4246,-141,352,743
80.58475,148,1303,-1739,532,4245,-141,352,743
80.58525,148,1303,-1739,531,4248,-141,352,743
80.58575,148,1304,-1739,532,4254,-141,352,743
80.58625,148,1303,-1739,532,4256,-141,352,743
80.58675,148,1303,-1739,533,4259,-141,352,743
80.58725,148,1303,-1739,532,4261,-141,352,743
80.58775,148,1303,-1739,532,4261,-141,352,743
80.58825,148,1303,-1738,531,4261,-141,352,743
80.58875,148,1303,-1738,531,4261,-141,352,743
80.58925,148,1303,-1738,531,4263,-141,352,743
80.58985,148,1303,-1738,531,4261,-141,351,743
80.59035,148,1303,-1739,532,4258,-141,352,743
80.59085,148,1303,-1739,532,4260,-141,352,743
80.59135,148,1303,-1738,532,4260,-141,352,743
80.59185,148,1303,-1738,533,4294,-141,351,744
80.59235,148,1303,-1739,532,4313,-141,352,743
80.59285,148,1303,-1739,532,4312,-141,352,743
80.59335,148,1303,-1739,532,4296,-142,352,743
80.59385,148,1303,-1739,533,4260,-141,352,743
80.59435,148,1303,-1739,533,4242,-142,352,743
80.59485,148,1303,-1739,532,4241,-141,352,743
80.59535,148,1303,-1739,532,4244,-141,352,743
80.59585,148,1303,-1738,531,4250,-141,352,743
80.59635,148,1303,-1739,530,4252,-141,352,743
80.59685,148,1303,-1739,530,4251,-141,352,743
80.59735,148,1303,-1739,531,4252,-141,352,743
80.59785,148,1303,-1738,532,4253,-141,352,743
80.59835,148,1303,-1738,532,4252,-141,352,743
80.59885,148,1303,-1739,533,4252,-141,352,743
80.59935,148,1303,-1739,532,4254,-141,352,743
80.59985,148,1303,-1739,532,4256,-141,352,743
80.60035,148,1303,-1739,532,4257,-141,352,743
80.60085,148,1303,-1739,532,4259,-141,352,743
80.60135,148,1303,-1740,532,4259,-141,352,743
80.60185,148,1303,-1740,532,4292,-141,351,743
80.60235,148,1303,-1739,530,4308,-141,351,743
80.60285,148,1303,-1739,530,4302,-141,352,743
80.60335,148,1303,-1739,530,4289,-141,352,743
80.60385,148,1303,-1739,531,4259,-142,352,743
80.60435,148,1303,-1739,531,4248,-141,352,743
80.60485,148,1303,-1739,532,4248,-141,352,743
80.60535,148,1303,-1739,532,4253,-141,352,743
80.60585,148,1303,-1739,532,4259,-141,352,743
80.60635,148,1303,-1739,532,4260,-141,352,743
80.60685,148,1303,-1739,533,4258,-141,352,743
80.60735,148,1303,-1739,533,4258,-141,351,743
80.60785,148,1303,-1739,534,4260,-141,352,743
80.60835,148,1303,-1739,534,4258,-141,351,743
80.60885,148,1303,-1738,534,4258,-141,352,743
80.60935,148,1303,-1738,533,4259,-141,352,743
80.60985,148,1303,-1739,532,4255,-141,352,743
80.61035,148,1303,-1739,532,4252,-141,352,743
80.61085,148,1303,-1740,532,4252,-141,352,743
80.61135,148,1303,-1740,533,4257,-141,352,743
80.61185,148,1303,-1740,532,4298,-141,351,744
80.61235,148,1303,-1740,531,4308,-141,351,743
80.61285,148,1303,-1740,529,4305,-141,352,743
80.61335,147,1303,-1739,529,4282,-141,352,743
80.61385,148,1303,-1739,529,4246,-142,353,743
80.61435,148,1303,-1738,530,4234,-141,352,743
80.61485,148,1303,-1739,529,4232,-141,352,743
80.61535,148,1303,-1739,530,4235,-141,352,743
80.61585,148,1303,-1740,530,4245,-142,352,743
80.61635,148,1303,-1741,530,4251,-141,352,743
80.61685,148,1303,-1741,531,4254,-141,352,743
80.61735,148,1303,-1742,532,4256,-141,352,743
80.61785,148,1303,-1741,532,4257,-141,352,743
80.61835,148,1303,-1740,532,4257,-141,352,743
80.61885,148,1303,-1738,532,4257,-141,352,743
80.61935,148,1303,-1736,531,4259,-141,352,743
80.61985,148,1303,-1736,531,4260,-141,352,743
80.62035,148,1303,-1736,531,4261,-141,352,743
80.62085,148,1303,-1737,532,4260,-142,352,743
80.62135,148,1303,-1738,532,4264,-141,352,743
80.62185,148,1303,-1738,532,4303,-141,351,743
80.62235,148,1303,-1738,531,4310,-141,351,743
80.62285,148,1303,-1738,531,4303,-141,351,743
80.62335,148,1303,-1738,531,4285,-142,352,743
80.62385,148,1303,-1739,532,4256,-141,352,743
80.62435,148,1303,-1739,533,4247,-141,352,743
80.62485,148,1303,-1739,532,4247,-142,352,743
80.62535,148,1303,-1739,533,4251,-141,352,743
80.62585,148,1303,-1740,532,4254,-141,352,743
80.62635,148,1303,-1740,532,4256,-141,352,743
80.62685,148,1303,-1740,532,4256,-141,352,743
80.62735,148,1303,-1740,532,4257,-141,352,743
80.62785,148,1303,-1739,532,4256,-141,352,743
80.62835,148,1303,-1739,532,4253,-141,352,743
80.62885,148,1303,-1738,532,4253,-141,352,743
80.62935,148,1303,-1737,531,4253,-141,352,743
80.62985,148,1303,-1738,531,4249,-141,352,743
80.63035,148,1303,-1739,530,4246,-141,352,743
80.63085,148,1303,-1739,531,4247,-141,352,743
80.63135,148,1303,-1740,531,4258,-141,352,743
80.63185,148,1303,-1740,532,4295,-141,351,743
80.63235,148,1303,-1740,532,4301,-141,352,743
80.63285,148,1303,-1738,532,4297,-142,352,743
80.63335,148,1303,-1738,532,4278,-141,352,743
80.63385,148,1303,-1738,533,4248,-141,352,743
80.63435,148,1303,-1739,534,4241,-142,352,743
80.63485,148,1303,-1739,533,4241,-141,352,743
80.63535,148,1303,-1739,532,4246,-141,352,743
80.63585,148,1303,-1739,531,4253,-141,352,743
80.63635,148,1303,-1739,530,4256,-141,352,743
80.63685,148,1303,-1739,529,4258,-141,352,743
80.63735,148,1303,-1739,530,4260,-141,352,743
80.63785,148,1303,-1738,530,4262,-142,352,743
80.63835,148,1303,-1738,531,4262,-141,352,743
80.63885,148,1303,-1738,532,4263,-141,351,743
80.63935,148,1303,-1738,532,4264,-141,352,743
80.63985,148,1303,-1738,532,4265,-141,351,743
80.64035,148,1303,-1739,532,4266,-141,352,743
80.64085,148,1303,-1739,532,4266,-141,352,743
80.64135,148,1303,-1739,533,4271,-141,352,744
80.64185,148,1303,-1740,533,4305,-141,352,743
80.64235,148,1303,-1740,533,4312,-141,352,744
80.64285,147,1303,-1740,533,4301,-141,351,743
80.64335,148,1304,-1740,532,4282,-141,352,743
80.64385,147,1303,-1740,532,4251,-141,352,743
80.64435,148,1303,-1739,533,4241,-141,352,743
80.64485,147,1304,-1739,533,4243,-141,352,743
80.64535,148,1304,-1739,533,4248,-141,352,743
80.64585,147,1303,-1738,532,4252,-141,352,743
80.64635,148,1303,-1738,531,4252,-141,352,743
80.64685,147,1303,-1738,530,4248,-141,352,743
80.64735,148,1303,-1738,530,4250,-141,352,743
80.64785,148,1303,-1739,530,4253,-141,352,743
80.64835,148,1303,-1739,530,4251,-142,352,743
80.64885,148,1303,-1740,530,4251,-141,352,743
80.64935,147,1303,-1740,531,4253,-142,352,743
80.64985,148,1303,-1740,530,4251,-141,352,743
80.65035,147,1303,-1740,530,4245,-141,352,743
80.65085,148,1304,-1741,530,4232,-141,352,743
80.65145,148,1303,-1741,531,4240,-141,352,744
80.65195,148,1303,-1742,531,4282,-141,352,743
80.65245,148,1303,-1741,531,4293,-141,352,743
80.65295,148,1303,-1738,531,4287,-141,352,743
80.65345,148,1303,-1735,530,4263,-141,352,743
80.65395,148,1303,-1736,531,4237,-141,352,743
80.65445,148,1303,-1737,532,4233,-141,352,743
80.65495,148,1303,-1739,532,4235,-141,352,743
80.65545,148,1303,-1740,532,4244,-141,352,743
80.65595,148,1303,-1740,533,4253,-141,351,743
80.65645,148,1303,-1739,532,4257,-141,351,743
80.65695,148,1303,-1739,532,4259,-141,352,743
80.65745,148,1304,-1738,531,4260,-141,352,743
80.65795,148,1303,-1738,531,4261,-141,352,743
80.65845,148,1303,-1738,531,4259,-141,351,743
80.65895,148,1303,-1738,531,4258,-141,352,743
80.65945,148,1303,-1739,531,4258,-141,352,743
80.65995,148,1303,-1739,532,4258,-141,352,743
80.660446,148,1303,-1739,532,4259,-141,352,743
80.66095,148,1303,-1739,532,4258,-141,353,743
80.66145,148,1303,-1739,533,4269,-141,352,744
80.66195,148,1303,-1739,533,4303,-141,352,743
80.66245,148,1303,-1739,532,4306,-141,352,743
80.66295,148,1303,-1738,532,4294,-141,352,743
80.66345,148,1303,-1739,532,4268,-141,352,743
80.66395,148,1303,-1739,532,4242,-142,352,743
80.66445,148,1304,-1738,532,4236,-141,352,743
80.66495,148,1303,-1738,533,4238,-141,352,743
80.66545,148,1303,-1738,533,4243,-141,352,743
80.66595,148,1303,-1737,532,4249,-141,352,743
80.66645,148,1303,-1738,532,4252,-141,352,743
80.66695,148,1303,-1738,532,4254,-141,352,743
80.66745,148,1303,-1739,531,4256,-141,352,743
80.66795,148,1303,-1739,530,4256,-141,351,743
80.66845,148,1303,-1740,530,4254,-141,352,743
80.66895,148,1303,-1740,531,4254,-141,352,743
80.66945,148,1303,-1740,530,4255,-141,352,743
80.66995,148,1303,-1739,530,4254,-141,352,743
80.67045,148,1303,-1739,531,4252,-141,352,743
80.67095,148,1303,-1739,531,4253,-141,352,743
80.67145,148,1303,-1739,531,4270,-141,352,743
80.67195,148,1303,-1739,531,4306,-141,352,743
80.67245,148,1303,-1739,532,4308,-141,352,743
80.67295,147,1303,-1739,532,4302,-141,352,743
80.67345,147,1303,-1739,532,4278,-141,352,743
80.67395,148,1303,-1739,532,4250,-142,352,743
80.67445,147,1304,-1739,532,4243,-142,352,743
80.67495,148,1303,-1739,532,4244,-142,352,743
80.67545,148,1304,-1739,532,4248,-141,352,744
80.67595,148,1303,-1739,532,4253,-141,352,743
80.67645,148,1304,-1739,532,4258,-141,352,743
80.67695,148,1303,-1738,531,4255,-141,352,743
80.67745,148,1303,-1738,531,4253,-142,352,744
80.67795,148,1303,-1738,531,4255,-141,352,743
80.67845,148,1303,-1737,532,4257,-142,352,744
80.67895,148,1303,-1738,532,4254,-141,352,743
80.67945,148,1303,-1738,532,4256,-141,352,743
80.67995,148,1304,-1739,533,4250,-141,352,743
80.68045,148,1303,-1739,534,4248,-141,352,743
80.68095,147,1303,-1739,534,4247,-141,352,743
80.68145,148,1303,-1740,535,4263,-141,352,743
80.68195,148,1303,-1739,534,4294,-141,352,743
80.68245,148,1303,-1739,533,4294,-141,352,743
80.68295,148,1303,-1739,530,4287,-141,352,743
80.68345,148,1303,-1738,529,4262,-141,352,743
80.68395,148,1304,-1738,529,4240,-141,352,743
80.68445,148,1303,-1739,529,4237,-141,351,743
80.68495,148,1303,-1739,530,4239,-141,352,743
80.68545,148,1303,-1739,531,4245,-141,352,743
80.68595,148,1303,-1740,531,4249,-142,352,743
80.68645,148,1303,-1740,532,4248,-141,352,743
80.68695,148,1303,-1739,532,4247,-142,352,743
80.68745,148,1303,-1739,532,4251,-141,352,743
80.68795,148,1303,-1739,533,4255,-142,352,743
80.68845,148,1303,-1740,533,4254,-141,352,743
80.68895,148,1303,-1740,533,4254,-141,352,743
80.68945,148,1303,-1740,533,4256,-141,352,743
80.68995,148,1303,-1740,533,4254,-142,352,743
80.69045,148,1304,-1740,533,4251,-141,352,743
80.69095,148,1304,-1740,534,4250,-141,352,743
80.69145,148,1304,-1740,534,4271,-142,352,743
80.69195,148,1303,-1739,533,4301,-141,352,743
80.69245,148,1303,-1738,531,4299,-141,353,743
80.69295,148,1303,-1738,529,4291,-141,352,743
80.69345,148,1303,-1738,529,4262,-142,353,743
80.69395,148,1303,-1738,529,4238,-141,352,743
80.69445,148,1303,-1739,530,4231,-142,352,743
80.69495,148,1303,-1738,531,4231,-141,352,743
80.69545,148,1304,-1738,531,4237,-141,351,743
80.69595,148,1303,-1738,532,4242,-141,351,743
80.69645,148,1304,-1738,532,4242,-142,352,744
80.69695,148,1303,-1739,532,4243,-141,352,743
80.69745,147,1303,-1738,532,4248,-141,352,744
80.69795,148,1304,-1739,532,4245,-141,351,743
80.69845,148,1303,-1739,532,4246,-141,352,744
80.69895,148,1304,-1739,532,4243,-141,352,743
80.69945,148,1304,-1739,532,4248,-141,352,743
80.69995,148,1304,-1740,532,4246,-141,352,744
80.70045,148,1303,-1740,532,4247,-141,352,743
80.70095,148,1304,-1740,532,4251,-141,352,744
80.70145,148,1303,-1740,532,4270,-141,352,744
80.70195,148,1303,-1740,531,4301,-141,351,743
80.70245,148,1303,-1740,531,4298,-141,351,743
80.70295,148,1304,-1739,531,4284,-141,351,743
80.70345,148,1304,-1739,531,4256,-142,351,743
80.70395,148,1303,-1738,531,4238,-141,352,743
80.70445,148,1303,-1738,531,4236,-141,352,743
80.70495,148,1303,-1738,531,4241,-141,352,743
80.70545,148,1304,-1738,532,4248,-142,352,743
80.70595,148,1303,-1738,532,4251,-142,352,743
80.70645,148,1304,-1739,531,4253,-141,352,743
80.70695,147,1303,-1739,531,4254,-141,352,743
80.70745,148,1304,-1739,532,4254,-141,352,743
80.70795,148,1303,-1739,532,4253,-141,352,743
80.70845,148,1303,-1739,532,4250,-141,352,743
80.70895,148,1304,-1740,532,4248,-141,352,743
80.70945,147,1304,-1739,532,4249,-141,352,743
80.70995,148,1303,-1739,532,4247,-141,352,743
80.71045,148,1303,-1739,531,4244,-141,352,743
80.71095,148,1303,-1739,531,4244,-142,352,743
80.71145,148,1303,-1739,532,4273,-141,351,743
80.71195,148,1303,-1739,531,4298,-141,351,743
80.71245,148,1303,-1738,531,4295,-141,351,743
80.71295,148,1303,-1739,531,4284,-141,352,743
80.71345,148,1303,-1739,531,4253,-141,352,743
80.71405,148,1304,-1739,531,4232,-141,352,743
80.71455,148,1304,-1739,531,4230,-142,352,743
80.71505,148,1304,-1738,531,4233,-141,352,743
80.71555,148,1304,-1738,532,4239,-141,352,743
80.71605,148,1304,-1738,532,4244,-141,352,743
80.71655,148,1304,-1739,532,4247,-142,352,743
80.71705,148,1303,-1739,532,4249,-141,352,743
80.71755,147,1304,-1739,532,4251,-141,352,743
80.71805,148,1303,-1739,532,4253,-141,352,743
80.71855,148,1304,-1739,532,4253,-142,352,744
80.71905,148,1304,-1739,532,4255,-141,352,743
80.71955,148,1303,-1739,532,4260,-141,352,743
80.72005,148,1304,-1739,533,4257,-141,352,743
80.72055,148,1303,-1739,532,4257,-141,352,743
80.72105,148,1304,-1738,532,4257,-141,352,743
80.72155,148,1303,-1739,533,4286,-141,351,744
80.72205,148,1303,-1739,533,4309,-141,351,743
80.72255,148,1303,-1739,533,4308,-141,352,743
80.72305,147,1303,-1739,532,4295,-141,352,743
80.72355,147,1303,-1739,532,4264,-141,352,743
80.72405,148,1303,-1739,532,4247,-141,352,743
80.72455,148,1303,-1739,531,4245,-141,351,743
80.72505,148,1303,-1738,531,4247,-141,352,743
80.72555,148,1304,-1739,531,4252,-141,352,743
80.72605,148,1303,-1739,531,4254,-141,352,743
80.72655,147,1304,-1739,532,4252,-141,352,744
80.72705,148,1303,-1739,532,4252,-142,352,744
80.72755,148,1303,-1739,532,4261,-141,352,743
80.72805,148,1303,-1739,531,4263,-141,352,744
80.72855,148,1304,-1739,530,4256,-141,352,743
80.72905,148,1304,-1739,531,4257,-141,351,743
80.72955,148,1304,-1739,531,4254,-141,352,743
80.73005,148,1304,-1740,531,4250,-141,352,743
80.73055,148,1304,-1739,531,4246,-141,351,743
80.73105,148,1304,-1739,531,4247,-141,352,744
80.73155,148,1303,-1738,532,4282,-141,351,744
80.73205,148,1303,-1738,531,4308,-141,352,743
80.73255,148,1304,-1739,531,4305,-141,351,743
80.73305,147,1303,-1739,531,4289,-141,352,743
80.73355,148,1304,-1740,531,4256,-141,352,743
80.73405,148,1304,-1739,531,4242,-141,352,743
80.73455,147,1303,-1740,531,4239,-141,352,743
80.73505,148,1304,-1739,532,4243,-141,352,744
80.73555,148,1304,-1740,532,4254,-141,352,744
80.73605,148,1303,-1738,532,4263,-141,351,743
80.73655,148,1304,-1738,531,4266,-141,352,743
80.73705,148,1304,-1737,531,4262,-141,352,743
80.73755,148,1303,-1737,531,4262,-141,352,743
80.73805,148,1303,-1738,532,4265,-141,352,743
80.73855,148,1304,-1738,532,4267,-141,352,743
80.73905,148,1304,-1739,532,4267,-141,352,743
80.73955,148,1304,-1739,532,4269,-141,351,743
80.74005,148,1303,-1739,532,4269,-141,352,743
80.74055,148,1304,-1739,532,4270,-141,352,743
80.74105,148,1303,-1739,532,4272,-141,352,743
80.74155,148,1304,-1739,532,4304,-141,351,744
80.74205,148,1304,-1739,532,4315,-141,352,744
80.74255,148,1303,-1739,531,4313,-141,352,744
80.74305,147,1303,-1739,531,4298,-141,352,743
80.74355,148,1304,-1739,531,4266,-141,352,743
80.74405,148,1304,-1739,532,4249,-141,352,743
80.74455,148,1304,-1739,532,4247,-141,352,743
80.74505,148,1304,-1739,531,4252,-141,352,743
80.74555,148,1304,-1739,531,4257,-141,352,744
80.74605,148,1303,-1739,531,4260,-141,352,743
80.74655,148,1304,-1739,532,4264,-141,352,743
80.74705,148,1304,-1739,532,4260,-141,352,744
80.74755,148,1304,-1738,532,4259,-141,352,743
80.74805,148,1304,-1739,532,4263,-141,352,744
80.74855,148,1303,-1738,532,4258,-141,352,743
80.74905,148,1304,-1738,532,4261,-141,352,744
80.74955,147,1304,-1739,531,4260,-141,352,743
80.75005,148,1304,-1739,532,4261,-141,352,743
80.75055,148,1303,-1739,532,4256,-141,352,743
80.75105,148,1304,-1739,532,4260,-141,352,744
80.75155,148,1303,-1739,532,4300,-141,351,744
80.75205,148,1304,-1739,532,4315,-140,352,744
80.75255,148,1303,-1739,532,4313,-141,352,743
80.75305,148,1303,-1739,531,4297,-141,352,743
80.75355,148,1303,-1739,531,4261,-141,352,743
80.75405,148,1303,-1738,531,4250,-141,352,743
80.75455,148,1304,-1738,532,4252,-141,352,743
80.75505,148,1303,-1738,532,4257,-141,352,743
80.75555,148,1304,-1739,532,4265,-141,352,743
80.75605,148,1303,-1739,533,4269,-141,352,743
80.75655,148,1304,-1739,533,4270,-141,352,743
80.75705,148,1304,-1739,533,4271,-141,352,743
80.75755,148,1304,-1739,532,4272,-141,352,743
80.75805,148,1304,-1739,532,4272,-141,351,743
80.75855,148,1303,-1739,532,4271,-141,352,743
80.75905,148,1304,-1739,531,4269,-141,352,743
80.75955,148,1303,-1739,531,4270,-141,352,743
80.76005,148,1303,-1739,531,4270,-141,352,743
80.76055,148,1303,-1739,531,4270,-141,352,743
80.76105,148,1303,-1739,532,4275,-141,352,743
80.76155,148,1303,-1739,531,4309,-141,351,743
80.76205,148,1303,-1739,532,4314,-141,352,743
80.76255,148,1303,-1739,532,4308,-141,352,743
80.76305,148,1304,-1740,532,4287,-141,352,743
80.76355,148,1304,-1739,532,4258,-141,352,743
80.76405,148,1303,-1739,532,4250,-141,352,743
80.76455,148,1304,-1739,532,4250,-141,352,743
80.76505,148,1304,-1739,532,4256,-141,352,743
80.76555,148,1303,-1739,533,4261,-141,352,743
80.76605,148,1303,-1739,533,4262,-141,352,743
80.76655,148,1304,-1739,533,4261,-141,352,743
80.76705,148,1303,-1739,533,4264,-141,352,743
80.76755,148,1303,-1739,532,4269,-141,352,743
80.76805,148,1303,-1738,532,4271,-141,352,743
80.76855,148,1303,-1738,531,4269,-141,352,744
80.76905,147,1304,-1740,531,4268,-141,352,743
80.76955,148,1304,-1740,532,4274,-141,352,743
80.77005,148,1304,-1739,531,4269,-141,351,743
80.77055,148,1304,-1739,531,4265,-141,352,744
80.77105,148,1304,-1739,532,4276,-141,352,744
80.77155,148,1303,-1739,531,4320,-141,352,744
80.77205,148,1303,-1739,532,4327,-141,352,744
80.77255,148,1303,-1739,531,4322,-141,352,744
80.77305,148,1303,-1739,531,4299,-141,352,743
80.77355,148,1304,-1739,531,4269,-141,352,743
80.77405,148,1303,-1739,531,4255,-141,352,744
80.77455,148,1304,-1739,531,4252,-141,352,743
80.77505,148,1303,-1739,532,4262,-141,352,743
80.77565,148,1303,-1739,531,4266,-141,352,744
80.77615,147,1303,-1739,531,4267,-141,352,743
80.77665,148,1303,-1739,531,4272,-141,352,744
80.77715,148,1303,-1739,531,4270,-141,352,743
80.77765,148,1303,-1739,532,4273,-141,352,743
80.77815,148,1304,-1739,532,4270,-141,352,744
80.77865,148,1303,-1739,532,4268,-141,352,743
80.77915,148,1303,-1739,532,4272,-141,352,743
80.77965,148,1303,-1739,532,4268,-141,352,743
80.78015,147,1303,-1739,533,4266,-141,352,743
80.78065,148,1303,-1739,533,4265,-141,352,743
80.78115,148,1304,-1739,533,4275,-141,352,743
80.78165,148,1303,-1739,532,4307,-141,351,744
80.78215,148,1304,-1739,531,4311,-141,351,743
80.782646,148,1304,-1739,530,4309,-141,352,743
80.78315,147,1303,-1739,530,4285,-141,352,743
80.78365,148,1304,-1739,530,4258,-141,352,743
80.78415,148,1303,-1739,531,4252,-141,352,743
80.78465,148,1304,-1739,531,4254,-141,352,743
80.78515,148,1304,-1739,531,4259,-141,352,743
80.78565,148,1303,-1739,531,4265,-141,352,743
80.78615,148,1303,-1739,532,4267,-141,352,743
80.78665,148,1303,-1739,531,4270,-141,352,743
80.78715,148,1303,-1739,532,4271,-141,352,743
80.78765,148,1304,-1739,532,4272,-141,352,744
80.78815,148,1304,-1739,532,4273,-141,352,743
80.78865,148,1303,-1739,532,4275,-141,352,743
80.78915,148,1304,-1739,533,4271,-141,352,744
80.78965,148,1303,-1739,533,4272,-141,352,743
80.79015,148,1303,-1739,533,4274,-141,352,743
80.79065,148,1303,-1739,533,4266,-141,352,744
80.79115,148,1303,-1739,533,4279,-141,352,744
80.79165,148,1303,-1740,533,4318,-141,352,744
80.79215,148,1303,-1739,533,4320,-141,352,744
80.79265,147,1303,-1739,533,4312,-141,352,744
80.79315,147,1304,-1739,533,4288,-141,353,743
80.79365,147,1304,-1739,532,4260,-141,352,743
80.79415,147,1303,-1739,531,4249,-141,352,743
80.79465,147,1303,-1739,530,4249,-141,352,744
80.79515,147,1304,-1739,530,4256,-141,352,743
80.79565,148,1303,-1739,530,4265,-141,352,743
80.79615,148,1303,-1739,530,4262,-141,352,743
80.79665,148,1304,-1739,531,4261,-141,352,743
80.79715,148,1303,-1739,531,4262,-141,352,743
80.79765,148,1303,-1739,531,4262,-141,352,743
80.79815,148,1304,-1739,531,4262,-141,352,743
80.79865,148,1303,-1739,532,4262,-141,352,744
80.79915,148,1304,-1739,532,4263,-141,352,743
80.79965,148,1304,-1739,532,4269,-141,352,743
80.80015,148,1304,-1739,532,4266,-141,352,743
80.80065,148,1304,-1740,532,4265,-141,352,743
80.80115,148,1304,-1740,532,4279,-141,352,743
80.80165,148,1303,-1741,533,4311,-141,352,744
80.80215,148,1304,-1740,532,4313,-140,352,744
80.80265,148,1303,-1740,532,4311,-141,352,743
80.80315,147,1303,-1739,532,4287,-141,352,743
80.80365,148,1303,-1738,531,4258,-141,352,743
80.80415,148,1304,-1738,531,4253,-141,352,743
80.80465,148,1304,-1738,531,4256,-141,352,743
80.80515,148,1304,-1738,532,4262,-141,352,743
80.80565,147,1304,-1739,531,4267,-141,352,743
80.80615,147,1304,-1739,531,4267,-141,352,743
80.80665,148,1303,-1739,532,4265,-141,352,743
80.80715,148,1304,-1739,531,4268,-141,352,743
80.80765,148,1304,-1739,532,4272,-141,352,743
80.80815,148,1304,-1739,532,4271,-141,352,743
80.80865,148,1303,-1739,532,4267,-141,352,743
80.80915,148,1303,-1739,533,4264,-141,352,743
80.80965,148,1303,-1739,532,4265,-141,352,743
80.81015,148,1304,-1739,532,4263,-141,352,743
80.81065,148,1304,-1739,532,4257,-140,352,743
80.81115,148,1303,-1739,532,4274,-141,352,743
80.81165,148,1304,-1740,532,4307,-141,352,743
80.81215,148,1303,-1739,532,4308,-141,352,743
80.81265,148,1304,-1739,533,4301,-141,352,744
80.81315,148,1304,-1739,532,4274,-141,352,743
80.81365,148,1304,-1739,533,4252,-141,352,743
80.81415,148,1303,-1739,532,4241,-141,352,743
80.81465,148,1304,-1739,532,4238,-141,352,743
80.81515,148,1304,-1739,532,4246,-141,352,743
80.81565,148,1304,-1739,532,4252,-141,352,743
80.81615,148,1304,-1739,531,4256,-141,352,743
80.81665,148,1304,-1739,530,4258,-141,352,743
80.81715,148,1304,-1739,530,4260,-140,352,743
80.81765,148,1304,-1738,530,4261,-141,352,743
80.81815,148,1303,-1739,530,4263,-141,352,743
80.81865,148,1303,-1738,530,4263,-141,352,743
80.81915,148,1304,-1739,531,4262,-141,352,743
80.81965,148,1304,-1739,532,4263,-141,352,743
80.82015,147,1303,-1739,532,4264,-141,352,743
80.82065,148,1303,-1739,532,4264,-141,352,743
80.82115,148,1304,-1739,532,4285,-141,351,743
80.82165,148,1303,-1739,532,4313,-141,352,743
80.82215,148,1303,-1739,532,4311,-141,352,743
80.82265,148,1303,-1739,532,4304,-141,352,743
80.82315,148,1303,-1739,532,4275,-141,352,743
80.82365,148,1303,-1740,533,4255,-141,352,743
80.82415,148,1304,-1740,533,4251,-141,352,743
80.82465,148,1303,-1740,533,4252,-141,352,743
80.82515,148,1303,-1739,533,4257,-141,352,743
80.82565,148,1303,-1739,533,4259,-141,352,744
80.82615,148,1303,-1739,533,4260,-141,352,743
80.82665,148,1303,-1739,532,4264,-141,352,744
80.82715,148,1304,-1739,532,4261,-141,352,743
80.82765,147,1303,-1739,531,4263,-141,352,743
80.82815,147,1304,-1739,531,4259,-141,352,743
80.82865,148,1304,-1739,531,4254,-141,352,743
80.82915,147,1304,-1739,530,4253,-141,352,743
80.82965,147,1303,-1739,529,4253,-141,352,743
80.83015,148,1304,-1739,530,4251,-141,352,743
80.83065,148,1303,-1739,529,4246,-141,352,743
80.83115,148,1303,-1738,530,4270,-141,351,743
80.83165,148,1303,-1739,530,4297,-141,351,744
80.83215,148,1304,-1739,531,4297,-141,352,743
80.83265,148,1304,-1739,532,4294,-141,352,743
80.83315,148,1304,-1739,532,4262,-141,352,743
80.83365,148,1304,-1739,532,4241,-141,352,743
80.83415,148,1304,-1739,533,4239,-141,352,743
80.83465,148,1304,-1739,533,4242,-141,352,743
80.83515,148,1304,-1739,533,4249,-141,352,743
80.83565,148,1303,-1739,533,4252,-141,352,743
80.83615,148,1304,-1739,533,4254,-141,352,743
80.83665,148,1304,-1740,533,4256,-141,352,743
80.83715,148,1303,-1740,533,4257,-141,352,743
80.83775,148,1304,-1740,533,4258,-141,352,743
80.83825,148,1303,-1740,533,4260,-141,352,743
80.83875,148,1303,-1740,532,4261,-140,352,743
80.83925,148,1304,-1739,531,4262,-141,352,743
80.83975,148,1304,-1738,530,4263,-141,352,743
80.84025,148,1304,-1738,529,4263,-141,352,744
80.84075,148,1304,-1738,529,4262,-141,352,743
80.84125,148,1304,-1738,531,4290,-141,352,743
80.84175,148,1303,-1739,530,4306,-141,351,743
80.84225,148,1303,-1739,531,4300,-141,352,743
80.84275,148,1303,-1739,531,4290,-141,352,743
80.84325,148,1303,-1739,532,4260,-141,352,743
80.84375,148,1303,-1739,532,4242,-141,352,744
80.84425,147,1304,-1740,532,4240,-141,352,743
80.84475,148,1303,-1740,532,4246,-141,352,743
80.84525,148,1304,-1740,532,4249,-141,352,743
80.84575,148,1303,-1740,532,4249,-141,352,743
80.84625,148,1304,-1739,530,4248,-141,352,743
80.84675,148,1303,-1739,531,4245,-141,352,743
80.84725,148,1303,-1739,531,4249,-141,352,743
80.84775,148,1304,-1740,531,4252,-141,352,743
80.84825,147,1303,-1739,531,4251,-141,352,743
80.84875,148,1303,-1739,531,4249,-141,352,743
80.84925,147,1303,-1738,531,4248,-141,352,743
80.84975,148,1303,-1738,532,4250,-141,352,743
80.85025,147,1304,-1738,532,4250,-141,352,743
80.85075,148,1304,-1739,532,4246,-141,352,743
80.85125,148,1303,-1739,533,4277,-141,352,743
80.85175,148,1304,-1739,532,4299,-141,352,743
80.85225,148,1304,-1739,532,4298,-141,352,743
80.85275,148,1304,-1739,532,4289,-141,352,743
80.85325,148,1304,-1740,533,4260,-141,353,743
80.85375,148,1303,-1739,532,4242,-141,353,743
80.85425,148,1304,-1740,532,4238,-141,353,743
80.85475,148,1304,-1739,532,4241,-141,353,743
80.85525,148,1304,-1739,532,4252,-141,352,743
80.85575,148,1304,-1739,531,4257,-141,352,743
80.85625,148,1303,-1739,531,4259,-141,352,743
80.85675,148,1304,-1739,530,4261,-141,352,743
80.85725,148,1303,-1739,530,4261,-141,352,743
80.85775,148,1303,-1739,531,4261,-141,352,743
80.85825,148,1304,-1739,531,4261,-141,352,743
80.85875,148,1303,-1739,530,4259,-141,352,743
80.85925,148,1303,-1739,531,4257,-141,352,743
80.85975,148,1304,-1739,531,4257,-141,352,743
80.86025,148,1304,-1740,531,4257,-141,353,743
80.86075,148,1304,-1740,531,4256,-141,352,743
80.86125,148,1303,-1741,531,4286,-141,351,744
80.86175,147,1303,-1740,531,4302,-141,352,744
80.86225,148,1303,-1740,532,4302,-141,352,743
80.86275,147,1304,-1739,532,4290,-141,352,743
80.86325,148,1304,-1739,532,4250,-141,352,743
80.86375,147,1304,-1739,533,4235,-141,352,743
80.86425,148,1304,-1739,533,4235,-141,352,743
80.86475,148,1304,-1740,532,4236,-141,352,743
80.86525,148,1303,-1740,532,4243,-141,352,743
80.86575,148,1303,-1739,531,4246,-141,352,743
80.86625,148,1304,-1739,531,4249,-141,352,743
80.86675,148,1303,-1739,531,4251,-141,352,743
80.86725,148,1303,-1739,532,4252,-141,352,744
80.86775,148,1304,-1739,532,4254,-141,352,743
80.86825,148,1304,-1739,532,4259,-141,352,743
80.86875,148,1303,-1739,531,4253,-141,352,743
80.86925,148,1304,-1738,531,4250,-141,352,743
80.86975,148,1304,-1738,530,4252,-141,352,743
80.87025,148,1304,-1738,531,4252,-141,352,743
80.87075,148,1304,-1738,531,4251,-141,352,743
80.87125,148,1303,-1739,531,4288,-141,352,743
80.87175,148,1304,-1739,531,4301,-141,352,744
80.87225,147,1304,-1739,531,4299,-141,352,743
80.87275,148,1304,-1739,531,4288,-141,353,743
80.87325,147,1303,-1739,531,4254,-141,352,743
80.87375,148,1304,-1740,531,4242,-141,352,744
80.87425,148,1304,-1740,531,4242,-141,352,743
80.87475,148,1304,-1741,532,4250,-141,352,743
80.87525,147,1304,-1741,531,4250,-141,352,743
80.87575,148,1304,-1741,531,4249,-141,352,743
80.87625,148,1303,-1741,531,4250,-141,351,743
80.87675,148,1303,-1741,531,4251,-141,352,743
80.87725,148,1304,-1741,531,4252,-141,352,743
80.87775,148,1304,-1738,531,4253,-141,352,743
80.87825,147,1304,-1736,530,4251,-141,352,743
80.87875,148,1304,-1736,531,4251,-141,352,743
80.87925,148,1304,-1737,531,4252,-141,352,743
80.87975,148,1304,-1739,531,4252,-141,352,743
80.88025,148,1304,-1739,531,4251,-141,352,743
80.88075,148,1304,-1740,531,4254,-141,352,743
80.88125,148,1304,-1740,531,4288,-141,352,743
80.88175,148,1304,-1740,531,4295,-141,352,743
80.88225,148,1304,-1740,531,4290,-141,352,743
80.88275,148,1304,-1740,531,4272,-141,352,743
80.88325,148,1304,-1740,532,4244,-141,352,743
80.88375,148,1304,-1740,532,4238,-141,352,743
80.88425,148,1304,-1740,532,4238,-141,352,743
80.88475,148,1304,-1740,532,4244,-141,351,743
80.88525,148,1304,-1740,531,4250,-141,352,743
80.88575,148,1304,-1739,531,4251,-141,352,743
80.88625,147,1303,-1739,531,4250,-141,351,743
80.88675,148,1304,-1738,531,4251,-141,352,743
80.88725,148,1304,-1738,532,4256,-140,352,744
80.88775,148,1303,-1738,532,4260,-141,352,743
80.88825,147,1304,-1738,531,4265,-141,352,743
80.88875,148,1304,-1739,531,4260,-141,352,743
80.88925,148,1304,-1739,532,4256,-141,352,743
80.88975,148,1304,-1740,532,4258,-141,352,743
80.89025,148,1304,-1739,532,4256,-141,352,743
80.89075,148,1304,-1739,532,4258,-141,352,744
80.89125,148,1304,-1739,533,4295,-141,352,744
80.89175,148,1304,-1740,533,4303,-141,352,743
80.89225,148,1304,-1740,533,4300,-141,352,743
80.89275,148,1303,-1741,533,4275,-141,352,743
80.89325,148,1304,-1741,533,4244,-141,353,743
80.89375,148,1303,-1740,533,4235,-141,353,743
80.89425,148,1304,-1740,533,4233,-141,352,743
80.89475,148,1304,-1741,534,4238,-141,352,743
80.89525,147,1304,-1740,534,4247,-141,352,743
80.89575,147,1304,-1739,534,4250,-141,352,744
80.89625,148,1304,-1738,532,4251,-141,352,743
80.89675,148,1304,-1738,530,4255,-141,352,744
80.89725,148,1304,-1738,529,4252,-141,352,743
80.89775,148,1304,-1737,528,4254,-141,351,743
80.89825,148,1303,-1737,529,4251,-141,352,743
80.89875,148,1304,-1737,529,4248,-141,352,743
80.89935,147,1303,-1738,530,4248,-141,351,743
80.89985,148,1303,-1738,530,4251,-141,352,743
80.90035,148,1304,-1738,531,4252,-141,352,743
80.90085,148,1304,-1738,531,4262,-141,351,743
80.90135,148,1303,-1739,531,4298,-141,351,743
80.90185,147,1304,-1738,531,4298,-141,352,743
80.90235,148,1304,-1738,531,4293,-141,352,743
80.90285,147,1303,-1738,531,4272,-141,352,743
80.90335,147,1304,-1738,531,4243,-141,352,743
80.90385,148,1303,-1738,531,4239,-141,352,743
80.90435,147,1304,-1739,531,4245,-141,352,744
80.90485,148,1304,-1739,532,4252,-141,352,744
80.90535,148,1304,-1740,533,4263,-141,353,743
80.90585,148,1304,-1740,533,4265,-141,352,744
80.90635,148,1303,-1740,533,4262,-141,352,743
80.90685,148,1304,-1740,533,4265,-141,352,743
80.90735,148,1303,-1739,533,4262,-141,352,743
80.90785,148,1303,-1739,533,4260,-141,352,743
80.90835,148,1304,-1739,533,4259,-141,352,743
80.90885,148,1303,-1739,533,4255,-141,353,744
80.90935,148,1304,-1739,531,4254,-141,352,743
80.90985,148,1304,-1739,531,4258,-141,352,743
80.91035,148,1304,-1739,531,4253,-141,352,743
80.91085,148,1303,-1739,531,4258,-141,351,743
80.91135,148,1304,-1739,532,4294,-141,352,744
80.91185,148,1304,-1739,532,4295,-141,352,743
80.91235,148,1304,-1740,533,4294,-141,352,743
80.91285,148,1304,-1739,532,4269,-141,352,743
80.91335,148,1304,-1739,532,4240,-141,352,743
80.91385,148,1304,-1739,532,4235,-141,352,743
80.91435,148,1304,-1739,531,4236,-141,352,743
80.91485,147,1303,-1739,532,4240,-141,352,744
80.91535,147,1304,-1739,531,4247,-141,352,744
80.91585,147,1304,-1739,531,4255,-140,352,744
80.91635,147,1304,-1739,531,4258,-141,352,743
80.91685,148,1303,-1738,531,4258,-140,352,744
80.91735,147,1303,-1739,531,4255,-141,352,743
80.91785,148,1304,-1739,531,4258,-141,352,743
80.91835,148,1304,-1739,530,4253,-141,352,743
80.91885,147,1304,-1739,531,4254,-141,352,744
80.91935,148,1304,-1739,530,4258,-141,352,743
80.91985,148,1304,-1739,531,4263,-141,352,743
80.92035,148,1304,-1739,531,4260,-141,352,744
80.92085,148,1303,-1739,531,4271,-140,352,744
80.92135,148,1303,-1740,531,4309,-141,352,744
80.92185,148,1304,-1739,531,4311,-141,352,743
80.92235,148,1304,-1739,531,4305,-141,352,743
80.92285,147,1304,-1740,531,4275,-141,352,743
80.92335,147,1304,-1739,531,4248,-141,352,743
80.92385,148,1303,-1739,532,4246,-141,352,743
80.92435,147,1304,-1738,533,4248,-141,352,743
80.92485,148,1304,-1738,534,4251,-141,352,744
80.92535,147,1304,-1739,533,4256,-141,352,743
80.92585,148,1304,-1740,534,4259,-141,352,743
80.92635,148,1304,-1740,533,4254,-142,352,743
80.92685,148,1304,-1740,534,4255,-141,351,743
80.92735,148,1303,-1740,534,4259,-141,352,743
80.92785,148,1304,-1740,535,4260,-141,352,743
80.92835,148,1304,-1739,535,4260,-141,352,743
80.92885,147,1303,-1739,534,4256,-141,352,743
80.92935,148,1304,-1738,531,4253,-141,352,743
80.92985,148,1304,-1738,529,4253,-141,352,743
80.93035,148,1304,-1738,528,4250,-141,352,743
80.93085,148,1303,-1738,528,4261,-141,352,743
80.93135,148,1304,-1739,528,4295,-141,351,743
80.93185,148,1304,-1739,529,4294,-141,351,743
80.93235,147,1304,-1739,529,4291,-141,352,743
80.93285,148,1304,-1739,530,4268,-141,352,743
80.93335,148,1304,-1739,531,4244,-141,352,743
80.93385,148,1304,-1739,531,4239,-141,352,743
80.93435,148,1304,-1739,531,4239,-141,352,743
80.93485,148,1304,-1739,531,4247,-141,352,743
80.93535,148,1304,-1739,531,4254,-141,352,743
80.93585,148,1304,-1739,531,4256,-141,352,743
80.93635,148,1304,-1738,531,4259,-141,352,743
80.93685,148,1304,-1738,530,4261,-141,352,744
80.93735,148,1304,-1739,530,4262,-141,352,743
80.93785,147,1304,-1739,530,4268,-141,352,744
80.93835,148,1303,-1739,531,4267,-141,352,744
80.93885,148,1304,-1739,531,4270,-141,352,744
80.93935,148,1304,-1740,532,4271,-141,352,744
80.93985,147,1304,-1740,532,4271,-141,352,744
80.94035,148,1304,-1740,532,4269,-141,352,744
80.94085,148,1304,-1739,532,4285,-141,352,744
80.94135,147,1304,-1739,532,4316,-141,352,744
80.94185,148,1304,-1739,532,4309,-141,352,743
80.94235,147,1304,-1739,532,4299,-141,352,743
80.94285,148,1304,-1739,531,4269,-141,352,743
80.94335,148,1304,-1739,532,4242,-141,353,743
80.94385,147,1304,-1739,532,4240,-141,352,743
80.94435,148,1304,-1739,532,4246,-141,352,743
80.94485,148,1304,-1739,532,4253,-141,352,743
80.94535,147,1304,-1739,531,4255,-141,352,744
80.94585,148,1304,-1739,531,4256,-141,352,743
80.94635,148,1303,-1739,531,4261,-141,352,744
80.94685,148,1304,-1739,531,4258,-141,352,743
80.94735,148,1303,-1739,531,4260,-141,352,743
80.94785,148,1304,-1739,531,4257,-141,352,743
80.94835,148,1304,-1739,531,4255,-141,352,743
80.94885,148,1304,-1739,531,4254,-141,352,743
80.94935,148,1304,-1739,531,4253,-141,352,743
80.94985,148,1304,-1739,531,4255,-141,352,743
80.95035,148,1304,-1739,531,4256,-141,352,743
80.95085,148,1304,-1739,532,4273,-141,352,744
80.95135,148,1304,-1739,531,4304,-141,352,744
80.95185,148,1304,-1740,531,4306,-141,352,744
80.95235,148,1304,-1740,531,4301,-141,352,744
80.95285,147,1304,-1739,531,4274,-141,352,743
80.95335,147,1304,-1739,531,4252,-141,353,743
80.95385,148,1304,-1739,531,4246,-141,352,743
80.95435,148,1304,-1739,532,4248,-141,352,743
80.95485,148,1304,-1739,532,4256,-141,352,744
80.95535,148,1304,-1740,533,4262,-141,352,744
80.95585,148,1304,-1740,532,4269,-141,352,744
80.95635,147,1303,-1740,532,4271,-141,352,743
80.95685,148,1304,-1740,532,4270,-141,352,743
80.95735,148,1304,-1740,532,4265,-141,352,743
80.95785,148,1304,-1739,532,4261,-141,352,743
80.95835,147,1303,-1739,532,4262,-141,352,743
80.95885,148,1304,-1739,532,4265,-141,352,744
80.95935,148,1303,-1740,532,4265,-141,352,744
80.95985,148,1304,-1739,532,4269,-141,352,744
80.96045,148,1304,-1739,532,4268,-141,352,743
80.96095,148,1304,-1738,532,4289,-141,352,744
80.96145,148,1304,-1739,532,4310,-141,352,744
80.96195,148,1304,-1739,532,4308,-141,352,743
80.96245,148,1304,-1739,531,4296,-141,352,743
80.96295,148,1304,-1739,531,4263,-141,352,743
80.96345,148,1304,-1739,531,4238,-141,352,743
80.96395,148,1304,-1739,531,4237,-141,352,743
80.96445,148,1304,-1739,531,4243,-141,352,743
80.96495,148,1304,-1739,531,4249,-141,352,743
80.96545,148,1304,-1739,531,4254,-141,352,743
80.96595,148,1304,-1739,531,4254,-141,352,743
80.96645,147,1304,-1739,531,4254,-141,352,744
80.96695,148,1304,-1740,532,4260,-141,352,744
80.96745,148,1304,-1740,532,4269,-141,352,744
80.96795,148,1304,-1740,532,4271,-141,352,743
80.96845,148,1304,-1741,532,4269,-141,352,744
80.96895,148,1304,-1741,532,4262,-141,352,743
80.96945,148,1304,-1740,532,4263,-141,352,744
80.96995,148,1304,-1739,532,4262,-141,352,743
80.97045,148,1304,-1739,531,4263,-141,352,743
80.97095,148,1304,-1738,532,4281,-141,352,744
80.97145,148,1304,-1739,532,4306,-141,352,743
80.97195,147,1304,-1739,532,4307,-141,352,744
80.97245,148,1304,-1739,532,4298,-141,352,743
80.972946,147,1304,-1739,531,4273,-141,352,744
80.97345,148,1304,-1739,531,4252,-141,352,743
80.97395,148,1304,-1739,531,4250,-141,352,743
80.97445,148,1304,-1739,531,4246,-141,352,743
80.97495,147,1304,-1739,531,4253,-141,352,743
80.97545,148,1304,-1739,531,4258,-141,352,744
80.97595,148,1304,-1739,532,4260,-141,352,744
80.97645,148,1304,-1739,531,4265,-141,352,744
80.97695,148,1304,-1739,532,4266,-141,352,743
80.97745,148,1304,-1739,531,4265,-141,352,743
80.97795,148,1304,-1739,531,4259,-141,352,743
80.97845,147,1304,-1739,532,4258,-141,352,744
80.97895,148,1304,-1739,532,4259,-141,352,744
80.97945,148,1304,-1740,532,4262,-141,352,743
80.97995,147,1304,-1740,532,4261,-141,352,744
80.98045,148,1304,-1739,533,4255,-141,352,743
80.98095,148,1304,-1739,533,4286,-141,352,744
80.98145,148,1304,-1739,532,4303,-141,352,743
80.98195,148,1304,-1739,532,4298,-141,352,744
80.98245,148,1304,-1739,531,4284,-142,352,743
80.98295,148,1304,-1739,531,4257,-141,352,743
80.98345,148,1304,-1739,531,4239,-141,352,743
80.98395,148,1304,-1739,531,4239,-142,352,743
80.98445,148,1304,-1739,531,4245,-141,352,744
80.98495,148,1304,-1739,532,4254,-141,352,743
80.98545,148,1304,-1739,531,4262,-141,352,743
80.98595,148,1304,-1739,531,4259,-141,352,744
80.98645,147,1304,-1739,531,4260,-141,352,744
80.98695,148,1304,-1739,531,4266,-141,352,744
80.98745,148,1304,-1739,532,4268,-141,352,744
80.98795,148,1304,-1739,532,4268,-141,352,743
80.98845,147,1304,-1739,532,4269,-141,352,744
80.98895,147,1304,-1739,533,4263,-141,352,743
80.98945,148,1304,-1739,532,4263,-141,352,743
80.98995,148,1304,-1740,532,4261,-141,352,744
80.99045,148,1304,-1739,532,4260,-141,352,743
80.99095,148,1304,-1740,533,4293,-141,352,743
80.99145,147,1304,-1740,533,4304,-141,352,743
80.99195,147,1304,-1740,533,4295,-141,352,743
80.99245,147,1304,-1739,532,4284,-141,352,744
80.99295,147,1304,-1739,531,4255,-141,352,743
80.99345,147,1304,-1739,530,4246,-141,352,743
80.99395,148,1304,-1739,530,4243,-141,352,744
80.99445,147,1304,-1739,531,4247,-141,352,743
80.99495,148,1304,-1739,531,4257,-141,352,743
80.99545,147,1304,-1740,531,4255,-141,352,743
80.99595,148,1304,-1739,531,4253,-141,352,744
80.99645,147,1304,-1739,531,4254,-141,352,744
80.99695,148,1304,-1739,531,4259,-141,352,743
80.99745,148,1304,-1739,531,4259,-141,352,744
80.99795,148,1304,-1739,531,4252,-141,352,744
80.99845,147,1304,-1739,531,4255,-141,352,744
80.99895,148,1304,-1738,531,4260,-141,352,744
80.99945,148,1304,-1738,531,4260,-142,352,743
80.99995,148,1304,-1738,531,4260,-141,352,743
81.00045,148,1304,-1738,531,4257,-141,352,743
81.00095,147,1304,-1739,532,4292,-141,352,744
81.00145,148,1304,-1739,531,4306,-141,352,743
81.00195,147,1304,-1739,532,4303,-141,352,743
81.00245,147,1304,-1740,531,4283,-141,352,743
81.00295,148,1304,-1740,531,4251,-141,353,743
81.00345,148,1304,-1739,531,4241,-141,352,744
81.00395,148,1304,-1740,532,4245,-141,352,743
81.00445,148,1304,-1739,532,4257,-141,352,744
81.00495,148,1304,-1739,531,4262,-141,352,743
81.00545,148,1304,-1739,531,4266,-141,352,743
81.00595,148,1304,-1739,532,4261,-141,352,744
81.00645,148,1304,-1740,532,4261,-141,352,743
81.00695,148,1304,-1739,531,4269,-141,352,744
81.00745,148,1304,-1739,532,4268,-141,352,744
81.00795,148,1304,-1739,532,4270,-141,352,744
81.00845,148,1304,-1739,532,4270,-141,352,744
81.00895,148,1304,-1739,532,4266,-141,352,744
81.00945,147,1304,-1739,532,4262,-141,352,744
81.00995,147,1304,-1739,532,4261,-141,352,744
81.01045,148,1304,-1739,532,4264,-141,352,743
81.01095,148,1304,-1739,533,4295,-141,352,744
81.01145,148,1304,-1739,532,4297,-141,352,744
81.01195,148,1304,-1739,532,4293,-141,352,744
81.01245,147,1304,-1739,531,4280,-141,352,743
81.01295,147,1304,-1739,531,4249,-141,352,743
81.01345,147,1304,-1739,531,4235,-141,352,744
81.01395,148,1304,-1738,531,4233,-141,352,743
81.01445,148,1304,-1738,531,4243,-141,352,743
81.01495,147,1304,-1738,530,4248,-141,352,744
81.01545,148,1304,-1738,531,4251,-141,352,743
81.01595,148,1304,-1738,531,4257,-141,352,744
81.01645,147,1304,-1738,531,4256,-141,352,743
81.01695,147,1304,-1739,531,4261,-141,352,743
81.01745,148,1304,-1739,531,4259,-141,352,744
81.01795,147,1304,-1740,531,4260,-141,352,744
81.01845,148,1304,-1740,532,4266,-141,352,744
81.01895,147,1304,-1740,531,4267,-141,352,744
81.01945,148,1304,-1740,531,4266,-141,352,744
81.01995,148,1304,-1739,531,4266,-141,352,744
81.02045,147,1304,-1739,532,4272,-141,351,743
81.02095,148,1304,-1739,532,4308,-141,351,744
81.02145,148,1304,-1739,531,4310,-141,352,744
81.02205,148,1304,-1739,531,4306,-141,352,743
81.02255,148,1304,-1740,532,4286,-141,353,743
81.02305,148,1304,-1740,531,4252,-141,352,744
81.02355,148,1304,-1739,531,4244,-141,352,743
81.02405,147,1304,-1739,532,4250,-141,352,744
81.02455,148,1304,-1739,531,4255,-141,352,743
81.02505,147,1304,-1739,531,4263,-141,352,744
81.02555,148,1304,-1739,531,4262,-141,352,743
81.02605,148,1304,-1739,532,4264,-141,352,744
81.02655,148,1304,-1739,532,4262,-141,352,744
81.02705,148,1304,-1739,532,4265,-141,352,744
81.02755,147,1304,-1739,532,4266,-141,352,743
81.02805,148,1304,-1739,532,4265,-141,352,744
81.02855,148,1304,-1739,533,4260,-141,352,744
81.02905,148,1304,-1739,533,4260,-141,352,744
81.02955,148,1304,-1739,533,4259,-141,352,743
81.03005,148,1304,-1740,533,4256,-141,352,743
81.03055,147,1304,-1740,533,4258,-141,352,744
81.03105,148,1304,-1739,533,4290,-141,352,744
81.03155,147,1304,-1739,533,4297,-141,352,743
81.03205,148,1304,-1739,532,4291,-141,352,743
81.03255,147,1304,-1739,531,4267,-141,352,744
81.03305,148,1304,-1739,530,4241,-141,352,743
81.03355,148,1304,-1739,530,4240,-141,352,744
81.03405,148,1304,-1739,530,4243,-141,352,743
81.03455,148,1304,-1740,530,4250,-141,352,743
81.03505,148,1304,-1739,530,4253,-141,352,744
81.03555,148,1304,-1739,530,4256,-141,352,743
81.03605,147,1304,-1739,531,4261,-141,352,744
81.03655,147,1304,-1739,531,4260,-141,353,743
81.03705,148,1304,-1740,532,4264,-141,352,743
81.03755,148,1304,-1740,532,4260,-141,352,744
81.03805,148,1304,-1739,533,4258,-141,352,744
81.03855,147,1304,-1739,532,4265,-141,352,744
81.03905,148,1304,-1739,532,4270,-141,352,743
81.03955,148,1304,-1739,532,4268,-141,352,743
81.04005,148,1304,-1739,532,4262,-141,352,743
81.04055,148,1304,-1739,532,4271,-141,352,743
81.04105,148,1304,-1739,532,4305,-141,351,744
81.04155,148,1304,-1739,532,4306,-141,352,743
81.04205,148,1304,-1739,532,4299,-141,352,743
81.04255,148,1304,-1739,532,4271,-141,353,743
81.04305,148,1304,-1739,532,4243,-141,352,743
81.04355,148,1304,-1739,532,4238,-141,352,743
81.04405,148,1304,-1739,531,4241,-141,352,743
81.04455,148,1304,-1739,531,4247,-141,352,743
81.04505,148,1304,-1739,530,4252,-141,352,743
81.04555,147,1304,-1739,531,4251,-141,352,743
81.04605,147,1304,-1739,531,4248,-141,352,743
81.04655,148,1304,-1739,531,4249,-141,352,743
81.04705,148,1304,-1739,530,4252,-141,352,743
81.04755,148,1304,-1739,530,4252,-141,352,744
81.04805,148,1304,-1739,530,4253,-141,352,743
81.04855,148,1304,-1739,531,4257,-141,352,743
81.04905,148,1304,-1739,531,4251,-141,352,743
81.04955,148,1304,-1739,531,4248,-141,352,743
81.05005,147,1304,-1739,531,4248,-141,352,743
81.05055,148,1304,-1739,532,4261,-141,352,743
81.05105,147,1304,-1739,531,4293,-141,352,744
81.05155,148,1304,-1739,531,4293,-141,352,743
81.05205,148,1304,-1739,531,4289,-141,352,743
81.05255,147,1304,-1739,531,4265,-141,352,743
81.05305,148,1304,-1739,532,4239,-141,352,743
81.05355,147,1304,-1739,531,4235,-141,352,743
81.05405,147,1304,-1739,531,4235,-141,352,744
81.05455,148,1304,-1739,531,4244,-141,352,744
81.05505,148,1304,-1740,531,4255,-141,352,744
81.05555,147,1304,-1739,531,4259,-141,352,743
81.05605,147,1304,-1739,531,4260,-141,352,744
81.05655,147,1304,-1740,531,4256,-141,352,743
81.05705,148,1304,-1740,531,4259,-141,352,744
81.05755,147,1304,-1740,531,4255,-141,352,743
81.05805,148,1304,-1740,532,4257,-141,352,744
81.05855,148,1304,-1740,532,4254,-141,352,743
81.05905,148,1304,-1740,533,4255,-141,352,743
81.05955,148,1304,-1740,533,4250,-141,352,743
81.06005,148,1304,-1740,533,4246,-141,352,743
81.06055,148,1304,-1740,534,4262,-141,352,744
81.06105,148,1304,-1740,533,4295,-141,352,744
81.06155,148,1304,-1740,533,4298,-141,352,743
81.06205,147,1304,-1740,533,4289,-141,353,743
81.06255,148,1304,-1740,532,4253,-141,352,743
81.06305,148,1304,-1739,531,4227,-141,352,743
81.06355,147,1304,-1739,529,4223,-142,352,743
81.06405,148,1304,-1739,529,4226,-141,352,743
81.06455,148,1304,-1739,530,4235,-141,352,743
81.06505,148,1304,-1740,530,4240,-141,352,744
81.06555,148,1304,-1740,531,4242,-141,352,743
81.06605,147,1304,-1739,531,4248,-142,352,743
81.06655,148,1304,-1739,531,4246,-141,352,744
81.06705,148,1304,-1739,531,4246,-141,352,743
81.06755,147,1304,-1738,531,4252,-141,352,743
81.06805,147,1304,-1738,531,4249,-141,353,744
81.06855,147,1304,-1739,531,4248,-141,352,743
81.06905,147,1304,-1738,531,4250,-141,353,743
81.06955,148,1304,-1739,531,4244,-141,352,744
81.07005,147,1304,-1739,531,4243,-141,352,743
81.07055,148,1304,-1739,531,4263,-141,352,743
81.07105,148,1304,-1739,531,4290,-141,352,743
81.07155,148,1304,-1739,531,4287,-141,352,743
81.07205,148,1304,-1739,531,4281,-141,352,743
81.07255,147,1304,-1739,530,4258,-141,353,743
81.07305,148,1304,-1739,531,4235,-141,352,743
81.07355,148,1304,-1739,531,4232,-142,352,744
81.07405,148,1304,-1739,531,4236,-141,352,743
81.07455,148,1304,-1739,531,4246,-141,352,743
81.07505,148,1304,-1739,531,4245,-141,352,744
81.07555,147,1304,-1739,531,4244,-142,352,743
81.07605,148,1304,-1739,532,4248,-141,352,743
81.07655,147,1304,-1739,531,4245,-141,352,743
81.07705,148,1304,-1739,531,4244,-141,352,743
81.07755,148,1304,-1739,531,4243,-141,352,744
81.07805,147,1304,-1739,531,4243,-142,352,743
81.07855,148,1304,-1739,531,4249,-141,352,743
81.07905,147,1304,-1740,531,4247,-141,352,743
81.07955,147,1304,-1739,531,4243,-141,352,743
81.08005,148,1304,-1739,532,4241,-141,352,743
81.08055,148,1304,-1739,532,4258,-141,352,744
81.08105,148,1304,-1739,531,4288,-142,352,744
81.08155,148,1304,-1739,531,4290,-141,352,743
81.08205,148,1304,-1740,531,4280,-142,352,743
81.08255,148,1304,-1740,531,4246,-142,352,743
81.08305,147,1304,-1740,531,4223,-141,352,743
81.08365,147,1304,-1740,532,4221,-141,352,744
81.08415,147,1304,-1740,532,4228,-141,352,743
81.08465,148,1304,-1740,532,4240,-141,352,744
81.08515,147,1304,-1739,532,4242,-141,352,743
81.08565,147,1304,-1739,532,4243,-142,352,744
81.08615,147,1304,-1739,531,4240,-142,352,743
81.08665,147,1304,-1739,531,4247,-141,352,743
81.08715,147,1304,-1739,531,4247,-142,352,743
81.08765,148,1304,-1739,531,4247,-141,352,743
81.08815,147,1304,-1739,532,4249,-142,352,743
81.08865,147,1304,-1739,532,4250,-141,352,743
81.08915,148,1304,-1739,531,4249,-142,352,744
81.08965,147,1304,-1739,531,4247,-142,352,744
81.09015,148,1304,-1739,531,4251,-142,352,743
81.09065,147,1304,-1739,532,4274,-141,352,744
81.09115,148,1304,-1739,531,4291,-141,352,744
81.09165,148,1304,-1739,531,4288,-142,352,743
81.09215,147,1304,-1739,531,4277,-141,352,744
81.09265,148,1304,-1739,531,4246,-142,352,743
81.09315,148,1304,-1739,531,4227,-142,352,743
81.09365,147,1304,-1739,531,4220,-142,352,743
81.09415,148,1304,-1739,531,4220,-141,352,743
81.09465,147,1304,-1739,531,4229,-141,352,743
81.095146,148,1304,-1739,532,4237,-142,352,743
81.09565,148,1304,-1739,532,4238,-142,352,743
81.09615,148,1304,-1739,531,4238,-141,353,743
81.09665,148,1304,-1739,532,4238,-141,352,743
81.09715,148,1304,-1739,532,4238,-141,352,743
81.09765,147,1304,-1740,532,4239,-141,352,743
81.09815,148,1304,-1740,531,4239,-141,352,743
81.09865,147,1304,-1740,531,4240,-142,352,743
81.09915,147,1304,-1740,531,4240,-141,352,744
81.09965,148,1304,-1740,531,4240,-141,352,743
81.10015,148,1304,-1740,531,4244,-141,352,743
81.10065,148,1304,-1739,532,4267,-141,351,744
81.10115,148,1304,-1739,531,4290,-141,352,743
81.10165,147,1304,-1738,531,4290,-141,351,743
81.10215,147,1304,-1738,531,4275,-142,352,743
81.10265,148,1304,-1738,531,4241,-141,352,743
81.10315,147,1304,-1739,531,4225,-141,353,743
81.10365,147,1304,-1739,531,4225,-141,353,743
81.10415,147,1304,-1739,531,4230,-141,352,743
81.10465,147,1304,-1739,531,4241,-141,352,743
81.10515,147,1304,-1739,531,4248,-142,352,743
81.10565,147,1304,-1740,531,4250,-141,352,743
81.10615,147,1304,-1739,532,4250,-142,352,744
81.10665,148,1304,-1740,532,4251,-142,352,744
81.10715,147,1304,-1740,532,4257,-141,352,744
81.10765,148,1304,-1740,533,4257,-141,352,744
81.10815,148,1304,-1741,532,4256,-141,352,744
81.10865,147,1304,-1741,532,4254,-142,352,744
81.10915,148,1304,-1741,533,4250,-142,352,744
81.10965,147,1304,-1741,533,4247,-142,352,744
81.11015,147,1304,-1740,533,4245,-141,352,744
81.11065,148,1304,-1740,532,4273,-141,352,744
81.11115,148,1304,-1738,531,4291,-141,352,744
81.11165,147,1304,-1738,531,4283,-142,352,744
81.11215,148,1304,-1738,531,4271,-141,352,744
81.11265,148,1304,-1738,530,4241,-142,352,744
81.11315,147,1304,-1739,530,4225,-141,352,744
81.11365,148,1304,-1739,531,4226,-141,352,744
81.11415,148,1304,-1740,531,4230,-141,352,744
81.11465,148,1304,-1740,531,4237,-141,352,744
81.11515,148,1304,-1740,531,4241,-142,352,743
81.11565,148,1304,-1739,531,4242,-141,352,744
81.11615,148,1304,-1739,531,4241,-141,352,744
81.11665,148,1304,-1738,531,4246,-142,352,743
81.11715,148,1304,-1738,531,4250,-142,352,744
81.11765,148,1304,-1739,531,4244,-142,352,744
81.11815,147,1304,-1739,532,4248,-141,352,744
81.11865,147,1304,-1739,531,4255,-141,352,744
81.11915,147,1304,-1738,531,4256,-142,352,744
81.11965,148,1304,-1739,531,4255,-141,352,744
81.12015,148,1304,-1739,531,4254,-141,352,744
81.12065,147,1304,-1740,532,4287,-141,351,744
81.12115,148,1304,-1740,532,4305,-141,352,744
81.12165,147,1304,-1740,532,4300,-141,352,744
81.12215,147,1304,-1740,531,4285,-142,352,744
81.12265,148,1304,-1740,531,4254,-142,352,744
81.12315,148,1304,-1740,532,4241,-141,352,744
81.12365,147,1304,-1740,532,4241,-141,352,744
81.12415,148,1304,-1740,532,4247,-141,352,744
81.12465,148,1304,-1740,532,4254,-142,352,744
81.12515,148,1304,-1740,532,4255,-142,352,744
81.12565,147,1304,-1739,531,4253,-141,352,744
81.12615,148,1304,-1740,531,4252,-141,352,744
81.12665,148,1304,-1739,531,4256,-141,352,744
81.12715,148,1304,-1740,531,4259,-141,352,743
81.12765,148,1304,-1740,531,4258,-141,352,744
81.12815,148,1304,-1740,531,4254,-141,352,744
81.12865,148,1304,-1740,531,4257,-141,352,744
81.12915,148,1304,-1739,531,4257,-141,352,743
81.12965,147,1304,-1739,531,4252,-141,352,744
81.13015,148,1304,-1739,532,4249,-141,352,744
81.13065,148,1304,-1739,532,4287,-141,352,744
81.13115,147,1304,-1739,531,4296,-142,352,744
81.13165,148,1304,-1739,531,4290,-141,352,744
81.13215,147,1304,-1740,531,4274,-141,352,744
81.13265,148,1304,-1739,531,4246,-141,352,743
81.13315,148,1304,-1740,531,4237,-141,353,744
81.13365,147,1304,-1740,532,4235,-141,352,743
81.13415,148,1304,-1740,531,4242,-141,352,744
81.13465,148,1304,-1741,531,4251,-141,352,744
81.13515,147,1304,-1741,532,4260,-142,352,744
81.13565,148,1304,-1741,532,4264,-141,352,744
81.13615,148,1304,-1741,532,4265,-141,352,743
81.13665,148,1304,-1741,532,4265,-141,352,744
81.13715,147,1304,-1740,531,4263,-141,352,744
81.13765,147,1304,-1740,532,4267,-142,352,744
81.13815,147,1304,-1739,531,4271,-142,352,744
81.13865,147,1304,-1739,531,4272,-141,352,744
81.13915,148,1304,-1738,531,4272,-141,352,744
81.13965,147,1304,-1738,530,4270,-141,352,743
81.14015,147,1304,-1738,530,4273,-141,351,744
81.14065,148,1304,-1738,530,4306,-141,351,744
81.14115,148,1304,-1739,530,4316,-142,352,744
81.14165,147,1304,-1739,530,4310,-141,351,743
81.14215,147,1304,-1739,531,4291,-141,352,743
81.14265,147,1304,-1739,531,4250,-141,352,744
81.14315,148,1304,-1739,531,4240,-141,352,744
81.14365,148,1304,-1739,531,4248,-141,352,744
81.14415,147,1304,-1739,531,4254,-141,352,743
81.14475,147,1304,-1739,531,4262,-141,352,744
81.14525,147,1304,-1739,531,4263,-141,352,744
81.14575,148,1304,-1739,531,4267,-141,352,744
81.14625,147,1304,-1739,531,4268,-141,352,744
81.14675,148,1304,-1739,531,4267,-141,352,744
81.14725,148,1304,-1739,532,4266,-141,352,743
81.14775,147,1304,-1739,532,4266,-141,352,744
81.14825,148,1304,-1739,532,4262,-141,352,744
81.14875,147,1304,-1739,532,4266,-141,352,744
81.14925,148,1304,-1739,531,4266,-141,352,744
81.14975,147,1304,-1740,532,4263,-141,352,744
81.15025,147,1304,-1740,532,4270,-141,352,744
81.15075,148,1304,-1740,532,4308,-140,352,744
81.15125,148,1304,-1741,531,4311,-141,352,744
81.15175,148,1304,-1740,531,4303,-141,352,743
81.15225,148,1304,-1740,531,4283,-141,352,743
81.15275,147,1304,-1740,531,4250,-141,352,743
81.15325,147,1304,-1739,531,4244,-141,352,743
81.15375,147,1304,-1739,531,4250,-141,352,743
81.15425,148,1304,-1739,531,4257,-141,352,744
81.15475,147,1304,-1739,531,4266,-141,352,744
81.15525,148,1304,-1738,531,4276,-141,352,744
81.15575,148,1304,-1739,531,4279,-141,352,744
81.15625,148,1304,-1739,531,4279,-141,352,744
81.15675,147,1304,-1740,531,4279,-141,352,744
81.15725,147,1304,-1740,531,4278,-141,352,744
81.15775,147,1304,-1741,531,4275,-141,352,744
81.15825,147,1304,-1741,532,4275,-141,352,744
81.15875,147,1304,-1742,532,4277,-141,352,744
81.15925,148,1304,-1741,532,4276,-141,351,744
81.15975,147,1304,-1740,532,4274,-141,352,744
81.16025,148,1304,-1740,532,4280,-141,352,744
81.16075,147,1304,-1739,532,4316,-141,352,744
81.16125,148,1304,-1738,531,4318,-141,352,744
81.16175,147,1304,-1738,531,4310,-141,352,744
81.16225,147,1304,-1738,530,4285,-141,352,743
81.16275,147,1305,-1739,530,4253,-141,352,744
81.16325,148,1304,-1739,530,4244,-141,352,744
81.16375,147,1305,-1739,531,4249,-141,352,744
81.16425,148,1304,-1739,531,4258,-141,352,744
81.16475,147,1304,-1740,532,4264,-141,352,744
81.16525,147,1304,-1740,532,4263,-141,352,744
81.16575,148,1304,-1740,532,4262,-141,352,743
81.16625,147,1304,-1740,532,4265,-141,352,744
81.16675,147,1304,-1739,532,4266,-141,352,743
81.16725,147,1304,-1740,532,4272,-141,352,744
81.16775,147,1304,-1740,532,4270,-141,352,744
81.16825,147,1304,-1740,532,4275,-141,352,744
81.16875,147,1304,-1739,531,4277,-140,352,743
81.16925,147,1304,-1739,531,4275,-141,352,744
81.16975,147,1304,-1739,531,4267,-141,352,744
81.17025,147,1304,-1739,531,4281,-141,351,744
81.17075,148,1304,-1739,531,4319,-141,352,744
81.17125,147,1304,-1739,530,4317,-141,352,744
81.17175,147,1304,-1739,531,4309,-141,352,744
81.17225,147,1304,-1740,531,4285,-141,352,744
81.17275,147,1304,-1739,531,4260,-141,352,744
81.17325,147,1304,-1740,532,4256,-141,352,744
81.17375,147,1304,-1739,532,4259,-141,352,744
81.17425,147,1304,-1739,532,4266,-141,352,744
81.17475,147,1304,-1739,532,4272,-141,352,743
81.17525,147,1304,-1739,532,4272,-141,352,744
81.17575,148,1304,-1739,532,4267,-141,352,744
81.17625,147,1304,-1740,531,4271,-141,352,744
81.17675,147,1304,-1739,531,4273,-141,352,744
81.17725,148,1304,-1739,531,4273,-141,352,744
81.17775,147,1304,-1740,530,4273,-141,352,743
81.17825,147,1304,-1740,530,4272,-141,352,743
81.17875,148,1304,-1740,530,4267,-141,352,744
81.17925,148,1304,-1740,530,4266,-141,351,743
81.17975,148,1304,-1739,530,4268,-141,352,744
81.18025,148,1304,-1739,530,4275,-141,352,744
81.18075,148,1304,-1739,531,4312,-141,351,744
81.18125,148,1304,-1740,532,4314,-141,352,744
81.18175,147,1304,-1740,533,4306,-141,352,744
81.18225,147,1304,-1740,533,4282,-141,353,744
81.18275,147,1304,-1740,532,4252,-141,352,743
81.18325,147,1304,-1740,532,4244,-140,353,743
81.18375,147,1304,-1739,532,4246,-141,352,744
81.18425,147,1304,-1740,532,4252,-141,352,743
81.18475,148,1304,-1739,531,4265,-141,352,744
81.18525,148,1304,-1739,531,4267,-141,352,744
81.18575,148,1304,-1739,531,4272,-141,352,744
81.18625,148,1304,-1739,531,4274,-141,352,744
81.18675,147,1304,-1739,531,4275,-141,352,743
81.18725,148,1304,-1739,531,4275,-140,352,744
81.18775,148,1304,-1739,531,4273,-141,352,743
81.18825,147,1304,-1739,531,4277,-141,352,744
81.18875,148,1304,-1740,532,4275,-141,352,744
81.18925,147,1304,-1739,532,4276,-141,352,743
81.18975,148,1304,-1740,533,4273,-141,352,744
81.19025,147,1304,-1740,533,4281,-141,352,744
81.19075,147,1304,-1740,533,4318,-141,352,744
81.19125,148,1304,-1740,533,4315,-141,352,744
81.19175,148,1304,-1740,532,4304,-141,352,744
81.19225,148,1304,-1740,532,4276,-141,352,743
81.19275,148,1304,-1740,532,4249,-141,352,744
81.19325,148,1304,-1740,532,4244,-141,352,743
81.19375,148,1304,-1739,532,4252,-141,352,744
81.19425,148,1304,-1740,531,4257,-141,352,744
81.19475,148,1304,-1739,530,4264,-141,352,744
81.19525,148,1304,-1739,530,4266,-141,352,744
81.19575,148,1304,-1739,530,4267,-141,352,744
81.19625,148,1304,-1739,530,4265,-141,352,744
81.19675,147,1304,-1739,531,4264,-141,352,744
81.19725,148,1304,-1739,531,4262,-141,352,744
81.19775,147,1304,-1739,531,4259,-141,353,744
81.19825,148,1304,-1740,531,4262,-140,352,744
81.19875,148,1304,-1740,532,4265,-141,352,743
81.19925,147,1304,-1741,531,4265,-141,352,744
81.19975,147,1304,-1741,531,4259,-141,352,744
81.20025,148,1304,-1740,532,4278,-141,352,744
81.20075,148,1304,-1741,532,4313,-141,352,744
81.20125,148,1304,-1740,532,4312,-141,352,744
81.20175,147,1304,-1740,532,4305,-141,352,744
81.20225,147,1304,-1739,531,4276,-141,353,743
81.20275,148,1304,-1740,531,4248,-141,353,744
81.20325,147,1304,-1740,531,4243,-141,352,744
81.20375,147,1304,-1740,531,4251,-141,352,744
81.20425,147,1304,-1739,531,4261,-141,352,744
81.20475,147,1304,-1739,531,4269,-141,352,744
81.20525,148,1304,-1739,531,4269,-141,352,744
81.20575,147,1304,-1738,531,4268,-141,352,744
81.20635,148,1304,-1739,532,4271,-141,352,744
81.20685,148,1304,-1739,532,4274,-141,352,744
81.20735,148,1304,-1739,532,4274,-141,352,744
81.20785,148,1304,-1739,532,4274,-141,352,744
81.20835,148,1304,-1740,532,4273,-141,352,744
81.20885,148,1304,-1740,531,4271,-141,352,744
81.20935,147,1304,-1740,531,4268,-141,352,744
81.20985,147,1304,-1740,531,4263,-141,352,744
81.21035,148,1304,-1740,532,4280,-140,352,744
81.21085,148,1304,-1740,533,4311,-141,352,744
81.21135,147,1304,-1739,533,4304,-141,352,744
81.21185,148,1304,-1739,533,4293,-141,352,744
81.21235,147,1304,-1740,532,4265,-141,352,743
81.21285,148,1304,-1740,533,4242,-140,352,744
81.21335,148,1304,-1740,533,4235,-141,352,744
81.21385,148,1304,-1740,532,4242,-141,352,743
81.21435,148,1304,-1740,531,4251,-140,352,744
81.21485,147,1304,-1740,531,4253,-141,352,744
81.21535,148,1304,-1740,531,4259,-141,352,744
81.21585,147,1304,-1741,532,4263,-141,352,744
81.21635,147,1304,-1740,533,4264,-141,352,744
81.21685,148,1304,-1739,533,4265,-141,352,744
81.21735,148,1304,-1739,533,4266,-141,352,744
81.21785,148,1304,-1739,533,4268,-141,352,744
81.21835,148,1304,-1739,533,4268,-141,352,744
81.21885,148,1304,-1739,532,4269,-141,352,744
81.21935,148,1304,-1739,531,4269,-141,352,744
81.21985,147,1304,-1739,531,4267,-141,352,744
81.22035,147,1304,-1739,531,4288,-141,352,744
81.22085,147,1304,-1739,531,4317,-141,352,744
81.22135,148,1304,-1739,530,4314,-141,352,744
81.22185,147,1304,-1739,530,4306,-141,352,744
81.22235,147,1304,-1739,530,4278,-141,353,743
81.22285,147,1304,-1739,530,4252,-141,352,743
81.22335,147,1304,-1739,531,4244,-141,352,744
81.22385,147,1304,-1739,531,4249,-141,352,744
81.22435,148,1304,-1739,531,4260,-141,352,744
81.22485,148,1304,-1739,531,4269,-141,352,744
81.22535,148,1304,-1739,531,4271,-141,352,744
81.22585,148,1304,-1739,531,4270,-141,352,744
81.22635,148,1304,-1739,532,4270,-141,352,744
81.22685,147,1304,-1739,531,4269,-141,352,744
81.22735,147,1304,-1739,531,4269,-141,352,744
81.22785,148,1304,-1740,532,4269,-141,352,744
81.22835,147,1304,-1740,531,4268,-141,353,744
81.22885,147,1304,-1740,532,4267,-141,352,744
81.22935,148,1304,-1740,532,4263,-141,352,744
81.22985,148,1304,-1740,532,4258,-141,352,744
81.23035,148,1304,-1739,532,4282,-141,351,744
81.23085,148,1303,-1739,531,4307,-141,352,744
81.23135,148,1304,-1739,531,4298,-141,351,744
81.23185,148,1304,-1739,531,4287,-141,351,743
81.23235,148,1304,-1739,531,4255,-141,352,744
81.23285,148,1304,-1739,532,4234,-141,352,744
81.23335,148,1304,-1740,532,4241,-141,352,744
81.23385,147,1304,-1740,533,4250,-141,353,744
81.23435,148,1304,-1740,533,4258,-141,352,744
81.23485,147,1304,-1740,533,4262,-141,352,744
81.23535,148,1304,-1740,533,4263,-141,352,744
81.23585,148,1304,-1740,532,4264,-141,352,744
81.23635,147,1304,-1739,532,4266,-141,352,744
81.23685,147,1304,-1739,531,4267,-141,352,744
81.23735,148,1304,-1739,530,4265,-141,352,744
81.23785,148,1304,-1739,530,4265,-141,352,744
81.23835,148,1304,-1739,530,4270,-141,352,744
81.23885,147,1304,-1739,531,4273,-141,352,744
81.23935,147,1304,-1739,532,4273,-141,352,744
81.23985,148,1304,-1740,532,4270,-141,352,743
81.24035,148,1304,-1740,532,4296,-141,352,744
81.24085,148,1304,-1740,531,4314,-141,352,744
81.24135,148,1304,-1739,531,4312,-141,352,744
81.24185,147,1304,-1739,531,4301,-141,352,743
81.24235,148,1304,-1740,531,4265,-141,353,744
81.24285,147,1304,-1739,531,4240,-141,352,744
81.24335,148,1304,-1740,531,4245,-141,352,744
81.24385,148,1304,-1740,531,4251,-141,352,744
81.24435,147,1304,-1740,531,4258,-141,352,744
81.24485,148,1304,-1740,531,4262,-141,352,744
81.24535,148,1304,-1740,532,4260,-141,352,744
81.24585,147,1304,-1741,532,4259,-141,352,744
81.24635,147,1304,-1741,532,4261,-141,352,744
81.24685,147,1304,-1741,532,4262,-141,353,744
81.24735,148,1304,-1741,532,4261,-141,352,744
81.24785,148,1304,-1741,532,4261,-141,352,744
81.24835,148,1304,-1740,532,4261,-141,352,744
81.24885,148,1304,-1739,532,4261,-141,352,743
81.24935,148,1304,-1738,532,4258,-141,352,744
81.24985,148,1304,-1738,531,4251,-141,352,744
81.25035,148,1304,-1738,532,4286,-141,351,744
81.25085,147,1304,-1739,531,4307,-141,352,744
81.25135,147,1304,-1739,531,4299,-141,351,744
81.25185,147,1304,-1739,531,4284,-141,352,744
81.25235,148,1304,-1739,531,4251,-141,352,744
81.25285,147,1304,-1739,531,4238,-142,352,744
81.25335,147,1304,-1739,531,4240,-141,352,744
81.25385,147,1304,-1739,531,4246,-141,352,744
81.25435,148,1304,-1740,531,4256,-141,352,744
81.25485,148,1304,-1739,531,4262,-141,352,744
81.25535,148,1304,-1740,532,4263,-141,352,744
81.25585,148,1304,-1739,532,4265,-141,352,744
81.25635,148,1304,-1739,532,4265,-141,352,744
81.25685,148,1304,-1739,532,4265,-142,352,744
81.25735,148,1305,-1740,532,4265,-141,352,744
81.25785,148,1304,-1739,532,4264,-142,352,744
81.25835,147,1304,-1740,532,4263,-141,352,744
81.25885,148,1304,-1739,532,4262,-141,352,744
81.25935,147,1304,-1739,532,4261,-141,352,744
81.25985,147,1304,-1739,531,4259,-141,352,744
81.26035,148,1305,-1739,532,4291,-141,352,744
81.26085,148,1304,-1739,532,4303,-141,352,744
81.26135,147,1304,-1739,532,4296,-142,352,744
81.26185,148,1304,-1740,531,4281,-141,352,744
81.26235,148,1304,-1739,531,4247,-142,352,743
81.26285,148,1304,-1739,532,4229,-141,353,744
81.26335,148,1304,-1740,532,4225,-141,352,744
81.26385,148,1304,-1740,532,4235,-141,352,744
81.26435,148,1304,-1740,532,4243,-141,352,743
81.26485,148,1304,-1740,532,4249,-141,352,744
81.26535,148,1304,-1739,531,4247,-141,352,744
81.26585,148,1304,-1739,531,4252,-141,352,744
81.26635,148,1304,-1739,531,4254,-141,352,744
81.26685,148,1304,-1739,532,4254,-141,352,744
81.26735,148,1304,-1739,532,4255,-141,352,744
81.26785,148,1304,-1739,532,4256,-141,352,744
81.26845,147,1304,-1740,532,4257,-141,352,743
81.26895,148,1304,-1740,532,4255,-141,352,744
81.26945,148,1304,-1740,532,4248,-141,352,744
81.26995,147,1305,-1739,532,4254,-141,352,744
81.27045,148,1304,-1740,532,4292,-141,351,744
81.27095,148,1305,-1740,532,4300,-142,352,744
81.27145,148,1304,-1739,532,4291,-141,352,744
81.27195,147,1304,-1739,532,4274,-141,353,744
81.27245,148,1304,-1739,532,4243,-142,352,744
81.27295,147,1304,-1740,532,4236,-141,352,744
81.27345,147,1304,-1740,532,4240,-142,352,744
81.27395,147,1304,-1740,532,4245,-141,352,744
81.27445,147,1304,-1740,532,4252,-141,352,744
81.27495,148,1304,-1740,532,4254,-141,352,744
81.27545,148,1304,-1739,532,4254,-142,351,744
81.27595,148,1304,-1739,532,4254,-141,352,744
81.27645,148,1304,-1739,532,4253,-142,352,744
81.27695,148,1304,-1739,532,4252,-141,352,743
81.27745,148,1304,-1739,532,4248,-141,352,744
81.27795,148,1304,-1739,531,4245,-141,352,744
81.27845,148,1304,-1739,531,4252,-142,352,744
81.27895,148,1304,-1739,531,4255,-142,352,744
81.27945,148,1304,-1739,530,4253,-141,352,743
81.27995,148,1304,-1740,532,4253,-142,352,744
81.28045,148,1304,-1740,532,4284,-141,352,744
81.28095,148,1305,-1740,532,4293,-142,352,744
81.28145,148,1304,-1741,531,4287,-142,352,744
81.28195,148,1305,-1741,531,4269,-141,352,744
81.28245,147,1305,-1742,531,4236,-142,353,743
81.28295,148,1304,-1741,532,4225,-142,352,744
81.28345,147,1304,-1741,532,4227,-142,352,744
81.28395,148,1304,-1739,532,4236,-142,352,744
81.28445,148,1304,-1738,532,4247,-142,352,744
81.28495,148,1304,-1738,532,4250,-141,352,743
81.285446,148,1304,-1738,532,4248,-142,352,744
81.28595,147,1304,-1738,531,4247,-141,352,744
81.28645,148,1304,-1739,531,4255,-142,352,744
81.28695,147,1304,-1739,531,4258,-141,352,744
81.28745,148,1304,-1739,531,4259,-141,352,743
81.28795,147,1304,-1739,531,4260,-142,352,744
81.28845,148,1304,-1739,531,4257,-141,352,743
81.28895,148,1304,-1739,532,4261,-142,352,744
81.28945,147,1304,-1739,533,4257,-142,352,743
81.28995,148,1304,-1739,533,4264,-142,352,744
81.29045,148,1304,-1739,532,4297,-142,352,744
81.29095,148,1304,-1739,532,4303,-142,352,743
81.29145,148,1304,-1739,532,4294,-141,352,744
81.29195,148,1304,-1739,531,4265,-142,352,743
81.29245,148,1304,-1739,531,4236,-141,352,743
81.29295,147,1304,-1740,531,4227,-142,352,743
81.29345,148,1304,-1740,531,4231,-142,352,743
81.29395,147,1304,-1739,532,4237,-142,352,744
81.29445,148,1304,-1739,532,4248,-141,352,743
81.29495,148,1304,-1739,533,4255,-142,352,743
81.29545,148,1304,-1740,533,4253,-142,352,743
81.29595,148,1304,-1740,533,4251,-142,352,743
81.29645,147,1304,-1739,533,4251,-142,352,743
81.29695,147,1304,-1740,532,4251,-142,352,743
81.29745,148,1304,-1739,533,4251,-142,352,743
81.29795,148,1304,-1739,532,4252,-142,352,743
81.29845,148,1304,-1739,531,4253,-141,352,744
81.29895,148,1304,-1739,531,4254,-142,352,744
81.29945,148,1304,-1739,531,4259,-142,352,744
81.29995,148,1304,-1739,531,4268,-142,352,744
81.30045,148,1304,-1739,531,4303,-141,352,744
81.30095,147,1304,-1740,531,4305,-142,352,744
81.30145,147,1304,-1739,531,4298,-142,352,744
81.30195,147,1304,-1740,532,4276,-141,352,744
81.30245,147,1305,-1739,532,4246,-142,353,744
81.30295,148,1304,-1740,532,4236,-142,353,744
81.30345,147,1304,-1740,532,4240,-141,352,744
81.30395,147,1304,-1740,532,4247,-141,352,744
81.30445,147,1304,-1740,532,4255,-142,352,744
81.30495,147,1304,-1740,532,4262,-141,352,744
81.30545,148,1304,-1739,532,4265,-141,352,744
81.30595,148,1304,-1739,532,4266,-141,352,744
81.30645,148,1304,-1739,533,4267,-142,352,744
81.30695,148,1304,-1739,532,4267,-142,352,744
81.30745,148,1304,-1739,532,4268,-142,352,744
81.30795,148,1304,-1739,532,4267,-142,352,744
81.30845,148,1304,-1739,532,4266,-142,352,744
81.30895,148,1304,-1740,532,4264,-142,352,744
81.30945,148,1305,-1739,532,4259,-142,352,744
81.30995,148,1304,-1739,532,4268,-142,352,744
81.31045,148,1304,-1739,531,4304,-141,352,744
81.31095,148,1304,-1739,531,4303,-142,352,744
81.31145,148,1304,-1739,531,4292,-142,352,744
81.31195,148,1304,-1739,531,4267,-142,352,744
81.31245,147,1304,-1739,531,4239,-141,352,744
81.31295,148,1304,-1739,531,4237,-141,352,744
81.31345,148,1304,-1739,532,4241,-141,352,744
81.31395,148,1304,-1739,532,4247,-142,352,744
81.31445,147,1304,-1739,532,4252,-142,352,744
81.31495,147,1304,-1740,532,4254,-141,352,744
81.31545,148,1305,-1740,532,4256,-142,352,744
81.31595,148,1304,-1740,532,4257,-142,352,744
81.31645,148,1304,-1741,532,4259,-142,352,744
81.31695,147,1304,-1741,532,4259,-142,352,744
81.31745,148,1304,-1741,532,4259,-142,352,744
81.31795,148,1304,-1740,533,4262,-142,352,744
81.31845,148,1304,-1740,533,4266,-142,352,744
81.31895,148,1304,-1740,533,4267,-142,352,744
81.31945,148,1304,-1740,533,4266,-142,352,744
81.31995,148,1304,-1741,533,4277,-142,352,744
81.32045,148,1304,-1741,533,4311,-142,352,744
81.32095,148,1304,-1741,534,4311,-142,352,744
81.32145,148,1304,-1740,534,4305,-142,352,744
81.32195,147,1304,-1740,534,4281,-142,352,744
81.32245,148,1304,-1739,533,4251,-142,352,744
81.32295,148,1304,-1739,531,4248,-141,352,744
81.32345,147,1304,-1739,530,4252,-142,352,744
81.32395,148,1304,-1739,530,4256,-142,352,744
81.32445,148,1304,-1738,530,4265,-142,352,744
81.32495,147,1304,-1738,530,4266,-141,352,744
81.32545,148,1304,-1739,530,4263,-141,352,744
81.32595,148,1304,-1739,531,4265,-142,352,744
81.32645,147,1304,-1739,531,4268,-141,352,744
81.32695,148,1304,-1739,531,4268,-141,352,744
81.32745,148,1304,-1739,532,4268,-142,352,744
81.32795,148,1304,-1739,532,4268,-141,352,744
81.32845,147,1304,-1739,532,4268,-142,352,744
81.32905,148,1304,-1739,531,4268,-142,352,744
81.32945,148,1304,-1740,531,4264,-141,352,744
81.32995,148,1304,-1739,532,4272,-141,352,744
81.33045,148,1304,-1739,532,4304,-141,352,744
81.33105,148,1304,-1739,532,4303,-141,352,745
81.33155,148,1304,-1739,531,4291,-142,352,744
81.33205,147,1304,-1739,531,4260,-142,353,744
81.33255,147,1305,-1739,532,4237,-142,352,744
81.33305,148,1304,-1739,532,4237,-142,352,744
81.33355,148,1304,-1739,532,4244,-142,352,744
81.33405,148,1304,-1739,533,4251,-142,352,744
81.33455,148,1304,-1739,532,4261,-142,352,744
81.33505,148,1304,-1739,533,4265,-142,352,744
81.33555,147,1304,-1739,532,4266,-142,352,744
81.33605,148,1304,-1739,532,4267,-141,352,744
81.33655,148,1304,-1739,532,4269,-142,352,744
81.33705,148,1304,-1739,532,4269,-142,352,744
81.33755,147,1304,-1739,532,4270,-141,352,744
81.33805,148,1304,-1739,532,4271,-141,352,744
81.33855,148,1304,-1739,531,4272,-142,352,744
81.33905,148,1304,-1739,531,4273,-142,352,744
81.33955,148,1304,-1740,531,4273,-142,352,744
81.34005,148,1304,-1739,532,4288,-142,352,745
81.34055,148,1304,-1740,531,4317,-142,351,744
81.34105,148,1304,-1740,532,4310,-142,352,745
81.34155,147,1304,-1739,532,4303,-142,352,744
81.34205,147,1304,-1740,532,4273,-142,352,744
81.34255,148,1304,-1739,533,4250,-142,352,744
81.34305,148,1304,-1739,533,4244,-142,353,744
81.34355,147,1304,-1740,532,4246,-142,352,744
81.34405,148,1304,-1740,532,4254,-142,352,744
81.34455,148,1304,-1739,531,4260,-142,352,744
81.34505,147,1304,-1739,531,4264,-142,352,744
81.34555,148,1304,-1740,532,4266,-142,352,744
81.34605,147,1304,-1740,532,4265,-142,352,744
81.34655,148,1304,-1740,532,4264,-142,352,744
81.34705,148,1304,-1739,532,4263,-142,352,744
81.34755,147,1304,-1740,532,4262,-142,352,744
81.34805,148,1304,-1739,533,4262,-142,353,744
81.34855,148,1304,-1739,533,4261,-142,352,744
81.34905,147,1304,-1739,533,4260,-142,352,744
81.34955,148,1304,-1739,533,4257,-142,352,744
81.35005,148,1304,-1740,532,4278,-142,352,744
81.35055,148,1304,-1739,531,4308,-142,352,744
81.35105,147,1304,-1739,531,4303,-142,352,744
81.35155,148,1304,-1739,531,4291,-142,352,744
81.35205,147,1305,-1740,531,4261,-142,353,744
81.35255,147,1304,-1740,531,4239,-141,352,744
81.35305,148,1304,-1741,532,4242,-142,352,744
81.35355,148,1304,-1741,532,4248,-142,352,744
81.35405,148,1304,-1741,532,4256,-142,352,744
81.35455,148,1304,-1740,532,4262,-142,352,744
81.35505,148,1304,-1740,532,4264,-141,352,744
81.35555,148,1304,-1740,532,4266,-141,352,744
81.35605,148,1304,-1740,532,4266,-142,352,744
81.35655,148,1304,-1739,532,4266,-142,352,744
81.35705,148,1304,-1738,532,4264,-142,352,744
81.35755,148,1304,-1738,532,4262,-142,352,744
81.35805,148,1304,-1738,532,4265,-142,352,744
81.35855,148,1304,-1740,532,4265,-142,352,744
81.35905,148,1304,-1741,532,4265,-142,352,744
81.35955,148,1304,-1740,532,4261,-142,352,744
81.36005,148,1304,-1740,532,4282,-142,352,744
81.36055,148,1304,-1740,532,4306,-142,352,744
81.36105,147,1304,-1740,531,4302,-142,352,744
81.36155,148,1304,-1740,531,4291,-142,352,743
81.36205,148,1304,-1740,531,4259,-142,352,744
81.36255,147,1304,-1740,532,4230,-142,353,744
81.36305,147,1304,-1740,531,4231,-142,352,744
81.36355,148,1304,-1739,532,4237,-142,352,744
81.36405,148,1304,-1738,531,4242,-142,352,744
81.36455,148,1304,-1738,532,4248,-142,352,744
81.36505,147,1304,-1739,531,4248,-142,352,744
81.36555,147,1304,-1739,532,4248,-142,352,744
81.36605,148,1304,-1739,532,4253,-142,352,744
81.36655,147,1304,-1739,532,4255,-142,352,744
81.36705,148,1304,-1739,531,4256,-142,352,744
81.36755,148,1304,-1739,532,4257,-142,352,744
81.36805,148,1304,-1739,532,4257,-142,352,744
81.36855,148,1304,-1740,532,4258,-142,352,744
81.36905,147,1304,-1740,532,4257,-142,352,744
81.36955,148,1304,-1739,531,4255,-142,352,744
81.37005,148,1304,-1739,532,4279,-142,352,744
81.37055,148,1304,-1739,532,4300,-142,352,744
81.37105,148,1304,-1739,532,4295,-142,352,744
81.37155,148,1304,-1739,531,4282,-142,352,744
81.37205,147,1304,-1739,531,4248,-142,353,744
81.37255,147,1304,-1739,531,4230,-142,352,744
81.37305,147,1304,-1740,531,4231,-142,352,744
81.37355,148,1304,-1739,532,4239,-142,352,744
81.37405,147,1304,-1739,531,4247,-142,352,744
81.37455,148,1304,-1739,531,4251,-142,352,744
81.37505,147,1304,-1740,532,4253,-142,352,744
81.37555,147,1304,-1739,532,4252,-142,352,744
81.37605,148,1304,-1740,533,4252,-142,352,744
81.37655,148,1304,-1740,533,4251,-141,352,744
81.37705,148,1304,-1739,532,4251,-142,352,744
81.37755,148,1304,-1740,533,4251,-142,352,744
81.37805,147,1304,-1740,532,4250,-142,352,744
81.37855,147,1304,-1740,532,4250,-142,352,744
81.37905,148,1304,-1740,532,4250,-142,352,744
81.37955,148,1304,-1739,532,4247,-142,352,744
81.38005,148,1304,-1739,532,4275,-142,352,744
81.38055,148,1304,-1739,532,4291,-142,352,744
81.38105,147,1304,-1739,532,4285,-142,352,744
81.38155,147,1304,-1739,532,4273,-142,352,744
81.38205,147,1304,-1740,531,4241,-142,352,744
81.38255,148,1304,-1739,532,4225,-142,353,744
81.38305,148,1304,-1739,532,4223,-143,352,744
81.38355,147,1304,-1740,532,4227,-142,352,744
81.38405,147,1304,-1740,532,4236,-142,352,744
81.38455,148,1304,-1739,532,4243,-142,352,744
81.38505,147,1304,-1740,532,4247,-142,352,744
81.38555,147,1304,-1739,532,4251,-142,352,744
81.38605,148,1304,-1739,532,4252,-142,352,744
81.38655,148,1304,-1739,532,4253,-142,352,744
81.38705,147,1304,-1739,532,4253,-142,352,745
81.38755,148,1304,-1740,532,4254,-142,352,744
81.38805,148,1304,-1739,532,4251,-142,352,744
81.38855,148,1304,-1740,532,4255,-142,352,744
81.38905,148,1304,-1739,532,4254,-142,352,744
81.38955,147,1304,-1739,532,4254,-142,352,744
81.39005,148,1304,-1739,533,4288,-142,352,744
81.39055,148,1304,-1739,532,4300,-142,352,744
81.39105,147,1304,-1739,532,4294,-142,352,744
81.39155,148,1304,-1739,531,4277,-142,352,744
81.39205,148,1304,-1739,531,4240,-142,352,744
81.39255,148,1304,-1739,531,4223,-142,352,744
81.39305,148,1304,-1739,531,4223,-142,352,744
81.39365,148,1305,-1740,532,4230,-142,352,744
81.39415,148,1304,-1740,532,4239,-142,352,744
81.39465,148,1304,-1740,531,4247,-142,352,744
81.39515,148,1304,-1740,532,4249,-142,352,744
81.39565,148,1304,-1740,532,4250,-142,352,744
81.39615,148,1304,-1740,532,4250,-142,352,744
81.39665,148,1304,-1740,533,4249,-142,352,744
81.39715,147,1304,-1740,533,4245,-142,352,744
81.39765,148,1304,-1740,532,4246,-142,352,744
81.39815,147,1304,-1739,532,4250,-142,352,744
81.39865,148,1304,-1739,532,4252,-142,352,744
81.39915,148,1304,-1739,532,4252,-142,352,744
81.39965,148,1304,-1739,533,4255,-142,352,744
81.40015,148,1304,-1740,533,4290,-142,351,745
81.40065,148,1304,-1740,532,4299,-142,352,744
81.40115,147,1304,-1740,532,4290,-142,352,744
81.40165,148,1304,-1740,532,4278,-142,352,744
81.40215,147,1304,-1740,532,4248,-142,352,744
81.40265,148,1304,-1740,532,4235,-142,352,744
81.40315,148,1304,-1739,532,4234,-142,352,744
81.40365,148,1304,-1740,532,4242,-142,352,744
81.40415,148,1304,-1740,532,4249,-142,352,744
81.40465,147,1304,-1740,532,4255,-142,352,744
81.40515,148,1304,-1739,532,4258,-142,352,744
81.40565,148,1304,-1740,532,4260,-142,352,744
81.40615,148,1304,-1739,532,4265,-142,352,744
81.40665,148,1304,-1739,531,4268,-142,352,744
81.40715,147,1305,-1739,531,4267,-142,352,744
81.407646,148,1304,-1739,531,4267,-142,352,744
81.40815,148,1305,-1739,531,4267,-142,352,744
81.40865,148,1304,-1739,531,4265,-142,352,744
81.40915,147,1304,-1739,531,4265,-142,352,744
81.40965,148,1304,-1740,532,4266,-142,352,744
81.41015,148,1304,-1740,532,4298,-142,352,744
81.41065,148,1304,-1740,532,4304,-142,352,744
81.41115,148,1304,-1740,533,4298,-142,352,744
81.41165,148,1305,-1740,532,4276,-142,353,744
81.41215,147,1304,-1739,532,4241,-142,353,743
81.41265,147,1304,-1739,532,4231,-142,352,744
81.41315,147,1304,-1739,532,4228,-142,352,744
81.41365,148,1304,-1740,532,4240,-142,352,744
81.41415,147,1304,-1739,532,4250,-142,352,744
81.41465,148,1304,-1740,532,4256,-142,352,744
81.41515,148,1305,-1739,532,4259,-142,352,744
81.41565,148,1305,-1740,532,4260,-142,352,744
81.41615,148,1304,-1740,532,4262,-142,352,744
81.41665,148,1304,-1740,532,4263,-142,352,744
81.41715,148,1305,-1740,532,4265,-141,352,744
81.41765,148,1304,-1740,532,4266,-142,352,744
81.41815,147,1304,-1740,532,4267,-142,352,744
81.41865,147,1304,-1740,532,4268,-142,352,744
81.41915,148,1305,-1739,532,4268,-142,352,744
81.41965,148,1304,-1740,532,4275,-142,352,744
81.42015,148,1304,-1739,532,4311,-142,352,744
81.42065,148,1304,-1740,531,4314,-142,352,744
81.42115,148,1304,-1739,532,4309,-142,352,744
81.42165,147,1304,-1739,531,4289,-142,352,743
81.42215,147,1304,-1740,532,4259,-142,352,744
81.42265,148,1304,-1739,532,4247,-141,352,744
81.42315,148,1304,-1739,532,4251,-142,352,744
81.42365,148,1305,-1739,532,4257,-142,352,744
81.42415,148,1305,-1739,532,4266,-142,352,744
81.42465,148,1304,-1739,532,4268,-142,352,744
81.42515,148,1304,-1740,532,4271,-142,352,744
81.42565,148,1304,-1740,532,4273,-142,352,744
81.42615,148,1304,-1740,532,4273,-142,352,744
81.42665,148,1304,-1740,533,4273,-142,352,744
81.42715,147,1304,-1740,532,4273,-142,352,744
81.42765,148,1304,-1740,532,4274,-142,352,744
81.42815,147,1304,-1740,532,4274,-142,352,743
81.42865,148,1304,-1740,532,4272,-142,352,744
81.42915,147,1304,-1740,532,4264,-142,352,743
81.42965,148,1304,-1739,532,4276,-141,352,744
81.43015,148,1304,-1740,532,4308,-142,352,744
81.43065,148,1304,-1740,532,4312,-142,352,744
81.43115,148,1304,-1739,532,4306,-142,352,744
81.43165,148,1305,-1739,532,4281,-142,352,743
81.43215,147,1304,-1739,532,4248,-142,352,743
81.43265,148,1304,-1740,532,4237,-142,352,744
81.43315,148,1304,-1740,532,4241,-142,352,744
81.43365,147,1304,-1740,533,4253,-141,352,744
81.43415,147,1304,-1739,532,4266,-142,352,744
81.43465,148,1304,-1739,532,4272,-142,352,744
81.43515,148,1305,-1739,532,4275,-142,352,744
81.43565,147,1304,-1739,532,4275,-142,352,744
81.43615,148,1304,-1739,532,4276,-142,352,744
81.43665,147,1304,-1739,531,4275,-142,352,744
81.43715,147,1304,-1739,532,4273,-141,352,744
81.43765,148,1304,-1739,532,4275,-142,352,744
81.43815,148,1304,-1739,532,4279,-142,352,744
81.43865,148,1304,-1739,532,4281,-142,352,744
81.43915,147,1305,-1739,532,4280,-141,352,745
81.43965,148,1304,-1739,532,4289,-142,352,744
81.44015,148,1304,-1740,532,4319,-141,352,745
81.44065,148,1304,-1740,532,4320,-142,352,745
81.44115,148,1304,-1740,532,4309,-142,352,744
81.44165,148,1304,-1740,532,4284,-142,353,744
81.44215,148,1304,-1740,532,4260,-141,352,744
81.44265,148,1304,-1740,532,4253,-142,352,744
81.44315,148,1304,-1740,532,4250,-142,352,744
81.44365,147,1304,-1740,532,4257,-142,352,744
81.44415,147,1304,-1740,532,4264,-141,353,744
81.44465,147,1304,-1740,533,4265,-142,352,744
81.44515,147,1304,-1740,533,4268,-142,352,744
81.44565,147,1304,-1740,533,4271,-142,352,744
81.44615,148,1304,-1740,532,4271,-142,352,744
81.44665,147,1304,-1740,532,4270,-142,353,744
81.44715,148,1304,-1740,532,4269,-142,352,744
81.44765,147,1304,-1739,532,4268,-142,353,744
81.44815,148,1304,-1739,532,4268,-142,352,744
81.44865,148,1304,-1739,531,4268,-142,352,744
81.44915,148,1305,-1739,531,4267,-142,352,744
81.44965,148,1304,-1739,532,4278,-142,352,744
81.45015,148,1304,-1739,532,4310,-142,351,744
81.45065,148,1304,-1739,531,4310,-142,352,744
81.45115,147,1304,-1739,532,4303,-142,352,744
81.45165,148,1304,-1740,531,4277,-142,352,744
81.45215,148,1305,-1740,532,4246,-142,352,744
81.45265,147,1304,-1740,532,4241,-142,352,744
81.45315,148,1304,-1740,532,4245,-142,352,744
81.45365,148,1304,-1740,532,4255,-142,352,744
81.45415,148,1305,-1739,532,4264,-142,352,744
81.45465,148,1304,-1739,532,4270,-142,352,744
81.45515,148,1305,-1740,532,4273,-142,352,744
81.45575,148,1304,-1740,532,4274,-142,352,744
81.45625,148,1304,-1739,532,4274,-141,352,744
81.45675,148,1304,-1739,533,4275,-141,352,744
81.45725,148,1304,-1740,533,4275,-142,353,744
81.45775,148,1304,-1739,533,4274,-142,352,744
81.45825,148,1304,-1739,533,4273,-142,352,744
81.45875,148,1304,-1739,533,4272,-141,352,744
81.45925,148,1304,-1739,533,4270,-142,352,744
81.45975,147,1304,-1740,533,4283,-142,352,744
81.46025,148,1304,-1740,533,4314,-142,352,744
81.46075,148,1304,-1739,533,4311,-141,352,744
81.46125,147,1304,-1740,532,4303,-142,352,744
81.46175,147,1304,-1740,531,4278,-142,352,744
81.46225,148,1304,-1740,531,4250,-142,352,744
81.46275,148,1304,-1740,531,4244,-142,352,744
81.46325,148,1305,-1739,531,4243,-142,352,744
81.46375,147,1304,-1739,531,4246,-142,352,744
81.46425,148,1304,-1739,531,4255,-142,352,744
81.46475,147,1304,-1739,531,4258,-142,352,744
81.46525,147,1304,-1739,532,4262,-142,352,744
81.46575,147,1304,-1740,532,4266,-141,352,744
81.46625,147,1304,-1740,532,4266,-142,352,744
81.46675,148,1304,-1740,531,4267,-141,352,744
81.46725,147,1304,-1740,532,4268,-142,352,744
81.46775,148,1304,-1739,532,4269,-141,352,744
81.46825,148,1304,-1739,532,4270,-141,352,744
81.46875,148,1304,-1739,532,4268,-141,352,744
81.46925,147,1304,-1739,532,4265,-142,352,744
81.46975,148,1304,-1739,532,4283,-141,352,745
81.47025,148,1305,-1739,533,4314,-142,352,744
81.47075,148,1304,-1740,533,4307,-142,352,744
81.47125,148,1304,-1740,532,4304,-142,353,744
81.47175,147,1305,-1739,532,4277,-142,352,744
81.47225,147,1304,-1739,532,4249,-142,352,744
81.47275,148,1304,-1739,533,4245,-141,353,745
81.47325,148,1304,-1740,533,4248,-142,352,744
81.47375,147,1305,-1740,533,4256,-142,352,744
81.47425,148,1304,-1740,533,4267,-141,352,744
81.47475,147,1304,-1740,532,4272,-142,352,744
81.47525,147,1304,-1739,531,4272,-142,352,744
81.47575,148,1304,-1739,531,4272,-142,353,744
81.47625,147,1305,-1739,531,4271,-142,352,744
81.47675,148,1304,-1739,531,4268,-142,352,744
81.47725,148,1304,-1740,531,4267,-142,352,744
81.47775,148,1304,-1740,532,4270,-142,352,744
81.47825,148,1304,-1739,532,4272,-142,352,744
81.47875,147,1304,-1739,532,4272,-142,352,744
81.47925,148,1304,-1739,532,4270,-141,352,744
81.47975,148,1304,-1740,532,4289,-142,352,744
81.48025,147,1304,-1739,532,4315,-142,352,744
81.48075,148,1304,-1740,532,4309,-142,352,744
81.48125,147,1304,-1740,532,4300,-142,352,744
81.48175,148,1304,-1739,532,4272,-142,353,744
81.48225,148,1304,-1740,532,4249,-142,353,744
81.48275,147,1304,-1739,532,4246,-142,352,744
81.48325,148,1304,-1740,531,4247,-142,353,744
81.48375,147,1304,-1740,532,4257,-142,352,744
81.48425,147,1304,-1739,531,4265,-142,352,744
81.48475,147,1304,-1739,532,4267,-142,353,744
81.48525,148,1304,-1739,532,4272,-142,352,744
81.48575,147,1304,-1739,532,4276,-142,352,744
81.48625,147,1304,-1739,532,4278,-142,352,744
81.48675,148,1304,-1739,532,4278,-142,352,744
81.48725,147,1304,-1739,532,4279,-141,352,744
81.48775,148,1304,-1740,532,4280,-142,352,744
81.48825,148,1304,-1739,532,4281,-141,352,744
81.48875,148,1304,-1740,532,4282,-142,352,744
81.48925,148,1304,-1739,532,4281,-141,352,744
81.48975,148,1304,-1739,533,4302,-141,352,745
81.49025,147,1304,-1739,533,4324,-141,352,744
81.49075,147,1304,-1739,532,4314,-142,352,744
81.49125,148,1304,-1739,532,4308,-142,352,744
81.49175,147,1304,-1740,532,4276,-142,352,744
81.49225,148,1305,-1740,532,4250,-142,353,744
81.49275,148,1304,-1740,532,4248,-141,352,744
81.49325,148,1304,-1740,532,4251,-142,352,744
81.49375,147,1304,-1740,532,4261,-142,352,744
81.49425,148,1304,-1740,531,4268,-142,352,744
81.49475,148,1304,-1740,532,4273,-141,352,744
81.49525,147,1304,-1740,532,4275,-141,352,744
81.49575,147,1304,-1740,532,4275,-141,352,744
81.49625,148,1305,-1740,532,4275,-142,352,744
81.49675,148,1305,-1739,532,4273,-142,352,745
81.49725,148,1304,-1739,532,4272,-141,352,744
81.49775,147,1304,-1739,532,4268,-142,352,745
81.49825,148,1304,-1739,532,4271,-141,352,744
81.49875,148,1304,-1739,532,4269,-142,352,745
81.49925,147,1304,-1740,531,4271,-141,352,744
81.49975,148,1304,-1740,533,4297,-142,352,745
81.50025,148,1304,-1739,532,4322,-141,352,745
81.50075,148,1304,-1739,532,4313,-142,352,745
81.50125,147,1304,-1739,531,4302,-142,353,744
81.50175,147,1304,-1739,531,4273,-142,352,744
81.50225,147,1305,-1739,531,4259,-142,353,744
81.50275,148,1304,-1739,531,4259,-142,352,744
81.50325,148,1304,-1740,532,4260,-142,352,744
81.50375,148,1304,-1740,532,4266,-142,352,744
81.50425,147,1304,-1740,533,4273,-142,352,744
81.50475,148,1304,-1739,533,4276,-142,352,744
81.50525,147,1304,-1740,533,4281,-142,352,744
81.50575,147,1304,-1739,533,4284,-142,352,744
81.50625,147,1304,-1740,533,4285,-142,352,744
81.50675,148,1304,-1740,532,4285,-142,352,744
81.50725,148,1304,-1740,532,4284,-142,352,745
81.50775,148,1304,-1740,532,4282,-142,352,744
81.50825,148,1304,-1740,533,4276,-142,352,744
81.50875,148,1304,-1739,532,4276,-142,352,744
81.50925,147,1304,-1739,532,4276,-142,352,744
81.50975,148,1304,-1739,532,4306,-142,352,745
81.51025,147,1304,-1739,531,4323,-141,352,744
81.51075,147,1304,-1739,531,4312,-141,352,744
81.51125,148,1305,-1740,532,4304,-142,352,744
81.51175,148,1305,-1740,531,4271,-142,353,744
81.51225,148,1304,-1740,532,4247,-141,353,744
81.51275,148,1304,-1740,532,4245,-141,352,744
81.51325,148,1304,-1740,533,4248,-141,353,744
81.51375,147,1304,-1740,533,4257,-141,352,745
81.51425,148,1304,-1740,533,4263,-142,352,744
81.51475,148,1304,-1740,533,4263,-142,353,744
81.51525,148,1304,-1741,533,4269,-142,353,744
81.51575,148,1304,-1741,533,4273,-141,352,745
81.51625,148,1304,-1741,532,4273,-142,353,744
81.51675,148,1304,-1741,532,4267,-141,352,744
81.51725,148,1304,-1740,531,4272,-142,352,744
81.51785,148,1305,-1739,531,4279,-142,352,744
81.51835,147,1304,-1739,531,4280,-142,352,744
81.51885,148,1304,-1738,531,4280,-142,353,744
81.51935,148,1304,-1739,531,4279,-142,352,744
81.51985,148,1304,-1739,532,4310,-142,352,745
81.52035,148,1304,-1739,531,4325,-141,352,744
81.52085,147,1305,-1739,531,4314,-142,352,744
81.52135,148,1304,-1739,532,4306,-142,352,744
81.52185,147,1304,-1739,532,4278,-142,352,744
81.52235,147,1304,-1739,531,4261,-142,352,744
81.52285,148,1305,-1739,531,4260,-142,352,744
81.52335,148,1304,-1739,532,4260,-142,352,744
81.52385,148,1304,-1740,532,4269,-142,352,744
81.52435,148,1304,-1739,532,4274,-142,352,744
81.52485,148,1304,-1740,532,4274,-141,352,744
81.52535,147,1304,-1739,532,4277,-141,352,744
81.52585,148,1304,-1740,532,4280,-142,352,744
81.52635,147,1304,-1740,532,4280,-141,352,744
81.52685,148,1304,-1740,532,4279,-141,353,745
81.52735,148,1304,-1740,532,4278,-141,352,745
81.52785,147,1304,-1740,532,4273,-142,352,744
81.52835,148,1304,-1740,532,4272,-141,352,744
81.52885,148,1304,-1740,532,4277,-141,352,744
81.52935,148,1304,-1740,533,4279,-142,353,744
81.52985,148,1304,-1739,533,4310,-141,352,745
81.53035,148,1304,-1740,533,4317,-142,352,744
81.53085,148,1304,-1739,532,4304,-141,353,744
81.53135,148,1305,-1740,532,4292,-142,353,744
81.53185,148,1305,-1739,531,4259,-142,353,744
81.53235,147,1305,-1739,531,4242,-142,353,744
81.53285,148,1305,-1739,531,4244,-142,353,744
81.53335,148,1305,-1739,531,4250,-142,352,744
81.53385,148,1304,-1739,532,4260,-142,352,744
81.53435,148,1304,-1740,533,4267,-141,352,744
81.53485,148,1305,-1739,533,4271,-141,352,744
81.53535,148,1304,-1739,533,4275,-141,352,744
81.53585,148,1304,-1739,533,4276,-142,352,744
81.53635,147,1304,-1739,533,4276,-142,352,744
81.53685,148,1304,-1740,533,4277,-142,352,744
81.53735,148,1304,-1739,533,4278,-142,352,744
81.53785,148,1304,-1739,532,4280,-141,352,744
81.53835,148,1305,-1739,532,4281,-142,353,744
81.53885,147,1305,-1740,532,4280,-141,352,745
81.53935,148,1304,-1739,532,4283,-142,352,745
81.53985,148,1304,-1739,532,4314,-142,352,745
81.54035,148,1304,-1739,532,4318,-142,352,744
81.54085,147,1304,-1740,532,4311,-141,352,744
81.54135,147,1304,-1739,533,4297,-142,352,744
81.54185,147,1305,-1739,533,4265,-142,352,744
81.54235,148,1304,-1740,533,4254,-142,353,744
81.54285,148,1304,-1739,533,4254,-142,352,744
81.54335,148,1304,-1740,532,4253,-142,352,744
81.54385,147,1304,-1739,532,4261,-142,352,744
81.54435,148,1304,-1740,533,4266,-142,353,744
81.54485,147,1305,-1741,532,4268,-142,352,744
81.54535,147,1305,-1741,532,4271,-142,353,744
81.54585,147,1304,-1741,531,4273,-142,353,744
81.54635,147,1304,-1740,531,4272,-142,353,744
81.54685,148,1304,-1740,531,4271,-141,352,744
81.54735,148,1304,-1739,531,4270,-141,352,744
81.54785,148,1304,-1739,532,4269,-142,353,745
81.54835,148,1304,-1739,532,4267,-142,352,744
81.54885,148,1304,-1739,532,4259,-142,352,744
81.54935,148,1304,-1739,533,4271,-142,352,744
81.54985,148,1304,-1738,533,4311,-142,352,744
81.55035,148,1304,-1739,532,4314,-142,352,744
81.55085,148,1304,-1738,531,4306,-142,352,744
81.55135,148,1305,-1739,530,4286,-142,352,744
81.55185,147,1304,-1739,530,4253,-142,353,744
81.55235,148,1304,-1739,531,4240,-142,352,744
81.55285,147,1304,-1740,531,4243,-142,352,744
81.55335,148,1304,-1740,532,4248,-142,352,744
81.55385,147,1305,-1740,532,4260,-142,352,744
81.55435,147,1305,-1740,533,4267,-141,352,744
81.55485,148,1304,-1739,533,4271,-142,352,744
81.55535,148,1304,-1739,533,4273,-142,352,744
81.55585,148,1305,-1739,532,4274,-142,352,744
81.55635,147,1304,-1739,532,4273,-142,353,744
81.55685,148,1304,-1740,532,4270,-142,352,744
81.55735,147,1304,-1739,532,4271,-142,352,744
81.55785,148,1304,-1739,532,4274,-142,353,745
81.55835,147,1304,-1739,532,4273,-141,352,744
81.55885,147,1304,-1739,533,4267,-142,353,744
81.55935,148,1305,-1740,533,4277,-142,352,744
81.55985,148,1304,-1740,533,4314,-142,352,744
81.56035,148,1305,-1740,533,4313,-142,353,744
81.56085,148,1304,-1739,533,4305,-142,353,744
81.56135,148,1305,-1739,532,4282,-142,353,744
81.56185,148,1304,-1740,532,4252,-142,353,744
81.56235,148,1304,-1740,532,4244,-142,353,744
81.56285,147,1304,-1740,532,4244,-142,353,744
81.56335,147,1305,-1739,531,4245,-142,353,744
81.56385,147,1304,-1739,532,4254,-142,352,744
81.56435,148,1304,-1739,532,4257,-142,353,744
81.56485,148,1304,-1739,532,4258,-142,352,744
81.56535,148,1304,-1740,532,4262,-142,352,744
81.56585,148,1304,-1739,532,4266,-142,352,744
81.56635,148,1304,-1739,532,4268,-141,353,744
81.56685,148,1304,-1739,532,4268,-142,352,744
81.56735,147,1304,-1740,532,4269,-142,352,744
81.56785,148,1304,-1740,532,4270,-142,353,744
81.56835,147,1304,-1740,532,4269,-141,352,744
81.56885,148,1304,-1739,532,4269,-142,352,744
81.56935,148,1305,-1739,533,4279,-142,352,744
81.56985,148,1304,-1740,533,4313,-142,352,744
81.57035,148,1304,-1739,532,4312,-142,352,744
81.57085,147,1304,-1739,532,4303,-142,352,744
81.57135,148,1305,-1739,532,4282,-142,353,744
81.57185,148,1304,-1739,532,4252,-142,353,744
81.57235,147,1305,-1739,532,4241,-142,352,744
81.57285,148,1304,-1740,532,4244,-142,352,744
81.57335,148,1305,-1739,532,4250,-142,352,744
81.57385,148,1304,-1740,532,4259,-142,352,744
81.57435,147,1304,-1739,532,4265,-142,352,744
81.57485,148,1304,-1739,532,4267,-142,352,744
81.57535,148,1304,-1740,532,4270,-142,352,744
81.57585,148,1304,-1740,532,4270,-142,352,744
81.57635,148,1305,-1740,533,4269,-142,353,744
81.57685,147,1304,-1740,533,4269,-142,352,744
81.57735,148,1305,-1740,532,4268,-142,352,744
81.57785,148,1304,-1740,532,4269,-142,352,744
81.57835,148,1305,-1739,533,4268,-142,352,744
81.57885,148,1304,-1740,532,4266,-142,352,744
81.57945,148,1304,-1740,533,4276,-142,352,745
81.57995,148,1304,-1740,532,4309,-142,352,745
81.58045,148,1305,-1740,532,4302,-142,352,745
81.58095,147,1304,-1740,532,4291,-142,352,745
81.58145,148,1304,-1740,532,4269,-142,353,745
81.58195,148,1305,-1740,532,4241,-142,352,744
81.58245,147,1304,-1740,532,4237,-141,353,745
81.58295,148,1304,-1740,532,4245,-142,352,745
81.58345,148,1304,-1739,532,4244,-142,353,745
81.58395,148,1305,-1739,533,4252,-142,352,744
81.58445,147,1304,-1740,532,4260,-142,352,745
81.58495,147,1305,-1740,533,4266,-142,352,745
81.58545,147,1304,-1740,533,4267,-141,352,745
81.58595,148,1304,-1740,533,4268,-142,352,745
81.58645,147,1304,-1740,533,4269,-142,352,744
81.58695,147,1304,-1741,533,4270,-142,352,744
81.58745,148,1304,-1740,533,4276,-141,352,744
81.58795,148,1305,-1740,533,4277,-142,352,745
81.58845,148,1305,-1739,532,4275,-141,352,744
81.58895,147,1304,-1739,531,4268,-141,352,744
81.58945,148,1304,-1739,532,4287,-142,352,745
81.58995,148,1304,-1740,531,4322,-141,352,744
81.59045,147,1304,-1740,531,4314,-142,352,745
81.59095,148,1305,-1740,532,4307,-142,353,744
81.59145,147,1304,-1740,531,4277,-142,353,744
81.59195,147,1304,-1740,532,4251,-142,353,744
81.59245,148,1305,-1740,532,4242,-142,352,744
81.59295,148,1305,-1739,533,4244,-142,353,745
81.59345,148,1305,-1739,533,4248,-142,353,744
81.59395,147,1304,-1739,532,4255,-142,353,744
81.59445,148,1305,-1738,532,4264,-142,352,744
81.59495,147,1305,-1739,532,4269,-141,352,744
81.59545,147,1305,-1739,532,4270,-142,352,745
81.59595,147,1305,-1739,532,4268,-141,353,744
81.59645,148,1304,-1740,532,4260,-142,352,744
81.59695,147,1304,-1740,532,4262,-142,353,744
81.59745,147,1304,-1740,533,4266,-142,353,744
81.597946,147,1304,-1740,533,4268,-142,352,744
81.59845,147,1305,-1740,532,4267,-142,353,744
81.59895,148,1305,-1740,532,4265,-142,353,744
81.59945,148,1305,-1740,533,4280,-142,352,745
81.59995,148,1304,-1740,533,4312,-142,352,745
81.60045,148,1305,-1740,532,4306,-142,352,744
81.60095,147,1304,-1740,532,4297,-142,352,745
81.60145,148,1304,-1740,532,4277,-142,353,744
81.60195,148,1304,-1740,532,4248,-141,352,744
81.60245,147,1305,-1740,533,4248,-142,353,744
81.60295,148,1304,-1740,533,4252,-141,352,744
81.60345,147,1304,-1740,532,4255,-142,353,744
81.60395,147,1304,-1740,533,4263,-142,352,745
81.60445,147,1305,-1740,533,4266,-142,353,744
81.60495,148,1305,-1740,533,4266,-142,353,744
81.60545,147,1304,-1740,532,4275,-142,352,744
81.60595,147,1305,-1740,532,4278,-142,353,744
81.60645,147,1305,-1740,532,4278,-142,353,744
81.60695,148,1305,-1740,532,4278,-142,352,744
81.60745,147,1305,-1740,533,4277,-142,353,744
81.60795,148,1305,-1740,533,4276,-142,352,744
81.60845,147,1304,-1740,532,4275,-141,352,744
81.60895,148,1304,-1739,532,4272,-142,352,744
81.60945,148,1305,-1739,533,4289,-141,352,744
81.60995,148,1304,-1739,532,4317,-142,352,744
81.61045,147,1304,-1739,532,4310,-142,352,744
81.61095,147,1305,-1740,532,4300,-142,352,745
81.61145,147,1304,-1740,532,4270,-142,352,744
81.61195,147,1305,-1740,532,4242,-142,353,744
81.61245,147,1305,-1740,533,4237,-141,353,744
81.61295,147,1304,-1740,533,4240,-142,353,744
81.61345,147,1304,-1740,533,4245,-141,353,744
81.61395,147,1305,-1740,533,4252,-142,352,744
81.61445,147,1304,-1740,533,4257,-142,353,744
81.61495,148,1304,-1740,532,4262,-142,352,744
81.61545,147,1305,-1740,532,4265,-142,353,744
81.61595,147,1304,-1739,532,4266,-141,352,744
81.61645,147,1305,-1739,532,4267,-142,352,744
81.61695,147,1305,-1739,532,4268,-141,352,744
81.61745,148,1304,-1740,532,4269,-142,352,744
81.61795,147,1305,-1739,533,4269,-141,352,744
81.61845,147,1304,-1739,533,4270,-141,352,744
81.61895,147,1305,-1739,533,4268,-142,353,745
81.61945,148,1304,-1739,533,4290,-141,352,745
81.61995,147,1304,-1740,533,4312,-141,352,745
81.62045,147,1305,-1739,532,4307,-141,352,744
81.62095,147,1305,-1740,532,4298,-142,352,745
81.62145,147,1305,-1739,532,4274,-142,353,744
81.62195,148,1305,-1740,532,4250,-142,352,744
81.62245,147,1305,-1740,532,4252,-142,352,744
81.62295,147,1304,-1740,532,4256,-142,352,744
81.62345,148,1305,-1740,532,4259,-142,352,744
81.62395,147,1304,-1740,532,4264,-141,352,744
81.62445,148,1304,-1740,532,4267,-142,352,745
81.62495,148,1304,-1739,532,4267,-142,352,744
81.62545,147,1305,-1740,532,4266,-141,352,744
81.62595,148,1305,-1740,532,4271,-141,352,744
81.62645,147,1304,-1740,532,4273,-142,353,744
81.62695,147,1304,-1740,532,4272,-142,353,744
81.62745,148,1304,-1740,532,4271,-141,353,744
81.62795,147,1305,-1740,532,4269,-142,352,744
81.62845,147,1304,-1740,532,4265,-142,352,744
81.62895,147,1305,-1740,532,4262,-142,353,744
81.62945,148,1304,-1740,533,4289,-141,352,745
81.62995,147,1304,-1740,532,4311,-141,353,744
81.63045,148,1305,-1740,532,4299,-142,352,745
81.63095,147,1305,-1740,532,4290,-141,353,744
81.63145,147,1305,-1740,532,4258,-142,353,744
81.63195,147,1305,-1740,532,4239,-142,353,744
81.63245,147,1305,-1740,533,4234,-142,352,744
81.63295,148,1304,-1740,533,4238,-142,353,744
81.63345,147,1304,-1740,533,4244,-142,353,744
81.63395,148,1305,-1740,533,4255,-142,353,744
81.63445,148,1305,-1740,532,4260,-141,352,744
81.63495,147,1305,-1740,532,4265,-141,352,744
81.63545,148,1305,-1740,532,4267,-141,352,744
81.63595,147,1304,-1740,532,4267,-141,352,744
81.63645,147,1304,-1739,532,4264,-142,352,744
81.63695,147,1304,-1739,532,4264,-141,353,744
81.63745,147,1305,-1739,532,4268,-142,352,744
81.63795,147,1304,-1740,533,4271,-141,352,744
81.63845,147,1304,-1740,533,4272,-141,353,744
81.63895,148,1305,-1741,534,4271,-141,352,744
81.63945,148,1304,-1741,535,4299,-141,352,745
81.63995,147,1305,-1741,534,4318,-141,352,744
81.64045,147,1305,-1741,534,4308,-141,352,744
81.64095,148,1304,-1741,534,4298,-141,353,744
81.64145,147,1305,-1741,534,4268,-141,353,744
81.64205,148,1305,-1740,534,4247,-141,353,744
81.64255,148,1305,-1739,534,4245,-142,353,744
81.64305,147,1304,-1738,533,4247,-142,353,744
81.64355,147,1305,-1737,533,4249,-141,352,744
81.64405,148,1305,-1738,532,4256,-141,353,744
81.64455,147,1304,-1738,531,4260,-141,352,744
81.64505,148,1304,-1739,531,4262,-141,352,744
81.64555,147,1304,-1740,531,4266,-141,352,744
81.64605,147,1305,-1740,531,4267,-142,352,744
81.64655,147,1304,-1741,531,4266,-142,352,744
81.64705,147,1305,-1742,532,4265,-141,352,744
81.64755,148,1305,-1741,533,4264,-141,352,744
81.64805,148,1305,-1741,533,4264,-141,352,744
81.64855,147,1305,-1740,533,4264,-141,353,744
81.64905,147,1305,-1740,533,4263,-141,352,744
81.64955,147,1305,-1740,534,4294,-141,352,744
81.65005,147,1305,-1740,534,4312,-141,352,744
81.65055,148,1305,-1740,533,4305,-141,352,744
81.65105,147,1304,-1740,533,4291,-141,353,744
81.65155,147,1304,-1740,532,4260,-142,353,744
81.65205,147,1305,-1740,532,4243,-142,353,744
81.65255,148,1305,-1739,531,4238,-141,352,744
81.65305,148,1305,-1739,531,4242,-141,352,744
81.65355,148,1305,-1740,532,4251,-141,352,744
81.65405,147,1305,-1739,532,4258,-141,353,744
81.65455,147,1304,-1740,533,4265,-141,352,744
81.65505,148,1304,-1739,533,4269,-141,352,744
81.65555,148,1305,-1740,534,4273,-141,352,744
81.65605,147,1304,-1740,534,4274,-141,353,744
81.65655,148,1305,-1740,534,4275,-141,353,744
81.65705,147,1305,-1740,534,4275,-141,352,744
81.65755,147,1305,-1740,534,4275,-141,353,744
81.65805,148,1305,-1740,534,4274,-141,353,744
81.65855,147,1305,-1740,533,4272,-141,353,744
81.65905,148,1305,-1740,533,4272,-141,353,744
81.65955,147,1305,-1740,533,4304,-141,352,744
81.66005,147,1305,-1740,531,4315,-141,352,744
81.66055,147,1305,-1740,531,4307,-141,352,744
81.66105,147,1305,-1740,530,4290,-141,353,744
81.66155,147,1305,-1741,530,4257,-141,352,744
81.66205,148,1304,-1740,531,4244,-141,352,744
81.66255,147,1305,-1740,531,4244,-141,352,744
81.66305,147,1305,-1740,531,4246,-141,352,744
81.66355,147,1305,-1739,531,4248,-142,352,744
81.66405,148,1305,-1739,532,4253,-141,352,744
81.66455,147,1305,-1739,532,4255,-141,352,744
81.66505,147,1305,-1738,532,4258,-141,352,744
81.66555,147,1305,-1739,533,4263,-141,352,744
81.66605,147,1305,-1739,533,4265,-141,352,744
81.66655,148,1305,-1739,533,4266,-141,352,744
81.66705,147,1305,-1739,533,4266,-141,353,744
81.66755,148,1304,-1739,533,4267,-141,352,744
81.66805,147,1304,-1740,533,4266,-141,352,744
81.66855,147,1305,-1739,532,4263,-141,352,744
81.66905,147,1304,-1740,533,4267,-141,352,744
81.66955,148,1305,-1740,533,4306,-141,352,744
81.67005,148,1304,-1739,532,4315,-141,352,744
81.67055,147,1305,-1740,533,4306,-141,352,744
81.67105,148,1305,-1740,532,4288,-141,353,744
81.67155,147,1305,-1740,532,4257,-141,353,744
81.67205,147,1305,-1740,533,4246,-141,352,744
81.67255,147,1305,-1740,533,4242,-141,352,744
81.67305,147,1305,-1740,533,4246,-141,353,744
81.67355,148,1305,-1740,533,4252,-141,353,744
81.67405,148,1305,-1740,533,4261,-141,352,744
81.67455,147,1305,-1739,533,4266,-141,352,744
81.67505,147,1305,-1740,533,4268,-141,352,744
81.67555,147,1305,-1739,533,4269,-141,352,744
81.67605,147,1304,-1740,532,4266,-141,352,744
81.67655,148,1305,-1739,531,4263,-141,353,744
81.67705,148,1305,-1740,531,4265,-141,352,744
81.67755,147,1305,-1739,532,4268,-141,352,744
81.67805,147,1305,-1740,532,4268,-141,352,744
81.67855,147,1305,-1740,533,4267,-141,352,744
81.67905,148,1304,-1740,533,4271,-141,352,744
81.67955,148,1305,-1740,533,4306,-141,352,744
81.68005,147,1305,-1740,532,4309,-141,352,744
81.68055,147,1305,-1739,532,4301,-141,352,744
81.68105,147,1305,-1739,532,4278,-141,353,744
81.68155,147,1305,-1740,532,4247,-141,353,744
81.68205,147,1305,-1740,532,4238,-141,353,744
81.68255,147,1305,-1740,533,4240,-141,352,744
81.68305,147,1304,-1740,533,4245,-141,352,744
81.68355,147,1305,-1739,532,4250,-141,353,744
81.68405,147,1305,-1739,533,4255,-141,352,744
81.68455,147,1304,-1739,533,4259,-141,353,744
81.68505,147,1305,-1739,533,4261,-141,352,744
81.68555,147,1305,-1739,533,4266,-141,352,744
81.68605,147,1305,-1739,533,4268,-141,352,744
81.68655,148,1304,-1739,533,4269,-141,352,744
81.68705,148,1305,-1739,532,4269,-141,352,744
81.68755,148,1305,-1740,532,4269,-141,352,744
81.68805,147,1305,-1740,532,4271,-141,352,744
81.68855,147,1305,-1740,532,4271,-141,352,744
81.68905,147,1305,-1740,533,4279,-141,353,744
81.68955,147,1305,-1741,533,4314,-141,352,744
81.69005,148,1304,-1741,532,4315,-141,353,744
81.69055,147,1305,-1742,533,4305,-141,353,744
81.69105,147,1305,-1742,532,4282,-141,353,744
81.69155,147,1304,-1742,533,4251,-141,353,744
81.69205,147,1305,-1741,532,4240,-142,353,744
81.69255,148,1305,-1740,533,4237,-141,353,744
81.69305,147,1304,-1740,532,4240,-141,352,744
81.69355,147,1305,-1739,532,4247,-141,353,744
81.69405,147,1305,-1739,532,4253,-141,352,744
81.69455,148,1305,-1739,532,4257,-141,353,744
81.69505,147,1305,-1739,532,4260,-141,352,744
81.69555,148,1305,-1739,532,4262,-141,352,744
81.69605,147,1304,-1739,532,4262,-141,352,744
81.69655,148,1305,-1739,532,4261,-141,353,744
81.69705,147,1305,-1739,532,4260,-141,353,744
81.69755,147,1304,-1739,532,4259,-141,353,744
81.69805,147,1305,-1739,532,4259,-141,352,744
81.69855,148,1305,-1739,532,4258,-141,353,744
81.69905,147,1304,-1739,533,4268,-141,352,744
81.69955,148,1304,-1740,533,4304,-140,352,744
81.70005,147,1305,-1740,532,4304,-141,352,744
81.70055,147,1305,-1740,532,4296,-141,352,744
81.70105,148,1304,-1740,532,4274,-141,353,744
81.70155,147,1305,-1740,533,4246,-141,352,744
81.70205,147,1304,-1740,533,4239,-141,353,744
81.70255,147,1305,-1740,533,4241,-141,353,743
81.70305,147,1305,-1740,533,4245,-141,353,744
81.70355,147,1304,-1740,532,4245,-141,352,744
81.70405,147,1305,-1740,532,4256,-141,353,744
81.70465,148,1305,-1740,532,4261,-141,353,744
81.70515,148,1304,-1740,532,4264,-141,352,744
81.70565,147,1305,-1739,532,4269,-141,353,744
81.70615,148,1305,-1740,533,4270,-141,353,744
81.70665,148,1305,-1740,533,4269,-141,353,744
81.70715,148,1305,-1740,533,4269,-141,354,744
81.70765,148,1304,-1740,533,4267,-141,354,744
81.70815,147,1305,-1739,533,4264,-141,354,744
81.70865,148,1305,-1740,533,4260,-142,354,744
81.70915,148,1305,-1740,533,4271,-141,354,744
81.70965,147,1305,-1740,533,4307,-141,354,744
81.71015,148,1304,-1740,533,4306,-141,353,744
81.71065,147,1305,-1741,533,4296,-141,354,744
81.71115,147,1304,-1740,532,4270,-141,354,744
81.71165,147,1305,-1740,532,4241,-141,354,744
81.71215,147,1305,-1740,532,4233,-141,354,744
81.71265,147,1305,-1740,533,4230,-141,353,744
81.71315,147,1304,-1740,532,4234,-141,353,744
81.71365,147,1305,-1740,533,4239,-141,352,744
81.71415,148,1304,-1739,533,4246,-141,352,744
81.71465,148,1304,-1739,532,4250,-141,352,744
81.71515,147,1305,-1739,532,4254,-141,352,744
81.71565,147,1305,-1739,532,4256,-141,352,744
81.71615,147,1305,-1739,532,4254,-141,352,744
81.71665,147,1305,-1739,532,4254,-141,352,744
81.71715,147,1304,-1739,533,4258,-141,351,744
81.71765,147,1305,-1739,533,4261,-141,352,744
81.71815,147,1305,-1740,533,4261,-141,352,744
81.71865,147,1305,-1740,533,4260,-141,352,744
81.71915,147,1305,-1740,533,4273,-141,352,744
81.71965,147,1305,-1740,534,4307,-141,351,744
81.720146,148,1304,-1740,533,4306,-142,352,744
81.72065,147,1304,-1740,533,4298,-141,352,744
81.72115,147,1305,-1740,533,4271,-141,352,744
81.72165,147,1305,-1740,533,4246,-141,352,744
81.72215,147,1305,-1740,533,4241,-141,352,744
81.72265,147,1305,-1740,533,4244,-141,352,744
81.72315,147,1305,-1740,533,4250,-141,352,744
81.72365,147,1305,-1740,534,4253,-141,352,743
81.72415,147,1305,-1740,533,4255,-141,352,744
81.72465,147,1304,-1740,532,4254,-141,352,744
81.72515,147,1305,-1739,532,4258,-141,352,744
81.72565,147,1305,-1739,532,4262,-141,352,744
81.72615,147,1305,-1738,532,4264,-141,352,744
81.72665,147,1305,-1739,532,4263,-141,352,744
81.72715,147,1305,-1739,532,4262,-141,352,744
81.72765,147,1305,-1739,533,4262,-141,352,744
81.72815,147,1305,-1740,533,4261,-141,352,744
81.72865,147,1305,-1740,533,4259,-141,352,744
81.72915,147,1305,-1740,534,4272,-141,352,744
81.72965,147,1304,-1740,533,4302,-141,351,744
81.73015,147,1305,-1740,533,4298,-141,352,744
81.73065,147,1305,-1741,533,4288,-141,352,744
81.73115,147,1305,-1741,532,4260,-141,352,744
81.73165,148,1305,-1740,532,4234,-141,352,743
81.73215,147,1305,-1740,532,4228,-142,352,744
81.73265,148,1305,-1740,533,4223,-141,352,744
81.73315,147,1305,-1739,532,4233,-141,353,744
81.73365,148,1305,-1739,532,4243,-141,352,744
81.73415,148,1305,-1739,532,4249,-141,352,744
81.73465,147,1305,-1739,532,4255,-141,352,744
81.73515,147,1305,-1739,532,4259,-141,352,744
81.73565,147,1305,-1739,532,4262,-141,352,744
81.73615,147,1305,-1740,532,4263,-141,352,745
81.73665,147,1305,-1740,533,4263,-141,352,745
81.73715,147,1305,-1740,533,4258,-141,352,744
81.73765,147,1305,-1740,533,4259,-141,352,745
81.73815,147,1305,-1740,533,4265,-141,352,745
81.73865,147,1305,-1739,532,4262,-141,352,745
81.73915,148,1305,-1740,532,4277,-141,352,745
81.73965,147,1305,-1740,533,4309,-141,352,745
81.74015,147,1304,-1740,533,4304,-141,352,745
81.74065,147,1305,-1740,533,4296,-141,352,745
81.74115,147,1305,-1740,533,4269,-141,352,744
81.74165,147,1305,-1740,533,4244,-141,353,744
81.74215,147,1305,-1740,533,4243,-141,352,744
81.74265,148,1305,-1740,533,4247,-141,352,745
81.74315,147,1305,-1740,533,4249,-141,352,744
81.74365,147,1305,-1740,533,4247,-141,352,744
81.74415,147,1305,-1740,533,4255,-141,352,745
81.74465,147,1305,-1739,533,4258,-141,353,744
81.74515,148,1305,-1739,532,4257,-141,352,745
81.74565,148,1305,-1739,532,4262,-141,352,745
81.74615,147,1305,-1738,532,4258,-141,352,744
81.74665,148,1305,-1739,532,4256,-141,352,744
81.74715,147,1305,-1740,533,4260,-141,352,745
81.74765,147,1305,-1740,533,4260,-141,352,744
81.74815,147,1305,-1740,533,4253,-141,352,744
81.74865,147,1305,-1740,533,4254,-141,352,744
81.74915,148,1305,-1740,534,4280,-141,352,745
81.74965,147,1305,-1740,533,4307,-141,352,745
81.75015,147,1305,-1740,533,4298,-141,352,744
81.75065,147,1305,-1740,533,4288,-141,353,744
81.75115,147,1305,-1740,532,4263,-141,353,744
81.75165,147,1305,-1740,533,4241,-140,352,744
81.75215,147,1305,-1740,533,4237,-141,353,744
81.75265,147,1305,-1740,533,4236,-141,353,744
81.75315,147,1305,-1740,532,4240,-141,352,744
81.75365,147,1305,-1739,532,4246,-141,353,744
81.75415,147,1305,-1739,532,4253,-141,352,744
81.75465,147,1305,-1739,533,4260,-141,352,745
81.75515,147,1305,-1740,534,4264,-141,352,744
81.75565,147,1305,-1740,534,4262,-141,352,744
81.75615,147,1305,-1740,533,4263,-141,352,744
81.75665,147,1305,-1739,533,4264,-141,352,744
81.75715,147,1305,-1739,533,4267,-141,352,745
81.75765,147,1305,-1739,532,4267,-141,352,744
81.75815,147,1305,-1739,532,4262,-141,353,745
81.75865,147,1305,-1739,532,4262,-141,352,744
81.75915,148,1305,-1739,533,4283,-141,352,745
81.75965,147,1305,-1739,533,4309,-141,352,744
81.76015,147,1305,-1740,533,4301,-141,353,744
81.76065,147,1305,-1740,533,4293,-141,352,744
81.76115,147,1305,-1740,533,4262,-141,353,744
81.76165,147,1305,-1740,533,4240,-141,352,744
81.76215,147,1305,-1740,532,4237,-141,352,745
81.76265,147,1305,-1740,532,4237,-141,352,744
81.76315,147,1305,-1740,532,4238,-141,352,744
81.76365,147,1305,-1740,532,4243,-141,352,744
81.76415,147,1305,-1740,533,4248,-141,352,744
81.76465,147,1305,-1740,532,4251,-141,352,744
81.76515,147,1305,-1740,532,4252,-141,352,744
81.76565,147,1305,-1740,531,4254,-141,352,745
81.76615,147,1305,-1740,532,4258,-141,352,744
81.76665,147,1305,-1740,532,4255,-141,352,744
81.76725,147,1305,-1740,532,4260,-141,352,744
81.76775,147,1305,-1740,532,4262,-141,352,745
81.76825,148,1305,-1739,532,4261,-141,352,744
81.76875,147,1304,-1739,532,4255,-141,353,745
81.76925,148,1305,-1739,533,4284,-141,352,744
81.76975,147,1305,-1739,533,4304,-141,352,745
81.77025,147,1305,-1739,533,4301,-141,352,745
81.77075,147,1305,-1739,533,4285,-141,352,744
81.77125,147,1305,-1739,533,4252,-141,353,744
81.77175,147,1305,-1740,533,4239,-141,352,744
81.77225,147,1305,-1740,534,4239,-141,353,744
81.77275,147,1305,-1740,533,4237,-141,352,744
81.77325,147,1305,-1740,532,4243,-141,352,744
81.77375,147,1305,-1740,531,4248,-141,352,744
81.77425,147,1305,-1740,532,4252,-141,351,744
81.77475,147,1305,-1740,532,4256,-141,351,744
81.77525,147,1305,-1740,532,4258,-141,351,745
81.77575,147,1305,-1740,532,4260,-141,351,744
81.77625,147,1305,-1740,532,4256,-141,351,745
81.77675,147,1305,-1739,533,4259,-142,352,745
81.77725,147,1305,-1739,533,4256,-141,351,745
81.77775,147,1305,-1739,533,4255,-141,351,744
81.77825,147,1305,-1739,533,4256,-141,351,744
81.77875,147,1305,-1739,533,4259,-141,351,744
81.77925,147,1305,-1739,534,4290,-141,351,745
81.77975,147,1305,-1740,533,4304,-141,351,744
81.78025,147,1305,-1739,533,4291,-141,352,744
81.78075,147,1305,-1739,532,4281,-141,351,744
81.78125,147,1305,-1740,532,4251,-141,352,744
81.78175,147,1305,-1739,532,4233,-141,352,744
81.78225,147,1305,-1740,532,4233,-141,352,744
81.78275,147,1305,-1740,532,4237,-141,352,744
81.78325,148,1305,-1740,533,4241,-141,352,744
81.78375,147,1305,-1740,532,4246,-141,352,744
81.78425,147,1305,-1740,532,4252,-141,352,745
81.78475,147,1305,-1740,532,4254,-141,353,744
81.78525,147,1305,-1740,532,4253,-141,353,744
81.78575,147,1305,-1740,533,4260,-140,353,745
81.78625,147,1305,-1740,533,4261,-141,353,745
81.78675,147,1305,-1740,533,4257,-141,353,744
81.78725,147,1305,-1740,533,4257,-141,353,744
81.78775,147,1305,-1740,533,4262,-141,353,744
81.78825,147,1305,-1740,533,4261,-141,353,745
81.78875,147,1305,-1740,534,4262,-141,353,745
81.78925,147,1305,-1740,534,4294,-141,352,745
81.78975,147,1305,-1740,533,4306,-141,353,745
81.79025,147,1305,-1740,533,4300,-141,353,745
81.79075,147,1305,-1739,532,4283,-141,353,744
81.79125,147,1305,-1739,531,4248,-141,353,744
81.79175,147,1305,-1740,532,4240,-141,353,744
81.79225,147,1305,-1740,533,4239,-141,353,744
81.79275,147,1305,-1740,533,4237,-141,353,744
81.79325,147,1305,-1741,533,4242,-141,353,744
81.79375,147,1305,-1741,533,4245,-141,352,744
81.79425,147,1305,-1741,533,4251,-141,352,745
81.79475,147,1305,-1740,532,4255,-141,352,745
81.79525,147,1305,-1740,532,4253,-141,353,744
81.79575,147,1305,-1739,532,4252,-141,353,744
81.79625,147,1305,-1739,532,4254,-141,353,745
81.79675,147,1305,-1739,532,4256,-141,353,744
81.79725,148,1305,-1739,532,4254,-141,353,745
81.79775,147,1305,-1739,532,4257,-141,353,745
81.79825,147,1305,-1740,533,4253,-141,353,745
81.79875,148,1305,-1740,533,4255,-141,353,745
81.79925,147,1305,-1740,533,4291,-141,352,745
81.79975,147,1304,-1739,533,4300,-141,352,745
81.80025,147,1305,-1739,533,4295,-141,353,745
81.80075,147,1305,-1739,533,4278,-141,353,744
81.80125,147,1305,-1739,533,4246,-141,353,744
81.80175,147,1305,-1739,533,4240,-141,353,745
81.80225,147,1305,-1740,533,4241,-141,353,744
81.80275,147,1305,-1740,534,4241,-141,352,745
81.80325,147,1305,-1740,533,4251,-141,353,744
81.80375,147,1305,-1740,533,4250,-141,353,744
81.80425,147,1305,-1741,533,4255,-141,353,745
81.80475,147,1305,-1741,533,4262,-141,353,744
81.80525,147,1305,-1740,533,4260,-140,353,744
81.80575,147,1305,-1739,533,4266,-141,352,744
81.80625,147,1305,-1739,533,4271,-141,352,744
81.80675,147,1305,-1739,532,4271,-141,352,745
81.80725,147,1305,-1739,532,4269,-141,353,745
81.80775,147,1305,-1739,533,4264,-141,352,745
81.80825,147,1305,-1739,533,4261,-141,353,745
81.80875,147,1305,-1739,533,4265,-141,353,745
81.80925,147,1305,-1740,533,4300,-141,352,745
81.80975,147,1305,-1740,533,4305,-141,353,744
81.81025,147,1305,-1740,533,4299,-141,353,745
81.81075,147,1305,-1740,533,4282,-141,353,744
81.81125,147,1305,-1740,533,4245,-141,354,745
81.81175,147,1305,-1740,534,4237,-141,354,744
81.81225,147,1305,-1740,534,4235,-141,354,744
81.81275,147,1305,-1740,533,4236,-141,354,745
81.81325,147,1305,-1739,533,4242,-141,354,745
81.81375,147,1305,-1740,533,4240,-140,354,744
81.81425,147,1305,-1739,532,4243,-141,354,744
81.81475,147,1304,-1740,532,4254,-141,354,745
81.81525,147,1305,-1739,533,4259,-140,354,744
81.81575,147,1305,-1740,533,4258,-140,354,745
81.81625,147,1305,-1740,532,4262,-141,354,744
81.81675,148,1305,-1739,532,4261,-140,353,745
81.81725,147,1305,-1739,532,4264,-140,353,744
81.81775,147,1305,-1740,532,4262,-141,353,745
81.81825,147,1305,-1740,532,4265,-141,352,744
81.81875,147,1305,-1740,533,4269,-141,352,745
81.81925,147,1305,-1740,532,4308,-141,351,745
81.81975,147,1305,-1740,532,4307,-140,351,744
81.82025,147,1305,-1740,533,4298,-141,352,744
81.82075,147,1305,-1740,533,4285,-141,352,744
81.82125,147,1305,-1740,533,4258,-141,352,744
81.82175,147,1305,-1740,533,4248,-141,352,745
81.82225,147,1305,-1740,533,4250,-141,352,744
81.82275,147,1305,-1740,533,4250,-141,351,745
81.82325,147,1305,-1740,533,4260,-141,352,744
81.82375,147,1305,-1740,533,4261,-141,352,744
81.82425,147,1305,-1740,533,4262,-141,352,744
81.82475,147,1305,-1740,533,4267,-141,352,744
81.82525,147,1305,-1740,532,4268,-141,352,744
81.82575,148,1305,-1740,533,4269,-140,352,744
81.82625,147,1305,-1740,533,4272,-141,352,744
81.82675,148,1305,-1740,533,4272,-140,352,744
81.82725,147,1305,-1740,533,4272,-140,352,744
81.82775,147,1305,-1740,533,4269,-141,352,744
81.82825,147,1305,-1740,533,4265,-141,352,744
81.82875,147,1305,-1740,533,4275,-141,352,745
81.82935,147,1305,-1740,534,4311,-140,352,745
81.82985,147,1305,-1740,533,4306,-140,353,745
81.83035,147,1305,-1740,533,4297,-140,352,745
81.83085,147,1305,-1740,533,4273,-140,353,744
81.83135,147,1305,-1740,533,4243,-141,353,744
81.83185,147,1305,-1740,534,4242,-140,353,744
81.83235,147,1305,-1740,533,4245,-141,353,744
81.83285,147,1305,-1740,533,4245,-141,352,744
81.83335,147,1305,-1740,533,4252,-141,352,745
81.83385,147,1305,-1740,533,4255,-141,352,744
81.83435,147,1305,-1740,533,4258,-140,352,744
81.83485,147,1305,-1740,533,4267,-140,352,744
81.83535,147,1305,-1740,533,4273,-140,352,744
81.83585,147,1305,-1740,533,4272,-140,352,744
81.83635,147,1305,-1740,533,4271,-140,352,744
81.83685,147,1305,-1740,533,4274,-141,352,744
81.83735,147,1305,-1739,533,4276,-140,352,745
81.83785,147,1305,-1739,533,4276,-140,352,744
81.83835,147,1305,-1739,532,4273,-141,352,744
81.83885,147,1305,-1739,532,4287,-140,352,744
81.83935,147,1305,-1739,533,4323,-141,351,744
81.83985,147,1305,-1739,532,4323,-140,352,745
81.84035,147,1305,-1740,532,4314,-140,351,745
81.84085,147,1305,-1740,532,4285,-140,352,744
81.84135,147,1305,-1740,532,4253,-140,352,744
81.84185,147,1305,-1740,533,4252,-140,352,744
81.84235,148,1305,-1740,533,4255,-140,352,744
81.84285,147,1305,-1739,533,4258,-141,352,744
81.84335,147,1305,-1740,533,4263,-140,353,744
81.84385,147,1305,-1739,533,4264,-141,352,744
81.84435,147,1305,-1739,533,4263,-140,352,744
81.84485,147,1305,-1739,532,4267,-140,352,745
81.84535,147,1305,-1739,532,4267,-140,352,744
81.84585,147,1305,-1739,533,4265,-140,352,744
81.84635,147,1305,-1740,533,4271,-140,353,744
81.84685,147,1305,-1740,533,4273,-140,352,744
81.84735,147,1305,-1740,534,4273,-140,352,744
81.84785,147,1305,-1740,534,4272,-140,352,744
81.84835,147,1305,-1740,534,4269,-140,353,744
81.84885,147,1305,-1740,535,4280,-140,352,745
81.84935,148,1305,-1740,535,4312,-140,352,744
81.84985,147,1305,-1740,534,4309,-140,352,744
81.85035,147,1305,-1740,533,4305,-140,353,744
81.85085,147,1305,-1740,532,4282,-141,353,744
81.85135,147,1305,-1739,531,4251,-140,353,745
81.85185,147,1305,-1740,531,4244,-140,352,744
81.85235,147,1305,-1740,531,4243,-140,352,744
81.85285,147,1305,-1740,531,4249,-140,352,744
81.85335,147,1305,-1740,532,4255,-140,352,744
81.85385,147,1305,-1740,531,4258,-140,353,744
81.85435,147,1304,-1739,532,4263,-140,352,744
81.85485,147,1305,-1740,533,4270,-141,353,745
81.85535,147,1305,-1740,533,4273,-140,352,744
81.85585,147,1305,-1740,533,4273,-140,352,745
81.85635,147,1305,-1740,533,4276,-140,352,744
81.85685,147,1305,-1740,533,4274,-141,352,744
81.85735,147,1305,-1739,533,4277,-141,352,744
81.85785,147,1304,-1740,533,4278,-140,352,744
81.85835,147,1305,-1740,533,4275,-140,352,744
81.85885,148,1305,-1739,533,4287,-140,351,745
81.85935,147,1305,-1739,533,4317,-140,351,744
81.85985,147,1305,-1739,533,4309,-140,352,744
81.86035,147,1305,-1740,532,4303,-140,352,744
81.86085,147,1305,-1740,532,4280,-140,352,744
81.86135,147,1305,-1740,533,4254,-141,352,744
81.86185,147,1305,-1740,533,4247,-140,352,744
81.86235,147,1305,-1739,533,4249,-141,352,744
81.86285,147,1305,-1740,533,4253,-140,352,744
81.86335,147,1305,-1739,533,4258,-141,353,744
81.86385,147,1305,-1740,533,4258,-140,353,744
81.86435,147,1305,-1739,533,4257,-140,352,744
81.86485,147,1305,-1740,534,4261,-141,352,745
81.86535,147,1305,-1739,533,4262,-140,352,744
81.86585,147,1305,-1740,533,4262,-140,353,744
81.86635,147,1305,-1740,533,4269,-140,352,744
81.86685,147,1305,-1739,532,4272,-141,352,744
81.86735,147,1305,-1740,532,4271,-140,352,744
81.86785,147,1305,-1740,532,4269,-140,352,744
81.86835,147,1305,-1740,532,4266,-140,352,744
81.86885,147,1305,-1740,533,4286,-140,352,744
81.86935,147,1305,-1739,533,4318,-140,352,744
81.86985,147,1305,-1739,533,4315,-140,352,744
81.87035,147,1305,-1739,532,4306,-140,352,744
81.87085,147,1305,-1740,532,4277,-140,353,744
81.87135,148,1305,-1740,532,4252,-140,353,744
81.87185,147,1305,-1740,533,4248,-140,352,744
81.87235,147,1305,-1740,533,4250,-140,352,744
81.87285,147,1305,-1739,533,4251,-140,352,744
81.87335,147,1305,-1739,533,4256,-140,352,744
81.87385,147,1305,-1739,533,4258,-140,352,744
81.87435,147,1305,-1739,533,4264,-140,352,744
81.87485,147,1305,-1739,533,4269,-140,352,744
81.87535,147,1305,-1740,533,4271,-140,352,744
81.87585,147,1305,-1740,533,4268,-140,352,744
81.87635,147,1305,-1741,533,4268,-140,352,744
81.87685,147,1305,-1740,533,4271,-140,352,744
81.87735,147,1305,-1740,533,4272,-140,353,744
81.87785,147,1305,-1740,533,4271,-140,353,744
81.87835,147,1305,-1740,533,4269,-140,352,744
81.87885,147,1305,-1740,533,4288,-140,352,744
81.87935,147,1305,-1740,533,4315,-140,352,744
81.87985,147,1305,-1740,533,4310,-140,352,744
81.88035,147,1305,-1740,533,4299,-140,352,744
81.88085,147,1305,-1739,532,4269,-140,353,744
81.88135,147,1305,-1738,533,4244,-140,352,744
81.88185,147,1305,-1739,532,4240,-140,353,744
81.88235,147,1305,-1739,533,4243,-140,352,744
81.88285,147,1305,-1739,533,4249,-140,352,744
81.88335,147,1305,-1739,532,4256,-141,352,744
81.88385,147,1305,-1739,533,4258,-141,352,744
81.88435,147,1305,-1740,533,4258,-140,352,744
81.88485,147,1305,-1740,533,4263,-141,352,744
81.88535,147,1305,-1740,533,4265,-140,352,744
81.88585,147,1305,-1740,533,4267,-140,352,744
81.88635,147,1305,-1740,533,4272,-140,352,744
81.88685,147,1305,-1740,533,4274,-140,352,744
81.88735,147,1305,-1740,532,4273,-140,352,744
81.88785,147,1305,-1740,533,4274,-140,352,745
81.88835,147,1305,-1740,533,4272,-140,352,744
81.88885,147,1305,-1740,533,4292,-140,352,745
81.88935,147,1305,-1740,533,4319,-140,352,744
81.88985,147,1305,-1739,532,4312,-140,353,745
81.89035,147,1305,-1740,533,4304,-140,353,744
81.89095,147,1305,-1740,533,4269,-140,353,744
81.89145,147,1305,-1739,533,4247,-140,354,744
81.89195,147,1305,-1739,533,4245,-140,354,745
81.89245,147,1305,-1740,533,4247,-141,354,745
81.89295,147,1305,-1740,533,4244,-140,354,744
81.89345,147,1305,-1740,533,4246,-140,353,744
81.89395,147,1305,-1739,533,4253,-140,354,744
81.89445,147,1305,-1740,533,4258,-140,354,744
81.89495,147,1305,-1740,533,4263,-140,354,744
81.89545,147,1305,-1739,533,4264,-140,354,744
81.89595,147,1305,-1740,533,4267,-140,353,745
81.89645,147,1305,-1740,533,4267,-140,353,744
81.89695,147,1305,-1740,533,4262,-140,352,744
81.89745,147,1305,-1740,533,4264,-140,352,744
81.89795,147,1305,-1740,533,4265,-140,352,744
81.89845,147,1305,-1739,533,4263,-140,352,744
81.89895,147,1305,-1740,534,4290,-140,351,744
81.89945,147,1305,-1740,533,4311,-140,351,745
81.89995,147,1305,-1740,533,4303,-140,352,745
81.90045,147,1305,-1739,533,4288,-140,352,744
81.90095,147,1305,-1740,533,4260,-140,352,744
81.90145,147,1305,-1740,533,4247,-140,352,744
81.90195,147,1305,-1740,533,4247,-140,352,744
81.90245,147,1305,-1740,533,4249,-140,352,745
81.90295,147,1305,-1740,533,4254,-140,352,744
81.90345,147,1305,-1739,533,4256,-140,352,744
81.90395,147,1305,-1740,533,4260,-140,352,744
81.90445,147,1305,-1739,533,4264,-140,352,744
81.90495,147,1305,-1739,533,4269,-140,352,744
81.90545,147,1305,-1740,533,4271,-140,352,744
81.90595,147,1305,-1740,533,4274,-140,352,744
81.90645,147,1305,-1740,532,4277,-140,352,745
81.90695,147,1305,-1740,533,4276,-140,352,744
81.90745,147,1305,-1740,533,4270,-140,352,744
81.90795,147,1305,-1739,533,4269,-140,352,745
81.90845,147,1305,-1740,533,4269,-140,352,744
81.90895,147,1305,-1740,533,4296,-140,352,745
81.90945,147,1305,-1740,533,4317,-140,352,744
81.90995,147,1305,-1739,533,4308,-140,352,744
81.910446,147,1305,-1739,533,4299,-140,352,744
81.91095,147,1305,-1739,533,4268,-140,352,744
81.91145,147,1305,-1740,533,4245,-140,352,744
81.91195,147,1305,-1740,533,4243,-140,352,744
81.91245,147,1305,-1740,533,4246,-140,352,745
81.91295,147,1305,-1739,533,4245,-140,352,744
81.91345,147,1305,-1739,533,4245,-140,352,744
81.91395,147,1305,-1740,533,4250,-140,352,744
81.91445,147,1305,-1739,533,4257,-140,352,745
81.91495,147,1305,-1740,533,4262,-140,352,744
81.91545,147,1305,-1740,533,4261,-140,352,745
81.91595,147,1305,-1740,533,4263,-140,352,744
81.91645,147,1305,-1740,533,4263,-140,352,744
81.91695,147,1305,-1740,533,4271,-140,352,744
81.91745,147,1305,-1740,533,4275,-140,352,744
81.91795,147,1305,-1740,533,4274,-140,352,744
81.91845,147,1305,-1740,533,4274,-140,352,744
81.91895,147,1305,-1740,534,4307,-140,352,745
81.91945,147,1304,-1740,533,4320,-140,352,744
81.91995,147,1305,-1740,533,4310,-140,352,745
81.92045,147,1305,-1740,533,4299,-140,352,744
81.92095,147,1305,-1740,533,4265,-140,352,745
81.92145,147,1304,-1740,533,4252,-140,353,744
81.92195,147,1305,-1740,534,4250,-140,352,744
81.92245,147,1305,-1740,534,4259,-140,352,744
81.92295,147,1305,-1740,534,4268,-141,352,744
81.92345,147,1305,-1740,534,4270,-140,352,744
81.92395,147,1305,-1739,534,4271,-141,352,745
81.92445,147,1305,-1739,534,4268,-140,352,744
81.92495,147,1305,-1740,533,4267,-140,352,745
81.92545,147,1305,-1739,533,4272,-140,352,744
81.92595,147,1305,-1739,532,4270,-140,352,744
81.92645,147,1305,-1739,532,4276,-140,352,744
81.92695,147,1305,-1739,532,4279,-140,352,744
81.92745,147,1305,-1739,532,4279,-140,352,745
81.92795,147,1305,-1739,532,4276,-140,352,745
81.92845,147,1305,-1740,533,4273,-140,352,744
81.92895,147,1305,-1739,533,4306,-140,352,745
81.92945,147,1305,-1740,533,4319,-140,352,744
81.92995,147,1305,-1740,533,4308,-140,352,744
81.93045,147,1305,-1740,533,4294,-141,352,744
81.93095,147,1305,-1740,532,4260,-141,352,744
81.93145,147,1305,-1740,533,4244,-140,352,744
81.93195,147,1305,-1740,533,4244,-140,352,744
81.93245,147,1305,-1740,533,4248,-140,352,744
81.93295,147,1305,-1740,532,4252,-140,351,744
81.93345,147,1305,-1740,532,4255,-140,352,745
81.93395,147,1305,-1739,533,4257,-140,351,744
81.93445,147,1305,-1739,533,4258,-140,351,744
81.93495,147,1305,-1740,533,4267,-140,352,745
81.93545,147,1305,-1739,533,4272,-140,351,744
81.93595,147,1305,-1740,533,4271,-140,351,745
81.93645,147,1305,-1740,533,4275,-140,352,745
81.93695,147,1304,-1740,533,4272,-140,351,744
81.93745,147,1305,-1740,533,4272,-140,351,744
81.93795,147,1305,-1740,533,4277,-140,351,744
81.93845,147,1305,-1740,534,4284,-140,351,745
81.93895,147,1305,-1739,533,4318,-140,351,745
81.93945,147,1305,-1739,532,4318,-140,351,744
81.93995,147,1305,-1739,531,4308,-140,351,745
81.94045,147,1305,-1739,531,4295,-140,352,744
81.94095,147,1305,-1739,531,4263,-140,352,745
81.94145,147,1305,-1739,532,4252,-140,352,745
81.94195,147,1305,-1739,532,4248,-140,352,745
81.94245,147,1305,-1739,533,4249,-140,352,744
81.94295,147,1305,-1740,532,4257,-140,352,745
81.94345,147,1305,-1740,533,4265,-140,352,744
81.94395,147,1305,-1740,533,4261,-140,353,745
81.94445,147,1305,-1740,533,4263,-140,353,745
81.94495,147,1305,-1740,533,4264,-140,353,745
81.94545,147,1305,-1740,533,4263,-140,353,745
81.94595,147,1305,-1740,533,4266,-141,353,744
81.94645,147,1305,-1740,533,4268,-140,353,745
81.94695,147,1305,-1740,533,4271,-141,353,744
81.94745,147,1305,-1739,533,4265,-141,353,744
81.94795,147,1305,-1739,532,4264,-141,353,744
81.94845,148,1305,-1739,533,4273,-140,353,745
81.94895,147,1305,-1739,533,4311,-140,352,744
81.94945,147,1305,-1739,533,4310,-140,353,744
81.94995,147,1305,-1739,533,4307,-141,353,744
81.95045,147,1305,-1739,532,4288,-140,353,744
81.95095,147,1305,-1739,532,4256,-140,353,745
81.95145,147,1305,-1739,533,4243,-141,353,744
81.95195,147,1305,-1740,533,4240,-140,353,745
81.95245,147,1305,-1739,533,4248,-140,353,744
81.95305,147,1305,-1739,533,4248,-140,353,744
81.95355,147,1305,-1740,533,4253,-141,353,745
81.95405,147,1305,-1739,533,4255,-141,353,745
81.95455,147,1305,-1740,533,4259,-140,353,744
81.95505,147,1305,-1740,533,4264,-141,353,745
81.95555,147,1305,-1740,533,4271,-141,353,744
81.95605,147,1305,-1740,533,4266,-141,353,744
81.95655,147,1305,-1739,533,4272,-140,352,744
81.95705,147,1305,-1740,532,4276,-141,352,744
81.95755,147,1305,-1739,533,4275,-141,352,745
81.95805,147,1305,-1740,533,4271,-140,353,744
81.95855,148,1305,-1739,533,4273,-141,352,745
81.95905,147,1305,-1740,533,4309,-141,352,745
81.95955,147,1305,-1740,533,4307,-141,353,745
81.96005,147,1305,-1740,533,4297,-141,353,744
81.96055,147,1305,-1739,533,4276,-141,353,744
81.96105,147,1305,-1740,533,4251,-141,354,744
81.96155,147,1305,-1739,533,4242,-141,353,744
81.96205,147,1305,-1739,533,4241,-141,353,744
81.96255,147,1305,-1740,532,4244,-141,353,744
81.96305,147,1305,-1740,533,4249,-141,353,744
81.96355,147,1305,-1740,533,4251,-141,353,745
81.96405,147,1305,-1740,532,4250,-141,353,744
81.96455,147,1305,-1740,532,4245,-141,353,744
81.96505,147,1305,-1740,533,4253,-141,353,744
81.96555,147,1305,-1739,532,4256,-141,353,744
81.96605,147,1305,-1740,533,4258,-141,353,744
81.96655,147,1305,-1740,533,4262,-141,353,744
81.96705,147,1305,-1740,533,4263,-141,354,745
81.96755,147,1305,-1739,533,4263,-141,354,744
81.96805,147,1305,-1740,533,4258,-141,354,745
81.96855,147,1305,-1739,534,4270,-141,354,745
81.96905,147,1305,-1739,533,4301,-141,353,745
81.96955,147,1305,-1740,533,4301,-141,353,745
81.97005,147,1305,-1740,533,4294,-141,354,745
81.97055,147,1305,-1740,533,4271,-140,354,745
81.97105,147,1305,-1740,533,4243,-141,354,744
81.97155,147,1305,-1740,533,4235,-141,354,745
81.97205,147,1305,-1740,533,4241,-141,354,745
81.97255,147,1305,-1740,533,4244,-141,353,744
81.97305,147,1305,-1740,533,4247,-141,353,745
81.97355,147,1305,-1739,533,4250,-141,353,744
81.97405,147,1305,-1739,532,4248,-141,352,744
81.97455,147,1305,-1739,533,4255,-141,352,745
81.97505,147,1305,-1739,533,4261,-141,352,744
81.97555,147,1305,-1739,533,4259,-141,352,744
81.97605,147,1305,-1740,533,4263,-141,352,744
81.97655,147,1305,-1740,533,4264,-141,351,744
81.97705,147,1305,-1740,533,4263,-141,351,745
81.97755,147,1305,-1740,533,4261,-141,351,744
81.97805,147,1305,-1740,533,4255,-141,351,744
81.97855,147,1305,-1740,534,4269,-141,351,745
81.97905,147,1305,-1740,534,4302,-141,351,745
81.97955,147,1305,-1740,533,4294,-141,352,744
81.98005,147,1305,-1740,533,4283,-141,352,745
81.98055,147,1305,-1740,532,4264,-141,352,744
81.98105,147,1305,-1740,532,4235,-141,352,744
81.98155,147,1305,-1740,533,4230,-141,352,744
81.98205,147,1305,-1739,532,4233,-141,352,745
81.98255,147,1305,-1739,533,4238,-141,352,744
81.98305,147,1305,-1739,532,4239,-141,352,744
81.98355,147,1305,-1739,533,4245,-141,352,745
81.98405,147,1305,-1739,532,4247,-141,352,744
81.98455,147,1305,-1739,533,4246,-141,352,744
81.98505,147,1305,-1739,533,4252,-141,352,744
81.98555,147,1305,-1740,533,4256,-141,352,745
81.98605,147,1305,-1740,533,4258,-141,352,745
81.98655,147,1305,-1740,533,4256,-141,352,744
81.98705,147,1305,-1741,533,4255,-141,352,744
81.98755,147,1305,-1741,533,4257,-141,352,744
81.98805,147,1305,-1741,533,4258,-141,353,744
81.98855,147,1305,-1741,534,4275,-141,352,744
81.98905,147,1305,-1740,533,4308,-141,352,744
81.98955,147,1305,-1739,533,4306,-141,352,744
81.99005,147,1305,-1739,532,4297,-141,352,744
81.99055,147,1305,-1739,533,4271,-141,352,744
81.99105,147,1305,-1739,532,4242,-141,353,744
81.99155,147,1305,-1739,533,4231,-141,352,744
81.99205,147,1305,-1739,533,4232,-141,353,744
81.99255,147,1305,-1740,532,4235,-141,352,744
81.99305,147,1305,-1740,533,4237,-141,352,744
81.99355,147,1305,-1740,533,4238,-141,352,744
81.99405,147,1305,-1740,533,4238,-141,352,744
81.99455,147,1305,-1740,533,4246,-141,352,744
81.99505,147,1305,-1739,533,4249,-141,352,744
81.99555,147,1305,-1740,533,4250,-141,352,744
81.99605,147,1305,-1739,533,4249,-141,352,744
81.99655,147,1305,-1739,533,4251,-141,353,744
81.99705,147,1305,-1739,533,4252,-141,352,744
81.99755,147,1305,-1739,532,4251,-141,353,744
81.99805,147,1305,-1740,533,4249,-142,353,744
81.99855,147,1305,-1740,534,4264,-141,352,744
81.99905,147,1305,-1741,533,4295,-141,352,745
81.99955,147,1305,-1740,533,4291,-141,353,745
82.00005,147,1305,-1740,533,4279,-141,353,744
82.00055,147,1305,-1740,533,4253,-142,353,745
82.00105,147,1305,-1740,533,4233,-142,353,744
82.00155,147,1305,-1740,533,4225,-141,353,745
82.00205,147,1305,-1740,533,4229,-142,352,745
82.00255,147,1306,-1740,534,4232,-142,353,745
82.00305,147,1305,-1740,534,4238,-142,352,745
82.00355,147,1305,-1740,533,4241,-141,352,745
82.00405,147,1305,-1740,533,4243,-141,352,745
82.00455,147,1305,-1739,534,4244,-141,352,745
82.00505,147,1305,-1740,533,4248,-141,353,745
82.00555,147,1305,-1740,533,4252,-141,353,745
82.00605,147,1305,-1740,532,4255,-141,352,745
82.00655,147,1305,-1739,532,4259,-141,352,745
82.00705,147,1305,-1740,532,4259,-141,352,745
82.00755,147,1305,-1739,532,4259,-141,352,745
82.00805,147,1305,-1739,533,4255,-141,352,745
82.00855,147,1305,-1739,533,4272,-141,352,745
82.00905,147,1305,-1740,534,4299,-141,352,745
82.00955,147,1305,-1740,534,4294,-141,352,745
82.01005,147,1305,-1740,533,4284,-141,352,745
82.01055,147,1305,-1740,533,4254,-142,352,744
82.01105,147,1305,-1739,533,4230,-141,352,745
82.01155,147,1305,-1740,533,4226,-141,352,744
82.01205,147,1305,-1740,533,4224,-141,352,745
82.01255,147,1305,-1741,533,4233,-141,352,744
82.01305,147,1305,-1740,533,4231,-141,352,744
82.01355,147,1305,-1740,532,4232,-141,351,745
82.01405,147,1306,-1740,532,4233,-141,352,745
82.01465,147,1305,-1739,532,4233,-141,351,745
82.01515,147,1305,-1739,532,4237,-141,352,745
82.01565,147,1305,-1740,533,4242,-141,352,745
82.01615,147,1305,-1740,533,4245,-141,351,744
82.01665,147,1305,-1740,533,4247,-141,352,745
82.01715,147,1305,-1740,533,4251,-141,352,744
82.01765,147,1305,-1740,533,4250,-142,352,745
82.01815,147,1305,-1740,533,4250,-141,352,744
82.01865,147,1305,-1740,533,4271,-141,352,745
82.01915,147,1305,-1740,533,4298,-141,352,745
82.01965,147,1305,-1740,533,4289,-141,352,745
82.02015,147,1305,-1740,533,4277,-142,352,745
82.02065,147,1305,-1740,533,4251,-141,353,745
82.02115,147,1305,-1740,533,4231,-142,353,744
82.02165,147,1305,-1740,533,4230,-142,353,745
82.02215,147,1305,-1740,533,4237,-142,353,745
82.02265,147,1305,-1740,533,4241,-141,353,745
82.02315,147,1305,-1740,533,4244,-142,353,745
82.02365,147,1305,-1740,533,4246,-141,353,744
82.02415,147,1305,-1740,533,4246,-142,353,745
82.02465,147,1305,-1740,533,4251,-141,353,745
82.02515,147,1305,-1740,533,4250,-141,353,744
82.02565,147,1305,-1739,532,4250,-141,353,745
82.02615,147,1305,-1739,532,4258,-141,353,745
82.02665,147,1305,-1739,532,4255,-141,353,745
82.02715,147,1305,-1739,532,4252,-142,352,744
82.02765,147,1305,-1740,533,4249,-141,352,745
82.02815,147,1306,-1740,533,4252,-141,352,744
82.02865,147,1305,-1739,533,4277,-141,352,745
82.02915,147,1305,-1740,533,4302,-141,352,745
82.02965,147,1305,-1740,533,4292,-141,352,745
82.03015,147,1305,-1740,533,4278,-141,353,745
82.03065,147,1305,-1740,533,4247,-142,353,744
82.03115,147,1305,-1740,533,4226,-142,353,745
82.03165,147,1305,-1740,533,4225,-141,353,744
82.03215,147,1305,-1740,533,4225,-142,353,745
82.032646,147,1305,-1740,533,4235,-142,353,745
82.03315,147,1305,-1740,533,4234,-142,352,745
82.03365,147,1305,-1740,533,4233,-142,352,745
82.03415,147,1305,-1740,533,4236,-141,352,745
82.03465,147,1305,-1740,533,4244,-141,352,745
82.03515,147,1305,-1740,533,4250,-141,352,745
82.03565,147,1305,-1740,533,4252,-142,352,745
82.03615,147,1305,-1740,533,4252,-142,352,745
82.03665,147,1305,-1739,533,4256,-141,353,745
82.03715,147,1305,-1740,533,4259,-141,352,745
82.03765,147,1305,-1739,533,4259,-142,353,745
82.03815,147,1305,-1740,534,4259,-141,352,745
82.03865,147,1305,-1740,534,4289,-141,352,745
82.03915,147,1305,-1740,533,4308,-141,352,745
82.03965,147,1305,-1740,534,4302,-142,352,745
82.04015,147,1305,-1739,533,4290,-141,353,745
82.04065,147,1305,-1739,532,4257,-141,352,745
82.04115,147,1305,-1739,533,4239,-141,353,745
82.04165,147,1305,-1740,533,4235,-142,353,745
82.04215,147,1305,-1740,533,4236,-141,353,744
82.04265,147,1306,-1741,533,4243,-142,353,745
82.04315,147,1305,-1741,533,4251,-141,353,745
82.04365,147,1305,-1741,533,4249,-142,353,745
82.04415,147,1305,-1741,533,4248,-141,354,744
82.04465,147,1305,-1740,532,4247,-142,354,744
82.04515,147,1305,-1740,533,4255,-142,354,744
82.04565,147,1305,-1740,533,4258,-141,354,745
82.04615,147,1305,-1739,533,4257,-142,354,744
82.04665,147,1305,-1739,532,4255,-141,354,745
82.04715,147,1305,-1739,532,4258,-142,354,745
82.04765,147,1305,-1739,533,4254,-141,354,745
82.04815,147,1305,-1740,533,4251,-141,354,745
82.04865,147,1305,-1739,534,4284,-141,353,745
82.04915,147,1305,-1740,533,4299,-141,354,745
82.04965,147,1305,-1740,533,4294,-142,353,745
82.05015,147,1305,-1740,533,4282,-141,353,745
82.05065,147,1305,-1740,532,4250,-142,353,745
82.05115,147,1305,-1739,533,4234,-141,352,745
82.05165,147,1305,-1739,533,4230,-141,352,745
82.05215,147,1306,-1739,533,4233,-141,352,745
82.05265,147,1305,-1739,533,4240,-141,352,745
82.05315,147,1305,-1740,533,4244,-142,352,744
82.05365,147,1305,-1740,533,4243,-141,352,745
82.05415,147,1305,-1740,534,4249,-141,352,745
82.05465,147,1305,-1740,534,4251,-141,352,745
82.05515,147,1305,-1740,534,4256,-142,352,745
82.05565,147,1305,-1740,534,4261,-142,351,745
82.05615,147,1305,-1740,534,4263,-142,351,745
82.05665,147,1305,-1740,535,4263,-141,351,745
82.05715,147,1305,-1740,534,4263,-142,351,745
82.05765,147,1305,-1740,534,4263,-142,352,745
82.05815,147,1305,-1739,534,4263,-142,351,745
82.05865,147,1305,-1739,534,4296,-142,351,745
82.05915,147,1305,-1739,533,4305,-141,351,745
82.05965,147,1305,-1739,533,4296,-142,351,745
82.06015,147,1305,-1739,532,4280,-141,352,744
82.06065,147,1305,-1739,532,4252,-142,352,744
82.06115,147,1305,-1739,532,4242,-142,352,744
82.06165,147,1305,-1739,532,4240,-142,352,745
82.06215,147,1305,-1739,533,4241,-141,352,745
82.06265,147,1305,-1739,532,4242,-142,352,745
82.06315,147,1305,-1739,532,4244,-141,351,745
82.06365,147,1306,-1739,531,4245,-141,351,745
82.06415,147,1305,-1739,532,4244,-142,351,745
82.06465,147,1305,-1739,532,4246,-141,351,745
82.06515,147,1305,-1740,532,4250,-141,352,745
82.06565,147,1305,-1740,533,4252,-141,351,745
82.06615,147,1305,-1740,533,4256,-141,351,745
82.06665,147,1305,-1740,533,4259,-141,351,745
82.06715,147,1305,-1740,532,4258,-141,351,744
82.06765,147,1305,-1740,532,4256,-141,351,744
82.06815,147,1305,-1740,533,4266,-141,351,745
82.06865,147,1305,-1740,533,4305,-141,351,745
82.06915,147,1305,-1741,533,4306,-141,351,745
82.06965,147,1305,-1740,532,4298,-141,351,744
82.07015,147,1305,-1739,532,4282,-141,352,744
82.07065,147,1305,-1739,532,4256,-141,352,744
82.07115,147,1305,-1739,532,4245,-141,352,744
82.07165,147,1305,-1739,532,4242,-141,352,744
82.07215,147,1305,-1739,533,4245,-141,352,744
82.07265,147,1305,-1739,533,4251,-141,352,745
82.07315,147,1306,-1739,532,4251,-141,351,744
82.07365,147,1305,-1739,533,4246,-141,352,744
82.07415,147,1305,-1739,533,4249,-141,352,744
82.07465,147,1305,-1739,532,4256,-141,353,745
82.07515,147,1305,-1739,533,4258,-141,352,745
82.07565,147,1305,-1740,533,4255,-141,353,745
82.07625,147,1305,-1740,533,4257,-141,352,744
82.07675,147,1305,-1740,533,4259,-141,353,744
82.07725,147,1305,-1739,533,4263,-141,353,745
82.07775,147,1305,-1740,533,4262,-141,353,745
82.07825,147,1305,-1740,533,4262,-141,352,744
82.07875,147,1305,-1739,534,4297,-141,353,745
82.07925,147,1305,-1740,533,4304,-141,353,745
82.07975,147,1305,-1740,533,4292,-141,352,745
82.08025,147,1305,-1740,533,4268,-141,353,744
82.08075,147,1305,-1740,533,4239,-141,353,744
82.08125,147,1305,-1740,533,4235,-141,353,744
82.08175,147,1305,-1740,533,4235,-141,353,745
82.08225,147,1306,-1740,533,4237,-141,353,745
82.08275,147,1305,-1740,533,4240,-141,353,744
82.08325,147,1305,-1740,533,4244,-141,353,745
82.08375,147,1305,-1740,533,4251,-141,353,745
82.08425,147,1305,-1740,533,4250,-141,353,745
82.08475,147,1305,-1741,532,4247,-141,353,744
82.08525,147,1305,-1741,533,4252,-142,353,744
82.08575,147,1305,-1740,533,4260,-142,353,744
82.08625,147,1305,-1739,533,4263,-141,353,744
82.08675,147,1305,-1738,533,4267,-141,352,744
82.08725,147,1305,-1738,533,4267,-141,352,744
82.08775,147,1305,-1739,533,4267,-141,352,744
82.08825,147,1305,-1739,533,4274,-141,353,745
82.08875,147,1305,-1739,533,4308,-141,352,745
82.08925,147,1305,-1739,533,4306,-141,353,744
82.08975,147,1305,-1739,533,4298,-141,353,745
82.09025,146,1305,-1739,533,4280,-141,353,744
82.09075,147,1306,-1740,533,4249,-141,353,744
82.09125,147,1306,-1740,533,4241,-141,353,744
82.09175,147,1305,-1739,533,4240,-141,352,745
82.09225,147,1305,-1740,533,4242,-141,353,744
82.09275,147,1305,-1740,533,4245,-141,352,745
82.09325,147,1305,-1740,533,4246,-141,353,744
82.09375,147,1305,-1739,533,4243,-141,353,745
82.09425,147,1305,-1739,533,4246,-141,353,744
82.09475,147,1305,-1739,533,4251,-141,353,744
82.09525,147,1305,-1740,533,4259,-141,353,744
82.09575,147,1305,-1740,533,4263,-141,353,744
82.09625,147,1305,-1740,533,4263,-141,352,745
82.09675,147,1305,-1740,534,4261,-141,352,744
82.09725,147,1305,-1740,534,4256,-141,352,745
82.09775,147,1306,-1739,534,4258,-141,352,744
82.09825,147,1305,-1740,534,4265,-141,352,745
82.09875,147,1305,-1740,534,4302,-141,351,745
82.09925,147,1305,-1740,534,4299,-141,352,744
82.09975,147,1305,-1739,532,4290,-141,351,745
82.10025,147,1306,-1739,532,4274,-141,352,744
82.10075,147,1305,-1739,531,4246,-141,351,744
82.10125,147,1305,-1740,532,4244,-142,351,744
82.10175,147,1305,-1740,533,4245,-141,351,744
82.10225,147,1305,-1740,534,4249,-141,352,744
82.10275,147,1305,-1740,534,4255,-141,352,744
82.10325,146,1305,-1740,534,4257,-141,351,745
82.10375,147,1305,-1739,534,4259,-141,351,744
82.10425,147,1305,-1739,533,4255,-141,352,744
82.10475,147,1305,-1739,534,4261,-141,353,744
82.10525,147,1305,-1740,534,4268,-141,353,744
82.10575,147,1306,-1740,533,4270,-141,354,744
82.10625,147,1305,-1740,534,4273,-141,354,745
82.10675,146,1305,-1740,534,4275,-141,354,744
82.10725,147,1305,-1741,534,4267,-141,354,744
82.10775,147,1305,-1741,533,4268,-141,354,745
82.10825,147,1305,-1741,533,4281,-141,354,745
82.10875,147,1305,-1741,533,4311,-141,354,744
82.10925,147,1305,-1740,532,4310,-141,354,744
82.10975,147,1305,-1740,533,4307,-141,354,744
82.11025,147,1305,-1739,531,4284,-141,354,744
82.11075,147,1305,-1739,531,4256,-141,353,744
82.11125,147,1305,-1739,532,4247,-141,353,744
82.11175,147,1305,-1739,532,4245,-141,353,744
82.11225,147,1305,-1739,533,4248,-141,353,744
82.11275,147,1305,-1739,533,4254,-141,353,744
82.11325,147,1305,-1739,533,4253,-141,353,744
82.11375,147,1305,-1739,533,4250,-141,353,744
82.11425,147,1305,-1739,533,4251,-141,353,744
82.11475,147,1306,-1740,533,4257,-141,353,744
82.11525,147,1305,-1740,533,4262,-141,353,744
82.11575,147,1305,-1739,533,4266,-141,353,744
82.11625,147,1305,-1739,533,4269,-141,353,744
82.11675,147,1305,-1739,533,4271,-141,353,744
82.11725,147,1305,-1739,533,4272,-141,353,745
82.11775,147,1305,-1739,533,4271,-141,353,744
82.11825,147,1306,-1739,534,4281,-141,352,744
82.11875,147,1305,-1740,534,4317,-141,352,744
82.11925,147,1306,-1740,534,4318,-141,352,744
82.11975,147,1305,-1739,534,4311,-141,352,744
82.12025,147,1305,-1740,533,4285,-141,353,744
82.12075,147,1305,-1740,533,4260,-141,353,744
82.12125,147,1305,-1740,534,4255,-141,353,744
82.12175,147,1305,-1739,533,4256,-141,353,744
82.12225,147,1305,-1739,533,4260,-141,353,744
82.12275,147,1305,-1739,533,4266,-141,353,744
82.12325,147,1305,-1740,533,4270,-141,353,744
82.12375,147,1305,-1739,533,4272,-141,353,744
82.12425,147,1305,-1740,533,4273,-141,353,744
82.12475,147,1305,-1740,533,4270,-141,353,744
82.12525,147,1305,-1740,534,4272,-141,353,744
82.12575,147,1305,-1740,534,4274,-141,353,744
82.12625,147,1305,-1740,534,4275,-141,353,744
82.12675,147,1305,-1740,534,4278,-141,353,745
82.12725,147,1305,-1740,534,4278,-141,353,745
82.12775,147,1305,-1740,533,4271,-141,352,745
82.12825,147,1305,-1739,533,4283,-141,352,745
82.12875,147,1305,-1740,533,4315,-141,352,745
82.12925,147,1305,-1739,532,4313,-141,352,745
82.12975,147,1305,-1739,533,4304,-141,352,745
82.13025,147,1305,-1739,533,4277,-141,352,745
82.13075,147,1306,-1739,533,4252,-141,353,745
82.13125,147,1305,-1739,533,4243,-141,353,745
82.13175,147,1305,-1740,533,4243,-141,352,745
82.13225,147,1305,-1739,534,4251,-141,353,745
82.13275,147,1305,-1739,533,4257,-141,353,745
82.13325,147,1305,-1739,533,4256,-141,353,745
82.13375,147,1306,-1739,533,4257,-141,352,745
82.13425,147,1305,-1739,533,4260,-141,353,745
82.13475,147,1305,-1739,533,4268,-141,352,745
82.13525,147,1305,-1739,533,4273,-141,353,745
82.13575,147,1305,-1739,533,4276,-141,353,745
82.13635,147,1305,-1739,533,4277,-140,352,745
82.13685,147,1305,-1739,533,4278,-141,353,744
82.13735,147,1306,-1740,533,4279,-141,352,745
82.13785,147,1306,-1740,533,4282,-141,353,745
82.13835,147,1305,-1739,534,4298,-141,352,745
82.13885,147,1305,-1740,534,4325,-141,352,745
82.13935,147,1305,-1740,534,4319,-141,352,745
82.13985,147,1305,-1740,534,4310,-141,352,745
82.14035,147,1305,-1739,534,4284,-141,353,745
82.14085,147,1305,-1740,534,4262,-141,353,745
82.14135,147,1305,-1740,534,4258,-141,353,744
82.14185,147,1305,-1740,534,4257,-141,353,745
82.14235,147,1305,-1741,534,4265,-141,353,744
82.14285,147,1305,-1740,533,4267,-141,353,744
82.14335,147,1305,-1740,534,4272,-141,352,745
82.14385,147,1305,-1740,533,4273,-141,353,745
82.14435,147,1305,-1739,532,4267,-141,353,745
82.14485,147,1305,-1739,531,4266,-141,352,745
82.14535,147,1305,-1739,531,4270,-141,353,744
82.14585,147,1305,-1740,532,4272,-141,353,745
82.14635,147,1305,-1739,532,4278,-141,353,745
82.14685,147,1305,-1740,531,4275,-141,352,745
82.14735,147,1306,-1740,532,4271,-141,353,744
82.14785,147,1305,-1741,532,4270,-141,353,745
82.14835,147,1305,-1741,532,4298,-141,352,745
82.14885,147,1305,-1741,533,4321,-140,352,745
82.14935,147,1305,-1741,532,4315,-141,353,745
82.14985,147,1305,-1740,533,4306,-141,353,744
82.15035,147,1305,-1740,533,4277,-141,353,744
82.15085,147,1305,-1740,534,4263,-141,353,745
82.15135,147,1305,-1739,534,4258,-141,353,745
82.15185,147,1305,-1739,534,4252,-141,353,745
82.15235,147,1305,-1739,534,4256,-141,353,744
82.15285,147,1305,-1739,534,4264,-141,353,745
82.15335,147,1306,-1738,533,4268,-141,353,745
82.15385,147,1305,-1738,533,4263,-141,352,744
82.15435,147,1305,-1739,533,4263,-141,353,745
82.15485,147,1306,-1739,533,4274,-141,352,745
82.15535,147,1305,-1739,532,4276,-140,353,745
82.15585,147,1305,-1739,532,4278,-141,353,745
82.15635,147,1305,-1739,532,4281,-140,353,745
82.15685,147,1305,-1739,532,4282,-141,353,745
82.15735,147,1305,-1739,533,4282,-140,353,745
82.15785,147,1305,-1740,533,4279,-140,353,745
82.15835,147,1305,-1740,534,4304,-140,352,745
82.15885,147,1305,-1739,533,4325,-140,353,745
82.15935,147,1306,-1739,533,4319,-141,353,744
82.15985,147,1305,-1740,533,4308,-141,352,745
82.16035,147,1305,-1739,533,4279,-140,352,744
82.16085,147,1305,-1739,533,4257,-141,352,745
82.16135,147,1305,-1739,533,4255,-140,352,745
82.16185,147,1305,-1739,533,4253,-141,352,745
82.16235,147,1305,-1739,533,4256,-141,352,745
82.16285,147,1305,-1740,533,4260,-140,352,745
82.16335,147,1305,-1740,534,4261,-141,352,745
82.16385,147,1305,-1740,533,4262,-141,352,745
82.16435,147,1305,-1739,533,4263,-141,352,745
82.16485,147,1305,-1739,533,4261,-141,352,745
82.16535,147,1305,-1739,533,4265,-141,352,745
82.16585,147,1305,-1739,533,4268,-141,352,745
82.16635,147,1305,-1739,533,4271,-141,352,744
82.16685,147,1305,-1738,533,4276,-141,352,745
82.16735,147,1305,-1739,532,4281,-141,352,745
82.16785,147,1305,-1738,532,4276,-140,352,745
82.16835,147,1305,-1738,532,4302,-141,351,745
82.16885,147,1305,-1739,532,4321,-141,352,745
82.16935,147,1305,-1739,532,4316,-141,352,745
82.16985,147,1305,-1740,533,4305,-141,352,745
82.17035,147,1305,-1740,534,4273,-141,352,745
82.17085,147,1305,-1740,534,4253,-141,352,745
82.17135,147,1306,-1740,534,4249,-141,353,745
82.17185,147,1305,-1739,534,4252,-141,353,745
82.17235,147,1305,-1740,534,4260,-141,353,745
82.17285,147,1305,-1739,533,4263,-141,353,744
82.17335,147,1305,-1739,533,4261,-141,353,745
82.17385,147,1305,-1739,533,4265,-141,353,745
82.17435,147,1305,-1739,533,4264,-141,354,745
82.17485,147,1305,-1740,533,4268,-141,354,745
82.17535,147,1305,-1741,533,4271,-141,354,745
82.17585,147,1305,-1740,533,4272,-141,355,745
82.17635,147,1305,-1740,533,4272,-141,354,745
82.17685,147,1305,-1739,533,4272,-141,354,745
82.17735,147,1305,-1739,533,4272,-141,354,745
82.17785,147,1305,-1739,533,4270,-141,354,745
82.17835,147,1305,-1739,533,4299,-141,354,745
82.17885,147,1305,-1739,533,4315,-141,354,745
82.17935,147,1305,-1739,533,4305,-141,353,745
82.17985,147,1305,-1739,534,4292,-141,353,745
82.18035,147,1305,-1739,534,4262,-141,352,745
82.18085,147,1305,-1739,534,4245,-141,352,745
82.18135,147,1306,-1739,534,4243,-141,352,745
82.18185,147,1305,-1739,534,4242,-141,351,745
82.18235,147,1305,-1739,534,4247,-141,351,745
82.18285,147,1305,-1739,533,4255,-141,351,745
82.18335,147,1305,-1739,533,4259,-141,351,745
82.18385,147,1305,-1739,533,4261,-141,351,745
82.18435,147,1305,-1739,533,4260,-141,351,745
82.18485,147,1305,-1739,533,4264,-141,350,745
82.18535,147,1305,-1740,533,4266,-141,350,745
82.18585,147,1305,-1740,533,4269,-141,350,745
82.18635,147,1305,-1740,533,4272,-141,350,745
82.18685,147,1305,-1741,533,4272,-141,350,745
82.18735,147,1305,-1740,533,4268,-141,350,745
82.18785,147,1305,-1740,533,4271,-141,350,745
82.18835,147,1305,-1739,533,4308,-141,350,745
82.18885,147,1305,-1739,533,4320,-141,350,745
82.18935,147,1306,-1739,533,4313,-141,350,745
82.18985,147,1305,-1740,533,4297,-141,351,744
82.19035,147,1305,-1740,533,4264,-141,351,745
82.19085,147,1305,-1740,534,4255,-141,351,744
82.19135,147,1305,-1741,534,4248,-141,351,745
82.19185,147,1305,-1740,534,4249,-141,351,745
82.19235,147,1305,-1740,534,4249,-141,351,745
82.19285,147,1305,-1740,534,4252,-141,351,745
82.19335,147,1305,-1740,534,4250,-141,351,745
82.19385,147,1306,-1739,533,4248,-141,352,745
82.19435,147,1305,-1739,533,4249,-141,352,745
82.19485,147,1305,-1738,532,4253,-141,352,745
82.19535,147,1305,-1739,532,4258,-141,353,745
82.19585,147,1305,-1739,533,4259,-141,353,745
82.19645,147,1305,-1739,533,4261,-141,354,745
82.19695,147,1305,-1739,533,4261,-141,354,745
82.19745,147,1305,-1739,533,4259,-141,354,745
82.19795,147,1305,-1740,533,4262,-141,355,745
82.19845,147,1305,-1740,534,4297,-141,354,745
82.19895,147,1305,-1740,533,4304,-141,354,745
82.19945,147,1305,-1740,533,4298,-141,355,745
82.19995,147,1305,-1740,534,4281,-141,354,745
82.20045,147,1306,-1740,534,4248,-141,354,745
82.20095,147,1305,-1740,533,4238,-141,354,745
82.20145,147,1305,-1740,534,4239,-141,354,745
82.20195,147,1306,-1740,534,4242,-141,354,745
82.20245,147,1306,-1739,533,4249,-141,354,745
82.20295,147,1305,-1739,533,4253,-141,354,745
82.20345,147,1306,-1739,533,4255,-141,354,745
82.20395,147,1305,-1739,534,4257,-141,353,745
82.20445,147,1306,-1739,533,4260,-141,353,745
82.20495,147,1305,-1739,533,4259,-141,353,745
82.20545,147,1306,-1739,533,4262,-141,353,745
82.20595,147,1305,-1739,532,4265,-141,353,744
82.20645,147,1305,-1739,533,4268,-141,353,745
82.20695,147,1306,-1739,533,4275,-141,353,745
82.20745,147,1305,-1740,534,4271,-141,353,745
82.20795,147,1305,-1740,535,4272,-141,353,745
82.20845,147,1305,-1740,535,4306,-141,353,745
82.20895,147,1305,-1740,534,4309,-141,353,745
82.20945,147,1305,-1740,534,4301,-141,353,745
82.20995,147,1306,-1740,534,4280,-141,353,745
82.21045,147,1305,-1739,533,4249,-141,353,745
82.21095,147,1305,-1739,533,4237,-141,352,745
82.21145,147,1305,-1739,533,4234,-141,352,745
82.21195,147,1306,-1739,532,4238,-141,353,745
82.21245,147,1305,-1739,532,4245,-141,353,745
82.21295,147,1305,-1739,533,4246,-141,353,745
82.21345,147,1305,-1739,533,4242,-141,352,745
82.21395,147,1305,-1740,534,4241,-141,353,744
82.21445,147,1305,-1740,534,4245,-141,353,745
82.21495,147,1305,-1740,534,4256,-141,353,745
82.21545,147,1305,-1740,533,4256,-141,353,745
82.21595,147,1306,-1741,533,4258,-141,353,745
82.21645,147,1306,-1740,534,4258,-141,354,745
82.21695,147,1305,-1741,534,4259,-141,354,745
82.21745,147,1305,-1741,534,4259,-141,355,745
82.21795,147,1305,-1741,534,4267,-141,354,745
82.21845,147,1305,-1741,534,4303,-141,354,745
82.21895,147,1305,-1741,533,4303,-142,354,745
82.21945,147,1306,-1740,534,4295,-141,354,745
82.21995,147,1305,-1739,533,4274,-141,354,745
82.22045,147,1305,-1739,533,4248,-141,354,745
82.22095,147,1305,-1739,533,4241,-141,354,745
82.22145,147,1306,-1739,533,4242,-141,354,745
82.22195,147,1306,-1739,534,4245,-141,354,745
82.22245,147,1305,-1739,534,4251,-141,354,745
82.222946,147,1305,-1739,534,4253,-141,354,745
82.22345,147,1306,-1740,534,4255,-141,354,745
82.22395,147,1305,-1739,535,4256,-141,354,745
82.22445,147,1305,-1739,534,4254,-141,354,745
82.22495,147,1306,-1739,534,4256,-141,353,745
82.22545,147,1305,-1739,534,4258,-141,353,745
82.22595,147,1306,-1739,534,4259,-141,354,745
82.22645,147,1305,-1740,535,4261,-141,353,745
82.22695,147,1306,-1740,534,4259,-141,354,745
82.22745,147,1305,-1740,534,4256,-141,354,745
82.22795,147,1306,-1740,534,4268,-141,353,745
82.22845,147,1305,-1739,533,4304,-141,353,745
82.22895,147,1305,-1739,533,4304,-141,353,745
82.22945,147,1306,-1739,533,4295,-141,353,745
82.22995,147,1305,-1739,533,4269,-141,354,745
82.23045,147,1306,-1739,533,4241,-141,354,745
82.23095,147,1305,-1739,533,4234,-141,355,745
82.23145,147,1306,-1739,533,4233,-141,354,745
82.23195,147,1306,-1739,533,4234,-141,355,745
82.23245,147,1306,-1739,533,4240,-141,354,744
82.23295,147,1305,-1739,533,4245,-142,355,745
82.23345,147,1306,-1739,532,4250,-141,355,745
82.23395,147,1305,-1739,533,4245,-141,354,745
82.23445,147,1306,-1739,533,4245,-141,355,745
82.23495,147,1306,-1739,533,4250,-141,355,744
82.23545,147,1305,-1739,533,4257,-141,354,745
82.23595,146,1306,-1739,533,4263,-141,354,745
82.23645,147,1306,-1739,534,4263,-141,354,745
82.23695,147,1306,-1740,534,4263,-141,353,745
82.23745,147,1305,-1740,533,4263,-141,353,745
82.23795,147,1306,-1740,534,4275,-141,352,745
82.23845,147,1305,-1739,534,4311,-141,351,745
82.23895,147,1306,-1739,533,4310,-141,351,745
82.23945,147,1305,-1739,534,4303,-141,351,745
82.23995,147,1306,-1739,533,4278,-141,351,744
82.24045,147,1306,-1739,534,4251,-141,351,745
82.24095,147,1306,-1739,535,4247,-142,351,744
82.24145,147,1306,-1739,535,4245,-142,351,745
82.24195,147,1306,-1740,534,4248,-141,351,745
82.24245,147,1306,-1740,535,4249,-142,352,745
82.24295,147,1306,-1739,535,4250,-142,352,745
82.24345,147,1305,-1739,534,4252,-141,352,745
82.24395,147,1305,-1739,534,4254,-142,352,745
82.24445,147,1306,-1739,534,4255,-142,352,745
82.24495,147,1306,-1740,534,4253,-141,353,745
82.24545,147,1305,-1740,533,4256,-141,353,745
82.24595,147,1306,-1739,533,4259,-141,353,745
82.24645,147,1306,-1739,533,4259,-141,353,745
82.24695,147,1306,-1739,532,4261,-141,353,745
82.24745,147,1306,-1739,532,4260,-141,353,745
82.24795,148,1306,-1739,532,4273,-141,353,746
82.24845,147,1306,-1739,532,4305,-141,353,746
82.24895,147,1306,-1739,533,4308,-141,353,745
82.24945,147,1305,-1739,533,4300,-141,352,745
82.24995,147,1306,-1739,533,4269,-141,353,745
82.25045,147,1305,-1739,533,4242,-142,353,745
82.25095,147,1305,-1739,533,4234,-141,353,745
82.25145,147,1305,-1739,533,4236,-141,353,745
82.25195,147,1306,-1739,533,4243,-141,353,745
82.25245,147,1305,-1739,533,4248,-141,353,745
82.25295,147,1306,-1739,533,4250,-141,353,745
82.25345,147,1305,-1739,533,4253,-142,353,745
82.25395,147,1306,-1739,533,4250,-141,353,745
82.25445,147,1306,-1739,533,4250,-142,353,745
82.25495,147,1305,-1740,534,4252,-142,353,745
82.25545,147,1305,-1739,534,4260,-141,353,745
82.25595,147,1306,-1740,533,4265,-141,353,745
82.25645,147,1306,-1740,534,4268,-141,353,745
82.25705,147,1306,-1739,533,4268,-141,353,745
82.25755,147,1306,-1739,534,4266,-142,353,745
82.25805,147,1305,-1739,534,4279,-141,352,745
82.25855,147,1306,-1739,533,4308,-142,352,745
82.25905,147,1306,-1739,533,4303,-141,352,745
82.25955,147,1305,-1739,533,4293,-142,352,745
82.26005,147,1306,-1739,532,4267,-141,353,745
82.26055,147,1306,-1739,533,4244,-141,353,745
82.26105,147,1305,-1739,533,4238,-141,352,745
82.26155,147,1306,-1739,533,4238,-141,352,745
82.26205,147,1306,-1739,533,4242,-141,352,745
82.26255,147,1305,-1739,534,4246,-141,353,745
82.26305,147,1305,-1739,534,4248,-141,353,745
82.26355,147,1305,-1739,534,4248,-141,353,745
82.26405,147,1306,-1740,533,4249,-141,353,745
82.26455,147,1305,-1740,534,4250,-142,353,745
82.26505,147,1306,-1739,534,4249,-141,353,745
82.26555,147,1306,-1739,534,4250,-141,353,745
82.26605,147,1306,-1740,533,4254,-142,353,745
82.26655,147,1305,-1740,534,4255,-141,353,745
82.26705,147,1306,-1740,534,4257,-141,353,745
82.26755,147,1306,-1740,534,4260,-141,354,745
82.26805,147,1306,-1740,534,4280,-141,353,746
82.26855,147,1306,-1740,534,4309,-142,353,745
82.26905,147,1305,-1740,533,4309,-141,353,745
82.26955,147,1306,-1739,533,4296,-141,354,745
82.27005,147,1306,-1739,533,4266,-142,354,745
82.27055,147,1306,-1739,533,4243,-141,353,745
82.27105,147,1306,-1739,533,4239,-141,354,745
82.27155,147,1306,-1739,533,4241,-142,353,745
82.27205,147,1306,-1739,533,4244,-141,353,745
82.27255,147,1305,-1739,533,4249,-141,353,745
82.27305,147,1306,-1739,533,4252,-141,353,745
82.27355,147,1306,-1739,533,4251,-141,353,745
82.27405,147,1305,-1739,533,4248,-142,353,745
82.27455,147,1306,-1739,533,4249,-142,353,745
82.27505,147,1306,-1739,533,4249,-142,353,745
82.27555,147,1305,-1739,533,4254,-142,354,745
82.27605,147,1306,-1739,534,4256,-142,354,745
82.27655,147,1306,-1739,534,4258,-141,354,745
82.27705,147,1306,-1739,534,4260,-142,354,745
82.27755,147,1305,-1739,534,4258,-141,354,745
82.27805,147,1305,-1739,535,4279,-142,353,745
82.27855,147,1306,-1740,534,4304,-141,353,745
82.27905,147,1305,-1739,534,4298,-142,353,745
82.27955,147,1306,-1740,534,4287,-141,353,745
82.28005,147,1306,-1739,533,4255,-142,353,745
82.28055,147,1306,-1739,533,4233,-141,353,745
82.28105,147,1306,-1738,533,4229,-141,353,745
82.28155,147,1306,-1739,533,4231,-141,353,745
82.28205,147,1305,-1739,533,4237,-141,353,745
82.28255,147,1305,-1739,533,4241,-141,353,745
82.28305,147,1306,-1739,533,4244,-141,353,745
82.28355,147,1306,-1739,534,4247,-141,354,745
82.28405,147,1306,-1740,533,4249,-141,354,745
82.28455,147,1306,-1740,534,4251,-142,354,745
82.28505,147,1306,-1739,534,4251,-141,354,745
82.28555,147,1306,-1739,534,4251,-141,354,745
82.28605,147,1306,-1739,534,4255,-142,355,745
82.28655,147,1306,-1740,534,4256,-142,355,745
82.28705,147,1306,-1739,534,4259,-141,354,745
82.28755,147,1306,-1739,534,4261,-141,354,745
82.28805,147,1306,-1739,534,4285,-141,354,745
82.28855,147,1306,-1739,534,4310,-141,353,745
82.28905,147,1306,-1739,534,4304,-141,354,745
82.28955,147,1305,-1739,533,4294,-141,353,745
82.29005,147,1306,-1739,533,4263,-142,353,745
82.29055,147,1306,-1739,533,4241,-141,352,745
82.29105,147,1306,-1739,534,4235,-142,352,745
82.29155,147,1306,-1739,533,4238,-141,351,745
82.29205,147,1306,-1740,534,4242,-141,352,745
82.29255,147,1306,-1740,533,4245,-142,351,745
82.29305,147,1306,-1740,533,4247,-141,351,745
82.29355,147,1306,-1740,533,4247,-142,351,745
82.29405,147,1305,-1740,533,4244,-141,351,745
82.29455,147,1306,-1740,533,4244,-142,351,745
82.29505,147,1306,-1740,533,4245,-142,351,745
82.29555,147,1306,-1740,533,4251,-141,351,745
82.29605,147,1305,-1739,533,4254,-142,351,745
82.29655,147,1306,-1738,534,4256,-141,351,745
82.29705,147,1306,-1738,533,4256,-141,351,745
82.29755,147,1306,-1738,533,4254,-141,351,745
82.29805,147,1306,-1738,534,4281,-141,350,745
82.29855,147,1305,-1739,533,4300,-142,351,745
82.29905,147,1306,-1739,533,4291,-142,351,745
82.29955,147,1306,-1739,533,4281,-141,351,745
82.30005,147,1306,-1739,533,4251,-141,351,745
82.30055,147,1306,-1739,533,4236,-142,351,745
82.30105,147,1306,-1739,533,4234,-142,351,745
82.30155,147,1306,-1739,533,4237,-141,351,745
82.30205,147,1306,-1739,533,4240,-142,351,745
82.30255,147,1306,-1739,533,4246,-141,350,745
82.30305,147,1306,-1739,534,4249,-141,350,745
82.30355,147,1306,-1739,533,4252,-141,350,745
82.30405,147,1306,-1739,534,4254,-142,351,745
82.30455,147,1306,-1740,534,4255,-142,352,745
82.30505,147,1306,-1740,533,4254,-141,351,745
82.30555,147,1306,-1741,534,4259,-142,351,745
82.30605,147,1306,-1740,533,4261,-142,352,744
82.30655,147,1306,-1741,533,4264,-142,352,745
82.30705,147,1306,-1740,534,4268,-141,353,745
82.30755,147,1306,-1739,535,4261,-142,353,745
82.30805,147,1306,-1739,534,4290,-141,353,745
82.30855,147,1306,-1739,534,4306,-142,353,745
82.30905,147,1305,-1739,533,4302,-142,353,745
82.30955,147,1305,-1739,534,4289,-142,354,745
82.31005,147,1306,-1739,534,4255,-142,355,745
82.31055,147,1305,-1738,534,4240,-142,355,745
82.31105,147,1306,-1738,534,4239,-142,355,745
82.31155,147,1305,-1739,534,4239,-142,354,745
82.31205,147,1306,-1739,533,4241,-142,354,745
82.31255,147,1306,-1739,534,4243,-142,354,745
82.31305,147,1306,-1739,534,4245,-142,354,745
82.31355,147,1306,-1739,534,4243,-142,354,745
82.31405,147,1306,-1739,533,4240,-142,354,745
82.31455,147,1306,-1739,534,4241,-142,354,745
82.31505,147,1306,-1739,534,4243,-142,354,745
82.31555,147,1306,-1739,534,4249,-142,354,745
82.31605,147,1306,-1739,534,4253,-141,354,745
82.31655,147,1306,-1739,534,4257,-141,355,745
82.31705,147,1306,-1739,534,4259,-141,354,745
82.31765,147,1306,-1739,534,4260,-141,354,745
82.31815,147,1306,-1739,535,4294,-141,354,745
82.31865,147,1306,-1740,534,4305,-141,355,745
82.31915,147,1306,-1740,534,4298,-141,355,745
82.31965,147,1306,-1739,534,4282,-141,355,745
82.32015,147,1306,-1740,534,4250,-141,355,744
82.32065,147,1306,-1740,534,4238,-141,355,745
82.32115,147,1305,-1739,534,4243,-141,354,745
82.32165,147,1306,-1739,534,4244,-141,354,745
82.32215,147,1305,-1739,533,4248,-141,354,744
82.32265,147,1306,-1739,533,4251,-141,354,744
82.32315,147,1306,-1739,533,4257,-141,353,745
82.32365,147,1306,-1739,534,4259,-142,353,744
82.32415,147,1306,-1739,533,4254,-142,353,745
82.32465,147,1306,-1739,534,4257,-141,353,745
82.32515,147,1306,-1739,533,4252,-142,353,745
82.32565,147,1306,-1739,534,4248,-142,353,745
82.32615,147,1306,-1740,534,4252,-141,353,745
82.32665,147,1306,-1740,535,4252,-141,353,745
82.32715,147,1306,-1740,535,4255,-141,353,745
82.32765,147,1306,-1740,535,4260,-141,353,745
82.32815,147,1306,-1740,535,4295,-142,353,745
82.32865,147,1306,-1740,535,4300,-141,353,745
82.32915,147,1306,-1739,535,4292,-141,353,745
82.32965,146,1306,-1740,535,4274,-141,353,745
82.33015,147,1306,-1740,534,4241,-141,353,744
82.33065,147,1306,-1740,535,4229,-142,353,745
82.33115,147,1306,-1739,534,4229,-142,353,744
82.33165,147,1306,-1739,534,4232,-141,353,745
82.33215,147,1306,-1739,534,4240,-142,353,745
82.33265,147,1306,-1739,534,4239,-141,353,745
82.33315,147,1306,-1739,534,4240,-142,353,745
82.33365,147,1306,-1740,534,4241,-142,353,745
82.33415,147,1306,-1739,534,4240,-142,353,745
82.33465,147,1306,-1739,534,4242,-142,353,745
82.33515,147,1305,-1738,534,4244,-142,353,745
82.33565,147,1306,-1737,534,4251,-141,353,745
82.33615,147,1306,-1738,534,4255,-142,353,745
82.33665,147,1306,-1738,533,4259,-142,353,745
82.33715,147,1306,-1739,532,4259,-141,353,745
82.33765,147,1306,-1739,532,4265,-141,353,745
82.33815,147,1306,-1739,532,4301,-141,352,745
82.33865,147,1306,-1739,532,4304,-142,353,745
82.33915,147,1306,-1739,532,4295,-141,353,745
82.33965,147,1306,-1739,533,4276,-141,354,744
82.34015,147,1306,-1739,533,4248,-142,354,745
82.34065,147,1306,-1739,533,4243,-141,355,745
82.34115,147,1306,-1739,533,4239,-141,355,745
82.34165,147,1306,-1740,534,4240,-141,355,745
82.34215,147,1306,-1739,534,4244,-142,355,745
82.34265,147,1305,-1739,533,4244,-141,355,745
82.34315,147,1306,-1739,533,4245,-141,355,745
82.34365,147,1306,-1739,533,4247,-142,355,745
82.34415,147,1306,-1739,533,4248,-141,355,745
82.34465,147,1306,-1739,533,4248,-142,355,744
82.345146,147,1305,-1739,533,4246,-142,354,744
82.34565,147,1306,-1739,533,4254,-142,354,745
82.34615,147,1306,-1739,533,4255,-141,353,745
82.34665,147,1306,-1738,533,4249,-141,353,745
82.34715,147,1306,-1739,533,4248,-141,353,745
82.34765,147,1306,-1739,534,4258,-141,352,745
82.34815,147,1305,-1739,534,4294,-142,351,745
82.34865,147,1306,-1739,533,4296,-141,351,745
82.34915,147,1306,-1739,533,4289,-142,351,744
82.34965,147,1306,-1739,533,4269,-141,352,745
82.35015,147,1306,-1739,533,4245,-142,352,744
82.35065,147,1306,-1739,533,4235,-141,352,745
82.35115,147,1306,-1739,533,4238,-142,352,744
82.35165,147,1306,-1739,533,4238,-142,352,744
82.35215,147,1305,-1739,533,4244,-142,353,744
82.35265,147,1306,-1740,533,4247,-142,353,744
82.35315,147,1306,-1740,533,4249,-142,352,744
82.35365,147,1306,-1741,534,4249,-141,353,744
82.35415,147,1306,-1740,534,4246,-142,353,745
82.35465,147,1306,-1740,534,4248,-141,353,744
82.35515,147,1306,-1740,534,4247,-141,353,745
82.35565,147,1306,-1739,534,4254,-141,353,745
82.35615,147,1306,-1739,534,4255,-142,353,745
82.35665,147,1306,-1739,534,4257,-141,353,745
82.35715,147,1306,-1739,534,4259,-141,354,744
82.35765,147,1306,-1739,534,4270,-141,353,745
82.35815,147,1306,-1738,534,4308,-141,353,745
82.35865,147,1305,-1738,533,4303,-142,353,745
82.35915,147,1306,-1739,533,4293,-142,353,744
82.35965,147,1306,-1739,533,4269,-142,353,744
82.36015,147,1306,-1739,533,4246,-142,353,744
82.36065,147,1306,-1739,534,4240,-142,353,745
82.36115,147,1306,-1739,534,4239,-141,353,744
82.36165,147,1306,-1739,534,4237,-142,352,744
82.36215,147,1306,-1739,535,4246,-142,353,745
82.36265,147,1306,-1740,535,4249,-142,353,745
82.36315,147,1306,-1740,535,4245,-142,352,745
82.36365,147,1305,-1741,536,4244,-142,352,745
82.36415,147,1306,-1741,536,4246,-142,352,745
82.36465,147,1306,-1742,536,4248,-142,353,745
82.36515,147,1306,-1741,535,4249,-142,352,745
82.36565,147,1306,-1740,534,4249,-142,353,745
82.36615,147,1306,-1739,533,4254,-141,353,745
82.36665,147,1306,-1738,532,4256,-141,352,745
82.36715,147,1306,-1737,532,4259,-142,353,745
82.36765,147,1306,-1738,532,4273,-141,352,746
82.36815,147,1306,-1738,532,4308,-141,352,746
82.36865,147,1306,-1738,533,4312,-141,353,745
82.36915,147,1305,-1739,533,4304,-141,353,745
82.36965,147,1306,-1738,533,4274,-141,353,745
82.37015,147,1306,-1739,534,4246,-141,354,745
82.37065,147,1306,-1738,534,4239,-142,354,745
82.37115,147,1306,-1739,534,4239,-141,353,745
82.37165,147,1306,-1739,534,4248,-142,353,745
82.37215,147,1306,-1739,533,4253,-142,353,745
82.37265,147,1306,-1739,533,4255,-142,353,745
82.37315,147,1306,-1739,533,4257,-142,353,745
82.37365,147,1306,-1739,532,4257,-141,353,745
82.37415,147,1306,-1739,532,4254,-141,353,745
82.37465,147,1306,-1739,533,4254,-142,353,745
82.37515,147,1305,-1739,533,4255,-141,352,745
82.37565,147,1306,-1739,533,4260,-142,352,745
82.37615,147,1306,-1739,533,4263,-142,351,745
82.37665,147,1306,-1739,533,4265,-141,351,745
82.37715,147,1306,-1739,533,4264,-142,351,745
82.37765,147,1306,-1739,533,4276,-141,351,745
82.37825,147,1306,-1739,533,4309,-141,351,745
82.37875,147,1306,-1739,533,4305,-142,351,745
82.37925,147,1306,-1739,533,4295,-141,351,745
82.37975,147,1306,-1739,533,4270,-142,351,745
82.38025,147,1306,-1739,533,4243,-142,351,745
82.38075,147,1306,-1739,533,4237,-142,351,745
82.38125,147,1305,-1739,533,4239,-141,351,745
82.38175,147,1306,-1739,533,4245,-142,350,745
82.38225,147,1306,-1739,533,4249,-141,350,745
82.38275,147,1306,-1739,533,4251,-141,351,745
82.38325,147,1306,-1739,534,4252,-141,351,745
82.38375,147,1306,-1739,534,4255,-141,352,745
82.38425,147,1306,-1739,533,4257,-141,352,745
82.38475,147,1306,-1739,534,4258,-141,353,745
82.38525,147,1306,-1739,534,4256,-141,353,745
82.38575,147,1306,-1738,534,4260,-141,353,745
82.38625,147,1306,-1738,534,4263,-141,353,745
82.38675,147,1306,-1739,533,4263,-141,353,745
82.38725,147,1306,-1739,533,4264,-141,353,745
82.38775,147,1305,-1739,534,4282,-141,352,745
82.38825,146,1306,-1739,534,4315,-141,352,745
82.38875,147,1305,-1739,533,4314,-142,352,745
82.38925,146,1306,-1739,533,4306,-141,352,745
82.38975,147,1306,-1739,533,4279,-142,353,745
82.39025,147,1306,-1739,533,4254,-142,353,745
82.39075,147,1305,-1739,534,4247,-141,353,745
82.39125,147,1305,-1739,534,4248,-141,354,745
82.39175,147,1306,-1739,534,4252,-141,354,745
82.39225,147,1306,-1740,534,4253,-141,354,745
82.39275,147,1306,-1740,534,4252,-141,354,745
82.39325,147,1306,-1740,534,4254,-141,354,745
82.39375,147,1305,-1739,534,4254,-141,354,745
82.39425,147,1306,-1739,534,4250,-142,354,745
82.39475,147,1305,-1739,534,4251,-141,353,745
82.39525,147,1306,-1739,533,4254,-141,354,745
82.39575,147,1306,-1739,534,4256,-141,354,745
82.39625,147,1306,-1739,534,4259,-141,354,745
82.39675,147,1306,-1739,534,4261,-141,355,745
82.39725,147,1305,-1739,534,4260,-141,355,745
82.39775,147,1305,-1740,534,4277,-141,355,745
82.39825,147,1305,-1740,534,4307,-141,355,745
82.39875,147,1306,-1739,534,4304,-142,355,745
82.39925,147,1305,-1739,534,4295,-141,356,744
82.39975,146,1305,-1739,533,4268,-141,356,745
82.40025,147,1305,-1740,534,4249,-141,356,745
82.40075,147,1306,-1740,533,4241,-141,356,745
82.40125,147,1306,-1740,533,4242,-142,356,745
82.40175,147,1305,-1740,533,4249,-141,355,745
82.40225,147,1306,-1739,533,4254,-142,355,745
82.40275,147,1305,-1739,533,4255,-141,355,745
82.40325,147,1306,-1739,534,4257,-142,354,745
82.40375,147,1305,-1739,533,4260,-141,354,745
82.40425,147,1306,-1739,534,4261,-141,353,745
82.40475,147,1305,-1739,534,4264,-141,353,745
82.40525,147,1306,-1739,533,4264,-142,353,745
82.40575,147,1305,-1739,533,4263,-141,353,745
82.40625,147,1305,-1739,534,4268,-141,352,745
82.40675,147,1306,-1739,534,4268,-141,352,745
82.40725,147,1305,-1739,534,4268,-142,353,745
82.40775,147,1306,-1739,534,4292,-141,352,745
82.40825,147,1305,-1739,534,4317,-142,352,745
82.40875,147,1306,-1739,533,4311,-142,353,745
82.40925,146,1306,-1740,533,4300,-141,353,745
82.40975,147,1306,-1740,532,4269,-141,353,745
82.41025,147,1306,-1739,532,4248,-142,353,745
82.41075,147,1306,-1739,532,4241,-142,353,744
82.41125,147,1305,-1739,532,4242,-142,353,745
82.41175,147,1305,-1739,533,4253,-141,354,745
82.41225,147,1306,-1740,533,4253,-141,354,745
82.41275,147,1306,-1739,535,4250,-141,354,745
82.41325,147,1305,-1739,534,4250,-141,355,745
82.41375,147,1305,-1739,534,4250,-141,355,745
82.41425,147,1305,-1739,534,4246,-141,355,745
82.41475,147,1305,-1739,534,4247,-142,355,745
82.41525,147,1305,-1739,534,4248,-141,354,745
82.41575,147,1305,-1739,534,4255,-141,354,745
82.41625,147,1305,-1739,534,4260,-141,354,745
82.41675,147,1306,-1739,534,4264,-141,354,745
82.41725,147,1306,-1739,534,4264,-141,354,745
82.41775,147,1305,-1739,534,4289,-141,353,745
82.41825,147,1305,-1740,534,4312,-141,353,745
82.41875,148,1305,-1739,534,4304,-141,354,745
82.41925,147,1306,-1739,534,4294,-141,354,745
82.41975,147,1305,-1739,533,4267,-142,354,745
82.42025,147,1305,-1739,533,4249,-141,353,745
82.42075,147,1305,-1739,533,4245,-141,354,745
82.42125,147,1306,-1739,533,4248,-141,354,745
82.42175,147,1305,-1739,533,4254,-141,353,745
82.42225,147,1306,-1739,533,4260,-141,353,745
82.42275,147,1305,-1739,533,4261,-141,353,745
82.42325,147,1305,-1739,533,4263,-141,354,745
82.42375,147,1305,-1739,534,4264,-141,353,745
82.42425,147,1306,-1739,533,4264,-142,353,745
82.42475,147,1305,-1739,533,4264,-142,353,745
82.42525,147,1305,-1739,534,4260,-141,354,745
82.42575,147,1305,-1740,533,4263,-142,353,745
82.42625,146,1305,-1739,533,4265,-141,354,745
82.42675,147,1305,-1740,534,4265,-141,354,745
82.42725,147,1305,-1739,533,4264,-142,354,745
82.42775,147,1305,-1739,534,4295,-141,353,745
82.42825,147,1305,-1739,534,4314,-141,353,745
82.42875,147,1305,-1739,534,4308,-141,354,745
82.42925,147,1306,-1739,534,4295,-141,354,745
82.42975,147,1306,-1739,533,4262,-141,353,745
82.43025,147,1306,-1739,534,4244,-142,353,745
82.43075,147,1305,-1739,534,4241,-141,354,745
82.43125,147,1306,-1739,534,4243,-141,354,745
82.43175,147,1306,-1739,535,4248,-141,354,745
82.43225,147,1305,-1740,535,4251,-141,353,745
82.43275,147,1305,-1740,535,4250,-141,353,745
82.43325,147,1306,-1740,534,4253,-142,354,745
82.43375,147,1305,-1739,534,4255,-142,353,745
82.43425,147,1305,-1739,533,4252,-141,353,744
82.43475,147,1305,-1739,533,4254,-141,353,744
82.43525,147,1305,-1739,533,4262,-141,353,745
82.43575,147,1306,-1739,533,4265,-141,353,745
82.43625,147,1306,-1739,533,4263,-141,353,745
82.43675,147,1305,-1739,533,4265,-141,353,745
82.43725,147,1306,-1739,533,4267,-141,353,745
82.43775,147,1306,-1739,534,4300,-141,353,745
82.43825,147,1305,-1739,533,4317,-141,353,745
82.43885,147,1306,-1739,533,4311,-142,352,745
82.43935,147,1305,-1739,533,4298,-141,353,745
82.43985,147,1306,-1739,533,4265,-141,353,745
82.44035,147,1305,-1739,533,4250,-141,353,745
82.44085,147,1306,-1740,533,4247,-142,353,745
82.44135,147,1305,-1740,533,4249,-141,353,745
82.44185,147,1306,-1739,533,4255,-141,353,745
82.44235,147,1306,-1739,533,4257,-142,353,745
82.44285,147,1306,-1739,533,4257,-141,353,745
82.44335,147,1305,-1738,533,4257,-142,353,745
82.44385,147,1305,-1739,534,4259,-141,353,745
82.44435,147,1306,-1739,534,4260,-141,353,745
82.44485,147,1306,-1739,535,4260,-141,353,745
82.44535,147,1306,-1739,534,4258,-141,353,745
82.44585,147,1305,-1739,535,4258,-141,353,745
82.44635,147,1305,-1739,535,4260,-141,353,745
82.44685,147,1306,-1739,535,4260,-141,353,745
82.44735,147,1305,-1739,535,4262,-141,353,745
82.44785,147,1305,-1739,535,4298,-141,353,745
82.44835,147,1305,-1739,534,4309,-141,353,745
82.44885,147,1306,-1739,534,4302,-142,353,745
82.44935,147,1306,-1739,533,4286,-141,353,745
82.44985,146,1306,-1739,532,4254,-141,353,745
82.45035,147,1306,-1739,533,4241,-141,353,745
82.45085,147,1306,-1740,533,4238,-141,353,745
82.45135,147,1306,-1740,534,4243,-141,352,745
82.45185,147,1306,-1739,534,4252,-141,352,745
82.45235,147,1305,-1739,534,4253,-141,352,745
82.45285,147,1306,-1739,534,4253,-142,353,745
82.45335,147,1305,-1739,533,4256,-141,353,745
82.45385,147,1306,-1739,532,4256,-142,353,745
82.45435,147,1305,-1739,532,4253,-141,353,745
82.45485,147,1306,-1739,532,4255,-141,353,745
82.45535,147,1306,-1739,532,4256,-141,353,745
82.45585,147,1305,-1739,532,4263,-141,353,745
82.45635,147,1306,-1740,533,4267,-141,353,745
82.45685,147,1306,-1739,533,4269,-141,353,745
82.45735,147,1306,-1739,533,4273,-141,352,745
82.45785,147,1305,-1739,534,4307,-141,352,745
82.45835,147,1305,-1739,533,4311,-141,352,745
82.45885,147,1306,-1738,533,4301,-141,351,745
82.45935,147,1306,-1739,533,4284,-141,350,745
82.45985,147,1306,-1739,532,4254,-141,350,744
82.46035,147,1306,-1739,532,4244,-141,349,745
82.46085,147,1305,-1739,533,4248,-141,349,745
82.46135,147,1306,-1739,533,4247,-141,349,745
82.46185,147,1306,-1739,533,4251,-141,349,745
82.46235,147,1306,-1739,533,4253,-141,349,745
82.46285,147,1305,-1739,533,4252,-141,350,745
82.46335,147,1305,-1739,533,4253,-141,350,745
82.46385,147,1305,-1738,533,4254,-141,351,745
82.46435,147,1305,-1739,533,4255,-141,351,745
82.46485,147,1305,-1739,534,4255,-141,352,745
82.46535,147,1305,-1739,534,4253,-141,352,745
82.46585,147,1305,-1739,534,4256,-141,353,745
82.46635,147,1305,-1740,534,4259,-141,354,745
82.46685,147,1306,-1739,534,4260,-141,354,745
82.46735,147,1305,-1739,534,4269,-141,354,745
82.46785,147,1305,-1739,535,4307,-141,354,745
82.46835,147,1306,-1739,534,4311,-141,354,745
82.46885,147,1305,-1739,534,4304,-141,354,745
82.46935,147,1305,-1739,533,4284,-141,355,745
82.46985,147,1306,-1739,533,4255,-141,355,745
82.47035,147,1305,-1739,533,4246,-141,355,745
82.47085,147,1305,-1739,533,4246,-141,355,745
82.47135,147,1306,-1739,533,4250,-141,354,745
82.47185,147,1305,-1739,533,4257,-141,354,745
82.47235,147,1305,-1739,533,4258,-141,354,745
82.47285,147,1306,-1739,533,4258,-141,354,745
82.47335,147,1306,-1739,534,4260,-141,354,745
82.47385,147,1306,-1739,533,4260,-141,354,745
82.47435,147,1306,-1739,534,4256,-141,354,745
82.47485,147,1306,-1739,533,4257,-141,353,745
82.47535,147,1306,-1739,534,4259,-141,354,745
82.47585,147,1306,-1739,534,4260,-141,353,744
82.47635,147,1306,-1739,534,4265,-141,353,745
82.47685,147,1306,-1739,533,4270,-141,353,745
82.47735,147,1306,-1739,534,4276,-141,353,745
82.47785,147,1305,-1739,534,4310,-141,353,745
82.47835,147,1305,-1739,533,4311,-141,353,745
82.47885,147,1305,-1739,533,4303,-141,353,745
82.47935,147,1306,-1739,533,4279,-141,353,745
82.47985,147,1306,-1739,533,4248,-141,354,744
82.48035,147,1305,-1739,534,4240,-141,353,745
82.48085,147,1306,-1739,534,4243,-141,353,745
82.48135,147,1306,-1739,534,4243,-141,353,745
82.48185,147,1306,-1739,534,4248,-141,354,744
82.48235,147,1306,-1739,533,4253,-141,353,745
82.48285,147,1305,-1739,533,4258,-141,353,744
82.48335,147,1306,-1739,533,4256,-141,353,744
82.48385,147,1306,-1739,533,4262,-141,353,745
82.48435,147,1305,-1739,533,4264,-141,354,745
82.48485,147,1306,-1739,533,4260,-141,353,744
82.48535,147,1305,-1739,533,4258,-141,354,744
82.48585,147,1305,-1739,533,4265,-141,353,745
82.48635,147,1305,-1739,534,4269,-141,353,745
82.48685,147,1305,-1739,534,4264,-141,354,745
82.48735,147,1306,-1739,534,4274,-141,353,745
82.48785,147,1306,-1739,534,4313,-141,353,745
82.48835,147,1306,-1739,534,4314,-141,354,745
82.48885,147,1305,-1739,534,4307,-142,354,745
82.48935,147,1305,-1739,533,4283,-141,354,745
82.48985,147,1306,-1740,533,4255,-141,354,745
82.49035,147,1305,-1739,534,4247,-141,354,745
82.49085,147,1306,-1739,534,4246,-141,353,745
82.49135,147,1305,-1739,534,4252,-141,353,745
82.49185,147,1305,-1739,534,4259,-141,353,745
82.49235,147,1306,-1739,534,4258,-141,353,745
82.49285,147,1305,-1739,534,4257,-141,353,745
82.49335,147,1305,-1739,534,4258,-141,353,746
82.49385,147,1305,-1739,534,4259,-141,352,745
82.49435,147,1306,-1739,533,4259,-141,353,745
82.49485,147,1306,-1739,533,4255,-141,353,745
82.49535,147,1306,-1739,533,4254,-141,352,745
82.49585,147,1305,-1739,533,4260,-141,352,745
82.49635,147,1305,-1739,533,4263,-141,352,745
82.49685,147,1305,-1739,534,4263,-141,352,745
82.49735,147,1305,-1739,534,4274,-141,352,745
82.49785,147,1305,-1739,534,4307,-141,352,745
82.49835,147,1305,-1739,534,4305,-141,352,745
82.49885,147,1306,-1739,534,4296,-141,353,745
82.49945,147,1305,-1739,533,4274,-142,353,745
82.49995,147,1306,-1739,533,4249,-141,353,745
82.50045,146,1305,-1739,534,4243,-141,353,745
82.50095,147,1305,-1739,533,4245,-142,353,745
82.50145,147,1305,-1740,533,4250,-141,353,745
82.50195,147,1305,-1739,534,4256,-141,352,745
82.50245,147,1305,-1739,534,4258,-141,353,745
82.50295,147,1305,-1740,534,4258,-142,352,745
82.50345,147,1305,-1739,534,4260,-141,352,745
82.50395,147,1305,-1740,534,4262,-141,352,745
82.50445,147,1306,-1739,534,4264,-141,352,745
82.50495,147,1305,-1739,534,4266,-141,353,745
82.50545,147,1305,-1739,534,4264,-141,353,745
82.50595,147,1306,-1739,534,4266,-141,353,745
82.50645,147,1305,-1739,534,4269,-141,354,745
82.50695,147,1305,-1739,534,4268,-141,354,745
82.50745,147,1305,-1739,534,4283,-141,353,745
82.50795,147,1306,-1739,534,4316,-141,353,745
82.50845,147,1305,-1739,533,4313,-141,354,745
82.50895,147,1306,-1739,533,4304,-141,354,745
82.50945,146,1306,-1739,533,4277,-141,354,745
82.50995,147,1305,-1739,533,4250,-141,354,745
82.51045,147,1305,-1738,533,4245,-141,354,745
82.51095,147,1306,-1738,534,4244,-141,354,745
82.51145,147,1305,-1738,534,4248,-141,354,745
82.51195,147,1305,-1738,534,4253,-141,354,745
82.51245,147,1306,-1739,534,4252,-141,354,745
82.51295,147,1305,-1738,533,4250,-141,353,745
82.51345,147,1306,-1739,533,4251,-141,353,745
82.51395,147,1306,-1739,533,4251,-141,354,745
82.51445,147,1305,-1739,533,4247,-141,354,745
82.51495,147,1306,-1739,534,4247,-141,353,745
82.51545,147,1305,-1739,534,4251,-141,353,745
82.51595,147,1305,-1740,534,4253,-141,353,745
82.51645,147,1306,-1740,534,4258,-141,353,745
82.51695,147,1305,-1740,534,4260,-141,353,745
82.51745,147,1305,-1740,534,4277,-141,353,745
82.51795,147,1305,-1739,534,4311,-141,352,745
82.51845,147,1305,-1740,534,4309,-141,353,745
82.51895,147,1305,-1739,534,4300,-141,354,745
82.51945,147,1306,-1739,533,4273,-142,354,745
82.51995,147,1306,-1740,533,4248,-141,354,744
82.52045,147,1306,-1739,533,4243,-142,354,745
82.52095,147,1306,-1739,533,4250,-141,354,745
82.52145,147,1306,-1739,533,4252,-141,355,745
82.52195,147,1306,-1739,534,4256,-141,354,745
82.52245,147,1305,-1739,534,4258,-142,355,745
82.52295,147,1306,-1739,534,4259,-141,355,745
82.52345,147,1305,-1739,533,4260,-141,355,745
82.52395,147,1305,-1739,534,4261,-142,355,745
82.52445,147,1305,-1739,533,4262,-141,355,745
82.52495,147,1305,-1739,534,4262,-142,354,745
82.52545,147,1305,-1739,534,4258,-142,354,745
82.52595,147,1305,-1739,534,4259,-141,354,745
82.52645,147,1305,-1739,533,4262,-141,354,745
82.52695,147,1305,-1739,534,4262,-141,354,745
82.52745,147,1305,-1740,534,4282,-141,353,745
82.52795,147,1305,-1739,534,4311,-141,353,745
82.52845,147,1305,-1739,534,4307,-141,353,745
82.52895,147,1305,-1739,534,4297,-142,353,745
82.52945,147,1306,-1739,534,4268,-141,354,745
82.52995,147,1306,-1739,534,4242,-141,353,745
82.53045,147,1305,-1739,534,4234,-142,353,745
82.53095,147,1305,-1739,535,4235,-141,353,745
82.53145,147,1305,-1739,535,4244,-142,353,745
82.53195,147,1305,-1739,535,4251,-141,353,745
82.53245,147,1305,-1739,534,4250,-141,353,745
82.53295,147,1305,-1739,535,4250,-142,353,745
82.53345,147,1305,-1740,534,4252,-141,354,745
82.53395,147,1305,-1740,533,4253,-141,353,745
82.53445,147,1305,-1740,533,4251,-141,354,745
82.53495,147,1306,-1739,533,4251,-142,354,745
82.535446,147,1305,-1739,533,4252,-141,353,745
82.53595,147,1305,-1739,533,4258,-142,353,745
82.53645,147,1305,-1739,533,4263,-141,353,745
82.53695,147,1305,-1739,533,4265,-142,353,745
82.53745,147,1305,-1739,533,4287,-141,353,745
82.53795,147,1305,-1739,533,4313,-141,353,745
82.53845,147,1306,-1739,533,4307,-142,353,745
82.53895,147,1305,-1739,534,4298,-141,353,745
82.53945,147,1305,-1739,533,4270,-142,353,745
82.53995,147,1305,-1739,534,4250,-141,353,745
82.54045,147,1305,-1739,534,4245,-142,353,745
82.54095,147,1305,-1739,534,4246,-141,353,745
82.54145,147,1305,-1739,534,4250,-141,353,745
82.54195,147,1305,-1739,534,4255,-142,353,745
82.54245,147,1305,-1739,533,4257,-142,353,745
82.54295,147,1305,-1739,533,4256,-142,353,745
82.54345,147,1305,-1739,533,4257,-141,353,745
82.54395,147,1305,-1739,533,4258,-141,353,745
82.54445,147,1305,-1739,533,4259,-142,353,745
82.54495,147,1305,-1739,533,4259,-141,353,745
82.54545,147,1305,-1739,533,4256,-142,353,745
82.54595,147,1305,-1739,534,4257,-141,353,745
82.54645,147,1305,-1739,534,4259,-142,353,745
82.54695,146,1305,-1739,533,4257,-141,353,745
82.54745,147,1305,-1739,534,4284,-141,352,745
82.54795,147,1305,-1739,534,4308,-141,353,745
82.54845,147,1305,-1739,534,4303,-142,353,745
82.54895,147,1305,-1739,534,4292,-141,353,745
82.54945,147,1306,-1739,533,4262,-142,354,745
82.54995,147,1305,-1739,533,4243,-142,353,745
82.55045,147,1306,-1739,533,4242,-142,353,745
82.55095,147,1305,-1739,534,4244,-141,353,745
82.55145,147,1305,-1739,533,4251,-142,353,745
82.55195,147,1306,-1739,534,4256,-142,353,745
82.55245,147,1305,-1739,533,4255,-142,353,745
82.55295,147,1305,-1739,534,4255,-142,353,745
82.55345,147,1305,-1739,533,4256,-142,353,745
82.55395,147,1305,-1739,534,4258,-141,353,745
82.55445,147,1305,-1739,534,4255,-141,354,745
82.55495,147,1306,-1739,534,4257,-141,353,745
82.55545,147,1305,-1739,534,4259,-141,353,745
82.55595,147,1305,-1740,534,4263,-141,353,745
82.55645,147,1305,-1739,534,4268,-141,353,745
82.55695,147,1305,-1739,534,4268,-141,353,745
82.55745,147,1305,-1739,534,4297,-141,352,745
82.55795,147,1306,-1739,534,4317,-141,353,745
82.55845,147,1305,-1739,534,4310,-141,353,745
82.55895,147,1305,-1739,534,4297,-141,353,745
82.55945,147,1306,-1739,533,4264,-141,353,745
82.55995,147,1305,-1739,533,4245,-142,353,745
82.56055,147,1305,-1739,533,4243,-141,353,745
82.56105,147,1305,-1739,533,4245,-142,353,745
82.56155,147,1305,-1739,532,4251,-142,353,745
82.56205,147,1306,-1739,533,4254,-142,353,745
82.56255,147,1305,-1739,533,4253,-142,353,745
82.56305,147,1305,-1739,533,4254,-142,353,745
82.56355,147,1305,-1739,533,4254,-142,353,745
82.56405,147,1305,-1739,533,4255,-142,353,745
82.56455,147,1305,-1739,533,4255,-141,353,744
82.56505,147,1305,-1739,533,4256,-141,353,745
82.56555,147,1305,-1739,533,4258,-142,353,744
82.56605,147,1305,-1739,534,4259,-142,353,745
82.56655,147,1305,-1739,534,4264,-142,353,745
82.56705,147,1305,-1739,534,4261,-142,353,745
82.56755,147,1305,-1740,535,4292,-142,352,745
82.56805,147,1305,-1740,534,4311,-142,353,745
82.56855,147,1305,-1739,534,4305,-142,353,745
82.56905,146,1305,-1739,534,4292,-142,353,745
82.56955,147,1305,-1739,534,4261,-142,353,744
82.57005,147,1305,-1739,534,4243,-142,354,745
82.57055,147,1305,-1739,534,4243,-142,353,745
82.57105,147,1305,-1739,534,4244,-142,353,745
82.57155,147,1305,-1739,533,4252,-142,353,745
82.57205,147,1305,-1739,533,4256,-142,353,745
82.57255,147,1305,-1739,533,4256,-141,353,745
82.57305,147,1305,-1739,533,4255,-142,353,745
82.57355,147,1305,-1739,533,4257,-142,352,745
82.57405,147,1305,-1739,533,4258,-142,353,745
82.57455,147,1305,-1739,533,4254,-142,353,745
82.57505,147,1306,-1739,533,4252,-142,353,745
82.57555,147,1305,-1739,533,4252,-142,353,745
82.57605,147,1305,-1739,534,4257,-142,353,745
82.57655,147,1305,-1739,533,4260,-142,353,745
82.57705,147,1305,-1739,534,4263,-142,353,745
82.57755,147,1305,-1739,534,4297,-141,352,745
82.57805,147,1305,-1738,533,4307,-142,353,745
82.57855,147,1305,-1739,533,4298,-142,353,745
82.57905,147,1305,-1739,533,4282,-142,353,745
82.57955,147,1305,-1739,533,4251,-142,353,745
82.58005,147,1305,-1739,534,4237,-142,353,745
82.58055,147,1305,-1739,534,4236,-142,353,745
82.58105,147,1306,-1739,534,4237,-142,353,745
82.58155,147,1305,-1739,534,4243,-142,353,745
82.58205,147,1305,-1739,533,4247,-142,353,745
82.58255,147,1305,-1739,533,4249,-142,352,745
82.58305,147,1305,-1740,534,4249,-142,353,745
82.58355,147,1305,-1739,534,4251,-142,353,745
82.58405,147,1305,-1739,533,4253,-142,353,745
82.58455,147,1305,-1739,534,4255,-142,353,745
82.58505,147,1306,-1739,533,4256,-142,353,745
82.58555,147,1305,-1739,533,4256,-142,352,745
82.58605,147,1305,-1739,533,4254,-142,353,745
82.58655,147,1305,-1739,534,4258,-142,353,745
82.58705,147,1305,-1739,534,4262,-142,353,745
82.58755,147,1305,-1739,534,4299,-142,353,745
82.58805,147,1306,-1739,534,4309,-142,352,745
82.58855,147,1305,-1739,534,4306,-142,353,745
82.58905,147,1305,-1740,534,4288,-142,353,744
82.58955,147,1305,-1740,533,4256,-142,353,744
82.59005,147,1305,-1739,533,4251,-142,353,744
82.59055,147,1305,-1739,534,4250,-142,353,745
82.59105,147,1305,-1738,533,4250,-142,353,745
82.59155,147,1305,-1738,533,4250,-142,353,745
82.59205,147,1305,-1739,533,4251,-142,353,745
82.59255,147,1305,-1738,533,4250,-142,352,745
82.59305,147,1305,-1739,533,4248,-142,353,744
82.59355,147,1305,-1739,533,4250,-142,353,745
82.59405,147,1305,-1739,533,4255,-142,353,745
82.59455,147,1305,-1739,533,4248,-142,353,745
82.59505,147,1305,-1739,533,4247,-142,352,745
82.59555,147,1305,-1739,533,4248,-142,353,745
82.59605,147,1305,-1739,534,4251,-142,353,745
82.59655,147,1305,-1739,534,4254,-142,353,745
82.59705,147,1305,-1739,534,4260,-142,353,745
82.59755,147,1305,-1739,534,4298,-142,352,745
82.59805,147,1305,-1739,533,4303,-142,353,745
82.59855,147,1305,-1739,534,4296,-142,353,745
82.59905,147,1305,-1740,533,4277,-142,353,745
82.59955,147,1305,-1739,533,4246,-142,353,745
82.60005,147,1305,-1740,533,4237,-142,352,745
82.60055,147,1305,-1739,533,4237,-142,353,745
82.60105,147,1305,-1739,533,4241,-142,353,746
82.60155,147,1305,-1739,534,4247,-142,353,745
82.60205,147,1305,-1739,534,4254,-142,352,746
82.60255,147,1305,-1739,533,4252,-142,353,745
82.60305,147,1305,-1739,534,4257,-142,352,745
82.60355,148,1305,-1739,533,4255,-142,353,745
82.60405,147,1305,-1739,534,4255,-142,353,745
82.60455,147,1305,-1739,533,4257,-142,353,745
82.60505,147,1305,-1739,533,4256,-142,353,746
82.60555,147,1305,-1739,534,4256,-142,354,745
82.60605,147,1305,-1739,533,4265,-142,354,745
82.60655,147,1305,-1739,533,4261,-142,354,746
82.60705,147,1305,-1739,534,4269,-142,354,745
82.60755,147,1305,-1739,534,4310,-142,354,745
82.60805,147,1305,-1739,534,4308,-142,354,746
82.60855,147,1305,-1739,534,4299,-142,354,745
82.60905,147,1305,-1739,533,4280,-142,354,745
82.60955,147,1306,-1739,533,4247,-142,355,745
82.61005,147,1305,-1739,533,4234,-142,354,745
82.61055,147,1305,-1740,534,4233,-142,354,745
82.61105,147,1305,-1740,534,4240,-142,353,745
82.61155,147,1305,-1740,534,4249,-142,353,745
82.61205,147,1306,-1740,534,4251,-142,352,745
82.61255,147,1305,-1739,534,4250,-142,352,745
82.61305,147,1306,-1739,534,4247,-142,352,745
82.61355,147,1305,-1739,534,4247,-142,352,745
82.61405,147,1305,-1738,534,4247,-142,351,745
82.61455,147,1306,-1738,534,4244,-142,352,745
82.61505,147,1305,-1739,535,4244,-142,352,746
82.61555,147,1305,-1739,535,4245,-142,352,745
82.61605,147,1305,-1739,534,4255,-142,352,745
82.61655,147,1305,-1739,533,4256,-142,352,745
82.61705,147,1305,-1739,533,4266,-142,352,745
82.61755,147,1306,-1739,533,4303,-142,351,746
82.61805,147,1305,-1739,533,4303,-142,352,745
82.61855,147,1306,-1739,534,4298,-142,353,745
82.61905,147,1305,-1739,533,4273,-142,352,745
82.61955,147,1305,-1739,534,4244,-142,353,745
82.62005,147,1305,-1739,534,4238,-142,352,745
82.62055,147,1305,-1739,534,4238,-142,353,745
82.62105,147,1305,-1739,534,4243,-142,352,745
82.62155,148,1306,-1739,534,4251,-142,352,745
82.62205,147,1306,-1739,534,4254,-142,352,745
82.62265,148,1305,-1739,534,4255,-142,352,745
82.62315,147,1306,-1740,534,4255,-142,352,745
82.62365,147,1305,-1740,534,4255,-142,352,745
82.62415,147,1305,-1739,533,4256,-142,352,745
82.62465,147,1306,-1739,534,4257,-142,352,745
82.62515,147,1305,-1739,534,4256,-142,352,745
82.62565,147,1305,-1739,533,4254,-142,353,745
82.62615,147,1305,-1739,533,4254,-142,352,745
82.62665,147,1305,-1739,533,4256,-142,352,745
82.62715,147,1305,-1739,533,4266,-142,352,745
82.62765,147,1306,-1739,534,4301,-142,352,745
82.62815,147,1306,-1739,534,4303,-142,352,745
82.62865,147,1306,-1740,534,4296,-142,352,745
82.62915,147,1305,-1739,534,4270,-143,352,745
82.62965,147,1306,-1739,534,4242,-143,353,745
82.63015,147,1306,-1739,535,4235,-142,353,745
82.63065,147,1306,-1739,535,4234,-142,352,746
82.63115,147,1306,-1739,535,4238,-142,352,745
82.63165,147,1305,-1738,534,4248,-142,353,745
82.63215,147,1305,-1738,533,4247,-143,352,745
82.63265,147,1305,-1738,532,4245,-143,352,745
82.63315,147,1306,-1739,532,4244,-143,353,745
82.63365,147,1305,-1739,532,4247,-142,352,745
82.63415,147,1306,-1739,533,4249,-143,353,745
82.63465,147,1306,-1739,533,4246,-143,352,745
82.63515,147,1306,-1739,533,4247,-143,353,745
82.63565,147,1305,-1740,533,4249,-143,353,745
82.63615,147,1306,-1740,533,4253,-143,353,745
82.63665,147,1306,-1740,533,4257,-142,352,745
82.63715,147,1306,-1740,533,4272,-142,352,745
82.63765,147,1305,-1740,533,4309,-142,352,746
82.63815,147,1306,-1739,533,4310,-142,352,745
82.63865,147,1305,-1738,533,4306,-142,352,746
82.63915,147,1306,-1738,532,4277,-142,353,745
82.63965,147,1306,-1738,532,4253,-142,353,745
82.64015,147,1306,-1738,533,4244,-142,353,745
82.64065,147,1306,-1739,533,4242,-142,352,745
82.64115,147,1306,-1739,534,4245,-142,352,745
82.64165,147,1306,-1739,534,4251,-142,353,745
82.64215,147,1306,-1739,534,4251,-143,352,745
82.64265,147,1305,-1739,534,4252,-142,352,745
82.64315,147,1306,-1739,534,4254,-142,352,745
82.64365,148,1306,-1739,534,4257,-142,352,745
82.64415,147,1306,-1740,534,4257,-142,352,745
82.64465,147,1306,-1739,534,4258,-143,353,745
82.64515,147,1306,-1740,533,4257,-142,352,745
82.64565,147,1306,-1739,533,4256,-143,353,745
82.64615,147,1306,-1739,533,4259,-142,352,745
82.64665,147,1305,-1739,533,4258,-143,353,745
82.64715,147,1306,-1739,534,4273,-142,352,746
82.64765,147,1305,-1739,534,4308,-142,352,746
82.64815,147,1305,-1739,533,4310,-142,353,745
82.64865,147,1306,-1739,533,4302,-143,353,745
82.64915,147,1306,-1739,533,4270,-142,354,745
82.64965,147,1306,-1739,533,4243,-143,354,745
82.65015,147,1306,-1739,533,4236,-142,354,745
82.65065,147,1306,-1739,533,4238,-143,353,745
82.65115,147,1306,-1739,534,4248,-142,353,745
82.65165,147,1305,-1739,533,4256,-143,353,745
82.65215,147,1305,-1739,534,4258,-142,354,745
82.65265,147,1305,-1739,533,4258,-142,353,745
82.65315,148,1306,-1739,534,4256,-143,353,745
82.65365,147,1306,-1739,533,4258,-143,353,745
82.65415,147,1306,-1739,533,4260,-143,353,745
82.65465,147,1306,-1739,534,4257,-142,353,745
82.65515,147,1306,-1739,533,4258,-143,354,745
82.65565,147,1306,-1739,533,4259,-143,353,745
82.65615,147,1306,-1739,534,4264,-143,353,745
82.65665,147,1306,-1739,533,4267,-142,352,745
82.65715,147,1306,-1739,534,4288,-142,352,745
82.657646,147,1306,-1739,533,4318,-142,352,745
82.65815,147,1306,-1739,533,4311,-142,353,745
82.65865,147,1306,-1739,533,4301,-142,353,745
82.65915,147,1306,-1739,533,4275,-142,353,745
82.65965,147,1306,-1739,533,4252,-142,353,745
82.66015,147,1305,-1740,533,4247,-142,353,745
82.66065,147,1306,-1739,533,4248,-142,353,745
82.66115,147,1306,-1740,533,4252,-142,352,745
82.66165,147,1305,-1739,534,4258,-142,352,745
82.66215,147,1306,-1739,534,4260,-142,352,745
82.66265,148,1305,-1739,534,4261,-143,352,745
82.66315,147,1306,-1739,534,4259,-142,352,745
82.66365,147,1306,-1739,534,4259,-142,352,745
82.66415,148,1306,-1739,534,4259,-142,352,745
82.66465,147,1306,-1739,534,4261,-142,352,745
82.66515,147,1305,-1739,533,4262,-142,352,745
82.66565,147,1306,-1739,533,4260,-143,352,745
82.66615,147,1305,-1739,532,4261,-142,352,745
82.66665,147,1306,-1739,533,4264,-143,352,745
82.66715,147,1306,-1739,534,4286,-142,352,745
82.66765,147,1305,-1739,533,4315,-142,352,745
82.66815,147,1306,-1739,533,4313,-142,353,745
82.66865,147,1306,-1739,533,4305,-143,353,745
82.66915,147,1305,-1739,533,4276,-142,353,745
82.66965,147,1305,-1739,533,4253,-142,353,745
82.67015,148,1306,-1739,533,4249,-142,352,745
82.67065,147,1306,-1739,533,4252,-143,353,745
82.67115,147,1306,-1739,533,4257,-143,353,745
82.67165,147,1306,-1738,533,4264,-143,353,745
82.67215,147,1306,-1739,533,4266,-143,353,745
82.67265,147,1306,-1739,533,4265,-142,353,745
82.67315,147,1306,-1739,533,4263,-143,353,745
82.67365,147,1305,-1739,533,4263,-142,352,745
82.67415,147,1306,-1739,532,4264,-143,352,745
82.67465,147,1306,-1739,532,4261,-143,353,745
82.67515,147,1306,-1739,533,4258,-143,353,745
82.67565,147,1306,-1740,533,4258,-142,353,745
82.67615,147,1306,-1739,534,4260,-143,353,745
82.67665,147,1306,-1739,534,4263,-142,353,746
82.67715,147,1305,-1739,535,4290,-142,352,746
82.67765,147,1306,-1739,534,4320,-143,352,745
82.67815,147,1306,-1739,535,4315,-142,353,745
82.67865,147,1306,-1739,535,4298,-143,353,745
82.67915,147,1306,-1739,534,4264,-142,353,745
82.67965,147,1306,-1739,535,4243,-143,353,745
82.68015,147,1306,-1739,535,4239,-143,353,745
82.68065,147,1306,-1739,535,4240,-143,353,745
82.68115,147,1306,-1739,534,4246,-142,353,745
82.68165,147,1306,-1739,533,4249,-142,352,745
82.68215,147,1306,-1740,534,4248,-142,353,745
82.68265,147,1305,-1740,533,4251,-142,353,745
82.68315,147,1306,-1740,532,4255,-142,352,745
82.68365,147,1305,-1739,532,4258,-142,352,745
82.68425,147,1306,-1739,532,4259,-142,352,745
82.68475,147,1306,-1739,532,4261,-142,353,745
82.68525,147,1306,-1738,533,4260,-143,353,745
82.68575,146,1306,-1739,533,4258,-142,353,745
82.68625,147,1305,-1739,533,4262,-142,354,745
82.68675,147,1306,-1739,533,4263,-142,353,745
82.68725,147,1306,-1739,534,4291,-142,353,746
82.68775,148,1306,-1739,533,4315,-142,353,745
82.68825,147,1306,-1739,533,4314,-142,354,745
82.68875,147,1306,-1739,532,4299,-143,354,745
82.68925,147,1306,-1739,533,4265,-143,354,744
82.68975,147,1306,-1739,533,4246,-142,354,745
82.69025,147,1306,-1739,533,4244,-142,355,745
82.69075,147,1306,-1739,533,4244,-142,354,745
82.69125,147,1305,-1739,533,4250,-142,354,745
82.69175,147,1305,-1739,533,4255,-143,353,745
82.69225,147,1306,-1739,533,4254,-143,353,745
82.69275,147,1306,-1739,534,4253,-142,352,744
82.69325,147,1305,-1739,533,4250,-142,352,745
82.69375,147,1305,-1739,533,4255,-142,352,745
82.69425,147,1306,-1739,533,4252,-142,352,745
82.69475,147,1306,-1739,533,4246,-142,352,745
82.69525,147,1306,-1739,533,4246,-142,352,745
82.69575,147,1306,-1739,534,4246,-142,352,745
82.69625,147,1306,-1739,533,4249,-142,352,745
82.69675,147,1306,-1739,533,4252,-142,352,745
82.69725,147,1306,-1739,534,4284,-142,351,745
82.69775,147,1305,-1740,534,4301,-142,352,745
82.69825,147,1306,-1740,534,4293,-143,352,745
82.69875,147,1306,-1739,534,4281,-142,352,745
82.69925,147,1306,-1739,533,4251,-143,352,745
82.69975,147,1306,-1740,533,4237,-142,352,745
82.70025,147,1305,-1740,533,4235,-142,353,745
82.70075,147,1305,-1740,533,4237,-142,353,745
82.70125,147,1306,-1739,533,4243,-143,352,745
82.70175,147,1305,-1739,533,4248,-142,353,745
82.70225,147,1305,-1739,533,4250,-142,352,745
82.70275,147,1306,-1739,533,4251,-142,352,746
82.70325,147,1305,-1739,533,4252,-143,352,746
82.70375,147,1306,-1739,534,4257,-142,352,746
82.70425,147,1305,-1739,534,4260,-142,352,746
82.70475,147,1306,-1740,534,4261,-142,352,745
82.70525,147,1306,-1741,534,4262,-142,351,746
82.70575,147,1306,-1741,534,4256,-142,351,745
82.70625,147,1306,-1740,534,4257,-142,352,746
82.70675,147,1305,-1740,534,4259,-142,352,745
82.70725,148,1306,-1740,535,4295,-142,351,746
82.70775,147,1305,-1740,534,4306,-143,351,745
82.70825,147,1305,-1740,534,4303,-142,351,746
82.70875,147,1306,-1741,533,4285,-142,352,745
82.70925,147,1305,-1741,533,4253,-143,352,745
82.70975,147,1306,-1740,534,4236,-142,352,745
82.71025,147,1305,-1739,534,4232,-142,352,746
82.71075,147,1306,-1738,534,4236,-142,352,745
82.71125,147,1306,-1738,533,4246,-142,352,746
82.71175,147,1305,-1738,533,4246,-143,353,746
82.71225,147,1305,-1738,532,4250,-143,353,745
82.71275,147,1306,-1738,532,4248,-142,353,745
82.71325,147,1306,-1738,532,4240,-142,353,745
82.71375,147,1305,-1739,532,4239,-142,353,745
82.71425,147,1306,-1739,532,4241,-142,352,745
82.71475,147,1306,-1739,533,4239,-142,353,746
82.71525,147,1305,-1740,533,4239,-142,352,746
82.71575,147,1306,-1740,533,4244,-142,352,745
82.71625,147,1306,-1740,533,4249,-142,353,745
82.71675,147,1306,-1739,534,4251,-142,352,745
82.71725,147,1305,-1739,534,4289,-142,352,746
82.71775,147,1306,-1738,533,4301,-142,351,746
82.71825,147,1306,-1739,533,4300,-142,352,746
82.71875,147,1306,-1739,533,4284,-142,352,745
82.71925,147,1306,-1739,532,4250,-142,352,745
82.71975,147,1306,-1739,532,4234,-142,352,746
82.72025,147,1305,-1739,532,4232,-142,352,746
82.72075,147,1305,-1739,533,4241,-142,352,745
82.72125,147,1305,-1739,533,4248,-143,352,746
82.72175,147,1306,-1739,533,4247,-143,352,745
82.72225,147,1306,-1739,533,4249,-142,352,745
82.72275,147,1306,-1739,533,4250,-142,352,746
82.72325,147,1306,-1739,533,4251,-142,352,746
82.72375,147,1305,-1739,533,4256,-142,352,746
82.72425,147,1305,-1739,533,4257,-142,352,746
82.72475,147,1306,-1739,533,4257,-143,352,746
82.72525,147,1306,-1739,533,4256,-142,353,746
82.72575,147,1306,-1739,533,4255,-142,353,746
82.72625,147,1306,-1739,534,4251,-143,353,746
82.72675,147,1306,-1739,534,4257,-142,352,746
82.72725,147,1305,-1739,534,4293,-142,353,746
82.72775,147,1306,-1739,534,4302,-142,353,745
82.72825,147,1306,-1739,533,4295,-142,353,746
82.72875,147,1305,-1739,533,4272,-142,354,745
82.72925,147,1306,-1739,533,4243,-142,354,745
82.72975,147,1306,-1739,533,4227,-142,354,745
82.73025,147,1306,-1739,533,4222,-142,354,745
82.73075,147,1305,-1739,533,4229,-142,354,746
82.73125,147,1305,-1739,533,4239,-142,353,745
82.73175,147,1306,-1739,533,4246,-143,353,745
82.73225,147,1306,-1739,533,4244,-142,354,745
82.73275,147,1305,-1739,533,4242,-142,353,745
82.73325,147,1306,-1739,534,4241,-142,353,745
82.73375,147,1306,-1739,533,4243,-142,353,745
82.73425,147,1306,-1739,534,4245,-142,354,745
82.73475,147,1306,-1739,533,4243,-142,353,745
82.73525,147,1306,-1739,534,4242,-142,353,745
82.73575,147,1306,-1739,533,4243,-142,353,745
82.73625,147,1306,-1739,533,4248,-142,353,746
82.73675,147,1306,-1739,534,4260,-142,353,746
82.73725,147,1306,-1739,533,4304,-142,353,746
82.73775,147,1305,-1739,533,4307,-142,353,745
82.73825,147,1306,-1739,533,4297,-142,353,746
82.73875,147,1305,-1739,533,4273,-142,353,745
82.73925,147,1305,-1739,533,4247,-142,353,745
82.73975,147,1305,-1739,533,4235,-143,353,745
82.74025,147,1306,-1739,533,4234,-142,353,745
82.74075,147,1306,-1739,533,4239,-142,353,745
82.74125,147,1305,-1739,533,4245,-143,353,745
82.74175,147,1306,-1739,533,4247,-142,353,745
82.74225,147,1305,-1739,533,4248,-142,353,746
82.74275,147,1305,-1739,533,4250,-142,353,745
82.74325,147,1305,-1740,533,4253,-142,353,745
82.74375,147,1306,-1740,533,4249,-142,353,745
82.74425,147,1305,-1739,533,4249,-142,353,745
82.74475,147,1305,-1739,533,4250,-142,354,745
82.74525,147,1306,-1739,533,4251,-142,353,745
82.74575,147,1305,-1739,533,4250,-142,353,745
82.74625,147,1306,-1739,533,4247,-142,353,746
82.74685,147,1305,-1739,534,4260,-142,353,745
82.74735,147,1305,-1739,534,4300,-142,353,746
82.74785,147,1306,-1739,533,4298,-143,353,745
82.74835,147,1305,-1739,533,4295,-142,353,745
82.74885,147,1305,-1739,533,4270,-143,354,745
82.74935,147,1305,-1739,533,4241,-143,353,745
82.74985,147,1306,-1739,533,4235,-143,353,745
82.75035,147,1306,-1739,533,4235,-142,353,745
82.75085,147,1306,-1739,533,4241,-142,353,745
82.75135,147,1306,-1739,533,4247,-142,353,745
82.75185,147,1306,-1739,533,4250,-142,353,746
82.75235,147,1305,-1739,533,4252,-143,353,745
82.75285,147,1305,-1740,533,4256,-142,353,745
82.75335,147,1305,-1740,533,4250,-143,353,746
82.75385,147,1305,-1739,533,4250,-143,353,745
82.75435,147,1306,-1739,533,4256,-143,353,745
82.75485,147,1305,-1739,533,4250,-142,353,745
82.75535,147,1305,-1739,533,4247,-143,353,745
82.75585,147,1305,-1739,533,4249,-143,353,745
82.75635,147,1305,-1740,534,4251,-142,353,745
82.75685,147,1305,-1739,534,4266,-143,352,746
82.75735,147,1306,-1740,533,4303,-143,353,745
82.75785,147,1305,-1739,533,4309,-142,353,745
82.75835,147,1305,-1740,533,4297,-143,353,745
82.75885,147,1306,-1740,533,4268,-143,353,745
82.75935,147,1305,-1739,533,4240,-143,353,745
82.75985,147,1305,-1739,533,4233,-143,353,745
82.76035,147,1306,-1739,533,4232,-142,353,746
82.76085,147,1306,-1739,533,4238,-143,353,745
82.76135,147,1306,-1739,533,4246,-142,353,746
82.76185,147,1306,-1739,533,4242,-143,353,746
82.76235,147,1306,-1739,533,4245,-143,353,745
82.76285,147,1305,-1739,533,4248,-143,353,746
82.76335,147,1306,-1739,533,4243,-142,353,745
82.76385,147,1306,-1739,533,4245,-142,353,746
82.76435,147,1305,-1739,533,4243,-143,353,746
82.76485,147,1306,-1739,533,4247,-142,354,745
82.76535,147,1306,-1739,533,4247,-142,354,746
82.76585,147,1305,-1739,533,4242,-143,354,745
82.76635,147,1305,-1739,533,4242,-143,354,746
82.76685,147,1305,-1739,534,4256,-143,354,746
82.76735,147,1305,-1739,533,4294,-143,354,745
82.76785,147,1306,-1739,533,4296,-143,354,746
82.76835,147,1305,-1739,533,4285,-143,354,746
82.76885,147,1306,-1740,533,4263,-143,355,745
82.76935,147,1305,-1739,533,4236,-143,354,745
82.76985,147,1306,-1739,533,4224,-143,354,745
82.77035,147,1305,-1739,533,4223,-143,353,745
82.77085,147,1305,-1739,533,4232,-142,353,745
82.77135,147,1305,-1739,533,4241,-143,353,745
82.77185,147,1306,-1739,533,4244,-142,352,745
82.77235,147,1305,-1739,533,4246,-142,352,745
82.77285,147,1306,-1740,533,4245,-143,352,745
82.77335,147,1305,-1739,533,4243,-143,352,745
82.77385,147,1305,-1739,533,4243,-143,352,745
82.77435,147,1305,-1739,533,4244,-143,352,745
82.77485,147,1306,-1739,533,4239,-143,352,745
82.77535,147,1305,-1739,533,4237,-143,352,745
82.77585,147,1306,-1739,533,4237,-143,352,746
82.77635,147,1305,-1740,533,4239,-143,352,745
82.77685,147,1306,-1739,534,4262,-143,352,745
82.77735,147,1305,-1740,534,4293,-142,352,746
82.77785,147,1305,-1740,534,4289,-143,352,745
82.77835,147,1306,-1739,534,4283,-142,353,746
82.77885,147,1306,-1740,533,4255,-142,353,745
82.77935,147,1306,-1740,534,4232,-143,353,745
82.77985,147,1306,-1739,534,4222,-142,353,745
82.78035,147,1305,-1739,534,4220,-143,353,745
82.78085,147,1306,-1740,534,4224,-142,353,745
82.78135,147,1306,-1739,534,4230,-142,353,745
82.78185,147,1305,-1740,534,4234,-143,353,745
82.78235,147,1306,-1739,534,4236,-143,354,745
82.78285,147,1305,-1739,533,4237,-143,353,745
82.78335,147,1306,-1739,533,4237,-143,353,745
82.78385,147,1305,-1739,532,4239,-142,353,745
82.78435,147,1305,-1739,532,4241,-143,353,745
82.78485,147,1306,-1739,532,4242,-143,353,745
82.78535,147,1305,-1739,533,4243,-142,353,745
82.78585,147,1306,-1739,533,4244,-143,353,746
82.78635,147,1306,-1739,533,4243,-142,353,745
82.78685,147,1305,-1739,533,4263,-142,353,746
82.78735,147,1306,-1739,534,4293,-142,352,745
82.78785,147,1305,-1739,533,4294,-143,353,745
82.78835,147,1306,-1739,533,4284,-143,352,745
82.78885,147,1306,-1740,533,4256,-143,353,745
82.78935,147,1305,-1740,533,4236,-142,352,745
82.78985,147,1305,-1739,533,4231,-142,352,745
82.79035,147,1306,-1739,533,4232,-143,352,745
82.79085,147,1305,-1739,533,4238,-142,352,745
82.79135,147,1306,-1739,533,4241,-143,352,745
82.79185,147,1306,-1739,533,4242,-143,352,745
82.79235,147,1305,-1740,533,4243,-142,352,745
82.79285,147,1305,-1739,533,4242,-143,352,745
82.79335,147,1306,-1740,533,4239,-143,352,745
82.79385,147,1305,-1739,533,4239,-143,353,745
82.79435,147,1305,-1739,533,4241,-142,352,745
82.79485,147,1305,-1739,533,4239,-143,353,745
82.79535,147,1305,-1740,533,4236,-143,352,745
82.79585,147,1306,-1739,533,4238,-143,352,745
82.79635,147,1306,-1739,533,4237,-142,352,745
82.79685,147,1305,-1739,534,4261,-142,352,745
82.79735,147,1306,-1740,533,4292,-142,352,745
82.79785,147,1306,-1739,534,4290,-142,352,745
82.79835,147,1306,-1740,533,4282,-142,353,745
82.79885,147,1306,-1739,533,4250,-142,352,745
82.79935,147,1306,-1739,533,4231,-142,353,745
82.79985,147,1306,-1740,533,4230,-143,352,744
82.80035,147,1305,-1739,533,4233,-142,352,745
82.80085,147,1306,-1739,533,4242,-142,353,745
82.80135,147,1305,-1739,533,4243,-142,352,745
82.80185,147,1306,-1739,533,4241,-142,352,744
82.80235,147,1305,-1739,533,4245,-142,352,745
82.80285,147,1306,-1739,533,4254,-142,353,745
82.80335,147,1306,-1739,533,4252,-143,352,744
82.80385,147,1305,-1739,533,4251,-142,352,745
82.80435,147,1305,-1739,533,4258,-142,353,744
82.80485,147,1306,-1739,533,4257,-142,353,745
82.80535,147,1306,-1739,533,4261,-142,352,745
82.80585,147,1306,-1739,533,4258,-142,353,745
82.80635,147,1306,-1739,533,4253,-142,353,745
82.80685,148,1306,-1739,533,4280,-142,352,745
82.80735,147,1306,-1739,533,4307,-142,352,745
82.80785,147,1306,-1739,533,4302,-142,352,745
82.80835,147,1305,-1739,533,4294,-142,353,745
82.80895,147,1305,-1740,533,4263,-143,353,745
82.80945,147,1305,-1739,533,4242,-142,353,744
82.80995,147,1306,-1740,533,4236,-142,353,745
82.81045,147,1305,-1739,533,4242,-142,353,745
82.81095,147,1305,-1739,533,4246,-142,353,745
82.81145,147,1305,-1739,533,4251,-142,353,745
82.81195,147,1305,-1739,533,4253,-142,353,745
82.81245,147,1306,-1739,533,4254,-142,353,745
82.81295,147,1306,-1739,533,4252,-142,353,745
82.81345,147,1306,-1739,533,4249,-142,353,745
82.81395,147,1306,-1739,533,4249,-142,353,745
82.81445,147,1306,-1739,533,4250,-142,353,745
82.81495,147,1306,-1739,533,4248,-142,353,745
82.81545,147,1306,-1739,533,4247,-142,353,746
82.81595,147,1306,-1739,533,4249,-142,353,745
82.81645,147,1306,-1739,533,4256,-142,353,745
82.81695,147,1305,-1739,534,4286,-142,352,745
82.81745,147,1306,-1739,533,4308,-142,352,745
82.81795,147,1306,-1739,533,4302,-142,353,745
82.81845,147,1306,-1739,533,4293,-142,352,745
82.81895,147,1306,-1739,533,4263,-142,353,745
82.81945,147,1306,-1740,533,4247,-142,353,745
82.81995,147,1306,-1740,533,4244,-142,353,745
82.82045,147,1305,-1739,533,4247,-142,353,745
82.82095,147,1306,-1739,533,4253,-142,352,745
82.82145,147,1306,-1739,533,4259,-142,353,745
82.82195,147,1306,-1740,533,4261,-142,352,745
82.82245,147,1306,-1739,533,4263,-142,353,745
82.82295,147,1305,-1739,533,4265,-142,352,745
82.82345,147,1306,-1739,533,4265,-142,353,745
82.82395,147,1306,-1739,533,4265,-142,353,744
82.82445,147,1306,-1739,533,4267,-142,353,745
82.82495,147,1306,-1739,533,4271,-142,352,745
82.82545,147,1306,-1739,533,4267,-142,352,745
82.82595,147,1306,-1739,533,4265,-142,352,745
82.82645,147,1306,-1739,533,4263,-142,352,744
82.82695,147,1305,-1739,534,4292,-142,352,745
82.82745,147,1306,-1739,533,4317,-141,353,745
82.82795,147,1306,-1739,533,4308,-142,353,745
82.82845,147,1305,-1739,533,4295,-142,353,745
82.82895,147,1305,-1739,532,4265,-142,353,745
82.82945,147,1305,-1739,533,4249,-142,353,744
82.82995,147,1306,-1739,533,4246,-142,354,745
82.83045,147,1306,-1739,533,4252,-142,354,745
82.83095,147,1306,-1739,533,4255,-142,354,745
82.83145,147,1305,-1739,533,4257,-142,354,745
82.83195,147,1305,-1739,533,4259,-142,354,745
82.83245,147,1305,-1740,533,4261,-142,354,745
82.83295,147,1306,-1740,533,4261,-142,354,745
82.83345,147,1306,-1739,533,4260,-142,354,745
82.83395,147,1305,-1739,533,4262,-142,353,745
82.83445,147,1306,-1739,533,4264,-142,353,745
82.83495,147,1306,-1740,533,4262,-141,353,745
82.83545,147,1306,-1740,533,4261,-142,352,745
82.83595,147,1306,-1739,533,4262,-142,352,745
82.83645,147,1306,-1739,533,4264,-142,351,744
82.83695,147,1305,-1739,533,4302,-142,351,745
82.83745,147,1306,-1739,533,4325,-141,351,745
82.83795,147,1305,-1739,533,4319,-141,351,745
82.83845,147,1306,-1739,533,4305,-142,351,745
82.83895,147,1306,-1739,533,4273,-141,352,744
82.83945,147,1306,-1739,533,4259,-142,352,745
82.83995,147,1305,-1739,533,4261,-141,352,745
82.84045,147,1305,-1739,533,4259,-141,352,744
82.84095,147,1306,-1739,533,4261,-141,353,745
82.84145,147,1306,-1739,533,4270,-141,352,745
82.84195,147,1305,-1740,534,4265,-141,352,744
82.84245,147,1306,-1739,533,4267,-141,352,745
82.84295,147,1305,-1739,533,4275,-141,353,745
82.84345,147,1305,-1739,533,4271,-141,352,745
82.84395,147,1306,-1739,533,4269,-141,353,744
82.84445,147,1305,-1739,533,4271,-142,352,745
82.84495,147,1305,-1739,533,4276,-141,352,744
82.84545,147,1305,-1740,533,4274,-141,353,745
82.84595,147,1305,-1739,533,4274,-141,352,745
82.84645,147,1306,-1739,533,4271,-141,352,745
82.84695,147,1306,-1739,534,4308,-141,352,745
82.84745,147,1305,-1739,533,4318,-141,352,745
82.847946,147,1305,-1739,533,4312,-141,352,745
82.84845,147,1306,-1739,533,4299,-141,352,744
82.84895,147,1305,-1739,533,4268,-141,352,745
82.84945,146,1306,-1739,533,4258,-141,352,744
82.84995,147,1306,-1740,533,4252,-141,352,745
82.85045,147,1306,-1739,533,4262,-141,352,745
82.85095,147,1306,-1739,533,4269,-141,352,745
82.85145,147,1305,-1739,533,4270,-141,352,745
82.85195,147,1305,-1739,533,4272,-141,352,745
82.85245,147,1306,-1739,533,4274,-141,352,745
82.85295,147,1306,-1739,533,4274,-141,352,745
82.85345,147,1305,-1739,533,4272,-141,353,744
82.85395,147,1306,-1739,533,4273,-141,353,745
82.85445,147,1306,-1739,533,4280,-141,353,745
82.85495,147,1306,-1739,533,4275,-141,353,744
82.85545,147,1306,-1739,533,4272,-141,353,745
82.85595,147,1306,-1740,533,4279,-141,352,744
82.85645,147,1305,-1739,534,4283,-141,352,745
82.85695,147,1305,-1739,534,4322,-141,352,745
82.85745,147,1305,-1739,533,4328,-141,352,745
82.85795,147,1306,-1739,533,4320,-141,352,745
82.85845,147,1305,-1739,533,4302,-141,352,744
82.85895,147,1305,-1739,532,4271,-141,352,745
82.85945,147,1305,-1739,533,4265,-141,352,744
82.85995,147,1306,-1739,533,4260,-141,352,745
82.86045,147,1305,-1739,533,4266,-141,352,744
82.86095,147,1306,-1739,533,4270,-141,352,745
82.86145,147,1305,-1739,533,4273,-141,352,745
82.86195,147,1305,-1739,533,4271,-141,352,745
82.86245,147,1305,-1739,533,4270,-141,352,745
82.86295,147,1305,-1739,533,4271,-141,352,745
82.86345,147,1305,-1739,533,4269,-141,352,745
82.86395,147,1305,-1739,533,4269,-141,352,744
82.86445,147,1305,-1739,533,4270,-141,353,745
82.86495,147,1305,-1739,533,4275,-141,353,744
82.86545,147,1305,-1739,533,4272,-141,353,745
82.86595,147,1306,-1739,533,4275,-141,353,745
82.86645,147,1305,-1739,533,4279,-141,353,745
82.86695,147,1306,-1739,534,4311,-141,353,745
82.86745,147,1305,-1739,533,4319,-141,353,745
82.86795,147,1305,-1739,533,4313,-141,354,745
82.86845,147,1305,-1739,533,4294,-141,354,744
82.86895,147,1305,-1739,533,4267,-141,354,745
82.86945,147,1305,-1739,533,4265,-141,354,745
82.86995,147,1306,-1739,533,4260,-141,354,745
82.87045,147,1305,-1739,533,4261,-141,353,745
82.87095,147,1306,-1739,533,4268,-141,353,744
82.87155,147,1305,-1739,533,4273,-141,353,745
82.87205,147,1305,-1739,533,4279,-140,353,745
82.87255,147,1305,-1739,533,4277,-140,353,745
82.87305,147,1305,-1739,533,4274,-141,353,745
82.87355,147,1306,-1739,533,4271,-140,354,744
82.87405,147,1305,-1739,533,4272,-141,354,745
82.87455,147,1306,-1739,533,4277,-141,354,745
82.87505,147,1305,-1739,533,4271,-141,354,745
82.87555,147,1306,-1739,533,4265,-141,353,745
82.87605,147,1306,-1739,533,4265,-140,353,745
82.87655,147,1305,-1739,533,4276,-140,353,745
82.87705,147,1306,-1739,533,4313,-140,353,745
82.87755,147,1305,-1739,533,4318,-140,353,745
82.87805,147,1305,-1739,533,4312,-140,353,745
82.87855,147,1305,-1739,533,4289,-141,354,745
82.87905,147,1305,-1739,533,4259,-141,354,745
82.87955,147,1305,-1739,533,4252,-141,354,745
82.88005,147,1305,-1740,533,4251,-141,354,745
82.88055,147,1306,-1739,533,4254,-141,353,745
82.88105,147,1305,-1739,533,4259,-141,354,745
82.88155,147,1306,-1739,533,4259,-141,353,745
82.88205,147,1305,-1739,533,4259,-140,353,745
82.88255,147,1305,-1739,533,4264,-140,353,745
82.88305,147,1305,-1739,533,4267,-141,353,745
82.88355,147,1305,-1739,533,4267,-141,353,745
82.88405,147,1305,-1739,533,4267,-141,353,745
82.88455,147,1305,-1739,533,4268,-141,353,745
82.88505,147,1305,-1739,533,4270,-141,353,745
82.88555,147,1305,-1739,533,4270,-140,353,745
82.88605,147,1305,-1739,533,4270,-140,353,745
82.88655,147,1305,-1739,533,4279,-141,353,745
82.88705,147,1305,-1739,533,4313,-140,353,745
82.88755,147,1306,-1739,533,4316,-140,353,744
82.88805,147,1306,-1739,533,4310,-140,353,745
82.88855,147,1305,-1739,533,4293,-141,354,745
82.88905,147,1306,-1739,533,4262,-141,354,745
82.88955,147,1305,-1739,533,4251,-141,353,745
82.89005,147,1305,-1739,533,4250,-141,353,745
82.89055,147,1305,-1739,533,4257,-141,353,745
82.89105,147,1305,-1739,533,4264,-140,353,745
82.89155,147,1305,-1739,533,4265,-141,353,745
82.89205,147,1305,-1739,533,4265,-141,353,745
82.89255,147,1305,-1739,533,4265,-140,353,745
82.89305,147,1305,-1739,533,4263,-141,353,745
82.89355,147,1306,-1739,533,4260,-141,353,745
82.89405,147,1305,-1739,533,4259,-141,353,745
82.89455,147,1305,-1739,533,4260,-141,353,745
82.89505,147,1305,-1739,533,4256,-141,353,745
82.89555,147,1305,-1739,533,4254,-141,353,745
82.89605,147,1305,-1739,533,4253,-141,353,745
82.89655,147,1305,-1739,534,4267,-140,354,745
82.89705,147,1305,-1739,534,4303,-141,353,745
82.89755,147,1305,-1739,533,4304,-141,354,745
82.89805,147,1305,-1739,533,4298,-140,354,745
82.89855,147,1305,-1739,533,4275,-140,354,745
82.89905,147,1306,-1739,533,4247,-140,355,745
82.89955,147,1305,-1739,533,4243,-141,355,745
82.90005,147,1305,-1739,533,4243,-140,354,745
82.90055,147,1305,-1739,533,4247,-141,354,745
82.90105,147,1305,-1739,533,4254,-140,354,745
82.90155,147,1305,-1739,533,4257,-140,354,745
82.90205,147,1305,-1739,533,4258,-141,354,745
82.90255,147,1305,-1739,533,4260,-140,354,745
82.90305,147,1305,-1739,533,4261,-140,354,745
82.90355,147,1305,-1739,533,4260,-140,353,745
82.90405,147,1305,-1739,533,4260,-141,353,745
82.90455,147,1306,-1739,533,4262,-141,352,745
82.90505,147,1305,-1739,533,4263,-140,352,745
82.90555,147,1305,-1739,533,4263,-140,352,745
82.90605,147,1305,-1739,533,4262,-140,352,745
82.90655,147,1305,-1739,533,4275,-140,352,745
82.90705,147,1305,-1739,533,4306,-140,352,745
82.90755,147,1305,-1739,534,4306,-141,352,745
82.90805,147,1305,-1739,533,4298,-141,352,745
82.90855,147,1305,-1739,533,4272,-140,353,745
82.90905,147,1305,-1739,533,4247,-141,353,745
82.90955,147,1305,-1739,533,4243,-141,353,745
82.91005,147,1305,-1739,533,4244,-140,353,745
82.91055,147,1305,-1739,533,4246,-140,352,745
82.91105,147,1305,-1739,533,4251,-140,353,745
82.91155,147,1306,-1739,533,4254,-140,353,745
82.91205,147,1305,-1739,533,4254,-140,353,745
82.91255,147,1305,-1739,533,4255,-140,353,745
82.91305,147,1305,-1739,533,4253,-141,353,745
82.91355,147,1305,-1739,533,4249,-141,353,745
82.91405,147,1305,-1739,533,4248,-141,353,745
82.91455,147,1305,-1739,533,4249,-140,353,745
82.91505,147,1305,-1739,533,4247,-141,353,745
82.91555,147,1305,-1739,533,4245,-140,353,745
82.91605,147,1305,-1739,533,4246,-141,353,745
82.91655,147,1306,-1739,533,4265,-140,353,745
82.91705,147,1305,-1739,534,4300,-140,352,745
82.91755,147,1305,-1739,533,4301,-140,352,745
82.91805,147,1305,-1739,533,4295,-140,352,745
82.91855,147,1305,-1739,532,4270,-141,353,745
82.91905,147,1305,-1739,533,4244,-141,353,745
82.91955,147,1305,-1739,533,4239,-141,353,745
82.92005,147,1305,-1739,533,4240,-141,353,745
82.92055,147,1305,-1739,533,4244,-141,353,745
82.92105,147,1305,-1739,533,4249,-140,353,745
82.92155,147,1305,-1739,533,4249,-141,353,745
82.92205,147,1305,-1739,533,4252,-141,353,745
82.92255,147,1305,-1739,533,4257,-140,353,745
82.92305,147,1305,-1739,533,4259,-141,353,745
82.92355,147,1305,-1739,533,4258,-140,353,745
82.92405,147,1305,-1739,533,4257,-141,353,745
82.92455,147,1305,-1739,533,4257,-141,352,745
82.92505,147,1305,-1739,533,4257,-141,353,745
82.92555,147,1305,-1739,533,4257,-141,352,746
82.92605,147,1305,-1739,533,4255,-140,352,745
82.92655,147,1305,-1739,534,4276,-141,352,746
82.92705,147,1305,-1739,533,4302,-141,353,746
82.92755,147,1305,-1739,533,4303,-140,353,746
82.92805,147,1305,-1739,533,4295,-141,353,746
82.92855,147,1306,-1739,533,4266,-141,354,745
82.92905,147,1306,-1739,533,4243,-141,354,746
82.92955,147,1305,-1739,533,4231,-141,354,746
82.93005,147,1305,-1739,533,4234,-141,354,745
82.93055,147,1305,-1739,533,4242,-140,353,746
82.93105,147,1305,-1739,533,4243,-141,353,746
82.93155,147,1305,-1739,533,4248,-140,354,746
82.93205,147,1305,-1739,533,4251,-140,354,745
82.93255,147,1306,-1739,533,4251,-141,353,745
82.93305,147,1305,-1739,533,4246,-141,353,745
82.93365,147,1305,-1739,533,4243,-141,353,745
82.93415,147,1305,-1739,533,4243,-141,353,746
82.93465,147,1305,-1739,533,4246,-140,353,745
82.93515,147,1305,-1739,533,4249,-141,353,745
82.93565,147,1305,-1739,533,4243,-141,353,745
82.93615,147,1305,-1739,533,4242,-141,353,745
82.93665,147,1305,-1739,534,4268,-140,353,746
82.93715,147,1305,-1739,534,4299,-141,352,746
82.93765,147,1305,-1739,533,4302,-141,353,745
82.93815,147,1305,-1739,533,4294,-141,353,746
82.93865,147,1306,-1739,533,4262,-141,353,745
82.93915,147,1306,-1739,533,4245,-141,353,745
82.93965,147,1305,-1739,533,4238,-141,352,746
82.94015,147,1305,-1739,533,4239,-141,353,745
82.94065,147,1306,-1739,533,4248,-141,352,745
82.94115,147,1305,-1739,533,4249,-141,352,745
82.94165,147,1306,-1739,533,4248,-140,352,745
82.94215,147,1305,-1739,533,4249,-141,353,745
82.94265,147,1306,-1739,533,4250,-141,353,745
82.94315,147,1305,-1739,533,4251,-141,353,745
82.94365,147,1305,-1739,533,4250,-140,353,745
82.94415,147,1305,-1739,533,4250,-140,353,745
82.94465,147,1305,-1739,533,4252,-141,353,745
82.94515,147,1305,-1739,534,4252,-140,353,746
82.94565,147,1305,-1739,533,4253,-140,353,745
82.94615,147,1305,-1739,533,4255,-141,353,745
82.94665,147,1305,-1739,534,4275,-141,352,745
82.94715,147,1305,-1739,533,4294,-141,353,745
82.94765,147,1306,-1739,533,4292,-141,353,745
82.94815,147,1305,-1739,533,4282,-141,353,745
82.94865,147,1306,-1739,533,4253,-141,353,745
82.94915,147,1305,-1739,533,4236,-141,353,745
82.94965,147,1305,-1739,533,4235,-141,353,745
82.95015,147,1305,-1739,533,4237,-141,353,745
82.95065,147,1305,-1739,533,4243,-141,352,745
82.95115,147,1305,-1739,533,4248,-140,353,745
82.95165,147,1305,-1739,533,4250,-141,353,745
82.95215,147,1305,-1739,533,4251,-141,353,745
82.95265,147,1305,-1739,533,4252,-140,353,745
82.95315,147,1306,-1739,533,4251,-140,353,745
82.95365,147,1305,-1739,533,4249,-141,353,745
82.95415,147,1306,-1739,533,4249,-141,353,745
82.95465,147,1305,-1739,533,4252,-141,353,745
82.95515,147,1305,-1739,533,4251,-141,353,745
82.95565,147,1306,-1739,533,4249,-141,353,745
82.95615,147,1305,-1739,533,4249,-140,353,745
82.95665,147,1305,-1739,534,4280,-141,352,746
82.95715,147,1306,-1739,534,4305,-141,352,746
82.95765,147,1306,-1739,533,4306,-141,353,745
82.95815,147,1305,-1739,533,4295,-141,353,745
82.95865,147,1306,-1739,532,4257,-141,353,745
82.95915,147,1305,-1739,533,4238,-141,353,745
82.95965,147,1305,-1738,533,4236,-140,353,745
82.96015,147,1305,-1739,533,4237,-141,352,745
82.96065,147,1305,-1739,533,4242,-141,352,745
82.96115,147,1306,-1739,533,4246,-141,353,745
82.96165,147,1305,-1739,533,4245,-141,353,745
82.96215,147,1305,-1739,533,4248,-141,352,745
82.96265,147,1305,-1739,533,4252,-141,353,745
82.96315,147,1305,-1739,533,4252,-141,353,745
82.96365,147,1305,-1739,533,4251,-141,353,746
82.96415,147,1305,-1739,533,4250,-141,353,745
82.96465,147,1305,-1739,533,4255,-141,353,745
82.96515,147,1306,-1739,533,4251,-141,353,745
82.96565,147,1305,-1739,533,4250,-141,353,745
82.96615,147,1305,-1739,533,4249,-141,353,745
82.96665,147,1305,-1739,533,4279,-141,352,745
82.96715,147,1305,-1739,533,4299,-141,352,745
82.96765,147,1305,-1739,533,4295,-141,352,745
82.96815,147,1306,-1739,533,4283,-141,353,745
82.96865,147,1305,-1739,533,4254,-141,353,745
82.96915,147,1306,-1739,533,4237,-141,353,745
82.96965,147,1305,-1739,533,4233,-141,353,745
82.970146,147,1305,-1739,533,4238,-141,353,745
82.97065,147,1306,-1739,533,4247,-141,353,745
82.97115,147,1306,-1739,533,4253,-141,353,745
82.97165,147,1305,-1739,533,4256,-141,353,745
82.97215,147,1306,-1739,533,4258,-141,353,745
82.97265,147,1305,-1739,533,4259,-140,353,745
82.97315,146,1306,-1739,533,4258,-141,353,745
82.97365,147,1306,-1739,533,4255,-141,353,745
82.97415,147,1306,-1739,533,4253,-141,353,745
82.97465,147,1305,-1739,533,4253,-141,353,745
82.97515,147,1305,-1739,533,4250,-140,353,745
82.97565,147,1306,-1739,533,4246,-140,353,745
82.97615,147,1305,-1739,533,4248,-141,353,745
82.97665,147,1305,-1739,534,4285,-141,352,745
82.97715,147,1305,-1739,533,4299,-141,353,745
82.97765,147,1306,-1739,533,4294,-141,353,745
82.97815,147,1305,-1739,533,4279,-141,353,745
82.97865,147,1305,-1739,533,4246,-141,353,745
82.97915,147,1306,-1739,533,4234,-140,353,745
82.97965,147,1305,-1739,533,4231,-141,353,745
82.98015,147,1306,-1739,533,4232,-141,353,745
82.98065,147,1305,-1739,533,4238,-141,353,745
82.98115,147,1306,-1739,533,4240,-141,353,745
82.98165,147,1305,-1739,533,4241,-141,353,745
82.98215,147,1306,-1739,533,4241,-141,353,745
82.98265,147,1305,-1739,533,4243,-141,353,745
82.98315,147,1306,-1739,533,4244,-141,353,745
82.98365,147,1305,-1739,533,4244,-141,353,745
82.98415,147,1306,-1739,533,4244,-141,353,745
82.98465,147,1305,-1739,533,4245,-141,353,745
82.98515,147,1305,-1739,533,4246,-141,354,745
82.98565,147,1305,-1739,533,4246,-141,354,745
82.98615,147,1306,-1739,533,4251,-141,354,745
82.98665,147,1306,-1739,534,4286,-141,353,745
82.98715,147,1305,-1739,534,4291,-141,354,745
82.98765,147,1305,-1739,534,4288,-141,354,745
82.98815,147,1306,-1739,533,4270,-141,354,745
82.98865,147,1305,-1739,534,4241,-141,354,745
82.98915,147,1305,-1739,534,4235,-141,354,745
82.98965,147,1305,-1739,534,4234,-141,354,745
82.99015,147,1306,-1739,534,4235,-141,354,745
82.99065,147,1305,-1739,534,4240,-141,354,745
82.99115,147,1305,-1739,533,4243,-140,353,745
82.99165,147,1305,-1739,533,4244,-141,353,745
82.99215,147,1305,-1739,532,4243,-140,353,745
82.99265,147,1306,-1739,532,4243,-141,352,745
82.99315,147,1306,-1739,532,4240,-141,352,745
82.99365,147,1306,-1739,532,4237,-141,352,745
82.99415,146,1306,-1739,533,4236,-141,352,745
82.99465,147,1305,-1739,532,4237,-140,352,745
82.99515,147,1306,-1739,533,4233,-140,352,745
82.99575,146,1306,-1739,533,4230,-141,352,745
82.99625,147,1305,-1739,533,4235,-140,352,745
82.99675,147,1305,-1739,534,4273,-140,352,745
82.99725,147,1306,-1739,533,4280,-140,352,745
82.99775,146,1305,-1739,533,4275,-140,352,745
82.99825,147,1306,-1739,533,4256,-141,352,745
82.99875,147,1306,-1739,533,4225,-141,352,745
82.99925,147,1306,-1739,533,4216,-141,352,745
82.99975,147,1306,-1739,533,4216,-140,352,745
83.00025,147,1306,-1739,533,4221,-140,352,746
83.00075,147,1306,-1739,533,4229,-141,352,745
83.00125,147,1305,-1739,533,4234,-141,352,745
83.00175,147,1306,-1739,533,4231,-140,353,745
83.00225,147,1306,-1739,533,4234,-141,352,745
83.00275,147,1305,-1739,533,4238,-141,353,745
83.00325,147,1305,-1739,533,4241,-140,352,745
83.00375,146,1305,-1739,533,4241,-140,353,746
83.00425,147,1306,-1739,533,4241,-140,352,745
83.00475,146,1305,-1739,533,4247,-140,353,745
83.00525,147,1306,-1739,533,4245,-141,352,745
83.00575,146,1305,-1739,533,4245,-140,353,745
83.00625,147,1305,-1739,533,4253,-140,352,745
83.00675,147,1306,-1739,533,4287,-140,352,745
83.00725,146,1305,-1739,533,4292,-140,352,745
83.00775,147,1305,-1739,533,4285,-140,352,745
83.00825,147,1305,-1739,532,4262,-140,353,745
83.00875,146,1306,-1739,533,4235,-140,353,746
83.00925,146,1305,-1739,533,4227,-140,353,746
83.00975,147,1305,-1739,533,4229,-140,352,745
83.01025,146,1305,-1739,533,4237,-140,353,746
83.01075,147,1306,-1739,533,4239,-140,352,745
83.01125,147,1305,-1739,533,4243,-140,353,745
83.01175,147,1305,-1739,533,4239,-140,352,745
83.01225,147,1306,-1739,533,4237,-141,353,745
83.01275,146,1306,-1739,533,4237,-140,353,745
83.01325,147,1305,-1739,533,4235,-141,353,745
83.01375,146,1306,-1739,533,4231,-140,353,745
83.01425,146,1305,-1739,533,4230,-140,353,745
83.01475,146,1305,-1739,533,4230,-140,353,745
83.01525,147,1306,-1739,533,4229,-140,352,745
83.01575,146,1306,-1739,533,4225,-140,353,745
83.01625,147,1305,-1739,533,4238,-140,352,745
83.01675,147,1305,-1739,534,4276,-140,352,746
83.01725,147,1306,-1739,533,4283,-140,352,746
83.01775,146,1305,-1739,533,4282,-140,352,745
83.01825,147,1306,-1739,533,4261,-140,353,745
83.01875,147,1305,-1739,533,4230,-140,353,745
83.01925,147,1306,-1739,533,4225,-140,353,745
83.01975,147,1305,-1739,533,4225,-140,353,745
83.02025,147,1306,-1739,533,4230,-140,352,746
83.02075,147,1305,-1740,533,4237,-140,353,745
83.02125,147,1306,-1740,533,4246,-140,352,745
83.02175,147,1306,-1740,533,4245,-140,352,746
83.02225,147,1306,-1740,533,4245,-140,353,746
83.02275,146,1306,-1740,533,4252,-140,352,746
83.02325,146,1306,-1739,533,4254,-140,353,746
83.02375,147,1305,-1739,533,4252,-140,353,745
83.02425,147,1306,-1739,533,4250,-140,353,745
83.02475,147,1306,-1739,533,4245,-140,353,745
83.02525,146,1306,-1739,533,4243,-140,353,746
83.02575,147,1305,-1739,533,4244,-140,353,745
83.02625,147,1305,-1739,534,4259,-140,352,745
83.02675,146,1306,-1739,533,4289,-140,353,746
83.02725,147,1305,-1740,533,4288,-140,353,746
83.02775,146,1306,-1740,533,4288,-140,353,745
83.02825,146,1306,-1740,533,4265,-140,353,746
83.02875,147,1305,-1740,533,4236,-140,353,745
83.02925,146,1306,-1740,533,4233,-140,353,745
83.02975,146,1305,-1739,533,4231,-140,353,745
83.03025,147,1306,-1739,533,4233,-140,353,746
83.03075,147,1306,-1738,533,4241,-140,353,746
83.03125,147,1306,-1739,533,4248,-140,353,746
83.03175,146,1306,-1739,533,4251,-140,353,745
83.03225,147,1306,-1739,533,4252,-140,352,745
83.03275,147,1305,-1739,533,4247,-140,353,746
83.03325,146,1306,-1739,533,4245,-140,353,746
83.03375,147,1306,-1739,533,4251,-140,353,745
83.03425,146,1305,-1739,533,4254,-140,353,746
83.03475,146,1305,-1739,532,4251,-140,353,746
83.03525,146,1306,-1739,533,4251,-140,353,746
83.03575,147,1305,-1739,533,4252,-140,353,745
83.03625,146,1305,-1739,533,4267,-140,353,746
83.03675,147,1305,-1739,533,4300,-140,353,745
83.03725,147,1305,-1739,533,4307,-140,353,745
83.03775,146,1305,-1739,533,4299,-140,353,745
83.03825,146,1306,-1738,533,4274,-140,353,745
83.03875,146,1305,-1739,533,4249,-140,353,745
83.03925,146,1306,-1739,533,4246,-140,353,745
83.03975,146,1305,-1739,533,4247,-140,353,745
83.04025,147,1305,-1739,533,4252,-140,353,745
83.04075,147,1305,-1739,533,4256,-140,353,745
83.04125,146,1306,-1739,533,4255,-140,353,745
83.04175,147,1305,-1739,534,4257,-140,353,745
83.04225,146,1305,-1739,533,4261,-140,353,745
83.04275,146,1305,-1739,533,4264,-140,353,745
83.04325,146,1306,-1739,533,4265,-140,352,745
83.04375,146,1306,-1739,533,4263,-140,353,745
83.04425,146,1306,-1739,533,4263,-140,353,745
83.04475,147,1306,-1739,533,4265,-140,353,745
83.04525,146,1305,-1740,533,4265,-140,352,745
83.04575,146,1306,-1740,533,4264,-140,353,745
83.04625,147,1305,-1740,534,4277,-140,353,745
83.04675,146,1306,-1740,534,4307,-140,352,746
83.04725,146,1305,-1739,534,4308,-140,353,745
83.04775,147,1305,-1739,534,4304,-139,353,745
83.04825,146,1306,-1739,534,4275,-140,353,745
83.04875,146,1305,-1739,534,4250,-140,353,745
83.04925,146,1306,-1739,534,4242,-140,352,745
83.04975,147,1305,-1739,533,4243,-139,352,745
83.05025,146,1305,-1739,532,4251,-140,352,746
83.05075,147,1305,-1739,532,4260,-139,352,745
83.05125,146,1306,-1739,533,4266,-140,352,746
83.05175,146,1305,-1739,533,4264,-140,353,746
83.05225,147,1306,-1739,534,4267,-140,353,746
83.05275,146,1305,-1740,534,4268,-140,353,746
83.05325,147,1306,-1740,535,4268,-140,353,746
83.05375,147,1305,-1740,535,4265,-140,353,746
83.05425,147,1305,-1740,534,4263,-140,353,746
83.05475,147,1305,-1739,534,4266,-140,353,746
83.05525,147,1306,-1739,534,4265,-140,353,745
83.05575,147,1306,-1739,534,4259,-139,353,746
83.05625,147,1305,-1739,534,4272,-139,353,746
83.05675,146,1305,-1739,534,4308,-140,352,746
83.05725,147,1306,-1739,534,4311,-139,352,746
83.05775,147,1305,-1739,534,4302,-140,353,745
83.05835,146,1306,-1739,533,4274,-140,353,745
83.05885,147,1305,-1739,533,4247,-140,353,745
83.05935,147,1305,-1739,533,4241,-139,353,746
83.05985,147,1305,-1739,533,4242,-140,353,745
83.06035,147,1305,-1739,533,4252,-140,353,746
83.06085,146,1306,-1738,533,4252,-139,353,746
83.06135,147,1305,-1738,532,4256,-139,352,745
83.06185,146,1306,-1738,532,4257,-139,353,745
83.06235,147,1305,-1739,532,4253,-139,353,745
83.06285,146,1305,-1739,533,4251,-139,353,746
83.06335,147,1306,-1739,533,4252,-140,353,745
83.06385,146,1305,-1739,533,4255,-139,353,745
83.06435,147,1306,-1739,533,4250,-140,353,745
83.06485,146,1305,-1739,533,4249,-140,353,746
83.06535,146,1306,-1739,533,4250,-139,353,745
83.06585,146,1305,-1739,533,4253,-139,353,746
83.06635,146,1306,-1739,534,4273,-139,353,746
83.06685,146,1305,-1740,533,4302,-139,352,745
83.06735,146,1305,-1739,533,4297,-139,353,745
83.06785,146,1305,-1739,533,4285,-140,353,745
83.06835,146,1306,-1739,533,4253,-140,353,745
83.06885,146,1306,-1739,533,4235,-139,353,745
83.06935,146,1306,-1739,533,4236,-139,353,745
83.06985,146,1305,-1739,534,4238,-139,353,745
83.07035,146,1305,-1739,534,4243,-139,353,745
83.07085,146,1306,-1739,533,4248,-139,353,745
83.07135,146,1306,-1739,534,4250,-139,352,745
83.07185,146,1305,-1740,534,4251,-139,353,745
83.07235,146,1306,-1739,533,4252,-140,353,745
83.07285,146,1306,-1739,533,4251,-139,353,746
83.07335,146,1305,-1739,533,4248,-140,353,746
83.07385,146,1306,-1739,533,4252,-139,353,745
83.07435,146,1305,-1739,533,4253,-140,353,745
83.07485,146,1305,-1739,533,4246,-139,353,746
83.07535,146,1305,-1739,533,4240,-139,353,745
83.07585,146,1305,-1739,533,4241,-140,353,745
83.07635,146,1305,-1739,534,4264,-139,352,746
83.07685,146,1305,-1739,534,4291,-139,353,745
83.07735,146,1306,-1739,534,4292,-140,353,745
83.07785,146,1305,-1739,533,4280,-139,353,745
83.07835,146,1305,-1739,533,4246,-139,353,745
83.07885,146,1305,-1739,533,4225,-139,353,745
83.07935,146,1306,-1739,533,4223,-140,353,746
83.07985,146,1306,-1739,533,4223,-139,353,746
83.08035,146,1306,-1739,533,4231,-139,353,746
83.08085,146,1306,-1739,533,4235,-139,353,745
83.08135,146,1306,-1739,533,4233,-139,353,746
83.08185,146,1305,-1739,533,4231,-139,353,746
83.08235,146,1306,-1739,533,4238,-139,352,746
83.08285,146,1306,-1739,533,4242,-139,353,745
83.08335,146,1306,-1739,534,4242,-139,353,746
83.08385,146,1305,-1739,534,4236,-139,353,745
83.08435,146,1306,-1740,534,4239,-140,353,746
83.08485,146,1306,-1740,534,4238,-139,353,746
83.08535,146,1305,-1740,534,4243,-139,353,745
83.08585,146,1306,-1740,534,4243,-139,353,746
83.08635,146,1305,-1740,534,4266,-139,353,746
83.08685,146,1306,-1740,534,4290,-139,353,746
83.08735,146,1306,-1740,534,4288,-139,354,745
83.08785,146,1306,-1740,534,4278,-139,354,746
83.08835,146,1306,-1740,534,4244,-139,355,745
83.08885,147,1305,-1739,534,4229,-139,354,745
83.08935,147,1305,-1739,534,4222,-139,354,746
83.08985,147,1305,-1739,534,4227,-140,354,746
83.09035,147,1305,-1738,534,4239,-139,354,746
83.09085,147,1305,-1738,534,4244,-140,354,745
83.09135,146,1306,-1738,534,4244,-139,354,746
83.09185,147,1305,-1738,533,4240,-139,354,745
83.09235,147,1305,-1739,533,4242,-139,354,746
83.09285,147,1305,-1739,533,4240,-139,353,745
83.09335,146,1305,-1739,532,4241,-139,353,746
83.09385,146,1306,-1739,532,4236,-139,353,746
83.09435,146,1305,-1739,533,4237,-139,352,746
83.09485,146,1305,-1739,533,4239,-139,352,745
83.09535,146,1305,-1739,534,4236,-139,352,745
83.09585,146,1306,-1739,534,4227,-139,352,745
83.09635,146,1305,-1739,535,4256,-138,351,746
83.09685,146,1306,-1739,534,4276,-139,351,746
83.09735,146,1306,-1739,533,4278,-139,352,746
83.09785,145,1306,-1740,533,4268,-139,352,746
83.09835,145,1306,-1739,533,4236,-139,352,746
83.09885,146,1305,-1739,533,4222,-139,352,746
83.09935,146,1306,-1739,533,4222,-139,352,746
83.09985,146,1306,-1739,534,4225,-139,352,746
83.10035,146,1306,-1739,534,4232,-139,352,746
83.10085,146,1306,-1739,535,4236,-139,352,746
83.10135,146,1306,-1738,535,4239,-139,352,746
83.10185,146,1306,-1739,534,4240,-139,352,746
83.10235,146,1305,-1739,534,4242,-139,352,746
83.10285,146,1306,-1739,535,4244,-139,353,746
83.10335,146,1306,-1739,534,4245,-139,353,746
83.10385,146,1306,-1739,534,4245,-139,353,746
83.10435,146,1306,-1739,533,4244,-139,352,746
83.10485,145,1305,-1739,533,4246,-139,352,746
83.10535,147,1306,-1739,533,4247,-139,352,746
83.10585,147,1305,-1739,533,4248,-139,352,746
83.10635,146,1306,-1739,533,4282,-139,352,746
83.10685,146,1306,-1739,533,4293,-139,352,746
83.10735,146,1306,-1739,533,4285,-139,352,746
83.10785,146,1305,-1739,533,4271,-139,352,746
83.10835,146,1305,-1739,533,4238,-139,352,746
83.10885,146,1306,-1739,534,4226,-139,352,746
83.10935,146,1305,-1739,534,4227,-139,352,746
83.10985,146,1306,-1739,534,4229,-139,352,746
83.11035,146,1306,-1739,533,4233,-139,353,746
83.11085,146,1306,-1739,533,4237,-139,353,746
83.11135,146,1305,-1739,533,4239,-139,353,746
83.11185,146,1305,-1739,533,4239,-139,352,746
83.11235,145,1306,-1739,534,4240,-139,353,746
83.11285,146,1306,-1739,534,4238,-139,352,746
83.11335,146,1306,-1739,534,4235,-139,353,746
83.11385,146,1306,-1739,534,4235,-139,352,746
83.11435,146,1305,-1739,533,4236,-139,353,746
83.11485,145,1306,-1739,534,4237,-139,352,746
83.11535,146,1305,-1739,534,4233,-139,352,746
83.11585,146,1305,-1739,535,4237,-139,352,746
83.11635,146,1306,-1739,535,4275,-139,352,747
83.11685,146,1306,-1739,534,4287,-139,352,746
83.11735,146,1306,-1739,534,4281,-139,353,747
83.11785,146,1306,-1739,533,4269,-139,353,746
83.11835,146,1306,-1739,533,4235,-139,353,746
83.11885,146,1306,-1739,533,4229,-139,353,746
83.11935,146,1306,-1739,533,4230,-139,353,746
83.11985,146,1306,-1739,533,4233,-139,353,746
83.12045,146,1306,-1739,533,4240,-138,353,746
83.12095,146,1306,-1739,533,4241,-139,352,746
83.12145,146,1306,-1739,534,4242,-138,352,746
83.12195,146,1306,-1739,534,4247,-139,352,746
83.12245,146,1306,-1739,534,4250,-139,352,747
83.12295,146,1306,-1739,534,4251,-139,352,746
83.12345,146,1306,-1739,533,4248,-139,353,746
83.12395,146,1306,-1739,534,4250,-139,353,746
83.12445,146,1306,-1739,534,4251,-139,353,747
83.12495,146,1306,-1739,534,4251,-138,352,746
83.12545,146,1306,-1739,534,4247,-139,353,747
83.12595,146,1305,-1739,534,4255,-139,352,746
83.12645,146,1305,-1739,534,4287,-138,352,746
83.12695,146,1306,-1739,534,4295,-138,352,747
83.12745,146,1305,-1739,534,4292,-138,352,747
83.12795,146,1306,-1739,534,4267,-139,352,746
83.12845,146,1306,-1739,534,4237,-139,353,746
83.12895,146,1306,-1739,534,4234,-139,353,746
83.12945,146,1306,-1739,534,4235,-139,352,747
83.12995,146,1306,-1739,534,4238,-139,353,746
83.13045,146,1306,-1739,534,4243,-138,352,746
83.13095,146,1306,-1739,534,4248,-138,352,747
83.13145,146,1305,-1739,534,4250,-138,353,746
83.13195,146,1306,-1739,534,4247,-138,352,746
83.13245,146,1305,-1739,533,4252,-138,353,746
83.13295,146,1305,-1739,533,4255,-138,353,747
83.13345,146,1306,-1739,533,4255,-138,353,746
83.13395,146,1305,-1739,533,4249,-139,352,746
83.13445,146,1306,-1739,534,4252,-139,353,746
83.13495,146,1306,-1739,534,4255,-138,352,746
83.13545,146,1306,-1739,534,4254,-138,353,746
83.13595,146,1306,-1739,534,4258,-138,352,746
83.13645,146,1306,-1739,534,4297,-138,352,746
83.13695,146,1306,-1739,533,4302,-138,353,746
83.13745,146,1305,-1740,534,4299,-138,353,746
83.13795,146,1306,-1740,534,4280,-138,353,746
83.13845,146,1306,-1739,534,4253,-138,353,746
83.13895,146,1306,-1739,534,4249,-138,353,746
83.13945,146,1306,-1739,534,4252,-138,353,746
83.13995,146,1306,-1739,534,4255,-138,353,746
83.14045,146,1305,-1739,535,4261,-138,353,747
83.14095,146,1306,-1739,535,4264,-138,353,747
83.14145,146,1306,-1739,535,4261,-138,353,746
83.14195,146,1306,-1739,535,4262,-138,353,746
83.14245,146,1306,-1739,535,4269,-138,353,746
83.14295,146,1306,-1739,534,4272,-138,353,746
83.14345,146,1306,-1739,534,4273,-138,353,747
83.14395,146,1306,-1739,534,4272,-138,353,746
83.14445,147,1306,-1739,533,4267,-138,352,747
83.14495,146,1305,-1739,533,4272,-138,352,746
83.14545,146,1306,-1739,533,4270,-138,353,746
83.14595,146,1306,-1739,534,4284,-138,353,746
83.14645,146,1306,-1739,534,4321,-138,353,747
83.14695,146,1306,-1739,534,4320,-138,352,746
83.14745,146,1306,-1739,533,4307,-138,353,746
83.14795,146,1306,-1739,533,4289,-138,353,747
83.14845,146,1306,-1739,533,4261,-138,353,746
83.14895,145,1306,-1739,534,4254,-138,353,747
83.14945,145,1306,-1739,534,4261,-138,353,746
83.14995,145,1306,-1739,534,4261,-138,353,746
83.15045,145,1306,-1739,534,4271,-138,353,746
83.15095,145,1306,-1739,534,4274,-138,353,746
83.15145,145,1306,-1739,534,4276,-138,353,746
83.15195,145,1306,-1739,534,4278,-138,353,746
83.15245,146,1306,-1739,534,4278,-138,353,746
83.15295,145,1306,-1739,534,4277,-138,353,746
83.15345,146,1306,-1739,534,4279,-138,353,746
83.15395,146,1306,-1739,534,4283,-137,353,746
83.15445,145,1305,-1739,534,4284,-138,353,746
83.15495,145,1306,-1739,534,4287,-138,353,746
83.15545,145,1306,-1739,533,4288,-138,353,746
83.15595,145,1306,-1739,534,4296,-137,353,746
83.15645,146,1306,-1739,534,4332,-138,352,747
83.15695,145,1306,-1739,534,4334,-138,353,747
83.15745,146,1306,-1739,534,4325,-138,353,746
83.15795,145,1306,-1739,534,4303,-138,353,746
83.15845,145,1306,-1739,533,4283,-138,353,746
83.15895,145,1306,-1739,534,4280,-138,353,746
83.15945,145,1306,-1739,534,4281,-137,353,746
83.15995,145,1306,-1739,534,4283,-137,353,746
83.160446,145,1306,-1739,534,4288,-138,353,747
83.16095,146,1306,-1739,534,4286,-137,353,746
83.16145,145,1306,-1739,534,4284,-138,353,746
83.16195,146,1306,-1739,534,4291,-137,353,746
83.16245,145,1306,-1739,533,4295,-138,353,746
83.16295,145,1306,-1739,533,4295,-137,353,747
83.16345,145,1306,-1739,534,4293,-137,353,746
83.16395,145,1306,-1739,534,4288,-137,353,746
83.16445,145,1306,-1739,534,4292,-137,353,746
83.16495,145,1306,-1739,534,4295,-137,353,747
83.16545,145,1306,-1739,533,4295,-137,353,746
83.16595,145,1306,-1739,534,4305,-137,353,747
83.16645,145,1306,-1739,534,4344,-137,352,746
83.16695,145,1306,-1739,534,4340,-137,353,746
83.16745,145,1306,-1739,534,4339,-137,352,747
83.16795,145,1306,-1739,534,4316,-137,353,746
83.16845,145,1306,-1739,534,4287,-137,353,747
83.16895,145,1306,-1739,534,4286,-137,353,746
83.16945,145,1306,-1739,534,4285,-137,353,746
83.16995,146,1306,-1739,534,4296,-137,353,746
83.17045,145,1306,-1738,534,4308,-137,354,746
83.17095,145,1306,-1739,533,4311,-137,354,746
83.17145,145,1306,-1738,534,4315,-137,354,747
83.17195,145,1305,-1738,534,4316,-137,354,746
83.17245,145,1306,-1739,534,4313,-137,354,746
83.17295,145,1306,-1739,533,4318,-137,354,746
83.17345,145,1306,-1739,534,4320,-137,354,746
83.17395,145,1306,-1739,534,4317,-137,354,747
83.17445,145,1306,-1739,533,4313,-137,355,746
83.17495,145,1306,-1739,534,4309,-137,354,746
83.17545,145,1306,-1739,533,4311,-137,354,746
83.17595,146,1306,-1738,534,4324,-137,353,746
83.17645,146,1306,-1739,534,4357,-137,353,746
83.17695,145,1306,-1739,533,4355,-137,353,746
83.17745,146,1306,-1739,534,4350,-137,353,746
83.17795,145,1306,-1738,533,4324,-137,353,746
83.17845,145,1306,-1739,533,4300,-137,352,746
83.17895,146,1306,-1739,534,4298,-137,352,746
83.17945,145,1306,-1739,534,4298,-137,352,746
83.17995,145,1306,-1739,534,4301,-137,352,746
83.18045,146,1306,-1739,534,4307,-136,352,746
83.18095,145,1306,-1739,534,4309,-137,352,746
83.18145,145,1306,-1739,534,4311,-137,352,746
83.18205,146,1306,-1739,534,4313,-137,352,746
83.18255,145,1306,-1739,534,4314,-137,352,746
83.18305,145,1306,-1738,534,4315,-137,353,746
83.18355,145,1306,-1738,534,4316,-137,353,746
83.18405,145,1306,-1738,534,4316,-137,353,746
83.18455,145,1306,-1738,533,4315,-137,353,746
83.18505,145,1306,-1738,534,4315,-137,353,746
83.18555,145,1306,-1739,534,4314,-137,353,746
83.18605,145,1306,-1739,535,4332,-137,353,746
83.18655,145,1306,-1739,534,4364,-136,353,746
83.18705,145,1306,-1739,534,4360,-137,353,746
83.18755,145,1306,-1739,534,4349,-137,353,746
83.18805,145,1306,-1739,534,4323,-137,353,746
83.18855,145,1306,-1739,534,4301,-137,353,746
83.18905,145,1305,-1739,534,4300,-137,353,746
83.18955,145,1306,-1739,534,4304,-137,353,746
83.19005,145,1306,-1739,534,4310,-137,353,746
83.19055,145,1305,-1739,534,4314,-137,353,746
83.19105,145,1306,-1739,534,4315,-136,353,747
83.19155,145,1306,-1739,533,4316,-137,353,746
83.19205,145,1306,-1738,533,4313,-136,353,747
83.19255,145,1306,-1739,533,4315,-137,353,746
83.19305,145,1306,-1738,533,4311,-136,353,746
83.19355,145,1306,-1738,533,4317,-136,353,747
83.19405,145,1306,-1739,533,4320,-137,353,747
83.19455,145,1306,-1738,533,4315,-136,352,746
83.19505,145,1306,-1738,533,4315,-137,352,746
83.19555,145,1306,-1739,533,4318,-136,352,746
83.19605,145,1306,-1739,534,4336,-137,352,747
83.19655,145,1306,-1739,534,4362,-136,352,746
83.19705,145,1306,-1739,533,4354,-136,352,746
83.19755,145,1306,-1739,534,4351,-136,352,746
83.19805,145,1306,-1739,533,4324,-137,352,746
83.19855,145,1306,-1739,533,4303,-137,352,746
83.19905,145,1306,-1739,534,4301,-136,352,746
83.19955,145,1306,-1739,533,4303,-137,352,746
83.20005,145,1306,-1739,534,4308,-136,352,746
83.20055,145,1306,-1738,533,4313,-137,352,746
83.20105,145,1306,-1739,533,4314,-136,352,746
83.20155,145,1306,-1738,533,4318,-136,352,746
83.20205,145,1306,-1738,533,4323,-136,352,746
83.20255,145,1306,-1738,533,4326,-136,352,746
83.20305,145,1306,-1739,533,4327,-136,353,746
83.20355,145,1306,-1739,533,4328,-136,353,746
83.20405,145,1306,-1738,533,4327,-136,353,746
83.20455,146,1306,-1738,533,4326,-136,353,746
83.20505,145,1306,-1739,534,4325,-136,353,746
83.20555,146,1306,-1739,533,4324,-136,354,746
83.20605,145,1306,-1739,534,4349,-136,353,747
83.20655,146,1306,-1739,534,4372,-136,354,746
83.20705,145,1306,-1738,533,4360,-136,355,746
83.20755,145,1306,-1739,533,4355,-136,355,746
83.20805,146,1305,-1739,533,4325,-136,355,746
83.20855,145,1306,-1739,533,4306,-136,355,746
83.20905,145,1306,-1739,534,4304,-136,354,746
83.20955,145,1306,-1738,534,4309,-136,354,746
83.21005,145,1306,-1739,533,4314,-136,355,746
83.21055,145,1306,-1739,534,4318,-136,354,746
83.21105,146,1306,-1738,533,4319,-136,354,746
83.21155,145,1306,-1739,534,4320,-136,354,746
83.21205,146,1306,-1739,533,4320,-136,354,746
83.21255,145,1306,-1739,533,4320,-136,354,746
83.21305,145,1306,-1739,534,4318,-136,354,746
83.21355,145,1306,-1738,534,4317,-136,354,746
83.21405,145,1306,-1738,533,4314,-136,354,746
83.21455,145,1306,-1739,533,4312,-136,354,746
83.21505,144,1306,-1738,533,4314,-136,354,746
83.21555,145,1306,-1739,534,4312,-136,354,746
83.21605,145,1306,-1739,534,4338,-136,353,746
83.21655,145,1306,-1739,534,4360,-136,353,746
83.21705,145,1306,-1738,533,4355,-136,353,746
83.21755,145,1306,-1739,533,4347,-136,353,746
83.21805,144,1306,-1739,533,4317,-136,354,746
83.21855,145,1306,-1739,533,4301,-136,353,746
83.21905,145,1306,-1739,533,4302,-136,354,746
83.21955,145,1306,-1739,533,4303,-136,353,746
83.22005,145,1306,-1739,534,4309,-136,353,746
83.22055,145,1306,-1738,533,4315,-136,353,746
83.22105,145,1306,-1738,533,4316,-136,353,746
83.22155,145,1306,-1738,533,4319,-136,354,746
83.22205,145,1306,-1739,533,4321,-136,353,746
83.22255,145,1306,-1738,534,4322,-136,354,746
83.22305,145,1306,-1738,533,4323,-136,354,746
83.22355,145,1306,-1739,533,4323,-136,353,746
83.22405,145,1306,-1739,533,4323,-136,354,746
83.22455,145,1306,-1739,533,4321,-136,353,746
83.22505,145,1307,-1739,533,4320,-136,353,746
83.22555,145,1306,-1739,533,4318,-135,353,746
83.22605,145,1306,-1738,534,4348,-136,353,746
83.22655,145,1306,-1739,533,4367,-136,353,746
83.22705,145,1307,-1739,533,4360,-136,353,746
83.22755,145,1306,-1739,534,4344,-136,354,746
83.22805,145,1306,-1738,533,4313,-136,354,746
83.22855,145,1306,-1738,534,4297,-136,354,746
83.22905,145,1306,-1739,534,4298,-136,353,746
83.22955,145,1307,-1738,534,4302,-136,353,746
83.23005,145,1306,-1738,533,4308,-136,353,746
83.23055,145,1306,-1739,533,4312,-136,354,746
83.23105,145,1306,-1739,534,4314,-136,354,746
83.23155,145,1306,-1739,533,4316,-135,354,746
83.23205,145,1306,-1739,533,4316,-136,354,746
83.23255,145,1306,-1739,534,4316,-135,354,746
83.23305,145,1306,-1738,533,4315,-136,354,746
83.23355,145,1306,-1738,534,4319,-136,354,746
83.23405,145,1306,-1738,533,4319,-136,354,746
83.23455,145,1306,-1738,533,4317,-136,354,746
83.23505,145,1306,-1738,533,4318,-136,354,746
83.23555,146,1306,-1738,533,4317,-136,355,746
83.23605,146,1306,-1738,534,4347,-136,354,746
83.23655,145,1306,-1738,533,4359,-136,355,746
83.23705,145,1306,-1738,534,4351,-136,355,746
83.23755,145,1306,-1739,534,4338,-136,355,746
83.23805,145,1306,-1739,533,4306,-136,355,746
83.23855,145,1306,-1739,534,4295,-136,355,746
83.23905,145,1306,-1739,533,4296,-135,355,746
83.23955,145,1306,-1739,534,4298,-135,355,746
83.24005,146,1307,-1738,533,4303,-136,355,746
83.24055,145,1306,-1739,533,4304,-135,354,746
83.24105,145,1307,-1739,533,4303,-136,353,746
83.24155,145,1306,-1738,533,4307,-136,354,746
83.24205,146,1307,-1739,533,4310,-136,353,746
83.24255,145,1306,-1738,533,4311,-136,353,746
83.24305,145,1306,-1739,533,4312,-136,353,746
83.24355,145,1307,-1739,533,4313,-135,353,746
83.24415,145,1307,-1738,533,4313,-136,353,746
83.24465,145,1307,-1739,533,4311,-136,353,746
83.24515,145,1307,-1739,533,4311,-135,353,746
83.24565,145,1306,-1738,533,4315,-136,353,746
83.24615,145,1306,-1738,534,4351,-135,352,747
83.24665,144,1306,-1738,533,4357,-136,353,746
83.24715,145,1306,-1739,534,4343,-135,353,746
83.24765,145,1306,-1739,533,4329,-135,353,746
83.24815,145,1306,-1738,533,4299,-135,354,746
83.24865,145,1306,-1738,533,4289,-135,353,746
83.24915,145,1306,-1738,534,4291,-135,353,746
83.24965,145,1306,-1738,533,4298,-136,353,746
83.25015,145,1306,-1738,534,4305,-136,353,746
83.25065,145,1306,-1739,534,4308,-136,353,746
83.25115,145,1306,-1738,534,4309,-135,353,746
83.25165,145,1306,-1738,533,4309,-136,353,746
83.25215,145,1306,-1739,533,4309,-135,353,746
83.25265,145,1306,-1738,533,4308,-136,353,746
83.25315,145,1307,-1738,533,4307,-135,353,746
83.25365,144,1307,-1739,533,4306,-136,353,746
83.25415,144,1307,-1738,533,4303,-135,354,746
83.25465,144,1307,-1738,533,4301,-135,353,746
83.25515,144,1307,-1739,533,4301,-136,353,746
83.25565,145,1306,-1738,534,4307,-136,353,747
83.25615,144,1307,-1739,534,4339,-135,353,746
83.25665,145,1307,-1738,534,4341,-136,354,746
83.25715,145,1307,-1739,533,4338,-135,353,746
83.25765,145,1306,-1738,533,4320,-135,353,746
83.25815,145,1306,-1738,533,4290,-136,354,746
83.25865,144,1306,-1738,533,4284,-135,353,746
83.25915,145,1307,-1738,533,4286,-135,353,747
83.25965,145,1306,-1738,533,4288,-136,353,746
83.26015,145,1307,-1738,533,4290,-135,353,747
83.26065,145,1307,-1738,533,4295,-135,354,747
83.26115,145,1307,-1739,534,4294,-135,353,747
83.26165,145,1306,-1738,533,4294,-135,353,746
83.26215,145,1306,-1739,533,4296,-135,353,746
83.26265,145,1306,-1738,534,4301,-135,353,746
83.26315,145,1307,-1738,534,4302,-135,353,746
83.26365,145,1306,-1738,534,4302,-135,353,746
83.26415,145,1307,-1738,534,4301,-135,354,746
83.26465,145,1306,-1738,534,4301,-135,354,747
83.26515,145,1306,-1739,535,4301,-135,354,746
83.26565,145,1306,-1738,535,4306,-135,353,747
83.26615,145,1307,-1739,535,4348,-135,353,747
83.26665,145,1307,-1738,535,4350,-135,353,747
83.26715,145,1307,-1739,534,4343,-135,353,747
83.26765,145,1307,-1739,534,4319,-135,354,746
83.26815,145,1307,-1739,533,4292,-135,354,747
83.26865,144,1306,-1739,533,4291,-135,354,746
83.26915,145,1307,-1739,533,4293,-135,353,746
83.26965,145,1306,-1739,532,4301,-135,354,747
83.27015,145,1307,-1739,532,4306,-135,354,746
83.27065,145,1307,-1739,533,4304,-135,353,746
83.27115,145,1306,-1738,533,4309,-135,354,747
83.27165,145,1306,-1738,533,4312,-135,353,747
83.27215,145,1307,-1739,534,4307,-135,353,747
83.27265,145,1306,-1739,533,4302,-135,354,747
83.27315,145,1307,-1738,533,4301,-135,353,747
83.27365,145,1307,-1739,534,4304,-136,353,747
83.27415,145,1307,-1739,534,4302,-135,353,747
83.27465,145,1307,-1739,534,4299,-135,354,747
83.27515,145,1307,-1739,534,4296,-135,354,747
83.27565,145,1307,-1739,534,4303,-135,353,747
83.27615,145,1307,-1739,533,4334,-135,353,747
83.27665,145,1307,-1739,533,4333,-135,353,746
83.27715,145,1307,-1738,532,4325,-136,354,747
83.27765,145,1307,-1738,533,4307,-135,354,746
83.27815,145,1307,-1739,533,4274,-135,354,746
83.27865,145,1307,-1738,533,4271,-135,354,747
83.27915,145,1307,-1738,533,4270,-135,354,747
83.27965,145,1307,-1738,533,4265,-135,354,746
83.28015,145,1307,-1738,533,4268,-135,353,747
83.28065,145,1307,-1738,533,4272,-135,354,746
83.28115,145,1307,-1738,533,4269,-135,354,747
83.28165,144,1307,-1739,534,4276,-135,354,747
83.28215,144,1307,-1739,534,4275,-135,354,746
83.282646,144,1307,-1739,534,4276,-135,354,747
83.28315,144,1307,-1739,534,4281,-136,354,747
83.28365,145,1307,-1738,534,4279,-135,354,747
83.28415,145,1306,-1739,534,4277,-135,354,747
83.28465,144,1307,-1738,534,4278,-135,354,747
83.28515,144,1307,-1739,534,4278,-135,354,747
83.28565,145,1307,-1739,534,4290,-134,354,747
83.28615,145,1307,-1738,533,4326,-135,353,747
83.28665,145,1307,-1738,532,4328,-135,353,747
83.28715,145,1307,-1738,532,4319,-135,353,747
83.28765,144,1307,-1738,532,4297,-135,353,747
83.28815,144,1307,-1738,533,4271,-135,354,747
83.28865,145,1307,-1738,533,4268,-135,353,747
83.28915,145,1307,-1738,533,4270,-135,353,747
83.28965,145,1307,-1738,533,4278,-135,353,747
83.29015,145,1307,-1738,533,4285,-135,354,746
83.29065,145,1307,-1739,533,4287,-135,353,747
83.29115,145,1307,-1739,533,4291,-135,353,747
83.29165,145,1307,-1738,533,4287,-135,353,746
83.29215,145,1307,-1739,533,4285,-135,353,747
83.29265,145,1307,-1738,534,4289,-135,354,747
83.29315,145,1307,-1738,533,4286,-135,354,747
83.29365,145,1307,-1739,533,4285,-135,354,746
83.29415,145,1307,-1738,533,4283,-135,354,746
83.29465,145,1307,-1739,533,4287,-135,353,747
83.29515,145,1307,-1739,534,4286,-135,354,747
83.29565,145,1307,-1739,534,4293,-135,353,747
83.29615,145,1307,-1739,534,4322,-135,353,747
83.29665,145,1307,-1739,533,4321,-135,353,747
83.29715,145,1307,-1739,534,4314,-135,353,746
83.29765,145,1307,-1739,533,4289,-135,354,746
83.29815,145,1308,-1738,533,4270,-135,354,746
83.29865,145,1307,-1738,533,4269,-136,353,747
83.29915,145,1307,-1737,534,4272,-135,353,747
83.29965,145,1307,-1737,533,4273,-135,354,747
83.30015,145,1307,-1736,533,4278,-135,353,747
83.30065,145,1307,-1736,533,4282,-135,353,746
83.30115,145,1307,-1737,534,4286,-135,353,747
83.30165,145,1307,-1739,533,4292,-135,353,746
83.30215,145,1307,-1740,534,4290,-135,354,747
83.30265,145,1307,-1739,533,4293,-135,354,747
83.30315,145,1307,-1739,534,4291,-135,354,747
83.30365,144,1307,-1739,534,4290,-135,354,747
83.30415,144,1307,-1739,534,4292,-135,354,747
83.30465,145,1307,-1739,534,4292,-135,354,747
83.30515,145,1307,-1739,534,4291,-135,354,747
83.30565,145,1307,-1739,535,4307,-135,354,747
83.30615,145,1307,-1739,534,4340,-135,353,747
83.30675,145,1307,-1740,535,4339,-135,354,747
83.30725,145,1307,-1740,534,4329,-135,353,747
83.30775,145,1307,-1740,534,4297,-135,354,746
83.30825,145,1307,-1740,534,4273,-135,354,747
83.30875,145,1307,-1739,533,4273,-135,353,747
83.30925,145,1307,-1738,533,4272,-135,353,747
83.30975,144,1307,-1738,532,4276,-135,353,747
83.31025,144,1307,-1737,532,4281,-135,353,746
83.31075,144,1307,-1737,532,4282,-134,353,746
83.31125,144,1307,-1738,533,4286,-135,353,747
83.31175,144,1307,-1738,533,4285,-135,354,747
83.31225,145,1307,-1738,533,4278,-135,354,746
83.31275,144,1307,-1738,533,4272,-135,354,746
83.31325,144,1307,-1738,534,4277,-135,355,747
83.31375,145,1307,-1739,534,4281,-135,355,747
83.31425,145,1307,-1739,535,4272,-134,355,747
83.31475,144,1307,-1739,535,4267,-135,355,747
83.31525,144,1307,-1739,535,4267,-135,355,746
83.31575,145,1307,-1739,535,4286,-135,354,747
83.31625,145,1307,-1739,535,4320,-135,354,747
83.31675,145,1307,-1739,534,4313,-135,354,747
83.31725,145,1307,-1739,534,4303,-135,355,746
83.31775,144,1307,-1739,533,4280,-135,355,747
83.31825,145,1307,-1739,534,4263,-135,355,746
83.31875,145,1307,-1738,534,4260,-135,354,747
83.31925,145,1307,-1738,533,4266,-135,354,746
83.31975,144,1307,-1738,534,4267,-135,353,746
83.32025,145,1307,-1738,534,4273,-135,353,746
83.32075,145,1307,-1739,535,4273,-135,353,746
83.32125,145,1306,-1739,535,4275,-135,353,746
83.32175,145,1307,-1739,535,4279,-135,353,746
83.32225,145,1307,-1739,535,4281,-135,353,746
83.32275,145,1307,-1740,534,4281,-135,353,746
83.32325,145,1307,-1740,535,4281,-135,353,746
83.32375,145,1307,-1740,534,4282,-135,353,746
83.32425,145,1307,-1739,533,4282,-135,353,746
83.32475,145,1307,-1738,533,4281,-135,353,746
83.32525,145,1307,-1738,532,4279,-135,353,746
83.32575,146,1307,-1738,532,4300,-134,352,746
83.32625,146,1307,-1738,532,4328,-135,353,746
83.32675,146,1307,-1737,533,4323,-135,353,746
83.32725,146,1307,-1738,533,4310,-135,353,746
83.32775,145,1307,-1737,533,4279,-135,354,746
83.32825,145,1307,-1737,533,4258,-135,354,746
83.32875,145,1307,-1738,533,4256,-134,353,746
83.32925,145,1307,-1738,533,4258,-135,353,747
83.32975,145,1307,-1738,534,4262,-135,353,747
83.33025,146,1307,-1738,534,4263,-135,353,746
83.33075,145,1307,-1738,533,4265,-135,353,746
83.33125,145,1307,-1738,533,4271,-135,353,746
83.33175,146,1307,-1738,534,4274,-135,354,746
83.33225,145,1307,-1738,533,4275,-135,353,746
83.33275,146,1307,-1739,534,4276,-135,353,746
83.33325,145,1307,-1738,533,4276,-135,353,746
83.33375,146,1307,-1738,533,4276,-134,353,746
83.33425,146,1307,-1739,534,4274,-135,353,746
83.33475,145,1307,-1739,533,4271,-135,353,747
83.33525,145,1307,-1739,534,4269,-135,353,747
83.33575,145,1307,-1739,535,4289,-135,353,747
83.33625,144,1307,-1739,534,4311,-134,353,747
83.33675,143,1308,-1739,534,4307,-134,353,747
83.33725,143,1308,-1739,534,4299,-135,354,747
83.33775,143,1308,-1739,534,4269,-135,354,746
83.33825,144,1308,-1739,534,4252,-135,353,746
83.33875,144,1308,-1739,534,4259,-135,353,747
83.33925,144,1307,-1739,534,4266,-135,353,747
83.33975,144,1307,-1738,535,4267,-134,354,747
83.34025,144,1308,-1738,534,4271,-134,353,747
83.34075,144,1307,-1738,534,4273,-135,353,747
83.34125,144,1307,-1739,534,4274,-135,353,747
83.34175,144,1307,-1739,534,4274,-135,353,747
83.34225,144,1307,-1739,534,4275,-134,353,747
83.34275,145,1308,-1738,533,4275,-135,353,747
83.34325,144,1307,-1738,533,4275,-134,353,746
83.34375,144,1308,-1737,533,4277,-135,353,747
83.34425,144,1307,-1737,533,4281,-134,353,747
83.34475,144,1308,-1737,533,4276,-135,353,746
83.34525,144,1307,-1738,533,4273,-135,353,747
83.34575,145,1307,-1738,533,4306,-134,353,747
83.34625,144,1307,-1738,533,4324,-134,353,747
83.34675,144,1307,-1739,533,4317,-135,353,746
83.34725,144,1307,-1739,533,4304,-135,354,747
83.34775,144,1308,-1739,533,4274,-135,353,746
83.34825,145,1307,-1739,533,4255,-135,354,746
83.34875,144,1307,-1739,533,4259,-134,353,746
83.34925,144,1307,-1739,534,4265,-135,353,746
83.34975,145,1308,-1739,534,4273,-135,353,746
83.35025,144,1308,-1738,534,4277,-134,353,746
83.35075,144,1307,-1738,534,4279,-135,353,746
83.35125,144,1308,-1738,534,4280,-134,353,747
83.35175,145,1307,-1738,534,4280,-135,353,746
83.35225,145,1307,-1738,534,4274,-134,354,746
83.35275,145,1308,-1739,534,4276,-134,353,746
83.35325,144,1308,-1738,534,4281,-134,353,746
83.35375,145,1308,-1738,533,4284,-134,353,747
83.35425,145,1307,-1739,533,4281,-134,354,746
83.35475,144,1307,-1739,533,4275,-134,353,747
83.35525,144,1308,-1739,533,4278,-134,353,746
83.35575,145,1307,-1739,534,4307,-134,353,747
83.35625,145,1308,-1739,534,4325,-134,353,746
83.35675,144,1307,-1738,533,4316,-134,353,746
83.35725,144,1308,-1738,533,4304,-134,353,746
83.35775,144,1308,-1739,533,4275,-134,354,746
83.35825,144,1308,-1739,533,4261,-134,353,746
83.35875,144,1308,-1738,534,4264,-134,354,746
83.35925,144,1308,-1739,534,4266,-134,353,746
83.35975,145,1307,-1739,534,4271,-134,353,746
83.36025,144,1308,-1739,534,4273,-134,354,746
83.36075,145,1308,-1738,534,4272,-134,353,746
83.36125,145,1308,-1738,534,4274,-134,353,746
83.36175,145,1308,-1738,534,4277,-134,353,746
83.36225,145,1308,-1738,534,4277,-134,353,746
83.36275,145,1308,-1739,534,4276,-134,353,746
83.36325,144,1308,-1738,534,4275,-135,353,746
83.36375,145,1308,-1739,535,4276,-134,353,746
83.36425,145,1308,-1738,534,4275,-134,353,746
83.36475,144,1308,-1739,534,4274,-135,353,746
83.36525,144,1308,-1739,534,4275,-134,353,746
83.36575,145,1308,-1739,536,4309,-134,353,746
83.36625,145,1308,-1738,535,4323,-134,353,746
83.36675,144,1308,-1739,535,4317,-134,353,746
83.36725,144,1308,-1738,533,4298,-134,353,746
83.36775,144,1308,-1738,533,4263,-134,354,746
83.36825,145,1308,-1738,533,4252,-134,354,746
83.36885,144,1308,-1738,533,4253,-134,353,746
83.36935,145,1308,-1738,532,4259,-134,353,746
83.36985,144,1308,-1738,532,4267,-134,353,746
83.37035,145,1308,-1738,533,4269,-135,353,746
83.37085,145,1308,-1738,534,4270,-134,353,746
83.37135,144,1308,-1738,535,4271,-134,353,746
83.37185,144,1308,-1738,535,4273,-134,353,746
83.37235,144,1308,-1738,534,4273,-134,353,747
83.37285,144,1308,-1738,534,4273,-134,353,746
83.37335,144,1308,-1738,534,4269,-135,353,746
83.37385,145,1308,-1739,533,4273,-134,353,746
83.37435,145,1308,-1739,533,4273,-134,353,746
83.37485,144,1308,-1739,533,4269,-135,353,746
83.37535,145,1308,-1739,534,4271,-134,353,746
83.37585,145,1308,-1739,534,4307,-134,353,746
83.37635,144,1308,-1739,533,4313,-134,353,746
83.37685,145,1308,-1739,534,4306,-134,353,746
83.37735,144,1308,-1738,534,4290,-135,354,746
83.37785,144,1308,-1739,533,4256,-135,354,746
83.37835,144,1308,-1739,534,4248,-135,353,746
83.37885,145,1309,-1738,534,4251,-134,354,746
83.37935,145,1309,-1738,534,4257,-135,353,746
83.37985,144,1308,-1738,533,4263,-134,353,746
83.38035,144,1308,-1738,534,4265,-134,353,746
83.38085,144,1309,-1738,533,4267,-134,354,746
83.38135,144,1309,-1738,533,4268,-134,353,746
83.38185,145,1308,-1739,534,4269,-134,353,746
83.38235,144,1308,-1739,534,4270,-134,353,746
83.38285,145,1309,-1739,534,4271,-134,353,746
83.38335,144,1309,-1739,534,4273,-135,353,746
83.38385,144,1308,-1739,533,4274,-134,353,747
83.38435,145,1309,-1739,533,4274,-134,354,746
83.38485,145,1309,-1739,534,4269,-135,353,746
83.38535,145,1309,-1739,533,4277,-134,353,746
83.38585,145,1309,-1738,533,4317,-134,353,746
83.38635,145,1309,-1738,533,4324,-134,353,746
83.38685,145,1309,-1737,534,4318,-134,353,746
83.38735,144,1309,-1737,534,4297,-135,354,746
83.38785,145,1310,-1737,534,4268,-134,354,746
83.38835,145,1309,-1738,534,4262,-134,353,746
83.38885,145,1309,-1738,534,4265,-134,354,746
83.38935,145,1309,-1739,534,4271,-135,353,746
83.38985,145,1309,-1739,534,4280,-134,353,746
83.39035,144,1309,-1739,534,4285,-134,353,746
83.39085,145,1309,-1740,534,4287,-134,353,746
83.39135,145,1309,-1739,534,4290,-134,353,746
83.39185,144,1309,-1739,535,4291,-134,353,746
83.39235,145,1309,-1739,534,4290,-135,353,746
83.39285,145,1309,-1739,534,4291,-134,353,746
83.39335,145,1309,-1739,533,4296,-134,353,746
83.39385,144,1309,-1739,533,4300,-134,353,746
83.39435,144,1309,-1738,533,4298,-134,353,746
83.39485,144,1310,-1737,533,4295,-135,353,746
83.39535,144,1309,-1737,534,4302,-134,353,746
83.39585,144,1309,-1737,533,4339,-134,353,746
83.39635,144,1310,-1737,533,4339,-134,353,746
83.39685,144,1310,-1738,533,4331,-135,353,746
83.39735,144,1310,-1738,533,4309,-134,353,746
83.39785,144,1309,-1738,533,4279,-134,354,746
83.39835,145,1309,-1738,534,4276,-134,353,746
83.39885,145,1309,-1738,533,4280,-134,353,746
83.39935,145,1309,-1738,534,4285,-134,354,746
83.39985,145,1309,-1738,534,4291,-135,353,746
83.40035,145,1309,-1738,534,4292,-135,353,746
83.40085,145,1309,-1738,534,4293,-135,353,746
83.40135,145,1309,-1738,534,4297,-134,353,746
83.40185,146,1309,-1738,534,4299,-134,353,746
83.40235,146,1309,-1738,533,4299,-134,353,746
83.40285,145,1310,-1739,534,4300,-134,353,746
83.40335,146,1309,-1738,533,4301,-134,353,746
83.40385,146,1310,-1738,534,4302,-134,354,746
83.40435,145,1309,-1738,534,4303,-134,353,746
83.40485,145,1310,-1738,533,4302,-134,353,746
83.40535,145,1310,-1738,534,4313,-134,353,746
83.40585,144,1310,-1738,533,4351,-135,353,747
83.40635,144,1310,-1738,533,4353,-134,353,746
83.40685,144,1310,-1738,533,4342,-134,353,747
83.40735,144,1310,-1739,533,4319,-134,353,747
83.40785,144,1310,-1739,533,4285,-134,354,746
83.40835,144,1310,-1739,534,4282,-135,353,746
83.40885,144,1310,-1739,534,4290,-134,353,746
83.40935,144,1310,-1738,534,4298,-134,353,746
83.40985,144,1310,-1738,533,4306,-134,354,747
83.41035,144,1310,-1738,534,4307,-134,353,746
83.41085,144,1310,-1738,534,4304,-134,353,746
83.41135,144,1310,-1738,534,4308,-135,353,747
83.41185,144,1310,-1738,534,4310,-134,354,746
83.41235,144,1310,-1738,534,4307,-135,353,746
83.41285,144,1310,-1738,534,4310,-134,354,746
83.41335,144,1310,-1738,534,4313,-135,353,746
83.41385,145,1310,-1738,534,4313,-135,353,746
83.41435,145,1310,-1738,534,4311,-135,354,746
83.41485,145,1310,-1738,534,4307,-135,354,746
83.41535,145,1310,-1738,534,4319,-134,353,746
83.41585,144,1310,-1738,534,4356,-134,353,747
83.41635,144,1310,-1738,533,4354,-134,353,746
83.41685,144,1310,-1738,533,4342,-134,353,747
83.41735,144,1310,-1738,533,4321,-134,353,746
83.41785,144,1310,-1738,533,4291,-134,353,746
83.41835,144,1310,-1738,533,4293,-134,354,746
83.41885,145,1310,-1738,533,4300,-134,353,747
83.41935,144,1310,-1738,534,4307,-134,353,747
83.41985,144,1310,-1738,534,4309,-134,353,747
83.42035,145,1310,-1738,534,4311,-134,353,747
83.42085,144,1310,-1738,535,4314,-134,353,747
83.42135,145,1311,-1738,534,4317,-134,354,747
83.42185,144,1310,-1738,534,4319,-134,353,747
83.42235,145,1310,-1738,534,4320,-134,353,747
83.42285,144,1310,-1738,534,4321,-134,353,747
83.42335,144,1310,-1738,534,4321,-134,353,747
83.42385,144,1310,-1738,533,4320,-134,353,747
83.42435,144,1310,-1738,534,4317,-134,353,747
83.42485,144,1310,-1738,533,4314,-134,354,747
83.42535,144,1310,-1738,534,4327,-134,353,747
83.42585,145,1310,-1738,534,4362,-134,354,747
83.42635,145,1310,-1738,533,4361,-134,354,747
83.42685,145,1310,-1738,533,4352,-134,354,747
83.42735,145,1310,-1738,533,4323,-135,355,746
83.42785,145,1310,-1738,533,4294,-135,355,747
83.42835,145,1310,-1738,533,4296,-134,355,747
83.42885,145,1310,-1738,533,4293,-135,355,747
83.42935,145,1311,-1738,534,4297,-134,355,747
83.42985,145,1310,-1739,534,4304,-134,354,747
83.43035,145,1310,-1738,534,4306,-134,354,747
83.43095,145,1310,-1738,533,4306,-134,354,747
83.43145,145,1310,-1738,533,4307,-134,354,747
83.43195,145,1310,-1738,533,4306,-135,354,747
83.43245,145,1310,-1738,533,4304,-135,354,747
83.43295,144,1310,-1738,534,4307,-135,353,747
83.43345,144,1310,-1738,534,4312,-134,353,747
83.43395,144,1310,-1738,535,4313,-135,353,747
83.43445,144,1311,-1738,534,4312,-134,353,747
83.43495,144,1311,-1738,534,4306,-135,353,747
83.43545,144,1311,-1738,535,4320,-134,353,747
83.43595,144,1310,-1738,534,4355,-135,352,747
83.43645,143,1310,-1738,534,4350,-135,353,747
83.43695,144,1310,-1738,534,4340,-135,353,747
83.43745,144,1310,-1738,533,4311,-134,354,747
83.43795,144,1311,-1738,533,4288,-135,353,747
83.43845,144,1310,-1738,533,4288,-135,353,747
83.43895,144,1311,-1738,533,4292,-135,353,747
83.43945,144,1310,-1738,532,4297,-135,353,747
83.43995,144,1310,-1738,533,4300,-134,353,747
83.44045,144,1311,-1738,534,4299,-134,353,747
83.44095,144,1311,-1738,534,4301,-134,353,746
83.44145,144,1311,-1738,534,4305,-134,353,747
83.44195,144,1310,-1738,535,4309,-135,353,747
83.44245,144,1311,-1738,535,4305,-134,353,747
83.44295,144,1311,-1738,534,4304,-134,353,747
83.44345,144,1310,-1738,534,4305,-134,353,747
83.44395,144,1311,-1738,534,4305,-135,353,747
83.44445,144,1310,-1738,533,4307,-134,353,747
83.44495,144,1310,-1738,533,4305,-135,353,747
83.44545,145,1311,-1738,533,4322,-134,353,747
83.44595,144,1310,-1738,533,4357,-134,352,747
83.44645,145,1311,-1738,533,4356,-135,353,747
83.44695,144,1310,-1738,532,4348,-135,353,747
83.44745,144,1310,-1738,532,4318,-135,354,747
83.44795,144,1310,-1738,533,4290,-134,353,747
83.44845,144,1310,-1738,533,4290,-135,353,747
83.44895,144,1310,-1738,533,4295,-134,353,747
83.44945,144,1310,-1738,533,4301,-134,353,747
83.44995,144,1310,-1738,533,4311,-135,353,747
83.45045,144,1311,-1738,533,4314,-134,353,747
83.45095,144,1310,-1738,533,4317,-135,353,747
83.45145,144,1310,-1738,533,4319,-134,353,747
83.45195,145,1310,-1738,533,4320,-135,353,747
83.45245,144,1310,-1738,533,4321,-135,353,747
83.45295,145,1310,-1738,533,4322,-134,353,747
83.45345,145,1310,-1738,533,4323,-134,353,747
83.45395,145,1310,-1738,533,4323,-135,353,747
83.45445,145,1310,-1738,533,4322,-134,353,747
83.45495,145,1310,-1738,533,4318,-135,353,747
83.45545,145,1310,-1738,534,4339,-134,353,747
83.45595,145,1310,-1738,533,4369,-134,353,748
83.45645,145,1310,-1738,533,4363,-134,353,747
83.45695,145,1310,-1738,533,4356,-135,353,747
83.45745,145,1310,-1738,533,4321,-135,353,747
83.45795,145,1310,-1738,533,4298,-135,354,747
83.45845,145,1310,-1738,533,4299,-135,353,747
83.45895,144,1310,-1738,534,4304,-135,353,747
83.45945,145,1310,-1738,533,4311,-135,353,747
83.45995,145,1310,-1738,533,4316,-134,353,747
83.46045,145,1310,-1738,533,4317,-135,353,747
83.46095,145,1310,-1738,533,4316,-135,353,747
83.46145,145,1310,-1738,533,4316,-135,353,747
83.46195,145,1310,-1738,533,4316,-135,354,747
83.46245,145,1311,-1738,534,4316,-135,353,747
83.46295,145,1311,-1738,534,4316,-135,353,747
83.46345,144,1311,-1738,534,4316,-135,353,748
83.46395,144,1311,-1738,534,4315,-135,353,747
83.46445,143,1311,-1738,534,4318,-134,353,747
83.46495,143,1311,-1738,534,4315,-135,354,747
83.46545,143,1311,-1738,535,4338,-134,353,748
83.46595,143,1311,-1738,534,4366,-135,353,747
83.46645,144,1311,-1738,534,4367,-135,353,747
83.46695,144,1311,-1738,533,4353,-135,353,747
83.46745,144,1311,-1738,532,4318,-135,354,747
83.46795,143,1311,-1738,532,4301,-135,354,747
83.46845,144,1311,-1738,532,4301,-135,353,747
83.46895,144,1311,-1738,532,4306,-135,353,747
83.46945,144,1311,-1738,533,4315,-135,353,747
83.46995,144,1311,-1738,533,4320,-135,353,747
83.47045,144,1311,-1738,533,4322,-135,353,747
83.47095,144,1311,-1738,533,4323,-135,353,747
83.47145,144,1311,-1738,533,4323,-135,354,747
83.47195,143,1311,-1738,533,4321,-134,353,747
83.47245,143,1311,-1738,533,4318,-135,353,747
83.472946,143,1311,-1738,533,4321,-135,353,747
83.47345,144,1311,-1738,533,4325,-135,353,747
83.47395,144,1311,-1738,533,4326,-135,354,747
83.47445,144,1311,-1738,533,4324,-135,354,747
83.47495,144,1311,-1738,533,4318,-135,354,747
83.47545,144,1311,-1738,533,4344,-134,353,748
83.47595,144,1311,-1738,532,4367,-135,354,747
83.47645,144,1311,-1738,532,4361,-135,354,747
83.47695,144,1311,-1738,532,4343,-135,354,747
83.47745,144,1311,-1738,533,4307,-135,354,747
83.47795,144,1311,-1738,534,4291,-135,354,747
83.47845,144,1311,-1738,534,4296,-135,354,748
83.47895,144,1310,-1738,534,4301,-135,354,748
83.47945,145,1310,-1738,534,4312,-135,353,748
83.47995,144,1311,-1739,534,4314,-135,353,747
83.48045,145,1310,-1739,534,4312,-135,354,748
83.48095,145,1311,-1739,534,4311,-135,353,748
83.48145,145,1311,-1738,533,4318,-135,354,748
83.48195,145,1311,-1737,533,4322,-135,353,748
83.48245,145,1311,-1737,533,4323,-135,353,748
83.48295,144,1311,-1737,533,4323,-135,353,748
83.48345,144,1311,-1737,533,4324,-135,353,748
83.48395,144,1311,-1737,533,4326,-135,354,748
83.48445,144,1311,-1738,533,4325,-135,353,748
83.48495,144,1311,-1738,533,4323,-135,353,748
83.48545,144,1311,-1738,534,4353,-135,353,748
83.48595,143,1311,-1738,534,4375,-135,353,748
83.48645,144,1311,-1737,533,4370,-135,353,748
83.48695,143,1312,-1737,533,4358,-135,354,748
83.48745,143,1311,-1738,533,4323,-135,354,748
83.48795,143,1311,-1738,534,4306,-135,354,747
83.48845,143,1311,-1738,534,4310,-135,354,748
83.48895,144,1311,-1739,534,4310,-135,353,748
83.48945,144,1311,-1739,534,4320,-135,354,748
83.48995,144,1311,-1739,534,4329,-135,353,748
83.49045,144,1311,-1738,534,4332,-135,353,747
83.49095,144,1311,-1738,534,4331,-135,353,748
83.49145,144,1312,-1739,534,4326,-135,353,748
83.49195,143,1311,-1738,533,4329,-135,354,748
83.49245,143,1312,-1738,534,4330,-135,353,748
83.49305,143,1311,-1738,533,4329,-135,353,748
83.49355,143,1311,-1737,533,4328,-135,354,748
83.49405,143,1312,-1737,533,4328,-135,353,748
83.49455,144,1312,-1737,533,4325,-135,354,748
83.49505,143,1311,-1737,533,4320,-135,354,748
83.49555,143,1311,-1738,534,4352,-135,353,748
83.49605,143,1311,-1737,533,4369,-135,354,748
83.49655,143,1311,-1737,533,4359,-135,353,747
83.49705,144,1312,-1737,533,4341,-135,354,748
83.49755,143,1312,-1737,533,4303,-135,354,747
83.49805,144,1312,-1737,533,4292,-135,354,748
83.49855,144,1312,-1738,534,4294,-135,354,748
83.49905,143,1312,-1738,534,4303,-135,354,748
83.49955,143,1312,-1738,533,4314,-135,354,747
83.50005,143,1312,-1738,533,4318,-135,353,748
83.50055,143,1312,-1738,534,4315,-135,353,748
83.50105,143,1312,-1738,533,4320,-135,354,748
83.50155,143,1312,-1738,533,4322,-135,354,748
83.50205,143,1312,-1738,534,4322,-135,354,748
83.50255,143,1312,-1739,534,4321,-135,353,748
83.50305,143,1312,-1738,533,4321,-135,354,747
83.50355,143,1312,-1738,533,4321,-135,353,748
83.50405,144,1312,-1738,532,4314,-135,354,748
83.50455,144,1312,-1738,532,4317,-135,353,747
83.50505,144,1312,-1738,532,4322,-135,353,748
83.50555,144,1312,-1738,533,4355,-135,353,748
83.50605,144,1312,-1739,533,4370,-135,353,748
83.50655,144,1311,-1739,533,4364,-135,354,747
83.50705,144,1312,-1738,533,4345,-135,354,748
83.50755,144,1311,-1738,533,4304,-135,354,748
83.50805,144,1312,-1737,533,4298,-135,354,748
83.50855,144,1311,-1737,534,4303,-135,354,748
83.50905,143,1312,-1737,534,4305,-135,354,747
83.50955,144,1312,-1738,534,4311,-135,354,748
83.51005,144,1312,-1737,534,4311,-136,353,748
83.51055,144,1312,-1737,533,4315,-135,354,748
83.51105,143,1312,-1737,533,4315,-135,353,748
83.51155,144,1312,-1737,533,4313,-135,353,748
83.51205,143,1312,-1737,532,4309,-135,354,748
83.51255,144,1312,-1737,533,4308,-135,353,748
83.51305,144,1312,-1737,533,4311,-136,354,748
83.51355,144,1312,-1737,533,4312,-135,353,748
83.51405,144,1312,-1738,533,4313,-135,354,748
83.51455,144,1312,-1738,533,4310,-136,354,748
83.51505,144,1312,-1738,533,4311,-135,353,748
83.51555,144,1312,-1738,534,4347,-135,353,748
83.51605,144,1312,-1738,533,4355,-135,354,748
83.51655,144,1312,-1738,533,4346,-136,354,747
83.51705,144,1312,-1738,533,4324,-135,354,747
83.51755,144,1312,-1738,533,4286,-135,354,747
83.51805,144,1312,-1738,534,4279,-135,354,748
83.51855,144,1312,-1738,533,4287,-135,353,747
83.51905,144,1312,-1738,534,4297,-135,353,748
83.51955,144,1312,-1738,534,4300,-135,353,747
83.52005,144,1312,-1738,533,4302,-135,353,748
83.52055,143,1312,-1738,533,4300,-135,353,748
83.52105,144,1312,-1738,533,4308,-135,353,748
83.52155,144,1312,-1738,533,4313,-135,353,748
83.52205,144,1312,-1738,533,4313,-135,353,748
83.52255,143,1313,-1738,533,4314,-135,354,748
83.52305,143,1313,-1738,533,4315,-135,354,747
83.52355,144,1312,-1738,534,4314,-135,354,748
83.52405,144,1312,-1738,533,4310,-135,354,748
83.52455,144,1312,-1738,533,4313,-135,354,748
83.52505,144,1312,-1738,533,4318,-135,354,748
83.52555,143,1312,-1738,534,4353,-135,353,748
83.52605,144,1312,-1737,533,4356,-135,354,747
83.52655,143,1312,-1738,533,4348,-135,354,748
83.52705,143,1313,-1737,533,4322,-135,354,747
83.52755,143,1312,-1738,533,4291,-135,354,748
83.52805,143,1312,-1738,533,4278,-135,354,747
83.52855,143,1313,-1738,532,4286,-135,353,748
83.52905,143,1312,-1737,533,4289,-135,353,748
83.52955,143,1312,-1738,533,4296,-135,354,748
83.53005,143,1312,-1738,533,4302,-135,353,748
83.53055,143,1313,-1738,533,4304,-135,354,747
83.53105,144,1312,-1738,533,4303,-135,354,748
83.53155,144,1312,-1738,533,4299,-135,353,748
83.53205,144,1312,-1738,533,4302,-135,353,748
83.53255,144,1312,-1737,533,4304,-135,353,747
83.53305,144,1312,-1737,533,4304,-135,354,748
83.53355,144,1312,-1737,533,4301,-135,354,748
83.53405,144,1313,-1737,533,4306,-135,354,747
83.53455,143,1312,-1737,533,4307,-136,354,748
83.53505,144,1312,-1737,533,4309,-135,354,747
83.53555,144,1313,-1738,533,4350,-135,354,748
83.53605,144,1312,-1738,533,4351,-135,355,748
83.53655,144,1312,-1738,533,4345,-135,355,747
83.53705,144,1313,-1738,533,4320,-136,356,747
83.53755,144,1313,-1738,533,4286,-135,356,747
83.53805,144,1313,-1738,533,4282,-135,355,747
83.53855,144,1312,-1738,533,4291,-135,355,748
83.53905,144,1312,-1738,533,4299,-135,354,747
83.53955,144,1313,-1738,532,4314,-135,354,747
83.54005,144,1313,-1738,532,4313,-135,354,748
83.54055,144,1313,-1738,533,4313,-135,354,748
83.54105,144,1313,-1738,533,4318,-135,353,748
83.54155,143,1313,-1737,533,4317,-135,353,747
83.54205,144,1313,-1738,532,4315,-135,353,748
83.54255,144,1312,-1737,533,4309,-135,353,748
83.54305,144,1312,-1738,533,4312,-135,353,748
83.54355,144,1312,-1738,534,4312,-135,353,748
83.54405,144,1313,-1738,534,4308,-135,353,748
83.54455,143,1312,-1738,534,4308,-135,353,747
83.54505,144,1312,-1738,534,4318,-135,353,748
83.54555,143,1313,-1738,534,4346,-135,353,748
83.54605,143,1313,-1737,533,4347,-135,353,748
83.54655,143,1313,-1738,533,4339,-135,353,748
83.54705,143,1313,-1737,532,4311,-135,353,748
83.54755,143,1312,-1738,532,4281,-135,353,747
83.54805,144,1312,-1738,533,4270,-135,353,747
83.54855,144,1312,-1738,532,4269,-135,353,747
83.54905,144,1312,-1738,533,4276,-135,353,748
83.54955,144,1312,-1739,533,4286,-135,353,747
83.55005,143,1312,-1739,534,4298,-135,353,747
83.55055,144,1312,-1739,534,4300,-135,353,747
83.55105,144,1312,-1738,534,4301,-135,353,747
83.55155,144,1313,-1738,534,4303,-135,353,747
83.55205,144,1312,-1738,533,4302,-135,353,748
83.55255,144,1312,-1738,533,4306,-135,353,747
83.55305,143,1313,-1738,533,4315,-135,353,747
83.55355,144,1312,-1738,533,4313,-135,353,748
83.55405,143,1312,-1737,533,4312,-135,353,748
83.55465,144,1313,-1737,533,4316,-135,354,747
83.55515,144,1312,-1737,533,4324,-135,353,747
83.55565,143,1312,-1738,533,4354,-135,353,748
83.55615,143,1313,-1737,533,4353,-135,353,747
83.55665,143,1313,-1738,533,4346,-135,353,748
83.55715,143,1313,-1738,533,4314,-135,354,747
83.55765,143,1313,-1738,533,4287,-135,354,747
83.55815,143,1313,-1738,534,4280,-135,353,747
83.55865,144,1313,-1738,534,4284,-135,353,747
83.55915,144,1313,-1738,534,4289,-135,353,747
83.55965,143,1313,-1738,534,4297,-135,353,747
83.56015,143,1313,-1738,533,4300,-135,354,747
83.56065,144,1313,-1738,533,4304,-135,353,747
83.56115,143,1313,-1737,534,4309,-135,353,747
83.56165,143,1313,-1738,533,4312,-135,353,747
83.56215,144,1313,-1738,533,4312,-135,354,747
83.56265,144,1312,-1738,533,4313,-135,353,747
83.56315,144,1313,-1738,533,4312,-135,354,747
83.56365,144,1312,-1738,533,4311,-135,353,747
83.56415,144,1313,-1738,533,4311,-135,353,747
83.56465,144,1312,-1738,533,4310,-135,353,747
83.56515,144,1312,-1737,534,4323,-135,353,748
83.56565,145,1312,-1738,533,4357,-134,353,748
83.56615,144,1312,-1738,533,4361,-135,353,747
83.56665,144,1312,-1738,533,4353,-135,353,747
83.56715,145,1312,-1738,532,4321,-135,354,747
83.56765,145,1312,-1738,533,4292,-135,354,747
83.56815,145,1312,-1738,533,4286,-135,354,747
83.56865,145,1312,-1739,533,4292,-135,354,747
83.56915,145,1312,-1739,532,4298,-135,354,747
83.56965,145,1312,-1738,533,4306,-134,353,747
83.57015,145,1312,-1738,533,4313,-135,354,747
83.57065,145,1312,-1738,533,4316,-135,353,747
83.57115,144,1312,-1738,533,4318,-134,353,747
83.57165,145,1312,-1738,533,4319,-134,353,747
83.57215,144,1312,-1738,533,4320,-135,353,747
83.57265,145,1312,-1738,533,4321,-135,353,747
83.57315,144,1312,-1738,533,4321,-135,354,747
83.57365,144,1313,-1738,534,4321,-135,354,747
83.57415,143,1313,-1738,534,4321,-134,354,747
83.57465,143,1312,-1737,534,4317,-135,354,747
83.57515,142,1313,-1737,534,4328,-134,354,748
83.57565,143,1313,-1738,534,4361,-134,353,748
83.57615,143,1312,-1738,534,4365,-135,354,747
83.57665,143,1312,-1738,533,4355,-134,354,747
83.57715,143,1313,-1738,533,4317,-135,354,747
83.57765,143,1313,-1738,533,4290,-135,354,747
83.57815,143,1312,-1738,533,4288,-135,354,747
83.57865,143,1312,-1738,532,4297,-135,353,747
83.57915,144,1313,-1738,532,4304,-134,353,747
83.57965,143,1312,-1738,533,4311,-135,353,747
83.58015,144,1312,-1738,533,4313,-135,353,747
83.58065,143,1312,-1738,533,4313,-134,353,747
83.58115,144,1312,-1738,534,4313,-134,353,747
83.58165,144,1312,-1738,533,4314,-135,353,747
83.58215,144,1312,-1738,533,4315,-134,354,747
83.58265,144,1312,-1738,533,4316,-134,353,747
83.58315,144,1312,-1738,533,4318,-134,353,747
83.58365,144,1313,-1738,533,4317,-135,353,747
83.58415,144,1312,-1738,533,4316,-134,353,747
83.58465,145,1312,-1738,533,4318,-134,354,747
83.58515,145,1312,-1738,534,4340,-135,353,747
83.58565,145,1312,-1738,534,4370,-135,353,747
83.58615,145,1312,-1738,534,4366,-135,353,747
83.58665,145,1312,-1738,533,4357,-134,354,747
83.58715,144,1312,-1738,533,4327,-135,354,747
83.58765,144,1312,-1737,533,4304,-134,354,747
83.58815,144,1312,-1737,533,4299,-134,354,747
83.58865,145,1313,-1738,534,4307,-134,354,747
83.58915,144,1312,-1738,534,4314,-134,354,747
83.58965,145,1313,-1738,534,4321,-134,354,747
83.59015,144,1312,-1738,533,4327,-134,354,747
83.59065,145,1312,-1738,533,4329,-134,354,747
83.59115,145,1312,-1738,532,4329,-134,354,747
83.59165,144,1312,-1737,532,4328,-134,354,747
83.59215,144,1312,-1737,533,4326,-134,353,747
83.59265,143,1313,-1738,533,4329,-134,354,747
83.59315,143,1313,-1738,533,4332,-134,353,747
83.59365,143,1313,-1738,533,4332,-134,353,747
83.59415,143,1312,-1738,533,4331,-134,354,747
83.59465,142,1313,-1738,533,4327,-134,354,747
83.595146,143,1313,-1739,534,4346,-134,353,747
83.59565,142,1312,-1739,534,4372,-134,354,747
83.59615,142,1312,-1738,534,4368,-134,354,747
83.59665,143,1312,-1738,533,4355,-134,354,747
83.59715,143,1312,-1738,533,4319,-134,354,747
83.59765,143,1312,-1738,532,4296,-134,354,747
83.59815,143,1312,-1738,532,4297,-134,354,747
83.59865,143,1312,-1738,532,4306,-134,354,747
83.59915,143,1312,-1739,532,4314,-134,354,747
83.59965,143,1312,-1739,533,4320,-134,353,747
83.60015,143,1312,-1739,534,4321,-134,353,747
83.60065,143,1312,-1739,534,4326,-134,353,747
83.60115,143,1312,-1739,534,4331,-134,353,747
83.60165,143,1312,-1739,534,4334,-134,353,747
83.60215,143,1313,-1738,533,4335,-134,353,747
83.60265,143,1312,-1738,533,4337,-134,353,747
83.60315,143,1312,-1738,533,4338,-134,353,747
83.60365,143,1312,-1737,533,4339,-134,354,747
83.60415,143,1312,-1738,534,4341,-134,354,747
83.60465,143,1312,-1738,533,4341,-134,354,747
83.60515,143,1312,-1739,534,4366,-134,353,747
83.60565,143,1312,-1739,533,4392,-134,354,747
83.60615,143,1312,-1739,533,4388,-134,354,747
83.60665,144,1312,-1739,534,4378,-134,354,746
83.60715,144,1312,-1739,533,4347,-134,354,747
83.60765,144,1312,-1738,533,4330,-134,354,746
83.60815,144,1312,-1738,533,4321,-134,354,747
83.60865,144,1312,-1737,533,4329,-134,353,747
83.60915,144,1312,-1737,533,4332,-134,354,747
83.60965,144,1312,-1737,533,4335,-134,353,747
83.61015,144,1312,-1737,534,4339,-134,354,746
83.61065,144,1312,-1737,534,4343,-134,354,747
83.61115,144,1312,-1737,534,4348,-134,354,747
83.61165,144,1312,-1737,533,4344,-134,354,747
83.61215,144,1312,-1737,533,4341,-134,354,747
83.61265,145,1312,-1737,532,4341,-134,354,746
83.61315,144,1312,-1738,532,4340,-134,354,746
83.61365,144,1312,-1738,532,4344,-134,354,746
83.61415,144,1312,-1738,532,4345,-134,354,747
83.61465,144,1312,-1739,533,4339,-134,354,747
83.61515,144,1312,-1739,534,4360,-134,353,746
83.61565,144,1312,-1740,534,4381,-134,353,746
83.61625,144,1312,-1739,534,4381,-134,354,746
83.61675,144,1312,-1739,533,4369,-134,354,746
83.61725,143,1312,-1738,533,4332,-134,353,746
83.61775,143,1312,-1737,532,4316,-134,354,746
83.61825,142,1312,-1737,531,4317,-134,353,747
83.61875,142,1312,-1737,532,4324,-134,354,746
83.61925,142,1312,-1738,532,4325,-134,353,747
83.61975,142,1312,-1738,532,4337,-134,354,746
83.62025,143,1312,-1738,532,4338,-134,354,747
83.62075,143,1312,-1738,532,4343,-134,353,746
83.62125,143,1312,-1739,532,4343,-134,353,747
83.62175,143,1312,-1738,532,4347,-134,353,747
83.62225,143,1312,-1737,533,4345,-134,354,747
83.62275,143,1312,-1737,533,4345,-134,354,747
83.62325,144,1312,-1737,533,4345,-134,353,747
83.62375,143,1312,-1737,533,4344,-134,354,747
83.62425,144,1312,-1737,533,4343,-134,354,747
83.62475,143,1312,-1737,534,4345,-134,353,747
83.62525,143,1312,-1737,534,4379,-134,353,748
83.62575,143,1312,-1738,534,4397,-134,353,748
83.62625,144,1312,-1738,533,4396,-134,354,747
83.62675,143,1312,-1738,533,4383,-134,353,747
83.62725,143,1312,-1737,532,4344,-134,354,747
83.62775,143,1312,-1737,532,4324,-134,354,747
83.62825,143,1311,-1737,532,4322,-134,354,747
83.62875,144,1311,-1737,532,4329,-134,354,747
83.62925,144,1311,-1737,532,4335,-134,354,747
83.62975,144,1311,-1737,532,4341,-134,353,747
83.63025,144,1311,-1737,532,4345,-135,353,747
83.63075,144,1311,-1737,532,4347,-134,353,747
83.63125,144,1311,-1738,532,4347,-134,354,747
83.63175,144,1311,-1738,532,4345,-134,354,747
83.63225,144,1311,-1738,532,4345,-134,353,747
83.63275,144,1311,-1738,532,4349,-134,354,747
83.63325,144,1311,-1739,533,4352,-134,354,747
83.63375,144,1311,-1739,533,4353,-134,353,747
83.63425,144,1311,-1739,533,4353,-134,354,747
83.63475,144,1312,-1738,533,4353,-134,353,747
83.63525,144,1312,-1737,533,4386,-134,354,747
83.63575,143,1312,-1737,533,4397,-134,354,747
83.63625,143,1312,-1737,533,4392,-134,354,747
83.63675,143,1312,-1738,533,4373,-134,354,747
83.63725,143,1312,-1738,534,4336,-134,354,747
83.63775,143,1312,-1738,534,4325,-134,354,747
83.63825,143,1312,-1739,535,4330,-134,354,747
83.63875,143,1312,-1739,535,4339,-134,354,747
83.63925,143,1312,-1739,535,4348,-134,354,747
83.63975,143,1312,-1739,534,4350,-134,354,747
83.64025,143,1311,-1738,533,4350,-134,354,747
83.64075,143,1311,-1737,532,4353,-134,354,747
83.64125,144,1311,-1736,532,4354,-134,353,747
83.64175,143,1311,-1736,531,4353,-134,353,747
83.64225,143,1311,-1736,531,4352,-134,353,747
83.64275,143,1311,-1736,531,4351,-134,353,747
83.64325,144,1311,-1737,531,4351,-134,354,747
83.64375,144,1311,-1737,531,4351,-134,354,747
83.64425,144,1311,-1737,531,4349,-134,354,747
83.64475,143,1311,-1738,532,4352,-134,354,747
83.64525,144,1311,-1738,532,4386,-134,353,747
83.64575,144,1311,-1737,532,4391,-134,353,747
83.64625,144,1311,-1738,533,4382,-134,354,747
83.64675,143,1311,-1738,533,4361,-134,354,747
83.64725,143,1312,-1738,532,4326,-134,354,747
83.64775,144,1311,-1738,532,4315,-134,354,747
83.64825,144,1311,-1737,533,4314,-134,354,747
83.64875,143,1311,-1737,533,4320,-134,353,747
83.64925,144,1312,-1738,534,4328,-134,354,747
83.64975,143,1311,-1738,533,4331,-134,354,747
83.65025,143,1312,-1738,533,4335,-134,354,747
83.65075,143,1311,-1738,533,4340,-134,354,747
83.65125,144,1311,-1738,533,4341,-134,354,747
83.65175,143,1311,-1739,533,4341,-134,354,747
83.65225,144,1311,-1739,533,4342,-134,354,747
83.65275,143,1311,-1738,533,4343,-134,354,747
83.65325,143,1311,-1737,534,4343,-134,354,747
83.65375,143,1311,-1738,534,4344,-134,354,747
83.65425,143,1311,-1738,534,4343,-134,354,747
83.65475,144,1311,-1738,535,4349,-134,354,747
83.65525,143,1311,-1738,535,4385,-134,353,747
83.65575,144,1311,-1738,534,4390,-134,354,747
83.65625,143,1311,-1738,534,4385,-134,354,747
83.65675,144,1311,-1738,534,4362,-134,354,747
83.65725,144,1311,-1738,534,4326,-134,354,747
83.65775,144,1311,-1737,533,4317,-135,354,747
83.65825,144,1311,-1738,532,4319,-134,353,747
83.65875,144,1311,-1738,532,4325,-134,354,747
83.65925,144,1311,-1738,532,4333,-134,353,747
83.65975,144,1311,-1737,532,4337,-134,354,747
83.66025,144,1311,-1737,533,4339,-134,353,747
83.66075,144,1311,-1737,533,4339,-134,354,747
83.66125,144,1311,-1738,533,4338,-134,354,747
83.66175,143,1311,-1738,533,4337,-134,354,747
83.66225,144,1311,-1737,533,4337,-134,354,747
83.66275,144,1311,-1737,533,4336,-134,354,747
83.66325,144,1311,-1737,532,4335,-134,354,747
83.66375,143,1311,-1738,532,4333,-134,354,747
83.66425,143,1312,-1739,532,4333,-134,353,747
83.66475,144,1312,-1739,532,4344,-134,353,747
83.66525,144,1311,-1740,532,4382,-134,353,747
83.66575,144,1311,-1739,532,4385,-134,353,747
83.66625,144,1311,-1740,533,4379,-134,354,747
83.66675,144,1311,-1740,533,4357,-134,354,747
83.66725,144,1311,-1740,533,4328,-134,354,747
83.66775,144,1311,-1738,533,4322,-134,354,747
83.66825,144,1311,-1735,533,4321,-135,353,747
83.66875,144,1311,-1734,532,4330,-134,353,747
83.66925,144,1311,-1735,532,4338,-134,354,747
83.66975,143,1311,-1736,531,4343,-134,353,747
83.67025,143,1312,-1737,532,4348,-135,354,748
83.67075,143,1312,-1738,532,4352,-134,354,747
83.67125,143,1311,-1738,533,4357,-135,354,747
83.67175,143,1312,-1738,534,4351,-134,354,747
83.67225,143,1311,-1738,535,4351,-135,354,747
83.67275,144,1311,-1739,535,4356,-134,354,747
83.67325,143,1312,-1738,535,4357,-135,354,747
83.67375,144,1311,-1738,535,4356,-134,354,747
83.67425,143,1311,-1738,535,4355,-134,354,747
83.67475,144,1311,-1738,535,4363,-135,353,748
83.67525,144,1311,-1738,536,4395,-135,353,747
83.67575,143,1312,-1738,535,4397,-135,354,747
83.67625,144,1311,-1738,535,4386,-134,354,747
83.67675,143,1312,-1738,532,4354,-135,354,747
83.67725,143,1312,-1737,531,4322,-135,354,747
83.67775,143,1312,-1736,530,4317,-134,353,747
83.67825,143,1312,-1736,531,4319,-134,353,747
83.67885,143,1312,-1737,532,4327,-135,353,747
83.67935,143,1312,-1737,533,4336,-135,354,748
83.67985,143,1312,-1737,533,4339,-135,354,747
83.68035,143,1312,-1737,533,4345,-135,354,747
83.68085,144,1312,-1738,533,4346,-135,353,747
83.68135,144,1311,-1737,533,4347,-135,354,747
83.68185,144,1312,-1737,533,4348,-135,354,748
83.68235,144,1311,-1737,533,4350,-134,354,748
83.68285,144,1311,-1737,533,4356,-135,354,747
83.68335,144,1311,-1738,533,4357,-134,354,748
83.68385,144,1311,-1738,532,4352,-134,354,747
83.68435,144,1311,-1738,532,4354,-135,354,748
83.68485,144,1312,-1737,532,4363,-134,353,748
83.68535,144,1311,-1737,531,4402,-134,353,748
83.68585,144,1311,-1738,531,4403,-134,353,748
83.68635,144,1311,-1737,532,4395,-135,353,748
83.68685,144,1311,-1738,533,4370,-135,354,747
83.68735,143,1311,-1738,534,4340,-134,354,747
83.68785,144,1311,-1738,534,4331,-135,354,747
83.68835,144,1311,-1738,535,4332,-134,354,747
83.68885,144,1311,-1739,536,4337,-134,354,747
83.68935,144,1311,-1738,537,4349,-134,354,747
83.68985,144,1311,-1738,538,4355,-135,354,747
83.69035,144,1311,-1738,539,4359,-135,354,748
83.69085,144,1311,-1739,540,4363,-135,354,747
83.69135,144,1311,-1739,540,4367,-135,354,747
83.69185,144,1311,-1740,540,4362,-135,354,747
83.69235,144,1311,-1739,538,4360,-135,354,747
83.69285,144,1311,-1739,535,4359,-135,353,748
83.69335,143,1311,-1739,533,4359,-135,353,747
83.69385,143,1311,-1739,530,4362,-135,353,747
83.69435,144,1311,-1738,530,4357,-135,354,748
83.69485,144,1311,-1737,531,4367,-135,353,748
83.69535,144,1311,-1737,531,4404,-135,354,747
83.69585,144,1312,-1736,529,4402,-135,353,748
83.69635,144,1311,-1735,528,4389,-135,353,748
83.69685,144,1311,-1735,528,4361,-135,354,747
83.69735,144,1311,-1735,529,4330,-135,354,748
83.69785,143,1311,-1736,530,4321,-135,354,748
83.69835,143,1311,-1736,531,4329,-135,353,748
83.69885,143,1311,-1736,532,4339,-135,353,748
83.69935,144,1311,-1736,532,4347,-135,354,748
83.69985,144,1311,-1736,532,4352,-135,353,748
83.70035,144,1311,-1736,532,4355,-135,353,748
83.70085,144,1311,-1737,533,4356,-135,354,748
83.70135,144,1311,-1737,533,4356,-135,354,748
83.70185,144,1311,-1737,533,4357,-135,354,748
83.70235,144,1311,-1737,533,4357,-135,354,747
83.70285,144,1311,-1737,532,4357,-135,354,748
83.70335,144,1311,-1737,532,4352,-135,354,748
83.70385,144,1311,-1737,532,4353,-135,354,748
83.70435,144,1311,-1737,532,4356,-135,354,748
83.70485,144,1311,-1738,533,4375,-134,353,748
83.70535,144,1311,-1738,533,4409,-135,353,748
83.70585,144,1311,-1738,532,4406,-135,353,748
83.70635,144,1311,-1737,532,4397,-135,354,748
83.70685,144,1311,-1737,532,4368,-135,354,748
83.70735,144,1311,-1737,532,4341,-135,354,748
83.70785,145,1311,-1737,532,4335,-135,353,747
83.70835,144,1311,-1737,532,4333,-135,353,747
83.70885,145,1311,-1737,532,4336,-135,354,748
83.70935,145,1311,-1737,533,4341,-135,353,747
83.70985,145,1311,-1738,533,4349,-135,354,747
83.71035,145,1310,-1738,533,4350,-135,353,747
83.71085,145,1311,-1738,533,4350,-135,354,747
83.71135,145,1311,-1738,532,4348,-135,354,747
83.71185,146,1311,-1738,533,4345,-135,354,747
83.71235,145,1311,-1738,533,4347,-135,354,747
83.71285,145,1311,-1737,532,4349,-135,354,747
83.71335,145,1311,-1738,532,4348,-135,354,747
83.71385,145,1311,-1737,532,4347,-135,354,748
83.71435,145,1311,-1737,532,4345,-135,354,748
83.71485,145,1311,-1736,533,4365,-135,353,748
83.71535,145,1311,-1736,533,4395,-135,353,748
83.71585,145,1311,-1736,533,4389,-135,354,748
83.71635,145,1311,-1737,533,4381,-135,354,748
83.71685,145,1311,-1737,533,4348,-135,354,747
83.71735,145,1311,-1737,533,4318,-135,354,748
83.71785,144,1310,-1737,533,4311,-135,354,748
83.71835,144,1311,-1737,533,4319,-135,354,748
83.71885,143,1311,-1737,532,4331,-135,354,748
83.71935,143,1311,-1737,532,4337,-135,354,748
83.71985,143,1311,-1738,532,4338,-135,354,748
83.72035,143,1311,-1738,532,4339,-135,354,748
83.72085,143,1311,-1738,532,4343,-135,354,748
83.72135,144,1310,-1737,532,4345,-135,353,747
83.72185,144,1311,-1737,532,4344,-135,354,747
83.72235,145,1311,-1737,532,4340,-135,354,748
83.72285,145,1310,-1737,532,4339,-135,353,747
83.72335,145,1311,-1737,533,4344,-135,353,748
83.72385,145,1311,-1738,533,4340,-135,354,748
83.72435,146,1311,-1738,533,4342,-135,354,747
83.72485,145,1311,-1737,533,4363,-135,353,748
83.72535,145,1311,-1737,533,4384,-135,353,748
83.72585,145,1311,-1737,533,4380,-135,353,748
83.72635,145,1311,-1737,532,4370,-135,354,748
83.72685,144,1311,-1737,531,4337,-135,354,747
83.72735,144,1311,-1737,532,4311,-135,354,747
83.72785,144,1311,-1737,532,4304,-135,353,747
83.72835,144,1311,-1737,533,4304,-135,354,747
83.72885,145,1311,-1737,532,4307,-135,353,748
83.72935,145,1311,-1737,533,4316,-135,354,748
83.72985,145,1311,-1737,533,4323,-135,354,748
83.73035,145,1311,-1737,533,4326,-135,354,747
83.73085,144,1311,-1738,533,4328,-135,354,747
83.73135,144,1311,-1738,534,4324,-135,354,748
83.73185,144,1311,-1739,533,4322,-135,354,748
83.73235,143,1311,-1739,532,4327,-135,353,748
83.73285,143,1311,-1739,532,4328,-135,354,748
83.73335,143,1311,-1738,532,4327,-135,353,748
83.73385,143,1311,-1738,532,4327,-135,354,748
83.73435,143,1311,-1738,532,4325,-135,354,748
83.73485,142,1311,-1739,533,4349,-135,353,748
83.73535,142,1311,-1738,532,4372,-135,354,748
83.73585,143,1311,-1738,532,4365,-135,354,748
83.73635,143,1311,-1737,532,4354,-135,354,748
83.73685,143,1311,-1737,532,4320,-135,354,747
83.73735,144,1311,-1737,533,4295,-135,353,747
83.73785,144,1311,-1737,533,4288,-135,354,748
83.73835,143,1311,-1737,534,4293,-135,353,748
83.73885,144,1310,-1737,533,4305,-135,354,748
83.73935,143,1311,-1737,533,4315,-135,354,748
83.73985,144,1311,-1737,532,4318,-135,353,748
83.74035,144,1311,-1737,533,4319,-135,354,747
83.74085,144,1310,-1737,533,4319,-135,353,748
83.74145,144,1311,-1738,533,4314,-135,353,747
83.74195,144,1310,-1738,533,4315,-135,353,747
83.74245,144,1311,-1739,533,4311,-135,353,747
83.74295,144,1311,-1739,534,4309,-135,353,747
83.74345,144,1311,-1739,533,4307,-135,354,747
83.74395,144,1310,-1739,533,4305,-135,353,748
83.74445,144,1310,-1739,533,4307,-135,354,747
83.74495,144,1310,-1738,534,4341,-135,353,748
83.74545,144,1311,-1738,534,4357,-135,353,748
83.74595,144,1310,-1737,534,4352,-135,353,747
83.74645,144,1311,-1737,533,4338,-135,354,747
83.74695,143,1311,-1737,532,4297,-136,354,747
83.74745,143,1311,-1737,531,4275,-135,354,747
83.74795,144,1311,-1736,530,4274,-135,354,747
83.74845,144,1311,-1736,530,4273,-135,354,747
83.74895,144,1311,-1736,531,4278,-136,354,747
83.74945,144,1311,-1736,532,4286,-135,354,747
83.74995,144,1311,-1736,532,4289,-135,354,747
83.75045,144,1311,-1737,533,4294,-135,354,747
83.75095,144,1311,-1738,533,4296,-135,353,747
83.75145,144,1311,-1738,533,4293,-135,354,747
83.75195,144,1311,-1738,533,4291,-135,353,747
83.75245,144,1312,-1737,533,4294,-135,354,747
83.75295,144,1311,-1737,533,4296,-135,353,747
83.75345,144,1311,-1737,533,4295,-135,353,747
83.75395,144,1311,-1737,533,4295,-136,353,747
83.75445,144,1311,-1737,533,4294,-135,354,747
83.75495,144,1310,-1737,534,4325,-135,353,747
83.75545,145,1311,-1738,533,4341,-135,353,747
83.75595,145,1310,-1737,533,4334,-136,354,747
83.75645,145,1311,-1738,534,4321,-135,353,747
83.75695,145,1310,-1738,533,4284,-135,354,747
83.75745,144,1310,-1738,534,4264,-136,354,747
83.75795,144,1310,-1739,534,4263,-135,354,747
83.75845,145,1310,-1740,535,4266,-135,354,747
83.75895,145,1310,-1741,536,4275,-136,354,747
83.75945,145,1310,-1741,535,4281,-135,354,747
83.75995,144,1310,-1741,535,4284,-135,354,747
83.76045,145,1310,-1740,533,4287,-135,353,747
83.76095,144,1310,-1739,533,4287,-135,353,747
83.76145,145,1310,-1738,532,4286,-135,354,747
83.76195,144,1311,-1736,531,4286,-135,353,747
83.76245,145,1310,-1735,532,4287,-136,353,747
83.76295,144,1310,-1734,533,4286,-135,353,747
83.76345,145,1310,-1735,533,4286,-135,353,747
83.76395,144,1311,-1736,533,4284,-135,353,747
83.76445,144,1310,-1735,532,4285,-135,353,747
83.76495,144,1311,-1735,532,4321,-135,353,747
83.76545,144,1311,-1736,531,4333,-135,353,747
83.76595,144,1310,-1736,531,4326,-135,353,747
83.76645,144,1311,-1736,532,4310,-135,354,747
83.76695,144,1311,-1736,533,4276,-135,354,746
83.76745,144,1311,-1737,533,4264,-135,354,747
83.76795,144,1311,-1738,534,4270,-135,354,747
83.76845,144,1311,-1738,534,4271,-135,354,747
83.76895,144,1311,-1738,533,4272,-135,354,747
83.76945,144,1311,-1739,532,4278,-135,354,747
83.76995,144,1311,-1738,531,4283,-136,353,747
83.77045,144,1311,-1737,530,4286,-136,353,747
83.77095,145,1311,-1736,531,4291,-136,353,747
83.77145,144,1310,-1736,531,4294,-136,353,747
83.77195,145,1311,-1736,531,4295,-136,353,747
83.77245,144,1311,-1737,531,4295,-135,353,747
83.77295,145,1311,-1736,531,4294,-135,353,747
83.77345,144,1311,-1737,531,4294,-135,353,747
83.77395,144,1310,-1737,532,4293,-135,353,747
83.77445,144,1311,-1737,532,4294,-135,353,747
83.77495,144,1310,-1737,532,4328,-135,353,747
83.77545,144,1311,-1737,532,4332,-135,353,747
83.77595,144,1311,-1737,532,4324,-135,353,747
83.77645,144,1310,-1737,532,4304,-136,354,747
83.77695,145,1311,-1737,531,4269,-136,354,747
83.77745,145,1311,-1737,532,4254,-135,354,747
83.77795,144,1311,-1737,532,4255,-135,354,747
83.77845,145,1310,-1737,532,4262,-135,354,748
83.77895,145,1311,-1737,532,4271,-135,354,747
83.77945,145,1310,-1737,532,4282,-135,353,747
83.77995,145,1311,-1738,533,4282,-136,353,747
83.78045,145,1311,-1739,533,4283,-135,353,747
83.78095,145,1311,-1739,533,4283,-135,353,747
83.78145,145,1311,-1739,533,4284,-135,353,747
83.78195,145,1311,-1738,533,4285,-135,353,747
83.78245,145,1311,-1738,533,4286,-135,353,747
83.78295,145,1311,-1738,533,4286,-135,353,747
83.78345,145,1311,-1737,533,4283,-135,353,747
83.78395,145,1311,-1737,533,4283,-135,353,747
83.78445,144,1311,-1737,533,4292,-135,353,747
83.78495,144,1311,-1737,534,4331,-135,353,748
83.785446,144,1311,-1737,533,4337,-135,354,747
83.78595,144,1311,-1738,533,4333,-135,354,747
83.78645,144,1311,-1738,532,4308,-135,353,747
83.78695,145,1311,-1737,531,4273,-135,354,747
83.78745,145,1311,-1737,531,4264,-135,353,747
83.78795,145,1311,-1737,531,4267,-136,353,747
83.78845,145,1311,-1736,531,4270,-135,354,747
83.78895,145,1311,-1736,531,4276,-135,353,747
83.78945,145,1310,-1736,531,4282,-135,353,747
83.78995,145,1311,-1737,532,4285,-135,353,747
83.79045,145,1310,-1737,532,4289,-135,353,747
83.79095,145,1311,-1738,532,4291,-135,353,747
83.79145,144,1311,-1738,532,4287,-135,353,747
83.79195,144,1311,-1739,532,4286,-135,353,747
83.79245,144,1311,-1739,533,4289,-135,353,747
83.79295,143,1311,-1739,533,4289,-135,353,748
83.79345,144,1311,-1739,533,4290,-135,353,747
83.79395,144,1311,-1739,533,4292,-136,354,747
83.79445,144,1311,-1739,533,4294,-135,354,747
83.79495,144,1311,-1738,533,4327,-135,353,747
83.79545,144,1311,-1739,532,4329,-135,354,747
83.79595,145,1311,-1738,532,4319,-136,353,747
83.79645,144,1311,-1737,532,4296,-135,353,747
83.79695,145,1311,-1737,532,4261,-136,353,747
83.79745,145,1311,-1736,532,4249,-136,354,747
83.79795,144,1311,-1736,533,4252,-135,353,747
83.79845,144,1311,-1736,534,4257,-135,353,747
83.79895,145,1310,-1737,533,4265,-135,353,747
83.79945,145,1311,-1737,533,4274,-135,353,747
83.79995,145,1310,-1737,534,4279,-136,353,747
83.80045,145,1311,-1737,534,4284,-135,353,747
83.80095,145,1311,-1738,534,4286,-136,353,747
83.80145,145,1311,-1737,533,4287,-136,353,747
83.80195,145,1310,-1737,533,4288,-136,354,747
83.80245,145,1311,-1738,532,4288,-135,353,747
83.80295,145,1311,-1737,531,4288,-136,353,747
83.80345,145,1311,-1737,530,4289,-136,353,747
83.80405,145,1311,-1737,530,4287,-135,353,747
83.80455,145,1310,-1737,530,4295,-135,353,747
83.80505,145,1311,-1737,531,4335,-135,353,748
83.80555,145,1311,-1737,531,4337,-135,353,747
83.80605,145,1311,-1737,531,4331,-135,353,747
83.80655,145,1311,-1737,531,4302,-135,353,747
83.80705,145,1311,-1737,532,4268,-136,353,747
83.80755,145,1311,-1737,533,4261,-136,354,747
83.80805,145,1311,-1737,533,4262,-136,354,747
83.80855,144,1311,-1737,533,4266,-136,353,747
83.80905,145,1311,-1737,533,4267,-135,354,747
83.80955,145,1311,-1738,533,4272,-136,353,747
83.81005,145,1311,-1738,533,4275,-135,353,747
83.81055,145,1311,-1739,533,4277,-135,353,747
83.81105,145,1311,-1739,532,4282,-136,353,747
83.81155,144,1311,-1738,532,4283,-136,353,747
83.81205,144,1311,-1737,531,4282,-135,353,747
83.81255,144,1311,-1737,531,4281,-136,353,747
83.81305,144,1311,-1737,531,4280,-136,353,747
83.81355,144,1311,-1737,532,4278,-135,353,747
83.81405,144,1311,-1737,532,4276,-136,353,747
83.81455,144,1311,-1737,533,4286,-135,353,747
83.81505,145,1311,-1737,533,4320,-136,353,747
83.81555,144,1311,-1737,533,4318,-136,353,747
83.81605,144,1311,-1737,533,4308,-136,353,747
83.81655,144,1311,-1737,532,4281,-135,353,747
83.81705,144,1311,-1738,532,4250,-135,354,747
83.81755,144,1311,-1738,533,4241,-135,353,747
83.81805,145,1311,-1737,532,4244,-136,353,747
83.81855,145,1311,-1737,532,4251,-136,353,747
83.81905,145,1311,-1738,531,4262,-136,353,747
83.81955,145,1311,-1737,532,4269,-136,353,747
83.82005,145,1311,-1738,531,4273,-136,353,747
83.82055,146,1311,-1738,532,4275,-136,353,747
83.82105,146,1310,-1739,531,4277,-135,353,747
83.82155,146,1311,-1739,532,4279,-135,353,746
83.82205,146,1310,-1739,532,4280,-136,353,747
83.82255,146,1310,-1738,531,4285,-136,353,747
83.82305,146,1310,-1738,531,4279,-136,353,747
83.82355,145,1311,-1738,531,4275,-136,353,747
83.82405,145,1311,-1737,531,4275,-135,353,747
83.82455,145,1311,-1735,532,4289,-136,353,747
83.82505,145,1310,-1736,532,4324,-136,352,747
83.82555,145,1311,-1737,532,4321,-135,353,747
83.82605,145,1311,-1737,532,4311,-136,353,747
83.82655,145,1310,-1738,532,4284,-136,353,747
83.82705,145,1311,-1738,532,4255,-136,353,747
83.82755,146,1310,-1737,533,4249,-136,353,747
83.82805,145,1310,-1737,532,4250,-136,353,747
83.82855,145,1310,-1737,532,4251,-135,353,747
83.82905,145,1310,-1737,532,4259,-136,353,747
83.82955,145,1310,-1737,532,4261,-136,353,747
83.83005,145,1311,-1737,531,4262,-136,353,747
83.83055,145,1311,-1737,532,4266,-136,353,747
83.83105,144,1311,-1738,531,4265,-136,353,747
83.83155,144,1311,-1739,531,4261,-136,353,747
83.83205,144,1310,-1740,531,4264,-136,353,747
83.83255,144,1310,-1740,532,4268,-136,353,747
83.83305,144,1311,-1741,532,4268,-136,353,747
83.83355,144,1310,-1741,532,4269,-136,353,747
83.83405,144,1310,-1739,532,4269,-136,353,747
83.83455,145,1310,-1737,532,4283,-136,353,747
83.83505,145,1310,-1734,532,4316,-136,352,747
83.83555,145,1311,-1735,532,4312,-136,353,747
83.83605,145,1311,-1735,532,4302,-136,353,747
83.83655,144,1311,-1736,533,4274,-136,353,747
83.83705,144,1311,-1737,533,4245,-136,353,747
83.83755,144,1311,-1737,532,4237,-136,353,747
83.83805,144,1311,-1737,532,4241,-136,354,747
83.83855,143,1310,-1737,532,4247,-136,354,747
83.83905,144,1310,-1737,532,4258,-136,353,747
83.83955,144,1310,-1738,532,4262,-136,353,747
83.84005,144,1310,-1738,532,4266,-136,353,747
83.84055,144,1310,-1738,531,4269,-136,353,746
83.84105,144,1310,-1737,532,4270,-136,353,747
83.84155,145,1310,-1737,532,4272,-136,353,746
83.84205,145,1310,-1737,532,4268,-137,353,747
83.84255,145,1310,-1737,533,4269,-136,353,747
83.84305,145,1310,-1737,533,4265,-136,353,747
83.84355,145,1311,-1738,534,4263,-136,353,747
83.84405,145,1310,-1738,533,4261,-136,353,747
83.84455,145,1310,-1738,534,4278,-136,353,747
83.84505,145,1311,-1739,534,4310,-136,353,747
83.84555,145,1310,-1739,534,4305,-136,353,747
83.84605,145,1310,-1739,534,4294,-136,354,747
83.84655,145,1310,-1739,535,4263,-137,354,747
83.84705,145,1310,-1738,534,4237,-137,354,747
83.84755,145,1310,-1738,534,4232,-136,353,747
83.84805,146,1309,-1738,534,4235,-136,353,747
83.84855,146,1309,-1739,534,4239,-136,353,747
83.84905,146,1310,-1739,535,4242,-136,353,747
83.84955,145,1310,-1740,535,4248,-137,353,747
83.85005,145,1310,-1739,535,4251,-136,353,747
83.85055,145,1310,-1739,535,4255,-136,353,747
83.85105,145,1310,-1737,533,4258,-137,353,747
83.85155,145,1310,-1735,532,4259,-137,352,747
83.85205,144,1310,-1735,530,4260,-137,352,747
83.85255,144,1310,-1735,529,4259,-137,353,747
83.85305,144,1310,-1736,529,4259,-136,353,747
83.85355,144,1310,-1737,530,4259,-136,353,747
83.85405,144,1310,-1737,531,4257,-137,353,746
83.85455,144,1310,-1737,532,4279,-137,353,747
83.85505,144,1310,-1737,532,4310,-137,353,747
83.85555,144,1310,-1737,532,4300,-137,353,747
83.85605,144,1311,-1738,532,4288,-137,353,747
83.85655,144,1311,-1738,532,4257,-137,353,747
83.85705,145,1311,-1737,532,4230,-136,353,747
83.85755,145,1310,-1737,533,4226,-137,353,747
83.85805,145,1310,-1737,532,4227,-137,353,747
83.85855,145,1310,-1737,533,4234,-137,353,747
83.85905,145,1310,-1737,533,4243,-137,353,747
83.85955,145,1310,-1737,534,4248,-137,353,747
83.86005,144,1310,-1737,534,4251,-137,353,747
83.86055,144,1310,-1738,535,4251,-137,353,747
83.86105,144,1310,-1739,536,4251,-137,353,747
83.86155,144,1310,-1739,536,4251,-137,353,747
83.86205,144,1310,-1739,536,4251,-137,353,747
83.86255,144,1310,-1738,536,4251,-137,353,747
83.86305,144,1311,-1737,535,4247,-137,353,747
83.86355,145,1310,-1737,535,4244,-137,353,747
83.86405,144,1310,-1738,535,4245,-137,353,747
83.86455,144,1310,-1737,535,4272,-136,353,747
83.86505,143,1310,-1737,532,4298,-136,353,747
83.86555,144,1310,-1737,530,4292,-137,353,747
83.86615,143,1310,-1737,530,4280,-137,353,747
83.86665,144,1310,-1737,531,4248,-137,353,746
83.86715,144,1310,-1738,532,4227,-137,353,746
83.86765,144,1310,-1739,533,4231,-137,353,747
83.86815,144,1310,-1738,534,4235,-137,353,747
83.86865,144,1310,-1738,533,4230,-137,353,746
83.86915,145,1310,-1737,532,4238,-137,353,747
83.86965,145,1310,-1738,532,4246,-137,353,746
83.87015,146,1310,-1737,532,4245,-137,353,747
83.87065,145,1310,-1737,532,4252,-137,353,746
83.87115,145,1310,-1737,532,4248,-137,353,747
83.87165,145,1310,-1737,531,4250,-137,353,746
83.87215,145,1310,-1737,529,4250,-137,353,747
83.87265,145,1310,-1737,529,4256,-137,353,747
83.87315,145,1310,-1738,529,4253,-137,353,747
83.87365,145,1310,-1738,530,4250,-137,353,747
83.87415,145,1310,-1739,530,4247,-137,353,746
83.87465,145,1310,-1739,531,4275,-137,353,747
83.87515,145,1310,-1740,531,4300,-137,353,747
83.87565,145,1310,-1739,532,4287,-137,353,747
83.87615,145,1310,-1739,532,4271,-137,353,747
83.87665,145,1310,-1738,532,4238,-137,353,746
83.87715,145,1310,-1737,532,4218,-137,353,746
83.87765,145,1310,-1735,532,4216,-137,353,746
83.87815,145,1310,-1735,532,4221,-137,353,746
83.87865,145,1310,-1736,532,4227,-137,353,747
83.87915,144,1310,-1736,533,4234,-137,353,747
83.87965,144,1310,-1738,533,4231,-137,353,747
83.88015,144,1310,-1737,533,4234,-137,353,747
83.88065,144,1310,-1737,533,4237,-137,353,747
83.88115,144,1310,-1738,533,4239,-137,353,747
83.88165,144,1310,-1738,533,4240,-137,353,747
83.88215,144,1310,-1738,534,4241,-137,353,747
83.88265,145,1310,-1738,534,4242,-137,353,747
83.88315,145,1310,-1738,534,4242,-137,353,747
83.88365,145,1310,-1738,534,4243,-137,353,747
83.88415,144,1310,-1738,534,4242,-138,353,747
83.88465,145,1310,-1738,534,4273,-137,352,747
83.88515,145,1310,-1738,534,4292,-137,353,747
83.88565,144,1310,-1738,533,4285,-137,353,747
83.88615,144,1310,-1737,532,4270,-137,353,746
83.88665,144,1310,-1737,530,4236,-137,353,747
83.88715,144,1310,-1736,529,4223,-137,353,746
83.88765,144,1310,-1736,529,4220,-137,353,747
83.88815,145,1310,-1736,530,4226,-137,352,747
83.88865,144,1310,-1736,531,4229,-138,353,747
83.88915,144,1310,-1737,532,4229,-137,353,747
83.88965,145,1310,-1738,532,4234,-138,353,747
83.89015,144,1310,-1738,533,4236,-137,353,747
83.89065,144,1310,-1738,533,4239,-137,353,747
83.89115,144,1310,-1738,533,4243,-137,353,747
83.89165,144,1310,-1738,531,4242,-137,353,747
83.89215,144,1310,-1737,531,4241,-137,353,747
83.89265,144,1310,-1737,531,4241,-137,353,747
83.89315,144,1310,-1737,531,4240,-137,352,747
83.89365,144,1310,-1737,531,4240,-137,353,746
83.89415,144,1310,-1737,532,4241,-137,353,747
83.89465,144,1310,-1738,533,4279,-137,352,747
83.89515,144,1310,-1738,532,4285,-137,353,747
83.89565,144,1310,-1737,532,4275,-137,352,747
83.89615,144,1310,-1737,531,4259,-137,353,747
83.89665,144,1310,-1737,530,4223,-137,353,746
83.89715,144,1310,-1737,530,4205,-138,353,746
83.89765,144,1310,-1737,531,4208,-137,353,746
83.89815,145,1310,-1736,531,4214,-138,353,747
83.89865,145,1310,-1737,532,4223,-137,353,746
83.89915,145,1310,-1737,531,4226,-138,353,747
83.89965,145,1310,-1737,532,4235,-138,353,747
83.90015,145,1310,-1737,532,4235,-138,353,747
83.90065,145,1310,-1737,532,4235,-138,353,746
83.90115,145,1310,-1737,533,4237,-138,353,747
83.90165,145,1309,-1737,533,4241,-138,353,747
83.90215,145,1309,-1738,533,4239,-138,353,747
83.90265,145,1310,-1737,532,4237,-138,353,746
83.90315,145,1310,-1738,532,4235,-138,352,746
83.90365,145,1310,-1738,532,4240,-138,352,747
83.90415,145,1310,-1738,532,4247,-138,352,747
83.90465,145,1309,-1738,532,4282,-138,352,747
83.90515,145,1310,-1738,531,4290,-138,352,747
83.90565,145,1310,-1737,532,4282,-138,352,747
83.90615,145,1310,-1738,532,4263,-138,353,747
83.90665,145,1310,-1738,531,4229,-138,353,747
83.90715,145,1310,-1738,532,4217,-138,353,747
83.907646,145,1310,-1737,532,4219,-138,353,747
83.90815,144,1310,-1737,532,4220,-138,353,747
83.90865,145,1310,-1737,533,4222,-138,353,747
83.90915,145,1310,-1738,533,4229,-138,353,747
83.90965,144,1310,-1737,534,4231,-137,353,747
83.91015,145,1310,-1737,534,4233,-138,353,747
83.91065,145,1310,-1737,534,4236,-138,353,747
83.91115,145,1310,-1737,535,4234,-138,353,747
83.91165,145,1310,-1738,535,4233,-138,353,747
83.91215,145,1310,-1738,536,4236,-138,353,747
83.91265,145,1310,-1738,535,4236,-138,353,747
83.91315,145,1310,-1738,534,4235,-139,353,747
83.91365,144,1310,-1738,533,4233,-138,353,747
83.91415,145,1310,-1737,532,4236,-138,353,747
83.91465,145,1309,-1737,531,4273,-138,352,747
83.91515,144,1310,-1737,531,4279,-138,353,747
83.91565,144,1310,-1737,531,4270,-138,353,747
83.91615,144,1310,-1737,531,4249,-138,353,747
83.91665,144,1310,-1737,531,4216,-138,353,747
83.91715,144,1310,-1737,532,4206,-138,353,747
83.91765,144,1310,-1737,533,4204,-138,353,747
83.91815,144,1310,-1736,533,4209,-138,353,747
83.91865,144,1309,-1737,533,4214,-138,353,747
83.91915,145,1310,-1737,531,4225,-138,352,747
83.91965,145,1310,-1737,530,4229,-138,352,747
83.92015,145,1310,-1737,530,4234,-138,352,747
83.92065,145,1310,-1737,531,4237,-138,352,747
83.92115,145,1310,-1737,532,4239,-139,353,747
83.92165,145,1310,-1737,533,4240,-138,353,747
83.92215,145,1309,-1737,533,4240,-138,353,747
83.92265,145,1310,-1737,533,4240,-138,353,747
83.92315,145,1310,-1738,533,4241,-138,353,747
83.92365,145,1310,-1738,534,4240,-139,353,747
83.92415,145,1310,-1738,534,4245,-138,353,747
83.92465,145,1310,-1738,534,4282,-138,352,747
83.92515,145,1309,-1738,532,4285,-138,352,747
83.92565,145,1310,-1738,531,4278,-139,353,747
83.92615,145,1310,-1738,530,4254,-138,353,747
83.92665,145,1310,-1738,531,4220,-139,353,747
83.92715,145,1310,-1737,532,4212,-139,353,747
83.92765,145,1310,-1737,533,4213,-138,353,747
83.92825,145,1310,-1737,534,4218,-139,353,747
83.92875,145,1309,-1738,534,4223,-139,353,747
83.92925,145,1310,-1738,534,4224,-138,353,747
83.92975,145,1310,-1738,533,4227,-139,352,747
83.93025,145,1309,-1738,532,4230,-139,353,747
83.93075,145,1310,-1737,532,4232,-138,352,747
83.93125,145,1309,-1737,532,4236,-139,353,747
83.93175,145,1309,-1736,531,4238,-138,353,747
83.93225,145,1310,-1736,531,4239,-139,353,747
83.93275,145,1309,-1736,531,4239,-138,353,747
83.93325,144,1310,-1736,532,4240,-138,353,747
83.93375,144,1310,-1736,532,4240,-138,352,747
83.93425,145,1310,-1736,532,4248,-138,352,747
83.93475,145,1310,-1736,532,4284,-138,352,747
83.93525,145,1310,-1737,531,4284,-138,352,747
83.93575,145,1310,-1737,531,4276,-139,352,747
83.93625,145,1310,-1737,531,4253,-139,353,747
83.93675,145,1310,-1738,532,4223,-139,353,747
83.93725,145,1310,-1738,532,4213,-139,353,747
83.93775,145,1310,-1739,533,4215,-139,353,747
83.93825,145,1310,-1738,532,4222,-139,352,747
83.93875,145,1310,-1737,531,4231,-139,352,747
83.93925,145,1310,-1737,531,4239,-139,352,747
83.93975,145,1310,-1737,532,4245,-139,352,747
83.94025,145,1310,-1737,533,4247,-139,353,747
83.94075,145,1310,-1737,533,4247,-139,353,747
83.94125,145,1310,-1737,533,4247,-139,353,747
83.94175,145,1310,-1737,532,4246,-139,353,747
83.94225,146,1310,-1738,531,4245,-139,352,747
83.94275,146,1310,-1737,530,4244,-139,352,747
83.94325,145,1310,-1737,530,4241,-138,352,747
83.94375,145,1310,-1737,530,4242,-139,353,747
83.94425,145,1310,-1737,531,4256,-139,352,747
83.94475,145,1310,-1737,532,4293,-138,352,747
83.94525,145,1310,-1737,531,4293,-139,352,747
83.94575,145,1310,-1737,531,4283,-139,352,747
83.94625,145,1310,-1737,530,4255,-139,353,747
83.94675,145,1310,-1737,531,4225,-139,353,747
83.94725,146,1310,-1737,531,4219,-139,353,747
83.94775,145,1309,-1737,532,4222,-139,352,747
83.94825,146,1310,-1738,531,4225,-139,352,747
83.94875,145,1310,-1738,532,4229,-139,352,747
83.94925,145,1310,-1738,532,4234,-139,352,747
83.94975,145,1310,-1738,532,4238,-139,352,747
83.95025,144,1310,-1738,532,4242,-139,352,747
83.95075,144,1311,-1737,531,4245,-139,352,747
83.95125,143,1310,-1736,531,4244,-139,352,747
83.95175,144,1311,-1736,531,4246,-139,352,747
83.95225,144,1310,-1736,531,4250,-139,352,747
83.95275,144,1310,-1737,530,4251,-139,352,747
83.95325,144,1310,-1736,531,4251,-139,352,747
83.95375,144,1310,-1736,531,4250,-139,352,747
83.95425,145,1310,-1737,531,4262,-139,352,747
83.95475,144,1310,-1737,532,4298,-139,352,747
83.95525,144,1310,-1738,531,4297,-139,352,747
83.95575,144,1310,-1738,532,4287,-139,353,747
83.95625,145,1310,-1738,531,4258,-139,353,747
83.95675,144,1310,-1737,532,4230,-139,353,747
83.95725,144,1310,-1737,532,4223,-139,353,747
83.95775,145,1310,-1738,531,4221,-139,353,747
83.95825,145,1310,-1738,532,4224,-139,352,747
83.95875,145,1310,-1737,532,4232,-139,353,747
83.95925,145,1310,-1737,532,4236,-139,353,747
83.95975,145,1310,-1736,532,4242,-139,352,747
83.96025,145,1310,-1736,531,4245,-139,352,747
83.96075,145,1310,-1736,531,4248,-139,352,747
83.96125,145,1310,-1736,531,4250,-139,352,747
83.96175,145,1310,-1736,531,4249,-139,352,747
83.96225,146,1310,-1736,530,4248,-139,352,747
83.96275,146,1310,-1736,531,4247,-139,352,747
83.96325,146,1310,-1737,531,4245,-139,353,747
83.96375,146,1310,-1737,531,4244,-139,353,747
83.96425,146,1310,-1737,532,4258,-139,352,747
83.96475,146,1310,-1737,532,4292,-139,352,747
83.96525,145,1310,-1737,532,4290,-139,352,747
83.96575,146,1310,-1737,532,4281,-139,352,747
83.96625,145,1310,-1738,532,4251,-139,353,747
83.96675,145,1310,-1738,532,4224,-139,352,747
83.96725,145,1310,-1738,532,4220,-139,353,747
83.96775,146,1311,-1738,533,4224,-139,353,747
83.96825,145,1310,-1738,533,4228,-139,353,747
83.96875,145,1310,-1737,533,4232,-139,353,747
83.96925,145,1310,-1737,532,4232,-139,353,747
83.96975,144,1310,-1737,531,4235,-139,353,747
83.97025,145,1310,-1737,530,4239,-139,352,747
83.97075,145,1311,-1737,530,4241,-139,353,747
83.97125,145,1310,-1737,530,4245,-139,352,747
83.97175,145,1310,-1738,530,4247,-139,353,747
83.97225,145,1310,-1737,530,4247,-139,352,747
83.97275,145,1311,-1737,530,4247,-139,352,748
83.97325,145,1310,-1737,531,4247,-139,352,747
83.97375,144,1311,-1737,530,4249,-139,352,747
83.97425,144,1311,-1738,531,4259,-139,352,747
83.97475,145,1310,-1738,531,4287,-139,352,747
83.97525,145,1310,-1738,531,4282,-139,353,747
83.97575,145,1310,-1738,532,4273,-139,353,747
83.97625,145,1310,-1738,531,4242,-139,353,746
83.97675,145,1310,-1738,531,4215,-139,354,747
83.97725,145,1310,-1738,532,4215,-139,354,747
83.97775,145,1310,-1737,532,4212,-139,354,747
83.97825,145,1310,-1737,532,4210,-139,354,747
83.97875,145,1310,-1737,532,4215,-139,354,747
83.97925,145,1310,-1736,532,4218,-139,354,747
83.97975,145,1310,-1737,532,4224,-139,354,747
83.98025,145,1310,-1736,531,4228,-139,354,747
83.98075,145,1310,-1737,531,4230,-139,354,747
83.98125,145,1310,-1736,531,4230,-139,353,747
83.98175,146,1310,-1737,532,4231,-139,353,747
83.98225,145,1310,-1737,532,4230,-139,353,747
83.98275,146,1310,-1738,532,4229,-139,352,747
83.98325,145,1310,-1737,532,4227,-140,352,747
83.98375,146,1310,-1738,532,4228,-139,352,747
83.98425,146,1310,-1738,532,4252,-139,352,747
83.98475,146,1310,-1737,532,4282,-139,351,747
83.98525,146,1310,-1737,532,4278,-139,352,747
83.98575,145,1310,-1737,532,4267,-139,352,747
83.98625,145,1310,-1737,531,4236,-139,352,747
83.98675,145,1311,-1736,531,4211,-139,352,747
83.98725,145,1310,-1736,532,4208,-139,352,747
83.98775,145,1310,-1735,531,4212,-139,352,747
83.98825,145,1310,-1736,531,4217,-139,352,747
83.98875,146,1310,-1737,532,4220,-140,352,747
83.98925,145,1310,-1737,532,4224,-139,352,747
83.98975,145,1310,-1737,532,4227,-139,352,747
83.99025,145,1310,-1737,532,4229,-139,352,747
83.99085,145,1311,-1737,533,4230,-139,352,747
83.99135,144,1311,-1738,533,4228,-139,352,747
83.99185,144,1311,-1738,532,4229,-139,352,747
83.99235,144,1311,-1738,533,4232,-139,352,747
83.99285,144,1310,-1738,533,4231,-139,352,747
83.99335,145,1310,-1738,533,4230,-139,352,747
83.99385,145,1310,-1738,532,4226,-139,352,747
83.99435,145,1310,-1737,532,4248,-139,352,747
83.99485,145,1310,-1737,531,4274,-139,352,747
83.99535,145,1311,-1736,531,4268,-139,352,747
83.99585,145,1310,-1736,530,4254,-140,352,747
83.99635,145,1310,-1736,530,4218,-139,352,747
83.99685,145,1311,-1736,531,4194,-140,352,747
83.99735,145,1310,-1736,531,4190,-139,352,747
83.99785,145,1311,-1737,531,4190,-139,352,747
83.99835,145,1310,-1737,531,4193,-139,352,747
83.99885,145,1310,-1737,531,4199,-140,352,747
83.99935,146,1310,-1737,532,4205,-139,352,747
83.99985,145,1311,-1737,531,4211,-139,352,747
84.00035,145,1310,-1737,532,4215,-140,352,747
84.00085,145,1310,-1737,531,4219,-140,352,747
84.00135,145,1310,-1737,532,4219,-140,352,747
84.00185,145,1310,-1737,531,4219,-140,352,747
84.00235,145,1310,-1737,532,4219,-139,352,747
84.00285,146,1310,-1737,531,4219,-140,352,747
84.00335,145,1310,-1737,532,4219,-139,352,747
84.00385,146,1310,-1737,532,4217,-139,352,747
84.00435,145,1310,-1737,532,4244,-139,352,747
84.00485,145,1310,-1737,531,4268,-140,352,747
84.00535,145,1310,-1737,532,4263,-139,352,747
84.00585,145,1310,-1737,531,4250,-139,352,747
84.00635,145,1310,-1737,531,4215,-139,353,747
84.00685,144,1311,-1737,532,4194,-139,353,747
84.00735,145,1310,-1737,532,4193,-139,352,747
84.00785,145,1310,-1737,532,4195,-139,353,747
84.00835,144,1310,-1737,532,4200,-139,352,747
84.00885,145,1310,-1737,532,4203,-139,352,747
84.00935,145,1311,-1737,532,4201,-139,352,747
84.00985,145,1310,-1737,532,4205,-139,352,747
84.01035,145,1310,-1737,531,4207,-139,352,747
84.01085,145,1310,-1737,532,4208,-139,352,747
84.01135,145,1310,-1737,532,4211,-139,353,747
84.01185,145,1310,-1737,531,4212,-140,353,747
84.01235,145,1311,-1737,532,4211,-139,352,747
84.01285,145,1310,-1737,531,4209,-140,352,747
84.01335,145,1310,-1737,531,4207,-140,353,747
84.01385,144,1310,-1737,532,4204,-140,352,747
84.01435,145,1310,-1737,532,4232,-140,352,747
84.01485,144,1310,-1737,531,4250,-140,352,747
84.01535,144,1310,-1737,531,4243,-139,352,747
84.01585,144,1310,-1737,531,4232,-140,352,747
84.01635,145,1310,-1737,531,4197,-139,352,747
84.01685,145,1310,-1737,532,4179,-140,353,747
84.01735,145,1310,-1737,532,4180,-140,352,746
84.01785,145,1310,-1737,532,4181,-140,353,747
84.01835,145,1310,-1737,532,4188,-140,352,747
84.01885,145,1310,-1737,532,4190,-140,353,747
84.01935,145,1310,-1737,532,4193,-140,352,747
84.01985,145,1310,-1737,532,4200,-139,352,746
84.02035,145,1310,-1737,532,4206,-140,352,747
84.02085,145,1310,-1737,532,4212,-139,352,747
84.02135,145,1310,-1736,532,4210,-139,352,747
84.02185,145,1310,-1736,532,4208,-140,352,747
84.02235,145,1310,-1737,532,4208,-140,353,747
84.02285,144,1310,-1737,532,4205,-140,352,747
84.02335,144,1310,-1737,532,4204,-140,352,747
84.02385,145,1310,-1737,532,4206,-140,352,747
84.02435,145,1310,-1737,532,4239,-140,352,747
84.02485,145,1310,-1737,532,4255,-140,352,747
84.02535,145,1310,-1737,531,4247,-140,352,746
84.02585,145,1311,-1737,531,4232,-139,352,747
84.02635,145,1311,-1738,531,4199,-140,353,746
84.02685,145,1311,-1737,532,4179,-140,353,746
84.02735,145,1310,-1737,532,4182,-140,353,747
84.02785,145,1310,-1737,531,4186,-140,352,746
84.02835,145,1311,-1737,532,4185,-140,352,747
84.02885,145,1310,-1737,532,4189,-140,353,746
84.02935,145,1310,-1737,532,4189,-140,353,746
84.02985,145,1311,-1737,532,4195,-140,353,747
84.03035,145,1310,-1737,532,4196,-140,353,747
84.03085,145,1310,-1737,532,4193,-140,352,747
84.03135,145,1310,-1737,532,4190,-140,352,747
84.03185,145,1310,-1737,531,4194,-140,352,747
84.03235,144,1310,-1737,531,4197,-140,352,747
84.03285,144,1310,-1737,531,4198,-140,353,747
84.03335,144,1310,-1737,531,4199,-140,353,747
84.03385,145,1310,-1737,532,4200,-140,352,747
84.03435,145,1310,-1737,532,4236,-140,352,748
84.03485,145,1310,-1737,532,4248,-139,352,747
84.03535,144,1310,-1737,531,4245,-140,352,747
84.03585,144,1310,-1737,532,4223,-140,353,747
84.03635,145,1310,-1737,531,4184,-140,353,747
84.03685,145,1309,-1737,532,4173,-140,353,747
84.03735,145,1309,-1737,532,4175,-140,353,747
84.03785,146,1310,-1737,532,4174,-140,353,747
84.03835,145,1309,-1737,532,4180,-140,353,747
84.03885,145,1310,-1737,531,4187,-140,352,747
84.03935,145,1310,-1737,531,4193,-140,352,747
84.03985,145,1310,-1736,531,4198,-140,352,747
84.04035,145,1310,-1737,531,4201,-140,352,747
84.04085,145,1310,-1737,531,4204,-140,352,747
84.04135,145,1310,-1737,531,4204,-140,352,747
84.04185,145,1310,-1737,532,4202,-140,353,747
84.04235,145,1310,-1737,532,4201,-140,353,747
84.04285,145,1310,-1736,532,4200,-140,354,747
84.04335,145,1310,-1737,532,4200,-140,354,747
84.04385,145,1310,-1736,532,4202,-140,354,747
84.04435,145,1310,-1736,532,4238,-140,353,747
84.04485,145,1310,-1737,531,4246,-140,354,747
84.04535,145,1309,-1736,531,4238,-140,354,747
84.04585,145,1310,-1737,531,4219,-140,354,747
84.04635,145,1310,-1737,531,4181,-140,354,747
84.04685,145,1310,-1737,532,4169,-140,354,747
84.04735,145,1310,-1737,532,4170,-140,354,747
84.04785,144,1310,-1737,532,4174,-140,353,747
84.04835,145,1310,-1737,532,4181,-140,353,747
84.04885,144,1311,-1737,531,4185,-140,353,747
84.04935,144,1310,-1737,532,4184,-140,352,747
84.04985,144,1310,-1737,532,4189,-140,352,747
84.05035,145,1310,-1737,532,4192,-140,351,747
84.05085,145,1310,-1736,532,4196,-141,351,747
84.05135,145,1310,-1737,532,4199,-140,351,747
84.05185,145,1310,-1736,531,4200,-140,351,747
84.05235,145,1310,-1736,532,4200,-140,352,747
84.05295,145,1310,-1736,532,4201,-140,351,747
84.05345,145,1310,-1736,532,4200,-140,352,747
84.05395,145,1310,-1736,532,4205,-141,352,747
84.05445,145,1310,-1737,531,4241,-140,351,747
84.05495,145,1311,-1737,531,4244,-140,352,747
84.05545,145,1310,-1737,531,4237,-140,352,747
84.05595,144,1311,-1737,531,4217,-140,352,747
84.05645,145,1310,-1737,531,4182,-140,352,747
84.05695,145,1310,-1737,532,4174,-140,352,747
84.05745,145,1310,-1737,531,4175,-141,352,747
84.05795,145,1311,-1737,531,4175,-141,352,747
84.05845,145,1310,-1737,531,4179,-141,352,747
84.05895,145,1310,-1737,531,4181,-141,352,747
84.05945,145,1310,-1737,532,4188,-141,352,747
84.05995,145,1310,-1737,531,4193,-141,352,747
84.06045,145,1310,-1737,532,4197,-141,352,747
84.06095,145,1310,-1737,531,4198,-141,352,747
84.06145,145,1311,-1737,532,4198,-141,352,747
84.06195,145,1310,-1736,531,4197,-141,353,747
84.06245,145,1310,-1736,532,4195,-141,352,747
84.06295,145,1311,-1737,532,4192,-141,353,747
84.06345,145,1310,-1737,532,4191,-141,352,747
84.06395,145,1310,-1738,532,4202,-141,352,747
84.06445,145,1310,-1738,532,4239,-141,352,747
84.06495,145,1310,-1737,532,4241,-141,352,746
84.06545,146,1310,-1737,532,4234,-141,353,747
84.06595,146,1311,-1736,531,4213,-141,353,747
84.06645,146,1310,-1737,532,4178,-141,353,747
84.06695,146,1311,-1737,532,4169,-141,352,747
84.06745,145,1310,-1736,532,4173,-141,352,747
84.06795,146,1310,-1737,532,4179,-141,352,747
84.06845,146,1310,-1736,532,4186,-141,352,747
84.06895,146,1310,-1737,533,4187,-141,352,747
84.06945,146,1310,-1737,532,4189,-141,352,747
84.06995,146,1310,-1737,531,4194,-141,352,747
84.07045,145,1311,-1737,531,4196,-141,352,747
84.07095,146,1310,-1737,531,4199,-141,351,747
84.07145,146,1310,-1737,531,4204,-141,352,747
84.07195,146,1310,-1737,531,4206,-141,352,747
84.07245,146,1310,-1737,532,4206,-141,352,747
84.07295,146,1310,-1737,531,4205,-142,352,746
84.07345,146,1310,-1737,531,4204,-142,352,747
84.07395,146,1310,-1737,532,4218,-141,352,747
84.07445,146,1310,-1737,532,4249,-141,352,747
84.07495,145,1310,-1737,532,4245,-142,352,747
84.07545,145,1311,-1736,531,4236,-141,352,747
84.07595,144,1311,-1736,531,4208,-142,352,747
84.07645,143,1311,-1736,531,4176,-141,352,747
84.07695,143,1311,-1736,532,4169,-141,352,747
84.07745,143,1311,-1736,532,4172,-141,352,747
84.07795,143,1311,-1736,531,4172,-141,352,747
84.07845,144,1311,-1736,532,4176,-141,352,747
84.07895,144,1311,-1737,531,4181,-141,352,747
84.07945,144,1311,-1737,532,4183,-141,352,747
84.07995,145,1311,-1737,532,4188,-141,352,747
84.08045,144,1310,-1737,532,4190,-141,352,746
84.08095,145,1311,-1737,532,4195,-141,352,747
84.08145,145,1310,-1736,531,4200,-142,352,747
84.08195,145,1311,-1737,531,4196,-142,352,747
84.08245,145,1311,-1737,531,4194,-141,352,747
84.08295,145,1311,-1736,531,4195,-142,352,747
84.08345,145,1310,-1737,531,4194,-142,352,747
84.08395,145,1310,-1736,532,4207,-141,352,747
84.08445,145,1310,-1737,532,4243,-141,351,748
84.08495,145,1310,-1737,532,4243,-142,352,747
84.08545,145,1310,-1737,532,4239,-142,352,747
84.08595,145,1311,-1737,531,4209,-141,352,747
84.08645,145,1310,-1736,532,4177,-142,352,747
84.08695,145,1311,-1737,532,4172,-142,352,747
84.08745,145,1310,-1736,532,4176,-142,352,747
84.08795,145,1311,-1736,532,4182,-142,352,747
84.08845,145,1310,-1737,532,4188,-141,352,747
84.08895,145,1310,-1737,531,4190,-142,352,747
84.08945,145,1311,-1736,532,4189,-141,352,747
84.08995,145,1311,-1736,531,4194,-142,352,747
84.09045,145,1311,-1736,531,4196,-142,352,747
84.09095,145,1310,-1736,531,4198,-142,352,747
84.09145,145,1310,-1737,531,4201,-141,352,747
84.09195,145,1310,-1737,532,4202,-142,352,747
84.09245,145,1310,-1737,532,4201,-142,352,747
84.09295,145,1310,-1737,532,4200,-142,353,747
84.09345,145,1310,-1737,532,4198,-142,352,747
84.09395,145,1311,-1736,533,4211,-142,352,747
84.09445,145,1310,-1736,532,4243,-142,352,747
84.09495,145,1310,-1736,532,4238,-142,352,747
84.09545,145,1310,-1737,532,4231,-142,352,747
84.09595,145,1311,-1736,531,4202,-142,353,747
84.09645,145,1311,-1737,531,4171,-142,352,747
84.09695,145,1311,-1736,532,4165,-142,352,747
84.09745,146,1310,-1737,531,4168,-142,352,747
84.097946,146,1310,-1737,531,4170,-142,352,746
84.09845,146,1310,-1737,531,4175,-142,352,747
84.09895,146,1311,-1737,531,4184,-142,352,747
84.09945,146,1310,-1737,532,4184,-142,352,747
84.09995,146,1311,-1737,532,4189,-142,352,747
84.10045,147,1311,-1737,532,4195,-142,352,747
84.10095,146,1311,-1737,531,4198,-142,352,747
84.10145,146,1311,-1738,532,4200,-142,352,747
84.10195,146,1311,-1738,532,4201,-142,352,747
84.10245,147,1311,-1738,532,4199,-142,352,747
84.10295,146,1311,-1738,532,4197,-142,352,747
84.10345,146,1311,-1737,533,4200,-142,352,747
84.10395,146,1311,-1737,533,4218,-142,352,747
84.10445,146,1310,-1736,532,4253,-142,352,747
84.10495,146,1311,-1735,532,4251,-142,352,747
84.10545,146,1311,-1736,532,4243,-142,352,747
84.10595,146,1311,-1736,531,4215,-142,352,747
84.10645,145,1311,-1736,532,4186,-142,352,747
84.10695,144,1311,-1736,532,4181,-142,352,747
84.10745,144,1312,-1737,532,4184,-142,352,747
84.10795,143,1311,-1736,532,4187,-142,352,747
84.10845,143,1311,-1736,531,4193,-142,353,747
84.10895,143,1311,-1736,530,4192,-142,352,747
84.10945,143,1311,-1736,530,4193,-142,352,747
84.10995,144,1311,-1737,531,4198,-142,352,747
84.11045,144,1311,-1736,531,4198,-142,352,747
84.11095,144,1311,-1737,531,4200,-142,353,747
84.11145,144,1311,-1736,532,4204,-142,353,747
84.11195,144,1311,-1737,532,4205,-142,353,747
84.11245,144,1311,-1736,532,4204,-142,353,747
84.11295,145,1311,-1737,532,4202,-142,353,747
84.11345,145,1311,-1736,532,4199,-142,353,747
84.11395,145,1311,-1737,532,4218,-142,353,747
84.11445,145,1311,-1737,532,4247,-142,353,747
84.11495,145,1311,-1737,532,4243,-142,353,747
84.11555,145,1311,-1737,531,4234,-143,354,747
84.11605,145,1311,-1737,531,4202,-142,353,746
84.11655,145,1311,-1737,532,4176,-143,353,747
84.11705,145,1311,-1737,531,4177,-142,353,747
84.11755,145,1311,-1737,531,4178,-142,353,747
84.11805,145,1311,-1737,531,4177,-143,353,746
84.11855,145,1311,-1737,531,4183,-142,352,747
84.11905,145,1311,-1736,531,4193,-142,352,747
84.11955,145,1311,-1736,531,4193,-142,352,746
84.12005,145,1311,-1737,531,4197,-143,351,747
84.12055,145,1311,-1736,531,4206,-142,351,747
84.12105,145,1311,-1737,532,4206,-142,352,747
84.12155,145,1311,-1737,532,4207,-142,351,747
84.12205,145,1311,-1736,532,4208,-142,351,746
84.12255,145,1311,-1736,532,4209,-142,351,747
84.12305,145,1311,-1736,532,4213,-142,351,747
84.12355,145,1311,-1736,532,4208,-142,351,747
84.12405,145,1311,-1736,533,4229,-142,351,747
84.12455,145,1311,-1736,533,4256,-142,351,747
84.12505,145,1311,-1737,533,4250,-142,351,747
84.12555,145,1311,-1737,533,4240,-143,352,747
84.12605,145,1311,-1737,532,4207,-142,352,747
84.12655,145,1311,-1737,533,4183,-143,352,746
84.12705,144,1311,-1737,533,4181,-142,352,747
84.12755,145,1311,-1736,532,4190,-143,352,746
84.12805,145,1311,-1735,531,4191,-142,351,747
84.12855,145,1311,-1736,530,4198,-143,351,747
84.12905,145,1311,-1735,530,4196,-142,351,746
84.12955,145,1311,-1735,530,4193,-143,352,747
84.13005,145,1310,-1736,531,4201,-143,352,746
84.13055,146,1310,-1737,531,4200,-142,352,747
84.13105,145,1310,-1737,532,4205,-142,352,747
84.13155,145,1310,-1737,532,4205,-143,353,747
84.13205,145,1310,-1737,532,4205,-142,352,747
84.13255,145,1310,-1737,532,4206,-142,353,746
84.13305,145,1311,-1737,532,4208,-142,353,746
84.13355,145,1310,-1738,533,4211,-142,352,746
84.13405,146,1311,-1738,534,4238,-142,352,747
84.13455,145,1310,-1738,533,4258,-143,352,747
84.13505,145,1311,-1737,532,4247,-142,352,747
84.13555,145,1311,-1737,532,4237,-143,352,746
84.13605,145,1311,-1736,532,4205,-143,352,746
84.13655,145,1311,-1736,532,4187,-143,352,746
84.13705,145,1311,-1735,531,4186,-142,352,747
84.13755,145,1310,-1736,531,4190,-142,353,747
84.13805,145,1311,-1736,530,4187,-143,352,746
84.13855,145,1310,-1736,531,4191,-142,352,746
84.13905,145,1310,-1737,531,4200,-142,352,747
84.13955,145,1311,-1737,532,4207,-143,352,746
84.14005,145,1311,-1737,531,4208,-142,352,746
84.14055,144,1311,-1737,532,4215,-142,352,747
84.14105,144,1311,-1737,532,4217,-143,352,747
84.14155,144,1311,-1737,532,4211,-142,352,747
84.14205,144,1311,-1737,532,4209,-142,352,747
84.14255,144,1311,-1736,531,4207,-143,352,746
84.14305,144,1311,-1736,531,4207,-142,353,746
84.14355,144,1310,-1736,531,4214,-142,352,746
84.14405,145,1311,-1736,532,4246,-142,352,747
84.14455,145,1311,-1736,532,4265,-142,352,746
84.14505,145,1310,-1736,532,4254,-143,352,747
84.14555,145,1311,-1736,532,4243,-143,353,747
84.14605,145,1311,-1736,531,4205,-143,353,746
84.14655,145,1311,-1736,532,4183,-142,352,746
84.14705,144,1311,-1736,531,4186,-143,352,746
84.14755,145,1311,-1737,531,4191,-143,351,747
84.14805,144,1311,-1737,531,4195,-143,351,746
84.14855,145,1311,-1736,531,4196,-142,351,746
84.14905,145,1311,-1737,531,4200,-143,351,746
84.14955,145,1311,-1737,531,4203,-143,351,747
84.15005,145,1311,-1736,531,4208,-142,351,746
84.15055,145,1311,-1736,531,4206,-143,351,746
84.15105,145,1311,-1736,531,4211,-142,351,746
84.15155,145,1311,-1736,531,4217,-142,351,747
84.15205,144,1311,-1736,531,4219,-143,351,747
84.15255,144,1311,-1736,531,4214,-142,351,747
84.15305,144,1311,-1736,531,4213,-142,351,747
84.15355,144,1311,-1736,531,4213,-142,351,746
84.15405,144,1311,-1736,532,4246,-143,351,747
84.15455,144,1310,-1736,532,4270,-143,351,746
84.15505,144,1310,-1736,531,4262,-143,351,746
84.15555,145,1310,-1736,531,4252,-143,351,746
84.15605,145,1310,-1736,531,4218,-143,352,746
84.15655,145,1310,-1736,531,4197,-143,352,746
84.15705,145,1310,-1736,532,4196,-143,353,746
84.15755,145,1310,-1736,532,4199,-142,352,746
84.15805,145,1310,-1736,532,4198,-142,353,747
84.15855,145,1310,-1737,532,4200,-142,353,746
84.15905,144,1311,-1737,532,4200,-142,353,746
84.15955,145,1311,-1737,532,4206,-143,353,746
84.16005,144,1311,-1737,533,4210,-143,353,746
84.16055,144,1311,-1737,533,4214,-143,353,746
84.16105,144,1311,-1737,533,4217,-143,353,746
84.16155,144,1311,-1736,532,4219,-142,353,747
84.16205,144,1311,-1736,532,4218,-143,353,746
84.16255,144,1311,-1737,532,4213,-142,353,746
84.16305,144,1311,-1736,531,4215,-143,352,746
84.16355,145,1311,-1737,531,4217,-142,352,746
84.16405,145,1310,-1736,531,4252,-143,352,747
84.16455,145,1310,-1737,531,4263,-142,353,746
84.16505,145,1310,-1736,531,4252,-143,352,746
84.16555,145,1310,-1737,531,4240,-143,353,746
84.16605,145,1310,-1736,531,4208,-143,353,746
84.16655,145,1310,-1736,532,4193,-142,353,746
84.16705,145,1311,-1736,532,4194,-143,353,746
84.16755,145,1310,-1736,532,4199,-142,352,747
84.16805,145,1310,-1736,532,4205,-142,353,746
84.16855,145,1311,-1736,532,4205,-142,353,746
84.16905,145,1311,-1737,532,4210,-142,353,746
84.16955,145,1311,-1737,532,4211,-142,353,746
84.17005,145,1310,-1736,532,4217,-142,353,746
84.17055,145,1310,-1737,533,4219,-142,353,746
84.17105,145,1310,-1737,533,4222,-142,353,746
84.17155,145,1310,-1737,533,4226,-143,353,746
84.17205,145,1310,-1737,534,4226,-143,353,747
84.17255,145,1310,-1737,534,4225,-142,353,747
84.17305,145,1310,-1737,533,4220,-142,353,747
84.17355,145,1311,-1737,533,4221,-142,352,747
84.17405,145,1310,-1737,533,4258,-142,352,747
84.17455,145,1311,-1737,532,4263,-142,352,747
84.17505,145,1311,-1737,531,4256,-142,353,747
84.17555,145,1311,-1737,531,4240,-142,353,747
84.17605,145,1311,-1737,530,4205,-143,353,747
84.17655,144,1311,-1737,530,4192,-142,353,747
84.17705,144,1311,-1737,530,4193,-142,352,747
84.17765,144,1311,-1737,530,4199,-142,352,747
84.17815,144,1311,-1737,531,4201,-142,352,747
84.17865,144,1310,-1736,532,4202,-142,352,746
84.17915,144,1310,-1736,532,4206,-143,353,746
84.17965,145,1310,-1736,532,4213,-142,352,746
84.18015,145,1311,-1736,532,4218,-142,353,746
84.18065,145,1310,-1737,532,4221,-142,352,747
84.18115,144,1310,-1736,532,4222,-143,353,746
84.18165,145,1310,-1736,532,4218,-142,353,747
84.18215,145,1311,-1736,531,4220,-143,353,747
84.18265,145,1310,-1736,530,4214,-142,353,746
84.18315,145,1310,-1735,530,4215,-142,353,747
84.18365,145,1310,-1735,530,4229,-142,353,746
84.18415,145,1310,-1735,531,4266,-142,353,747
84.18465,144,1310,-1736,531,4274,-142,354,747
84.18515,144,1311,-1736,531,4263,-142,354,747
84.18565,143,1311,-1736,531,4240,-143,354,746
84.18615,143,1311,-1736,531,4207,-142,354,747
84.18665,143,1311,-1736,531,4202,-142,354,747
84.18715,143,1310,-1736,531,4199,-142,353,747
84.18765,143,1311,-1736,531,4204,-142,354,747
84.18815,144,1310,-1736,531,4212,-142,353,747
84.18865,144,1310,-1736,531,4216,-142,354,746
84.18915,145,1310,-1737,531,4217,-142,353,747
84.18965,144,1310,-1736,531,4222,-142,353,746
84.19015,145,1311,-1736,531,4223,-142,353,746
84.19065,144,1310,-1736,531,4227,-142,352,746
84.19115,145,1311,-1736,531,4230,-142,352,746
84.19165,145,1310,-1736,531,4232,-142,351,746
84.19215,144,1310,-1737,531,4231,-142,352,746
84.19265,144,1310,-1737,531,4229,-143,352,746
84.19315,145,1310,-1736,531,4227,-143,352,746
84.19365,145,1310,-1737,532,4233,-142,352,746
84.19415,144,1310,-1737,532,4269,-143,352,747
84.19465,145,1310,-1737,531,4271,-142,352,746
84.19515,144,1310,-1737,532,4260,-143,352,746
84.19565,144,1310,-1738,531,4240,-142,353,746
84.19615,144,1311,-1738,532,4208,-142,353,746
84.19665,144,1310,-1738,532,4196,-142,353,747
84.19715,144,1311,-1737,533,4196,-142,352,747
84.19765,144,1311,-1736,533,4197,-142,352,747
84.19815,144,1310,-1736,533,4198,-142,352,746
84.19865,144,1310,-1736,533,4201,-142,352,746
84.19915,144,1311,-1736,533,4211,-142,352,747
84.19965,144,1310,-1736,533,4215,-142,352,747
84.20015,144,1311,-1735,533,4217,-142,352,746
84.20065,144,1311,-1736,532,4221,-142,352,746
84.20115,144,1310,-1736,532,4232,-143,352,746
84.20165,144,1311,-1736,531,4235,-142,352,746
84.20215,144,1310,-1736,531,4235,-142,352,746
84.20265,144,1310,-1736,531,4235,-142,352,746
84.20315,144,1311,-1736,531,4234,-142,352,747
84.20365,144,1310,-1737,532,4243,-142,352,747
84.20415,144,1310,-1737,532,4275,-142,351,747
84.20465,144,1310,-1736,532,4276,-142,352,747
84.20515,144,1310,-1736,531,4270,-142,352,746
84.20565,144,1310,-1736,530,4246,-142,352,746
84.20615,144,1311,-1736,531,4222,-142,352,746
84.20665,144,1310,-1736,531,4216,-142,352,746
84.20715,145,1311,-1736,531,4215,-142,352,746
84.20765,144,1310,-1737,532,4220,-142,353,746
84.20815,145,1310,-1737,532,4224,-142,352,746
84.20865,144,1311,-1738,531,4226,-142,352,747
84.20915,144,1310,-1737,531,4226,-142,353,746
84.20965,144,1311,-1737,531,4219,-142,352,747
84.21015,145,1310,-1736,530,4226,-142,352,747
84.21065,144,1310,-1736,530,4226,-142,352,746
84.21115,144,1310,-1736,531,4227,-142,352,746
84.21165,144,1310,-1736,531,4237,-142,352,747
84.21215,144,1310,-1737,532,4238,-142,352,747
84.21265,144,1310,-1737,532,4231,-142,353,746
84.21315,144,1310,-1737,533,4228,-142,353,746
84.21365,144,1311,-1737,533,4242,-142,352,747
84.21415,144,1310,-1737,533,4277,-141,352,747
84.21465,144,1310,-1736,531,4269,-142,352,747
84.21515,144,1311,-1735,531,4261,-142,352,747
84.21565,144,1310,-1734,531,4240,-142,352,746
84.21615,144,1310,-1734,531,4210,-142,352,746
84.21665,144,1309,-1735,531,4208,-142,352,746
84.21715,144,1309,-1736,532,4213,-142,352,746
84.21765,145,1310,-1736,531,4215,-142,352,747
84.21815,144,1310,-1737,531,4217,-142,352,746
84.21865,144,1310,-1737,531,4215,-142,352,746
84.21915,144,1310,-1737,531,4221,-142,352,747
84.21965,144,1310,-1737,531,4226,-142,352,747
84.220146,144,1310,-1737,532,4226,-142,352,746
84.22065,144,1310,-1737,532,4230,-142,353,747
84.22115,144,1310,-1737,533,4238,-142,353,746
84.22165,144,1310,-1737,533,4237,-142,352,747
84.22215,143,1311,-1737,533,4238,-142,352,746
84.22265,144,1311,-1737,533,4233,-142,352,746
84.22315,144,1310,-1737,533,4237,-142,353,747
84.22365,144,1310,-1738,534,4254,-142,352,746
84.22415,144,1310,-1738,534,4283,-142,352,747
84.22465,144,1310,-1737,534,4283,-142,353,746
84.22515,144,1310,-1737,533,4271,-142,352,747
84.22565,144,1310,-1737,532,4245,-142,352,746
84.22615,144,1310,-1737,530,4212,-142,353,746
84.22665,144,1310,-1737,530,4208,-142,353,746
84.22715,144,1310,-1737,530,4212,-142,352,747
84.22765,144,1310,-1737,531,4215,-142,352,747
84.22815,144,1311,-1736,531,4215,-142,352,746
84.22865,145,1310,-1736,531,4217,-142,352,747
84.22915,144,1310,-1737,532,4222,-142,352,746
84.22965,145,1310,-1738,532,4218,-142,352,747
84.23015,145,1311,-1738,533,4224,-142,352,747
84.23065,144,1310,-1739,533,4222,-142,353,747
84.23115,145,1310,-1738,533,4224,-142,352,746
84.23165,145,1311,-1738,533,4229,-142,352,746
84.23215,144,1310,-1736,531,4235,-142,352,746
84.23265,144,1310,-1734,530,4236,-142,352,746
84.23315,144,1310,-1733,529,4234,-142,353,747
84.23365,145,1310,-1733,529,4248,-142,352,746
84.23415,145,1310,-1734,530,4276,-141,352,747
84.23465,145,1310,-1735,531,4277,-142,353,746
84.23515,144,1310,-1736,532,4265,-142,353,747
84.23565,144,1310,-1736,533,4240,-142,353,746
84.23615,145,1310,-1737,535,4209,-142,353,747
84.23665,144,1310,-1738,535,4204,-142,353,747
84.23715,144,1310,-1739,536,4204,-142,353,746
84.23765,144,1310,-1739,536,4209,-142,353,747
84.23815,144,1310,-1738,536,4216,-142,353,746
84.23865,144,1310,-1737,536,4215,-142,353,746
84.23915,144,1310,-1736,536,4222,-142,353,747
84.23975,143,1310,-1735,535,4225,-142,353,746
84.24025,143,1310,-1735,533,4223,-141,353,747
84.24075,143,1310,-1734,530,4229,-142,352,746
84.24125,143,1310,-1734,527,4229,-142,352,747
84.24175,143,1310,-1735,526,4233,-142,352,746
84.24225,144,1310,-1735,527,4229,-142,352,746
84.24275,144,1310,-1736,528,4232,-142,352,747
84.24325,144,1310,-1736,530,4231,-142,352,746
84.24375,144,1310,-1736,532,4245,-142,352,747
84.24425,144,1311,-1736,531,4279,-142,352,747
84.24475,144,1311,-1736,531,4272,-142,352,746
84.24525,144,1310,-1736,531,4261,-142,353,747
84.24575,144,1311,-1735,530,4236,-142,353,746
84.24625,144,1311,-1736,531,4206,-141,353,747
84.24675,144,1311,-1735,531,4204,-142,354,747
84.24725,144,1310,-1736,531,4204,-142,353,747
84.24775,143,1310,-1736,531,4210,-141,354,747
84.24825,143,1311,-1736,531,4215,-142,353,747
84.24875,143,1310,-1736,532,4219,-142,354,746
84.24925,144,1310,-1736,532,4221,-142,353,747
84.24975,144,1310,-1736,533,4227,-142,353,747
84.25025,144,1310,-1736,533,4229,-142,354,746
84.25075,145,1310,-1736,533,4231,-142,354,747
84.25125,144,1310,-1737,533,4240,-141,353,747
84.25175,145,1310,-1736,534,4239,-142,354,747
84.25225,144,1310,-1736,534,4238,-142,354,747
84.25275,145,1310,-1737,535,4238,-142,353,747
84.25325,145,1310,-1736,534,4237,-142,353,747
84.25375,145,1309,-1736,532,4259,-142,352,747
84.25425,145,1309,-1736,530,4286,-141,352,747
84.25475,145,1309,-1736,529,4283,-142,352,747
84.25525,145,1309,-1737,528,4276,-142,352,747
84.25575,145,1310,-1737,528,4247,-142,352,747
84.25625,145,1309,-1737,529,4224,-142,352,747
84.25675,145,1310,-1737,530,4218,-142,351,747
84.25725,145,1310,-1738,531,4221,-142,352,747
84.25775,145,1310,-1737,532,4227,-142,351,747
84.25825,145,1310,-1738,532,4228,-142,352,747
84.25875,146,1310,-1737,531,4228,-142,352,746
84.25925,145,1310,-1736,531,4230,-142,352,747
84.25975,145,1310,-1736,532,4238,-142,352,747
84.26025,145,1311,-1735,532,4240,-142,352,747
84.26075,145,1310,-1735,532,4242,-142,352,747
84.26125,145,1310,-1735,533,4244,-141,352,747
84.26175,145,1310,-1736,533,4244,-142,352,747
84.26225,145,1310,-1737,533,4241,-142,352,747
84.26275,145,1310,-1738,533,4240,-142,352,747
84.26325,145,1310,-1738,533,4241,-142,353,746
84.26375,145,1310,-1739,534,4268,-142,352,747
84.26425,144,1311,-1739,533,4297,-142,352,747
84.26475,144,1311,-1739,533,4288,-142,352,747
84.26525,143,1311,-1736,532,4276,-142,352,747
84.26575,142,1311,-1733,531,4244,-142,352,747
84.26625,143,1311,-1732,531,4224,-141,352,747
84.26675,142,1311,-1733,531,4220,-142,352,747
84.26725,143,1310,-1734,531,4224,-142,352,747
84.26775,144,1310,-1735,531,4231,-142,352,747
84.26825,143,1310,-1735,532,4238,-142,353,747
84.26875,144,1310,-1736,533,4242,-142,352,747
84.26925,144,1310,-1736,533,4245,-142,353,747
84.26975,144,1309,-1736,533,4246,-142,352,747
84.27025,144,1310,-1736,533,4252,-142,352,747
84.27075,144,1310,-1736,533,4254,-142,353,746
84.27125,144,1310,-1736,533,4259,-142,352,747
84.27175,144,1310,-1736,532,4268,-141,353,747
84.27225,144,1310,-1736,531,4265,-141,352,747
84.27275,143,1310,-1736,529,4263,-142,353,747
84.27325,143,1310,-1736,529,4261,-142,352,747
84.27375,144,1310,-1736,531,4289,-141,352,747
84.27425,144,1310,-1736,531,4309,-142,352,747
84.27475,144,1310,-1736,532,4302,-142,352,747
84.27525,144,1310,-1736,532,4289,-141,353,747
84.27575,144,1310,-1737,532,4254,-141,353,747
84.27625,144,1310,-1735,532,4233,-142,352,747
84.27675,144,1310,-1735,532,4227,-141,353,747
84.27725,144,1310,-1735,533,4230,-142,353,747
84.27775,144,1310,-1735,533,4237,-142,352,747
84.27825,144,1310,-1736,532,4237,-141,353,747
84.27875,145,1310,-1736,532,4236,-141,352,747
84.27925,146,1309,-1737,531,4238,-142,352,747
84.27975,145,1310,-1736,531,4240,-142,352,747
84.28025,145,1310,-1736,531,4245,-142,352,747
84.28075,145,1310,-1736,531,4247,-141,352,747
84.28125,145,1310,-1736,531,4250,-142,353,747
84.28175,145,1310,-1736,531,4251,-142,352,747
84.28225,145,1310,-1735,531,4250,-142,352,747
84.28275,145,1310,-1735,531,4250,-142,352,747
84.28325,144,1310,-1735,531,4249,-141,353,747
84.28375,145,1310,-1736,532,4281,-141,352,748
84.28425,145,1310,-1736,532,4300,-142,353,747
84.28475,145,1310,-1736,532,4297,-141,352,747
84.28525,145,1310,-1736,533,4280,-142,353,747
84.28575,145,1310,-1736,533,4243,-142,353,747
84.28625,145,1310,-1737,533,4223,-142,353,747
84.28675,145,1310,-1736,534,4223,-142,353,747
84.28725,144,1310,-1736,534,4228,-141,353,747
84.28775,144,1310,-1736,534,4234,-142,352,747
84.28825,144,1310,-1736,533,4240,-141,352,747
84.28875,143,1310,-1735,532,4243,-141,353,747
84.28925,143,1311,-1735,531,4242,-142,352,747
84.28975,143,1311,-1735,530,4245,-141,353,747
84.29025,143,1310,-1735,530,4248,-141,353,747
84.29075,143,1310,-1736,531,4249,-142,353,747
84.29125,143,1310,-1736,530,4252,-141,353,747
84.29175,143,1310,-1736,530,4252,-142,353,746
84.29225,143,1310,-1735,531,4251,-141,353,747
84.29275,143,1310,-1735,531,4254,-142,353,747
84.29325,143,1310,-1736,532,4250,-141,353,747
84.29375,144,1310,-1736,533,4281,-141,353,747
84.29425,144,1310,-1736,533,4291,-141,353,747
84.29475,144,1310,-1736,533,4283,-141,353,747
84.29525,144,1310,-1736,533,4270,-142,353,747
84.29575,144,1310,-1737,533,4236,-142,353,747
84.29625,144,1310,-1737,533,4219,-142,353,746
84.29675,144,1310,-1737,533,4216,-142,352,746
84.29725,144,1310,-1737,532,4223,-142,353,747
84.29775,144,1310,-1737,531,4230,-142,352,747
84.29825,144,1310,-1737,531,4224,-142,353,747
84.29875,144,1310,-1737,531,4222,-141,352,747
84.29925,144,1310,-1737,531,4225,-142,352,747
84.29975,144,1310,-1735,531,4230,-141,352,747
84.30025,144,1310,-1734,532,4237,-141,352,747
84.30075,144,1310,-1735,532,4242,-142,352,747
84.30125,144,1310,-1735,532,4245,-142,352,747
84.30185,145,1310,-1735,531,4244,-142,352,747
84.30235,144,1310,-1735,531,4241,-141,352,747
84.30285,144,1310,-1735,530,4242,-142,352,747
84.30335,144,1310,-1735,531,4248,-141,352,748
84.30385,144,1310,-1735,531,4286,-141,352,748
84.30435,144,1310,-1736,531,4298,-141,352,747
84.30485,143,1310,-1736,531,4292,-141,353,748
84.30535,143,1310,-1736,531,4267,-141,352,748
84.30585,144,1310,-1736,531,4237,-141,353,747
84.30635,144,1310,-1736,531,4226,-141,353,747
84.30685,144,1310,-1735,531,4220,-141,353,747
84.30735,144,1310,-1735,531,4222,-141,353,747
84.30785,144,1310,-1735,531,4228,-142,353,747
84.30835,144,1310,-1735,531,4230,-142,353,747
84.30885,144,1310,-1736,531,4232,-141,352,747
84.30935,144,1310,-1736,532,4232,-141,353,747
84.30985,145,1310,-1736,531,4231,-141,353,747
84.31035,144,1310,-1736,532,4235,-141,353,747
84.31085,144,1310,-1736,531,4236,-141,354,748
84.31135,144,1310,-1735,531,4239,-141,354,748
84.31185,144,1310,-1736,531,4246,-141,354,747
84.31235,145,1310,-1736,531,4246,-142,354,747
84.31285,144,1310,-1736,531,4238,-141,354,747
84.31335,144,1310,-1736,532,4239,-141,354,747
84.31385,144,1310,-1736,532,4276,-141,354,747
84.31435,144,1310,-1736,531,4281,-142,354,747
84.31485,144,1310,-1735,531,4274,-142,354,747
84.31535,144,1310,-1734,530,4254,-141,354,747
84.31585,144,1310,-1734,531,4221,-141,354,747
84.31635,144,1310,-1735,531,4211,-141,354,747
84.31685,144,1310,-1735,532,4210,-141,353,747
84.31735,144,1310,-1735,531,4214,-141,353,748
84.31785,144,1310,-1735,531,4222,-141,353,747
84.31835,144,1310,-1736,531,4225,-141,352,747
84.31885,144,1310,-1736,532,4222,-141,352,748
84.31935,144,1310,-1736,532,4224,-141,352,747
84.31985,144,1310,-1736,532,4232,-141,352,747
84.32035,144,1310,-1736,531,4234,-141,351,747
84.32085,144,1310,-1736,532,4237,-141,352,747
84.32135,144,1310,-1736,532,4241,-141,352,748
84.32185,144,1310,-1736,532,4245,-141,352,747
84.32235,144,1310,-1736,532,4250,-141,352,748
84.32285,144,1310,-1736,532,4246,-141,352,747
84.32335,144,1310,-1736,532,4255,-141,352,748
84.32385,144,1310,-1736,532,4290,-141,351,747
84.32435,144,1310,-1736,532,4294,-141,352,747
84.32485,144,1310,-1736,532,4282,-141,352,747
84.32535,143,1310,-1736,531,4256,-141,353,747
84.32585,144,1310,-1735,530,4223,-141,352,747
84.32635,144,1310,-1736,531,4213,-141,352,747
84.32685,144,1310,-1736,531,4216,-141,352,748
84.32735,144,1310,-1736,531,4223,-141,352,747
84.32785,144,1310,-1736,532,4232,-141,352,747
84.32835,144,1310,-1736,532,4231,-141,353,748
84.32885,144,1310,-1735,532,4230,-141,352,747
84.32935,144,1310,-1736,532,4232,-141,352,748
84.32985,144,1310,-1735,532,4233,-141,352,747
84.33035,143,1310,-1736,531,4237,-141,352,748
84.33085,144,1310,-1735,531,4236,-141,352,748
84.33135,144,1310,-1736,531,4242,-141,353,747
84.33185,144,1310,-1736,531,4244,-141,353,747
84.33235,144,1310,-1736,531,4239,-141,353,747
84.33285,144,1310,-1736,531,4237,-141,353,747
84.33335,144,1310,-1736,532,4246,-141,352,748
84.33385,144,1310,-1736,532,4283,-141,353,747
84.33435,144,1310,-1737,532,4286,-141,353,747
84.33485,144,1310,-1736,532,4276,-141,353,747
84.33535,144,1310,-1736,532,4253,-141,353,747
84.33585,144,1310,-1735,532,4224,-141,353,747
84.33635,144,1310,-1735,532,4216,-141,353,747
84.33685,144,1310,-1735,532,4216,-141,352,747
84.33735,144,1310,-1736,532,4220,-141,353,747
84.33785,144,1310,-1736,532,4227,-141,352,748
84.33835,144,1310,-1736,532,4229,-141,353,747
84.33885,144,1310,-1737,533,4232,-141,353,747
84.33935,144,1310,-1737,532,4230,-141,353,747
84.33985,145,1310,-1737,532,4232,-141,352,747
84.34035,144,1310,-1736,531,4238,-141,352,747
84.34085,144,1310,-1737,531,4242,-141,352,747
84.34135,144,1310,-1737,531,4244,-141,352,748
84.34185,144,1310,-1737,531,4242,-141,352,747
84.34235,144,1310,-1736,532,4242,-141,352,748
84.34285,144,1310,-1735,532,4239,-141,352,747
84.34335,144,1310,-1735,533,4254,-141,352,748
84.34385,144,1310,-1735,533,4286,-141,352,747
84.34435,144,1310,-1735,533,4288,-141,352,747
84.34485,144,1310,-1736,534,4276,-141,352,747
84.34535,144,1310,-1736,533,4248,-141,353,747
84.34585,144,1310,-1736,534,4217,-141,353,747
84.34635,144,1310,-1736,534,4210,-141,353,747
84.34685,144,1310,-1737,534,4209,-141,353,747
84.34735,144,1310,-1736,532,4213,-141,353,747
84.34785,144,1309,-1737,530,4219,-141,352,747
84.34835,144,1310,-1737,529,4222,-141,352,747
84.34885,143,1310,-1737,529,4224,-141,352,747
84.34935,144,1310,-1736,530,4224,-141,353,748
84.34985,144,1310,-1737,531,4225,-141,352,748
84.35035,144,1310,-1736,531,4235,-141,353,748
84.35085,144,1310,-1735,531,4238,-141,353,748
84.35135,144,1310,-1735,532,4237,-141,353,747
84.35185,144,1309,-1735,532,4236,-141,353,748
84.35235,144,1309,-1735,533,4235,-141,353,747
84.35285,144,1309,-1735,533,4238,-141,353,747
84.35335,144,1310,-1736,534,4247,-141,352,747
84.35385,144,1310,-1736,534,4279,-141,352,748
84.35435,144,1310,-1736,534,4280,-141,353,748
84.35485,144,1310,-1736,533,4277,-141,352,748
84.35535,144,1310,-1736,533,4251,-141,353,747
84.35585,144,1310,-1736,533,4222,-141,353,747
84.35635,144,1310,-1736,532,4209,-141,353,747
84.35685,145,1310,-1736,531,4207,-141,353,747
84.35735,144,1310,-1736,530,4212,-141,353,747
84.35785,144,1310,-1735,530,4218,-141,353,747
84.35835,144,1310,-1736,531,4217,-141,353,747
84.35885,144,1310,-1736,530,4215,-141,353,747
84.35935,144,1310,-1736,530,4217,-141,352,747
84.35985,144,1309,-1735,530,4219,-141,353,747
84.36035,144,1310,-1736,530,4224,-141,352,747
84.36085,144,1310,-1736,531,4227,-141,352,747
84.36135,144,1310,-1737,531,4230,-141,353,747
84.36185,144,1309,-1736,531,4231,-141,353,747
84.36245,144,1310,-1736,531,4230,-141,353,747
84.36285,144,1309,-1735,531,4227,-141,353,747
84.36335,144,1310,-1735,531,4240,-141,352,748
84.36385,144,1310,-1736,532,4274,-141,352,748
84.36445,144,1310,-1736,532,4277,-141,353,747
84.36495,143,1310,-1736,532,4269,-141,353,748
84.36545,144,1310,-1736,532,4235,-141,353,747
84.36595,143,1310,-1736,532,4209,-141,353,747
84.36645,143,1310,-1737,532,4200,-141,353,747
84.36695,143,1310,-1736,532,4203,-141,353,747
84.36745,144,1310,-1736,531,4211,-141,352,747
84.36795,144,1310,-1736,531,4216,-141,353,747
84.36845,144,1310,-1736,532,4219,-141,352,747
84.36895,144,1309,-1736,532,4221,-141,353,747
84.36945,144,1310,-1736,532,4220,-141,353,748
84.36995,144,1310,-1736,532,4225,-141,353,747
84.37045,144,1310,-1736,532,4232,-141,353,747
84.37095,144,1310,-1736,532,4231,-141,353,747
84.37145,144,1310,-1736,532,4234,-141,353,748
84.37195,144,1310,-1736,532,4236,-141,353,747
84.37245,144,1310,-1736,532,4239,-141,353,747
84.37295,144,1310,-1736,532,4233,-141,353,747
84.37345,144,1310,-1736,532,4245,-141,353,748
84.37395,144,1310,-1736,532,4275,-141,352,747
84.37445,145,1310,-1736,531,4274,-141,353,747
84.37495,144,1309,-1736,531,4262,-141,352,747
84.37545,144,1310,-1736,530,4233,-141,353,747
84.37595,145,1310,-1736,531,4206,-141,353,747
84.37645,144,1310,-1736,531,4200,-141,354,747
84.37695,145,1310,-1736,531,4200,-141,354,747
84.37745,145,1309,-1736,531,4205,-141,354,747
84.37795,145,1309,-1735,531,4209,-141,354,747
84.37845,145,1309,-1735,531,4208,-141,354,747
84.37895,144,1309,-1735,531,4206,-141,354,747
84.37945,144,1309,-1735,532,4207,-141,354,747
84.37995,144,1310,-1735,532,4209,-141,353,747
84.38045,144,1309,-1735,532,4214,-141,354,747
84.38095,144,1310,-1735,532,4217,-141,354,748
84.38145,144,1310,-1736,532,4219,-141,354,747
84.38195,144,1310,-1736,532,4220,-141,353,748
84.38245,143,1310,-1736,532,4215,-141,353,747
84.38295,143,1310,-1736,533,4219,-141,353,748
84.38345,143,1310,-1736,532,4240,-141,352,747
84.38395,143,1310,-1736,531,4272,-141,351,747
84.38445,144,1310,-1736,531,4265,-141,352,748
84.38495,143,1310,-1736,530,4254,-141,352,747
84.38545,143,1310,-1736,530,4226,-141,352,747
84.38595,144,1310,-1736,530,4200,-141,352,747
84.38645,144,1310,-1735,531,4195,-141,352,748
84.38695,144,1310,-1735,531,4197,-141,352,748
84.38745,144,1310,-1735,531,4206,-141,352,747
84.38795,144,1310,-1735,531,4213,-141,352,748
84.38845,144,1310,-1735,531,4212,-141,352,747
84.38895,144,1310,-1735,532,4216,-141,352,747
84.38945,144,1310,-1736,532,4214,-141,352,747
84.38995,144,1310,-1736,532,4211,-142,352,747
84.39045,144,1310,-1736,532,4214,-142,353,747
84.39095,144,1310,-1736,532,4216,-141,353,747
84.39145,144,1310,-1735,532,4216,-141,352,747
84.39195,144,1310,-1735,532,4219,-141,353,747
84.39245,144,1309,-1735,532,4221,-141,352,747
84.39295,144,1309,-1736,532,4219,-142,352,747
84.39345,144,1309,-1735,532,4242,-142,351,748
84.39395,144,1309,-1736,532,4267,-141,352,747
84.39445,144,1309,-1736,532,4265,-142,352,747
84.39495,144,1309,-1736,532,4250,-141,352,747
84.39545,144,1309,-1736,531,4216,-142,352,747
84.39595,144,1309,-1736,531,4193,-142,353,747
84.39645,144,1309,-1735,531,4190,-141,352,747
84.39695,144,1310,-1735,532,4189,-142,352,747
84.39745,144,1310,-1736,532,4191,-142,353,747
84.39795,144,1309,-1736,531,4198,-142,352,747
84.39845,144,1310,-1735,531,4199,-142,352,747
84.39895,144,1310,-1736,531,4197,-142,352,747
84.39945,144,1310,-1735,532,4200,-142,352,747
84.39995,144,1310,-1735,532,4203,-142,351,748
84.40045,144,1310,-1736,532,4211,-141,351,748
84.40095,144,1310,-1736,532,4219,-142,352,747
84.40145,144,1310,-1736,533,4223,-142,352,748
84.40195,144,1310,-1736,533,4220,-142,351,747
84.40245,144,1309,-1736,533,4222,-142,352,748
84.40295,145,1309,-1736,533,4218,-141,351,747
84.40345,144,1309,-1736,534,4248,-142,351,748
84.40395,144,1309,-1737,534,4268,-142,351,748
84.40445,144,1310,-1736,534,4265,-142,352,747
84.40495,144,1309,-1736,533,4254,-142,351,747
84.40545,143,1310,-1736,532,4215,-142,352,747
84.40595,143,1310,-1735,531,4190,-142,352,747
84.40645,143,1310,-1735,530,4190,-142,351,747
84.40695,143,1310,-1735,530,4197,-142,352,747
84.40745,144,1310,-1735,530,4200,-142,352,747
84.40795,144,1309,-1735,530,4204,-142,352,747
84.40845,144,1310,-1735,531,4205,-142,352,747
84.40895,144,1310,-1735,531,4206,-142,352,748
84.40945,144,1309,-1735,531,4208,-142,352,747
84.40995,144,1310,-1735,530,4210,-142,353,747
84.410446,144,1310,-1736,531,4206,-141,353,747
84.41095,144,1310,-1736,532,4207,-142,353,747
84.41145,144,1310,-1736,532,4208,-142,353,747
84.41195,144,1309,-1736,532,4211,-142,353,747
84.41245,144,1310,-1736,532,4212,-142,353,748
84.41295,144,1310,-1736,532,4209,-142,353,748
84.41345,144,1309,-1735,532,4241,-142,353,748
84.41395,144,1309,-1736,531,4258,-142,353,748
84.41445,144,1310,-1735,532,4250,-142,353,748
84.41495,144,1310,-1736,532,4239,-142,353,748
84.41545,144,1310,-1736,532,4204,-142,354,747
84.41595,144,1310,-1737,532,4186,-142,354,747
84.41645,145,1310,-1737,533,4178,-142,354,747
84.41695,145,1309,-1737,533,4178,-142,353,747
84.41745,145,1309,-1737,533,4184,-142,353,747
84.41795,145,1310,-1736,532,4190,-142,353,747
84.41845,145,1310,-1736,531,4191,-143,353,747
84.41895,145,1310,-1736,531,4190,-142,353,747
84.41945,145,1310,-1735,530,4193,-142,353,747
84.41995,145,1309,-1734,530,4198,-143,352,748
84.42045,145,1310,-1734,531,4206,-142,353,747
84.42095,145,1309,-1735,531,4215,-142,352,748
84.42145,145,1310,-1735,531,4214,-143,352,747
84.42195,145,1309,-1735,531,4213,-143,353,747
84.42245,145,1309,-1735,532,4209,-142,353,748
84.42295,145,1310,-1735,532,4211,-143,353,747
84.42345,145,1309,-1736,533,4251,-142,352,748
84.42395,145,1309,-1736,532,4261,-142,353,747
84.42445,145,1309,-1736,532,4255,-142,352,748
84.42495,144,1310,-1736,532,4236,-142,353,747
84.42545,144,1310,-1736,531,4202,-143,353,747
84.42605,144,1310,-1736,532,4184,-143,353,747
84.42655,143,1310,-1736,532,4182,-142,353,747
84.42705,143,1310,-1736,532,4185,-142,352,748
84.42755,143,1310,-1736,532,4192,-142,353,747
84.42805,143,1310,-1736,532,4200,-143,353,748
84.42855,143,1310,-1736,532,4199,-142,353,747
84.42905,144,1310,-1736,531,4203,-142,353,747
84.42955,144,1310,-1736,531,4199,-142,352,747
84.43005,144,1310,-1736,531,4194,-142,353,748
84.43055,144,1310,-1736,531,4198,-142,353,747
84.43105,144,1310,-1736,531,4204,-143,352,747
84.43155,144,1310,-1736,531,4201,-142,353,748
84.43205,144,1310,-1736,531,4204,-142,353,748
84.43255,144,1310,-1736,531,4211,-143,353,748
84.43305,145,1310,-1737,532,4214,-142,352,747
84.43355,144,1310,-1737,533,4248,-142,352,748
84.43405,144,1310,-1736,532,4254,-143,353,748
84.43455,144,1310,-1736,532,4251,-142,352,748
84.43505,144,1310,-1735,531,4236,-142,352,748
84.43555,144,1310,-1735,531,4202,-142,352,748
84.43605,144,1310,-1735,531,4189,-142,353,748
84.43655,144,1310,-1736,532,4187,-142,353,747
84.43705,144,1310,-1736,533,4187,-142,353,748
84.43755,144,1310,-1736,533,4188,-143,354,748
84.43805,144,1310,-1737,533,4196,-143,354,747
84.43855,145,1310,-1736,533,4199,-143,354,747
84.43905,144,1310,-1736,534,4193,-142,354,748
84.43955,144,1310,-1736,534,4194,-142,354,748
84.44005,144,1310,-1735,534,4202,-142,354,748
84.44055,145,1310,-1736,533,4210,-142,354,747
84.44105,145,1310,-1736,533,4212,-142,354,747
84.44155,145,1310,-1736,531,4209,-142,354,748
84.44205,145,1310,-1736,530,4209,-143,354,747
84.44255,145,1310,-1737,530,4212,-143,354,748
84.44305,145,1310,-1737,531,4214,-143,353,748
84.44355,145,1310,-1737,532,4253,-142,353,748
84.44405,145,1310,-1736,531,4260,-142,353,748
84.44455,145,1310,-1736,531,4252,-142,352,747
84.44505,145,1310,-1736,531,4229,-143,352,747
84.44555,145,1310,-1735,531,4189,-143,352,747
84.44605,145,1310,-1734,532,4175,-143,352,747
84.44655,145,1310,-1734,532,4177,-142,352,747
84.44705,145,1310,-1734,532,4185,-143,351,747
84.44755,145,1310,-1734,532,4189,-142,352,747
84.44805,145,1310,-1735,531,4194,-142,351,747
84.44855,145,1310,-1736,531,4197,-143,351,747
84.44905,146,1310,-1736,530,4201,-143,351,747
84.44955,146,1310,-1736,530,4204,-142,352,747
84.45005,145,1310,-1736,529,4203,-142,352,747
84.45055,145,1310,-1736,530,4206,-142,352,748
84.45105,144,1310,-1736,530,4210,-142,352,748
84.45155,144,1310,-1736,531,4216,-142,352,747
84.45205,145,1310,-1736,531,4219,-143,352,748
84.45255,144,1310,-1736,532,4217,-143,352,747
84.45305,145,1310,-1735,532,4225,-143,352,747
84.45355,144,1310,-1734,533,4258,-142,352,748
84.45405,144,1310,-1735,533,4258,-143,353,748
84.45455,144,1311,-1734,534,4258,-143,352,747
84.45505,144,1310,-1735,534,4239,-143,352,747
84.45555,144,1310,-1735,534,4202,-142,352,747
84.45605,144,1310,-1736,534,4192,-143,353,747
84.45655,144,1310,-1736,535,4193,-142,352,747
84.45705,144,1310,-1736,535,4194,-143,353,748
84.45755,144,1310,-1736,534,4199,-143,353,748
84.45805,144,1310,-1735,532,4206,-143,353,748
84.45855,144,1311,-1736,531,4207,-143,353,748
84.45905,144,1310,-1735,530,4203,-143,353,748
84.45955,144,1310,-1735,530,4204,-143,353,748
84.46005,144,1311,-1735,530,4206,-143,353,748
84.46055,144,1310,-1735,530,4212,-143,352,748
84.46105,144,1310,-1735,531,4215,-143,353,748
84.46155,144,1310,-1735,531,4216,-143,353,748
84.46205,144,1310,-1735,531,4213,-143,353,748
84.46255,144,1310,-1735,531,4213,-143,352,748
84.46305,144,1311,-1735,531,4223,-142,352,748
84.46355,144,1310,-1736,531,4259,-143,352,748
84.46405,145,1310,-1736,531,4259,-143,352,748
84.46455,144,1310,-1736,531,4250,-142,352,747
84.46505,144,1310,-1736,532,4226,-143,353,748
84.46555,144,1311,-1736,532,4190,-143,353,747
84.46605,144,1310,-1736,532,4187,-142,353,748
84.46655,144,1310,-1737,532,4187,-142,352,747
84.46705,144,1310,-1736,531,4194,-143,352,747
84.46755,144,1310,-1736,531,4196,-143,352,748
84.46805,144,1311,-1736,531,4200,-142,352,747
84.46855,144,1311,-1735,531,4207,-143,352,747
84.46905,144,1310,-1736,531,4206,-143,352,747
84.46955,144,1310,-1735,531,4207,-142,352,748
84.47005,144,1310,-1735,531,4207,-143,352,747
84.47055,144,1311,-1735,531,4214,-143,352,747
84.47105,144,1310,-1735,531,4215,-142,352,747
84.47155,144,1311,-1735,531,4215,-142,352,747
84.47205,144,1310,-1736,532,4220,-143,352,748
84.47255,144,1310,-1737,531,4224,-143,352,748
84.47305,144,1310,-1737,532,4238,-143,352,748
84.47355,144,1310,-1736,532,4275,-143,352,748
84.47405,144,1310,-1735,531,4272,-143,352,747
84.47455,144,1310,-1735,531,4262,-143,352,748
84.47505,144,1310,-1735,532,4231,-143,353,747
84.47555,145,1310,-1735,531,4203,-143,353,747
84.47605,145,1310,-1735,532,4192,-143,353,747
84.47655,145,1310,-1735,532,4190,-143,352,747
84.47705,144,1310,-1735,532,4191,-143,352,747
84.47755,144,1310,-1735,532,4195,-143,353,747
84.47805,144,1310,-1735,532,4198,-143,353,747
84.47855,144,1311,-1736,532,4199,-143,352,748
84.47905,144,1311,-1736,531,4197,-143,352,748
84.47955,145,1311,-1736,531,4201,-142,352,748
84.48005,144,1310,-1735,530,4203,-143,352,747
84.48055,144,1310,-1736,530,4207,-143,352,748
84.48105,144,1310,-1736,531,4205,-143,352,748
84.48155,144,1310,-1736,531,4212,-143,352,748
84.48205,144,1310,-1736,531,4215,-143,353,747
84.48255,144,1311,-1736,531,4214,-143,353,748
84.48305,144,1311,-1736,532,4221,-143,353,747
84.48355,144,1310,-1736,531,4261,-143,352,748
84.48405,145,1311,-1736,532,4259,-143,352,748
84.48455,145,1310,-1736,531,4255,-143,353,748
84.48505,144,1310,-1736,531,4231,-143,353,747
84.48555,144,1310,-1736,531,4200,-143,353,747
84.48605,144,1311,-1736,531,4187,-143,352,747
84.48655,145,1310,-1735,531,4191,-143,352,747
84.48705,144,1310,-1736,531,4199,-143,353,747
84.48755,145,1311,-1736,531,4204,-143,353,747
84.48815,145,1310,-1735,531,4209,-143,353,747
84.48865,144,1310,-1735,532,4211,-143,352,747
84.48915,144,1310,-1736,532,4214,-143,352,747
84.48965,145,1310,-1736,532,4216,-143,352,747
84.49015,144,1310,-1736,531,4213,-142,352,748
84.49065,144,1310,-1736,532,4217,-143,352,748
84.49115,144,1310,-1736,531,4223,-143,352,747
84.49165,144,1310,-1735,532,4224,-143,352,748
84.49215,144,1311,-1735,531,4221,-142,352,747
84.49265,144,1310,-1735,531,4222,-143,353,748
84.49315,145,1310,-1735,532,4231,-143,352,748
84.49365,145,1310,-1735,531,4264,-143,352,747
84.49415,144,1311,-1736,532,4260,-143,353,748
84.49465,144,1310,-1735,531,4249,-143,353,747
84.49515,144,1311,-1736,532,4225,-143,353,747
84.49565,144,1311,-1736,532,4194,-143,353,747
84.49615,144,1310,-1736,532,4187,-143,353,747
84.49665,144,1311,-1736,532,4187,-143,353,747
84.49715,145,1311,-1735,532,4190,-143,353,747
84.49765,144,1310,-1736,531,4193,-143,353,747
84.49815,144,1310,-1736,531,4196,-143,353,747
84.49865,144,1311,-1736,531,4197,-143,354,747
84.49915,144,1310,-1736,531,4196,-143,353,747
84.49965,144,1311,-1736,531,4199,-143,353,747
84.50015,144,1310,-1736,531,4203,-143,354,747
84.50065,144,1311,-1735,532,4211,-143,353,747
84.50115,144,1310,-1735,531,4215,-143,354,747
84.50165,144,1311,-1735,532,4216,-143,354,747
84.50215,145,1311,-1736,532,4215,-143,353,747
84.50265,144,1310,-1736,532,4217,-143,353,747
84.50315,145,1310,-1737,532,4236,-143,353,747
84.50365,145,1310,-1737,532,4269,-142,352,747
84.50415,144,1310,-1736,532,4265,-143,353,747
84.50465,144,1310,-1736,532,4258,-143,352,747
84.50515,144,1311,-1736,531,4229,-143,352,747
84.50565,144,1311,-1735,531,4205,-143,352,747
84.50615,144,1311,-1735,532,4200,-143,352,747
84.50665,144,1310,-1735,532,4204,-143,352,747
84.50715,144,1311,-1736,532,4206,-143,352,747
84.50765,144,1311,-1736,532,4212,-143,351,747
84.50815,144,1311,-1735,532,4214,-143,352,747
84.50865,144,1311,-1735,531,4216,-143,351,747
84.50915,145,1311,-1736,532,4217,-143,351,747
84.50965,144,1311,-1736,531,4219,-142,352,747
84.51015,145,1311,-1736,531,4218,-143,352,747
84.51065,144,1311,-1736,531,4219,-143,352,747
84.51115,144,1311,-1736,531,4223,-143,352,747
84.51165,145,1311,-1736,531,4224,-143,352,747
84.51215,145,1310,-1736,531,4226,-143,352,748
84.51265,145,1311,-1736,531,4228,-143,352,747
84.51315,145,1310,-1736,532,4251,-142,352,747
84.51365,145,1310,-1736,531,4276,-143,352,747
84.51415,144,1310,-1735,532,4269,-143,352,747
84.51465,144,1311,-1735,532,4260,-143,352,747
84.51515,144,1310,-1735,532,4231,-143,353,747
84.51565,145,1311,-1735,532,4207,-143,352,747
84.51615,144,1311,-1735,532,4204,-143,352,747
84.51665,144,1311,-1735,532,4208,-143,352,747
84.51715,144,1311,-1735,532,4211,-143,352,747
84.51765,144,1311,-1735,532,4215,-143,352,747
84.51815,145,1310,-1736,532,4220,-143,352,747
84.51865,145,1310,-1736,532,4221,-143,352,747
84.51915,145,1310,-1736,532,4219,-143,352,747
84.51965,145,1311,-1736,531,4221,-143,352,747
84.52015,144,1310,-1735,531,4225,-143,352,747
84.52065,144,1311,-1736,531,4232,-143,352,747
84.52115,144,1311,-1736,531,4236,-143,353,747
84.52165,144,1311,-1735,531,4241,-143,352,747
84.52215,144,1311,-1735,531,4243,-143,353,747
84.52265,144,1311,-1736,531,4242,-143,353,747
84.52315,144,1311,-1735,532,4266,-143,352,748
84.52365,145,1310,-1736,531,4293,-143,352,747
84.52415,144,1311,-1736,532,4291,-143,353,747
84.52465,144,1311,-1736,532,4277,-143,352,747
84.52515,145,1311,-1736,532,4242,-143,353,747
84.52565,145,1310,-1736,532,4217,-143,353,747
84.52615,145,1310,-1736,532,4213,-143,352,747
84.52665,145,1310,-1736,532,4220,-143,352,747
84.52715,145,1311,-1736,532,4227,-143,352,747
84.52765,145,1311,-1736,532,4231,-143,352,747
84.52815,145,1310,-1736,532,4233,-143,352,747
84.52865,144,1311,-1736,532,4235,-143,352,747
84.52915,144,1311,-1736,531,4236,-143,352,747
84.52965,145,1310,-1735,531,4235,-143,352,747
84.53015,144,1311,-1735,531,4233,-143,352,747
84.53065,145,1310,-1735,531,4237,-143,352,747
84.53115,145,1311,-1736,531,4238,-143,352,747
84.53165,144,1310,-1736,531,4240,-143,352,747
84.53215,145,1310,-1736,532,4243,-143,352,747
84.532646,144,1310,-1736,531,4243,-143,352,747
84.53315,145,1311,-1736,532,4269,-143,352,748
84.53365,144,1311,-1736,532,4291,-143,352,747
84.53415,144,1311,-1736,532,4290,-142,352,748
84.53465,144,1311,-1736,532,4279,-143,352,747
84.53515,143,1311,-1736,532,4250,-143,352,747
84.53565,144,1311,-1735,531,4226,-142,352,747
84.53615,144,1311,-1735,532,4223,-143,352,748
84.53665,144,1311,-1736,532,4227,-143,352,747
84.53715,144,1310,-1736,532,4235,-143,353,747
84.53765,144,1311,-1736,532,4234,-143,352,747
84.53815,144,1311,-1736,532,4236,-143,353,747
84.53865,145,1311,-1736,532,4238,-143,352,747
84.53915,145,1311,-1736,532,4236,-143,353,747
84.53965,145,1310,-1736,532,4236,-143,352,747
84.54015,145,1311,-1736,532,4240,-143,353,747
84.54065,144,1310,-1736,531,4247,-143,352,747
84.54115,145,1310,-1736,531,4249,-143,352,747
84.54165,144,1311,-1736,531,4248,-143,353,747
84.54215,145,1311,-1736,531,4246,-143,353,747
84.54265,145,1310,-1736,531,4248,-143,352,747
84.54315,145,1310,-1737,531,4278,-143,352,748
84.54365,145,1310,-1737,531,4298,-143,352,747
84.54415,145,1311,-1737,531,4295,-143,352,748
84.54465,144,1311,-1737,531,4278,-143,353,748
84.54515,144,1311,-1736,531,4246,-143,353,748
84.54565,144,1311,-1736,532,4229,-142,353,747
84.54615,144,1310,-1736,532,4224,-143,352,748
84.54665,145,1311,-1734,532,4223,-142,352,747
84.54715,145,1311,-1734,531,4230,-143,353,747
84.54765,145,1311,-1734,531,4230,-143,353,748
84.54815,145,1311,-1734,531,4231,-143,353,747
84.54865,145,1311,-1735,531,4239,-143,352,747
84.54915,145,1311,-1735,532,4238,-143,352,747
84.54965,144,1311,-1735,531,4238,-143,353,748
84.55025,144,1311,-1736,532,4238,-143,353,748
84.55075,143,1311,-1736,532,4246,-143,353,748
84.55125,144,1311,-1736,531,4251,-143,352,748
84.55175,144,1310,-1736,531,4251,-143,352,748
84.55225,144,1310,-1736,531,4253,-143,352,748
84.55275,144,1310,-1735,531,4254,-143,352,748
84.55325,144,1310,-1736,531,4286,-143,351,748
84.55375,144,1310,-1736,531,4302,-143,352,747
84.55425,144,1311,-1735,530,4294,-143,352,747
84.55475,144,1310,-1735,530,4276,-143,352,747
84.55525,144,1311,-1735,531,4242,-143,352,747
84.55575,145,1310,-1735,532,4227,-143,352,748
84.55625,144,1310,-1736,533,4227,-143,351,747
84.55675,144,1310,-1736,533,4235,-143,352,748
84.55725,145,1310,-1736,532,4235,-142,351,748
84.55775,145,1311,-1736,531,4238,-143,352,747
84.55825,145,1310,-1736,531,4241,-143,352,747
84.55875,145,1310,-1737,531,4237,-143,351,747
84.55925,145,1311,-1737,531,4232,-143,352,747
84.55975,145,1311,-1737,531,4232,-143,351,748
84.56025,145,1311,-1737,532,4235,-143,352,747
84.56075,145,1311,-1736,532,4246,-143,352,748
84.56125,145,1310,-1735,532,4246,-143,352,748
84.56175,145,1310,-1735,532,4252,-143,352,748
84.56225,145,1310,-1734,532,4253,-143,352,747
84.56275,145,1310,-1735,532,4252,-143,352,747
84.56325,145,1310,-1735,532,4282,-142,353,748
84.56375,145,1310,-1735,531,4291,-143,352,748
84.56425,144,1311,-1736,532,4289,-143,353,747
84.56475,144,1311,-1736,531,4272,-143,353,747
84.56525,144,1311,-1736,531,4232,-143,353,747
84.56575,143,1311,-1735,531,4216,-143,354,747
84.56625,144,1311,-1736,531,4219,-143,354,747
84.56675,144,1311,-1735,531,4227,-143,354,747
84.56725,144,1310,-1736,531,4235,-143,355,747
84.56775,144,1311,-1735,531,4238,-143,354,747
84.56825,144,1310,-1736,532,4241,-143,355,747
84.56875,144,1310,-1735,532,4244,-143,354,747
84.56925,144,1310,-1736,532,4247,-142,355,747
84.56975,144,1310,-1735,532,4249,-142,354,747
84.57025,145,1311,-1735,532,4248,-143,354,747
84.57075,145,1310,-1735,532,4253,-143,354,747
84.57125,144,1311,-1736,532,4255,-143,355,747
84.57175,144,1311,-1736,532,4258,-143,354,747
84.57225,144,1310,-1736,532,4261,-143,354,747
84.57275,144,1311,-1736,532,4265,-142,353,747
84.57325,144,1311,-1735,533,4301,-143,353,748
84.57375,143,1310,-1736,532,4305,-143,353,747
84.57425,143,1311,-1735,532,4301,-143,353,748
84.57475,143,1311,-1736,532,4280,-142,352,747
84.57525,143,1310,-1736,531,4248,-143,353,747
84.57575,143,1310,-1736,531,4234,-143,352,747
84.57625,144,1311,-1736,531,4232,-142,352,747
84.57675,144,1310,-1737,530,4236,-143,352,747
84.57725,144,1311,-1736,531,4237,-143,353,747
84.57775,144,1310,-1736,531,4239,-143,352,747
84.57825,144,1310,-1735,531,4241,-143,352,747
84.57875,144,1311,-1734,531,4241,-143,353,747
84.57925,144,1311,-1734,531,4238,-143,352,747
84.57975,144,1311,-1734,531,4237,-143,352,747
84.58025,144,1311,-1735,531,4241,-143,352,747
84.58075,144,1310,-1735,531,4247,-143,353,747
84.58125,144,1310,-1735,531,4250,-143,353,747
84.58175,144,1311,-1735,531,4249,-143,353,747
84.58225,144,1310,-1735,531,4250,-143,352,747
84.58275,145,1310,-1736,532,4260,-143,352,747
84.58325,145,1310,-1736,532,4298,-142,352,747
84.58375,145,1310,-1736,532,4303,-143,353,747
84.58425,145,1310,-1735,531,4295,-143,353,747
84.58475,145,1311,-1736,532,4274,-143,353,748
84.58525,145,1310,-1736,531,4241,-143,353,747
84.58575,145,1310,-1736,532,4237,-143,353,748
84.58625,145,1310,-1736,532,4235,-143,353,747
84.58675,145,1310,-1735,532,4242,-142,353,747
84.58725,145,1310,-1735,532,4244,-142,353,747
84.58775,145,1310,-1736,532,4245,-143,353,747
84.58825,145,1310,-1736,533,4248,-143,353,747
84.58875,145,1310,-1736,533,4251,-143,353,747
84.58925,145,1310,-1736,533,4252,-143,353,747
84.58975,145,1310,-1736,533,4254,-143,353,747
84.59025,145,1310,-1736,532,4254,-143,353,747
84.59075,145,1310,-1735,531,4253,-143,353,747
84.59125,144,1310,-1735,530,4256,-143,353,747
84.59175,144,1310,-1735,530,4256,-143,353,747
84.59225,144,1310,-1736,530,4258,-143,353,747
84.59275,144,1311,-1736,531,4267,-142,353,748
84.59325,143,1311,-1736,532,4304,-142,353,747
84.59375,143,1311,-1736,531,4309,-143,352,748
84.59425,143,1311,-1736,531,4298,-142,353,747
84.59475,143,1311,-1736,532,4276,-143,353,747
84.59525,143,1310,-1736,532,4241,-143,353,747
84.59575,143,1310,-1736,532,4231,-143,353,747
84.59625,144,1310,-1736,533,4232,-143,352,748
84.59675,144,1310,-1736,532,4237,-143,353,748
84.59725,144,1310,-1735,532,4244,-143,353,747
84.59775,144,1310,-1736,531,4245,-142,353,747
84.59825,144,1310,-1736,531,4242,-142,353,747
84.59875,144,1311,-1736,531,4242,-143,352,747
84.59925,144,1310,-1736,531,4240,-143,353,747
84.59975,144,1310,-1736,531,4241,-142,353,747
84.60025,144,1310,-1736,532,4243,-142,353,748
84.60075,143,1310,-1736,532,4252,-142,353,748
84.60125,143,1310,-1735,531,4261,-142,353,747
84.60175,144,1310,-1735,531,4265,-142,353,747
84.60225,144,1310,-1736,531,4259,-142,353,747
84.60275,144,1310,-1736,531,4268,-142,353,747
84.60325,144,1310,-1736,532,4304,-142,353,748
84.60375,144,1310,-1736,531,4305,-143,353,748
84.60425,144,1310,-1736,531,4302,-142,353,747
84.60475,143,1310,-1736,531,4277,-143,353,747
84.60525,144,1310,-1736,531,4241,-142,353,747
84.60575,144,1311,-1736,531,4232,-142,353,747
84.60625,144,1310,-1736,531,4236,-142,353,747
84.60675,144,1310,-1737,531,4246,-143,352,747
84.60725,144,1311,-1737,531,4250,-142,353,747
84.60775,144,1310,-1737,532,4250,-143,353,747
84.60825,144,1310,-1736,531,4251,-142,353,747
84.60875,144,1310,-1735,531,4252,-143,353,747
84.60925,144,1310,-1735,532,4253,-142,353,747
84.60975,144,1310,-1734,532,4253,-142,352,747
84.61025,144,1310,-1734,532,4251,-143,353,747
84.61075,144,1311,-1734,532,4255,-143,353,747
84.61125,144,1310,-1735,532,4256,-142,353,747
84.61175,144,1310,-1735,532,4258,-142,353,747
84.61235,144,1311,-1736,533,4259,-142,353,747
84.61285,144,1310,-1736,532,4270,-142,353,747
84.61335,144,1311,-1736,532,4301,-142,353,747
84.61385,144,1310,-1736,531,4298,-142,353,747
84.61435,144,1311,-1736,531,4292,-143,353,747
84.61485,144,1310,-1736,530,4268,-142,353,747
84.61535,143,1310,-1735,529,4240,-142,353,747
84.61585,144,1310,-1735,530,4234,-143,353,747
84.61635,143,1310,-1735,530,4237,-142,353,747
84.61685,144,1310,-1735,531,4243,-142,353,747
84.61735,144,1311,-1735,532,4246,-142,353,747
84.61785,144,1310,-1735,532,4246,-142,353,747
84.61835,144,1311,-1735,532,4249,-142,353,747
84.61885,143,1310,-1735,532,4250,-142,353,748
84.61935,144,1311,-1735,532,4247,-142,353,747
84.61985,144,1310,-1735,531,4252,-142,353,747
84.62035,144,1310,-1735,532,4252,-142,353,747
84.62085,144,1310,-1736,532,4257,-142,353,747
84.62135,144,1310,-1736,531,4261,-141,353,747
84.62185,144,1310,-1736,531,4262,-142,353,747
84.62235,144,1310,-1736,531,4263,-142,353,747
84.62285,144,1310,-1736,531,4280,-142,353,747
84.62335,144,1310,-1735,531,4315,-142,352,747
84.62385,144,1310,-1735,531,4312,-142,353,747
84.62435,144,1310,-1735,530,4303,-142,353,747
84.62485,144,1310,-1736,531,4274,-142,353,747
84.62535,144,1311,-1736,531,4245,-142,353,747
84.62585,144,1311,-1736,531,4239,-142,353,747
84.62635,144,1310,-1735,532,4242,-142,353,747
84.62685,144,1310,-1735,531,4247,-142,353,747
84.62735,144,1311,-1736,531,4251,-142,353,747
84.62785,144,1310,-1736,531,4251,-142,353,747
84.62835,144,1310,-1736,532,4253,-142,353,747
84.62885,144,1310,-1736,531,4255,-142,353,747
84.62935,144,1310,-1736,531,4255,-142,353,747
84.62985,144,1310,-1737,532,4256,-142,353,747
84.63035,144,1310,-1736,532,4255,-142,353,747
84.63085,144,1310,-1736,533,4253,-142,353,747
84.63135,143,1310,-1736,532,4257,-142,353,747
84.63185,143,1310,-1735,532,4258,-142,353,747
84.63235,143,1310,-1735,533,4260,-142,353,747
84.63285,144,1310,-1735,532,4278,-142,352,748
84.63335,144,1310,-1735,532,4313,-142,353,747
84.63385,144,1310,-1735,531,4315,-142,353,747
84.63435,144,1310,-1735,530,4302,-142,353,747
84.63485,144,1310,-1735,530,4273,-142,353,747
84.63535,144,1310,-1735,530,4247,-142,353,747
84.63585,144,1310,-1736,531,4242,-142,353,747
84.63635,144,1310,-1736,533,4245,-142,353,747
84.63685,144,1310,-1736,533,4252,-142,353,747
84.63735,144,1310,-1737,533,4254,-142,353,747
84.63785,144,1310,-1737,533,4255,-142,353,747
84.63835,144,1310,-1738,533,4258,-142,354,747
84.63885,144,1310,-1738,532,4260,-142,353,747
84.63935,144,1310,-1737,532,4258,-142,353,747
84.63985,144,1310,-1736,532,4257,-142,353,747
84.64035,144,1310,-1736,533,4258,-142,353,747
84.64085,144,1310,-1737,533,4265,-142,353,747
84.64135,144,1310,-1736,533,4269,-142,353,747
84.64185,144,1310,-1734,532,4271,-142,353,747
84.64235,144,1310,-1734,531,4270,-142,353,747
84.64285,144,1310,-1734,531,4288,-142,352,747
84.64335,144,1310,-1734,529,4318,-141,352,747
84.64385,144,1310,-1734,529,4314,-142,353,747
84.64435,144,1310,-1734,529,4304,-142,353,747
84.64485,144,1310,-1735,529,4272,-142,353,747
84.64535,144,1310,-1735,530,4244,-142,353,747
84.64585,144,1310,-1735,531,4239,-142,353,747
84.64635,144,1310,-1735,532,4244,-142,353,747
84.64685,144,1310,-1735,532,4251,-142,353,747
84.64735,144,1310,-1736,533,4255,-142,353,748
84.64785,144,1310,-1736,533,4256,-142,353,747
84.64835,144,1310,-1736,533,4261,-141,353,747
84.64885,144,1310,-1736,533,4259,-142,353,747
84.64935,144,1309,-1737,534,4259,-141,354,747
84.64985,144,1310,-1737,533,4260,-142,354,747
84.65035,144,1310,-1737,531,4259,-142,353,747
84.65085,144,1310,-1736,531,4264,-142,353,748
84.65135,144,1310,-1735,531,4267,-141,353,747
84.65185,144,1310,-1735,531,4273,-142,353,747
84.65235,144,1310,-1735,530,4270,-141,353,747
84.65285,144,1310,-1735,531,4292,-141,353,747
84.65335,144,1310,-1735,532,4317,-141,353,747
84.65385,144,1310,-1735,532,4311,-142,353,747
84.65435,144,1309,-1736,532,4304,-142,353,747
84.65485,144,1310,-1735,533,4274,-142,353,747
84.65535,144,1310,-1735,533,4253,-141,353,747
84.65585,144,1310,-1736,532,4250,-142,353,747
84.65635,143,1310,-1735,529,4252,-141,353,747
84.65685,144,1310,-1736,528,4258,-142,353,747
84.65735,144,1310,-1736,527,4258,-141,353,747
84.65785,144,1310,-1737,528,4258,-142,353,747
84.65835,144,1310,-1737,529,4258,-142,353,747
84.65885,144,1310,-1737,530,4258,-142,353,747
84.65935,144,1310,-1736,531,4254,-141,352,747
84.65985,144,1310,-1735,531,4253,-141,353,747
84.66035,144,1310,-1735,532,4256,-141,353,747
84.66085,144,1310,-1735,531,4262,-141,353,747
84.66135,144,1310,-1735,531,4266,-142,353,747
84.66185,144,1310,-1734,531,4268,-141,353,747
84.66235,144,1310,-1734,531,4265,-141,353,747
84.66285,144,1310,-1735,531,4290,-142,352,747
84.66335,144,1310,-1735,531,4313,-141,352,747
84.66385,144,1310,-1735,530,4307,-142,353,747
84.66435,144,1310,-1735,531,4294,-141,353,747
84.66485,144,1310,-1735,530,4261,-142,353,747
84.66535,145,1310,-1735,530,4241,-141,353,747
84.66585,144,1310,-1735,531,4239,-142,353,747
84.66635,145,1310,-1735,531,4243,-141,353,747
84.66685,145,1309,-1736,532,4250,-142,354,747
84.66735,145,1310,-1735,531,4254,-142,354,747
84.66785,145,1310,-1735,531,4254,-141,354,747
84.66835,145,1310,-1736,531,4257,-142,354,747
84.66885,145,1309,-1736,531,4259,-141,354,747
84.66935,145,1310,-1736,531,4260,-142,354,747
84.66985,145,1309,-1736,532,4262,-142,354,747
84.67035,145,1310,-1736,532,4262,-141,354,747
84.67085,145,1310,-1736,532,4261,-142,354,747
84.67135,144,1310,-1736,532,4266,-141,354,747
84.67185,144,1310,-1736,532,4267,-142,355,747
84.67235,144,1310,-1735,531,4268,-141,354,747
84.67285,143,1310,-1734,532,4300,-141,354,747
84.67335,143,1310,-1735,532,4320,-141,353,747
84.67395,143,1310,-1735,532,4313,-141,353,747
84.67445,143,1310,-1736,532,4300,-141,353,747
84.67495,143,1310,-1736,531,4264,-142,353,747
84.67545,143,1310,-1736,531,4246,-141,352,747
84.67595,143,1310,-1736,531,4243,-141,352,747
84.67645,143,1310,-1735,531,4246,-141,352,747
84.67695,143,1310,-1735,531,4251,-142,352,747
84.67745,143,1310,-1735,531,4250,-141,353,747
84.67795,143,1310,-1735,531,4250,-142,352,747
84.67845,143,1310,-1734,530,4253,-141,352,747
84.67895,143,1310,-1734,530,4253,-141,352,747
84.67945,143,1311,-1734,531,4248,-141,353,747
84.67995,143,1310,-1735,530,4247,-141,352,747
84.68045,143,1311,-1735,531,4249,-142,352,747
84.68095,143,1310,-1736,531,4255,-141,352,747
84.68145,144,1310,-1736,531,4260,-142,352,747
84.68195,144,1309,-1736,531,4262,-141,352,747
84.68245,144,1310,-1736,531,4262,-141,353,747
84.68295,144,1310,-1735,532,4294,-142,352,748
84.68345,144,1310,-1736,531,4313,-142,353,747
84.68395,145,1310,-1736,532,4310,-142,353,746
84.68445,144,1310,-1736,531,4293,-142,353,747
84.68495,144,1310,-1735,531,4259,-141,353,747
84.68545,144,1310,-1736,532,4237,-141,353,747
84.68595,144,1310,-1736,532,4237,-141,353,747
84.68645,144,1310,-1736,532,4244,-142,352,747
84.68695,144,1310,-1735,532,4250,-141,353,747
84.68745,144,1310,-1735,532,4255,-142,353,747
84.68795,145,1310,-1736,532,4256,-142,353,747
84.68845,144,1310,-1735,532,4259,-142,353,747
84.68895,144,1310,-1736,532,4262,-142,353,747
84.68945,143,1310,-1736,533,4263,-141,353,748
84.68995,143,1310,-1736,533,4264,-141,353,747
84.69045,143,1310,-1736,533,4265,-141,353,748
84.69095,143,1310,-1736,534,4264,-141,353,747
84.69145,143,1310,-1736,534,4267,-141,353,748
84.69195,144,1310,-1736,533,4265,-141,353,747
84.69245,143,1310,-1737,533,4271,-141,353,747
84.69295,144,1310,-1737,533,4303,-141,352,747
84.69345,144,1310,-1738,533,4310,-141,352,747
84.69395,144,1310,-1737,532,4303,-141,353,747
84.69445,144,1310,-1737,532,4289,-141,353,747
84.69495,144,1310,-1735,531,4255,-141,354,747
84.69545,143,1310,-1735,530,4242,-141,353,747
84.69595,143,1310,-1734,529,4240,-141,353,747
84.69645,143,1310,-1734,528,4243,-141,352,747
84.69695,144,1310,-1735,528,4248,-141,352,747
84.69745,143,1310,-1734,529,4248,-141,353,747
84.69795,144,1310,-1735,529,4248,-141,353,747
84.69845,144,1310,-1735,530,4250,-141,353,747
84.69895,144,1310,-1735,530,4251,-141,353,747
84.69945,144,1310,-1735,530,4248,-142,353,747
84.69995,144,1310,-1735,530,4249,-142,353,747
84.70045,144,1310,-1735,530,4252,-141,353,747
84.70095,144,1310,-1735,530,4259,-142,352,747
84.70145,143,1310,-1735,530,4262,-141,352,747
84.70195,144,1310,-1736,530,4264,-141,353,747
84.70245,143,1310,-1736,530,4269,-141,352,747
84.70295,143,1310,-1736,531,4307,-141,352,747
84.70345,143,1310,-1736,531,4314,-142,352,747
84.70395,143,1310,-1735,531,4307,-141,352,747
84.70445,143,1310,-1735,531,4289,-142,353,747
84.70495,143,1310,-1736,531,4255,-141,353,747
84.70545,144,1310,-1736,531,4243,-141,353,747
84.70595,144,1310,-1735,531,4243,-141,353,747
84.70645,144,1310,-1735,531,4248,-141,353,747
84.70695,144,1310,-1735,531,4253,-142,353,747
84.70745,144,1310,-1735,531,4255,-141,353,747
84.70795,144,1309,-1735,531,4254,-141,353,747
84.70845,144,1310,-1735,531,4254,-142,353,747
84.70895,144,1310,-1735,531,4255,-141,353,747
84.70945,144,1310,-1735,531,4256,-141,353,747
84.70995,144,1310,-1735,530,4257,-141,353,748
84.71045,144,1310,-1735,530,4257,-141,352,747
84.71095,144,1310,-1735,530,4259,-141,353,747
84.71145,144,1310,-1735,531,4259,-141,352,747
84.71195,144,1310,-1735,531,4257,-141,352,748
84.71245,144,1310,-1735,531,4265,-141,352,748
84.71295,143,1310,-1735,531,4308,-141,352,748
84.71345,144,1309,-1736,531,4312,-141,353,748
84.71395,144,1310,-1736,531,4302,-141,353,748
84.71445,144,1310,-1736,531,4280,-141,353,748
84.71495,144,1310,-1735,531,4246,-142,353,747
84.71545,144,1310,-1735,532,4236,-141,353,747
84.71595,144,1310,-1735,532,4232,-141,353,747
84.71645,144,1310,-1735,533,4237,-141,353,747
84.71695,144,1310,-1736,533,4242,-141,354,747
84.71745,144,1310,-1735,532,4243,-141,353,747
84.71795,144,1310,-1735,531,4244,-141,353,747
84.71845,144,1310,-1735,531,4248,-141,353,747
84.71895,144,1310,-1736,531,4246,-141,353,747
84.71945,143,1310,-1736,532,4245,-141,353,747
84.71995,143,1310,-1736,532,4245,-141,353,747
84.72045,143,1310,-1736,533,4250,-141,353,747
84.72095,143,1310,-1735,533,4256,-141,353,747
84.72145,144,1310,-1735,532,4262,-141,353,747
84.72195,144,1310,-1735,530,4263,-141,353,748
84.72245,144,1310,-1735,530,4270,-141,353,748
84.722946,144,1310,-1735,530,4312,-141,352,748
84.72345,143,1310,-1735,531,4314,-141,353,748
84.72395,144,1310,-1736,531,4304,-141,353,748
84.72445,144,1310,-1736,531,4279,-142,353,747
84.72495,144,1310,-1735,532,4243,-141,353,747
84.72545,144,1310,-1736,532,4227,-141,353,748
84.72595,144,1310,-1736,532,4229,-141,353,747
84.72645,144,1310,-1735,531,4242,-141,353,747
84.72695,143,1310,-1735,530,4244,-141,353,747
84.72745,144,1310,-1736,530,4244,-142,353,747
84.72795,144,1310,-1736,529,4243,-142,352,747
84.72845,144,1310,-1737,529,4244,-141,353,747
84.72895,144,1310,-1736,530,4246,-142,353,747
84.72945,144,1310,-1736,530,4246,-141,353,747
84.72995,143,1310,-1735,530,4245,-141,353,747
84.73045,143,1310,-1734,530,4241,-141,353,747
84.73095,144,1310,-1734,530,4244,-142,353,747
84.73145,144,1310,-1735,530,4246,-141,353,747
84.73195,144,1310,-1735,531,4246,-142,353,747
84.73245,144,1310,-1735,531,4259,-141,352,748
84.73295,144,1310,-1735,531,4295,-141,352,747
84.73345,144,1310,-1735,531,4297,-141,353,747
84.73395,143,1310,-1735,531,4287,-141,353,747
84.73445,144,1310,-1735,530,4261,-142,353,747
84.73495,144,1310,-1735,531,4233,-142,353,748
84.73555,144,1309,-1735,531,4227,-141,353,747
84.73605,144,1310,-1736,530,4232,-142,353,748
84.73655,144,1310,-1736,530,4235,-141,353,747
84.73705,144,1310,-1735,531,4242,-142,353,747
84.73755,144,1310,-1736,531,4238,-142,353,747
84.73805,144,1310,-1735,532,4237,-142,353,747
84.73855,144,1310,-1735,532,4240,-141,353,748
84.73905,144,1310,-1735,531,4242,-141,353,747
84.73955,144,1310,-1735,531,4242,-142,353,747
84.74005,144,1310,-1735,531,4238,-142,353,747
84.74055,144,1310,-1735,531,4237,-141,353,748
84.74105,145,1310,-1735,531,4243,-142,353,748
84.74155,145,1310,-1735,531,4249,-141,353,747
84.74205,145,1310,-1736,532,4250,-142,353,747
84.74255,144,1310,-1736,532,4257,-141,352,747
84.74305,145,1310,-1736,532,4291,-141,352,748
84.74355,144,1310,-1736,531,4290,-142,352,747
84.74405,145,1310,-1736,531,4285,-142,353,748
84.74455,144,1310,-1735,531,4255,-142,353,747
84.74505,145,1310,-1735,531,4228,-142,353,747
84.74555,144,1310,-1735,531,4218,-141,353,747
84.74605,145,1310,-1735,531,4216,-141,353,747
84.74655,144,1310,-1735,531,4221,-142,353,747
84.74705,145,1310,-1735,531,4226,-142,353,747
84.74755,144,1310,-1735,531,4228,-142,353,747
84.74805,145,1310,-1735,531,4228,-142,353,747
84.74855,144,1310,-1736,532,4229,-142,353,747
84.74905,144,1310,-1735,531,4231,-142,353,747
84.74955,144,1310,-1736,532,4233,-142,353,747
84.75005,144,1310,-1735,531,4234,-142,352,748
84.75055,143,1310,-1736,531,4235,-141,353,747
84.75105,143,1310,-1735,531,4238,-142,353,747
84.75155,143,1310,-1735,532,4238,-142,353,747
84.75205,143,1310,-1735,531,4236,-142,353,748
84.75255,143,1310,-1735,532,4253,-141,352,748
84.75305,143,1310,-1735,532,4294,-142,353,748
84.75355,143,1310,-1736,532,4293,-141,353,747
84.75405,143,1310,-1735,532,4281,-142,353,748
84.75455,144,1310,-1735,531,4249,-141,353,747
84.75505,144,1310,-1735,531,4225,-142,353,748
84.75555,144,1310,-1734,531,4217,-142,353,747
84.75605,144,1310,-1735,531,4222,-142,352,748
84.75655,143,1310,-1736,531,4224,-142,353,747
84.75705,143,1310,-1736,531,4229,-142,353,747
84.75755,144,1310,-1737,531,4225,-142,353,747
84.75805,143,1310,-1737,531,4225,-142,353,747
84.75855,143,1310,-1737,531,4227,-142,353,747
84.75905,144,1310,-1737,531,4224,-142,353,747
84.75955,144,1310,-1737,530,4222,-142,353,747
84.76005,144,1310,-1737,531,4222,-142,353,748
84.76055,144,1310,-1737,532,4230,-142,353,747
84.76105,144,1310,-1737,532,4238,-142,353,748
84.76155,143,1310,-1736,532,4238,-142,353,747
84.76205,144,1310,-1735,532,4239,-142,353,747
84.76255,144,1310,-1735,532,4250,-142,352,747
84.76305,144,1310,-1735,532,4280,-142,352,747
84.76355,144,1310,-1736,532,4277,-142,352,747
84.76405,144,1310,-1736,532,4269,-142,353,747
84.76455,145,1310,-1737,532,4240,-142,353,747
84.76505,144,1310,-1737,532,4210,-142,353,747
84.76555,145,1310,-1737,533,4204,-142,353,747
84.76605,145,1310,-1735,532,4210,-142,353,747
84.76655,144,1310,-1734,532,4218,-142,353,747
84.76705,145,1310,-1733,531,4224,-142,353,747
84.76755,145,1310,-1734,531,4225,-142,353,747
84.76805,144,1310,-1734,530,4225,-142,353,747
84.76855,144,1310,-1734,530,4227,-141,352,747
84.76905,144,1310,-1734,530,4229,-141,353,748
84.76955,144,1310,-1735,531,4230,-142,352,747
84.77005,144,1310,-1735,531,4234,-141,353,747
84.77055,144,1310,-1735,531,4230,-141,353,747
84.77105,144,1310,-1735,531,4232,-142,352,747
84.77155,144,1310,-1735,531,4235,-142,353,747
84.77205,144,1310,-1735,531,4236,-141,353,747
84.77255,145,1310,-1736,531,4256,-141,352,748
84.77305,145,1310,-1737,531,4285,-142,352,747
84.77355,145,1310,-1736,531,4285,-142,353,747
84.77405,145,1310,-1737,532,4273,-142,353,747
84.77455,145,1310,-1737,531,4242,-142,353,747
84.77505,144,1310,-1737,532,4216,-141,353,747
84.77555,145,1310,-1736,532,4212,-142,353,747
84.77605,145,1310,-1736,532,4214,-141,353,747
84.77655,145,1310,-1736,532,4220,-142,353,747
84.77705,144,1310,-1735,532,4222,-142,353,747
84.77755,144,1310,-1735,532,4222,-141,353,747
84.77805,145,1310,-1735,531,4220,-142,353,748
84.77855,145,1310,-1735,532,4222,-142,353,747
84.77905,145,1310,-1736,533,4226,-142,353,747
84.77955,144,1310,-1735,533,4218,-142,352,747
84.78005,144,1310,-1736,533,4215,-142,353,747
84.78055,143,1310,-1736,531,4216,-142,353,747
84.78105,143,1310,-1735,531,4222,-142,353,747
84.78155,143,1310,-1735,530,4226,-142,352,747
84.78205,143,1310,-1735,530,4226,-142,352,747
84.78255,143,1310,-1736,531,4252,-142,352,747
84.78305,144,1310,-1736,532,4280,-142,352,748
84.78355,144,1310,-1736,532,4276,-142,352,748
84.78405,144,1310,-1736,532,4271,-142,353,748
84.78455,144,1310,-1736,532,4240,-142,353,747
84.78505,143,1310,-1736,533,4216,-142,353,748
84.78555,144,1310,-1736,533,4209,-142,353,748
84.78605,144,1310,-1736,533,4216,-142,353,748
84.78655,144,1310,-1736,533,4223,-142,353,748
84.78705,144,1310,-1735,533,4225,-142,353,748
84.78755,144,1310,-1736,532,4227,-142,353,748
84.78805,144,1310,-1735,531,4228,-142,353,748
84.78855,144,1310,-1735,531,4230,-142,353,748
84.78905,144,1310,-1735,531,4231,-142,353,748
84.78955,144,1310,-1735,531,4232,-142,352,748
84.79005,144,1310,-1736,531,4233,-142,353,748
84.79055,144,1310,-1736,530,4232,-142,353,747
84.79105,145,1310,-1735,530,4229,-142,352,747
84.79155,145,1310,-1736,531,4227,-142,352,748
84.79205,145,1310,-1736,531,4225,-142,352,747
84.79255,145,1310,-1735,532,4257,-142,352,748
84.79305,145,1310,-1735,532,4281,-142,353,748
84.79355,145,1310,-1735,531,4277,-142,353,748
84.79405,145,1310,-1735,531,4266,-142,353,748
84.79455,145,1310,-1735,531,4233,-142,353,747
84.79505,145,1310,-1735,531,4210,-142,353,747
84.79555,145,1310,-1735,531,4203,-142,353,748
84.79605,145,1310,-1735,531,4205,-142,352,748
84.79655,145,1310,-1735,531,4215,-142,353,748
84.79715,145,1310,-1734,531,4216,-142,353,748
84.79765,145,1310,-1736,531,4216,-142,353,747
84.79815,145,1310,-1735,531,4217,-142,353,748
84.79865,144,1310,-1736,532,4215,-142,352,748
84.79915,144,1310,-1736,532,4216,-142,353,747
84.79965,143,1310,-1737,531,4217,-142,353,748
84.80015,143,1311,-1736,532,4215,-142,353,747
84.80065,143,1311,-1736,532,4225,-142,353,748
84.80115,143,1310,-1736,532,4228,-142,353,748
84.80165,143,1311,-1736,532,4235,-142,353,748
84.80215,143,1310,-1736,531,4236,-142,353,748
84.80265,144,1310,-1736,532,4264,-142,352,748
84.80315,144,1310,-1736,531,4285,-142,353,748
84.80365,144,1310,-1736,532,4278,-142,352,748
84.80415,144,1310,-1736,531,4265,-142,353,747
84.80465,144,1310,-1736,531,4230,-142,353,747
84.80515,144,1311,-1736,532,4204,-142,353,747
84.80565,144,1310,-1736,532,4202,-142,353,748
84.80615,144,1310,-1736,532,4210,-142,352,748
84.80665,144,1310,-1736,532,4222,-142,353,747
84.80715,144,1310,-1736,531,4227,-143,352,748
84.80765,144,1310,-1735,532,4221,-142,353,748
84.80815,144,1310,-1736,532,4223,-142,352,748
84.80865,144,1310,-1735,532,4226,-142,353,747
84.80915,144,1310,-1736,532,4225,-142,352,748
84.80965,144,1310,-1736,532,4222,-142,353,748
84.81015,144,1310,-1736,532,4224,-142,353,747
84.81065,145,1310,-1737,532,4223,-142,352,748
84.81115,144,1310,-1736,532,4222,-142,353,748
84.81165,144,1310,-1735,532,4226,-142,353,748
84.81215,144,1310,-1735,532,4228,-142,353,748
84.81265,144,1310,-1735,533,4260,-142,352,748
84.81315,144,1310,-1735,531,4274,-142,352,747
84.81365,145,1310,-1735,531,4266,-142,352,747
84.81415,145,1310,-1735,531,4250,-142,352,747
84.81465,144,1310,-1735,531,4216,-142,353,747
84.81515,145,1310,-1735,532,4200,-142,353,747
84.81565,144,1310,-1736,532,4200,-143,352,747
84.81615,144,1310,-1736,532,4205,-142,352,748
84.81665,144,1310,-1736,531,4214,-142,352,747
84.81715,144,1310,-1736,531,4222,-142,353,747
84.81765,144,1310,-1736,531,4219,-142,353,747
84.81815,144,1310,-1736,531,4216,-142,353,747
84.81865,144,1310,-1736,531,4219,-142,352,748
84.81915,143,1310,-1736,532,4221,-143,353,748
84.81965,143,1310,-1736,531,4224,-142,353,747
84.82015,143,1310,-1736,531,4224,-142,353,747
84.82065,144,1310,-1736,531,4220,-142,353,747
84.82115,143,1310,-1736,531,4226,-142,352,747
84.82165,144,1310,-1736,532,4231,-142,352,747
84.82215,144,1310,-1735,532,4236,-142,352,748
84.82265,144,1310,-1736,532,4275,-142,352,748
84.82315,144,1310,-1736,531,4293,-142,352,747
84.82365,144,1310,-1735,531,4286,-142,352,748
84.82415,144,1310,-1736,531,4265,-143,353,748
84.82465,144,1310,-1736,530,4233,-143,353,747
84.82515,144,1310,-1735,531,4219,-142,353,747
84.82565,144,1310,-1736,531,4213,-143,353,747
84.82615,144,1310,-1736,531,4215,-142,353,747
84.82665,144,1310,-1736,532,4222,-142,353,747
84.82715,144,1310,-1736,532,4226,-143,352,747
84.82765,144,1310,-1736,532,4229,-142,353,747
84.82815,144,1310,-1736,532,4229,-142,352,748
84.82865,144,1310,-1736,532,4231,-142,352,747
84.82915,144,1310,-1737,532,4236,-143,353,747
84.82965,144,1310,-1737,532,4233,-142,353,747
84.83015,144,1310,-1737,532,4231,-143,352,747
84.83065,144,1310,-1736,532,4232,-143,352,748
84.83115,144,1310,-1735,531,4230,-143,353,747
84.83165,144,1310,-1735,532,4235,-143,352,747
84.83215,144,1310,-1736,532,4238,-143,353,748
84.83265,144,1310,-1736,533,4275,-143,352,748
84.83315,144,1310,-1736,532,4290,-142,353,747
84.83365,144,1310,-1735,532,4285,-143,353,747
84.83415,144,1310,-1735,531,4261,-143,353,747
84.83465,144,1310,-1735,531,4225,-143,353,747
84.83515,144,1310,-1736,532,4214,-143,353,747
84.83565,144,1310,-1735,532,4214,-143,352,748
84.83615,144,1310,-1735,532,4219,-143,352,747
84.83665,144,1310,-1736,532,4228,-143,352,747
84.83715,144,1310,-1736,532,4223,-143,353,747
84.83765,144,1310,-1735,532,4225,-143,353,747
84.83815,144,1310,-1736,532,4228,-143,352,747
84.83865,144,1310,-1736,532,4229,-142,353,747
84.83915,144,1310,-1736,532,4231,-142,353,748
84.83965,144,1310,-1736,531,4232,-142,353,747
84.84015,144,1310,-1736,531,4232,-142,352,747
84.84065,144,1310,-1736,531,4229,-143,352,748
84.84115,144,1310,-1736,531,4229,-142,353,747
84.84165,144,1310,-1736,532,4238,-142,352,747
84.84215,144,1310,-1736,532,4242,-142,352,748
84.84265,144,1310,-1736,532,4281,-142,352,748
84.84315,144,1310,-1736,532,4290,-143,353,747
84.84365,144,1310,-1735,531,4283,-142,352,747
84.84415,144,1310,-1736,530,4256,-142,353,747
84.84465,144,1310,-1736,530,4220,-142,353,747
84.845146,144,1310,-1736,530,4209,-143,353,748
84.84565,144,1310,-1736,531,4214,-143,352,747
84.84615,144,1310,-1735,531,4226,-143,353,747
84.84665,144,1310,-1736,531,4228,-143,352,748
84.84715,144,1310,-1736,531,4228,-143,353,747
84.84765,144,1310,-1736,531,4233,-143,352,747
84.84815,144,1310,-1736,531,4230,-143,353,747
84.84865,145,1310,-1736,532,4231,-142,353,747
84.84915,145,1310,-1736,531,4233,-143,353,747
84.84965,145,1310,-1736,532,4236,-143,353,747
84.85015,145,1310,-1737,532,4238,-143,353,747
84.85065,144,1310,-1737,532,4238,-142,353,747
84.85115,145,1310,-1737,532,4239,-143,353,747
84.85165,144,1310,-1737,532,4243,-143,353,747
84.85215,145,1310,-1736,532,4251,-143,352,747
84.85265,145,1310,-1736,532,4291,-142,352,747
84.85315,145,1310,-1735,531,4293,-143,353,747
84.85365,144,1310,-1735,531,4287,-143,352,747
84.85415,144,1310,-1735,531,4266,-143,353,747
84.85465,145,1310,-1735,531,4237,-143,352,747
84.85515,144,1310,-1735,531,4229,-142,353,747
84.85565,145,1310,-1735,531,4230,-143,352,747
84.85615,145,1310,-1736,531,4236,-143,353,747
84.85665,145,1310,-1736,531,4241,-143,353,747
84.85715,145,1310,-1736,531,4242,-142,353,748
84.85765,145,1310,-1736,531,4242,-143,353,747
84.85815,144,1310,-1736,531,4243,-143,353,747
84.85865,144,1310,-1736,532,4240,-143,352,747
84.85925,144,1310,-1736,532,4238,-143,353,747
84.85975,144,1310,-1736,532,4235,-143,353,747
84.86025,144,1310,-1736,532,4234,-143,353,747
84.86075,144,1310,-1736,531,4236,-143,352,747
84.86125,144,1310,-1736,531,4240,-143,352,748
84.86175,144,1310,-1736,531,4244,-142,352,747
84.86225,144,1310,-1736,532,4260,-142,352,748
84.86275,144,1310,-1736,532,4295,-143,352,748
84.86325,143,1310,-1736,531,4298,-143,352,748
84.86375,144,1310,-1735,531,4291,-143,353,747
84.86425,144,1310,-1736,531,4264,-143,353,747
84.86475,144,1310,-1736,531,4229,-143,353,747
84.86525,144,1310,-1736,532,4222,-143,353,747
84.86575,144,1310,-1736,531,4224,-142,352,748
84.86625,144,1310,-1736,531,4230,-143,353,747
84.86675,144,1310,-1736,532,4242,-143,353,748
84.86725,144,1310,-1736,532,4244,-142,353,747
84.86775,144,1310,-1736,532,4248,-143,353,748
84.86825,144,1310,-1736,531,4246,-143,353,747
84.86875,144,1310,-1735,532,4250,-143,352,747
84.86925,144,1310,-1735,531,4249,-143,353,747
84.86975,144,1310,-1735,531,4249,-143,352,747
84.87025,144,1310,-1735,531,4251,-143,353,747
84.87075,144,1310,-1736,531,4252,-143,353,747
84.87125,144,1310,-1736,532,4251,-143,352,748
84.87175,143,1310,-1736,532,4255,-143,352,747
84.87225,144,1310,-1736,532,4272,-142,352,748
84.87275,144,1310,-1736,532,4307,-143,352,748
84.87325,144,1310,-1736,531,4312,-142,352,747
84.87375,144,1310,-1736,531,4304,-143,353,747
84.87425,144,1310,-1736,531,4273,-143,352,747
84.87475,144,1311,-1736,531,4242,-143,353,747
84.87525,144,1310,-1736,531,4236,-143,353,747
84.87575,144,1310,-1736,531,4237,-143,352,747
84.87625,144,1310,-1736,532,4242,-142,353,748
84.87675,144,1310,-1736,532,4245,-143,353,747
84.87725,144,1310,-1736,531,4249,-143,352,748
84.87775,144,1310,-1736,531,4248,-143,353,747
84.87825,144,1310,-1736,532,4251,-143,353,747
84.87875,144,1310,-1736,532,4246,-143,352,747
84.87925,144,1310,-1736,531,4245,-143,353,747
84.87975,144,1310,-1736,531,4242,-143,353,747
84.88025,144,1310,-1736,531,4240,-143,353,747
84.88075,144,1310,-1736,531,4240,-143,353,747
84.88125,144,1310,-1735,531,4243,-143,353,747
84.88175,144,1310,-1736,531,4248,-143,353,747
84.88225,144,1310,-1736,532,4264,-143,352,747
84.88275,144,1310,-1736,532,4302,-142,352,747
84.88325,144,1310,-1736,531,4301,-142,353,747
84.88375,144,1310,-1736,532,4293,-143,352,747
84.88425,144,1310,-1736,531,4267,-143,353,747
84.88475,144,1311,-1736,531,4237,-143,353,747
84.88525,144,1310,-1736,532,4229,-143,353,747
84.88575,144,1311,-1736,532,4235,-143,353,748
84.88625,144,1310,-1736,532,4244,-143,353,748
84.88675,144,1310,-1737,532,4253,-143,353,747
84.88725,144,1310,-1737,531,4257,-143,352,747
84.88775,144,1310,-1737,531,4252,-143,352,747
84.88825,144,1310,-1736,531,4251,-143,353,747
84.88875,144,1310,-1737,532,4253,-143,352,747
84.88925,144,1310,-1737,532,4255,-143,352,748
84.88975,144,1310,-1737,532,4257,-143,352,747
84.89025,144,1310,-1736,531,4262,-143,353,748
84.89075,144,1310,-1735,531,4257,-143,352,747
84.89125,144,1310,-1735,532,4258,-143,353,747
84.89175,144,1310,-1735,532,4256,-143,352,747
84.89225,144,1310,-1735,533,4268,-143,352,748
84.89275,144,1310,-1736,533,4304,-143,352,748
84.89325,144,1310,-1736,532,4306,-143,353,747
84.89375,144,1310,-1736,533,4298,-143,353,748
84.89425,144,1310,-1736,532,4267,-143,353,747
84.89475,144,1310,-1735,531,4243,-143,353,748
84.89525,144,1310,-1736,531,4234,-143,353,747
84.89575,144,1310,-1735,530,4238,-143,353,747
84.89625,144,1310,-1735,530,4239,-143,353,747
84.89675,144,1310,-1736,530,4240,-143,352,747
84.89725,144,1310,-1736,531,4242,-143,352,747
84.89775,144,1310,-1736,531,4242,-143,352,747
84.89825,144,1310,-1736,531,4240,-143,353,747
84.89875,144,1310,-1736,531,4241,-143,353,747
84.89925,144,1310,-1736,531,4243,-142,353,747
84.89975,144,1310,-1736,531,4241,-143,353,747
84.90025,144,1310,-1735,532,4241,-142,353,747
84.90075,144,1310,-1736,532,4243,-143,353,748
84.90125,144,1310,-1736,532,4247,-143,353,748
84.90175,144,1310,-1736,532,4255,-143,353,747
84.90225,144,1310,-1736,533,4276,-143,352,748
84.90275,144,1310,-1736,533,4305,-143,352,748
84.90325,144,1310,-1736,533,4305,-143,353,747
84.90375,144,1310,-1736,532,4296,-143,353,748
84.90425,144,1310,-1736,532,4261,-143,353,747
84.90475,144,1310,-1736,531,4240,-143,353,747
84.90525,144,1310,-1735,531,4234,-143,353,748
84.90575,144,1310,-1736,530,4235,-143,353,747
84.90625,144,1310,-1736,530,4246,-143,352,747
84.90675,144,1310,-1736,530,4246,-143,352,747
84.90725,144,1310,-1736,530,4247,-143,352,747
84.90775,144,1310,-1736,531,4248,-143,352,748
84.90825,145,1310,-1736,531,4248,-143,353,747
84.90875,145,1310,-1736,532,4253,-143,353,748
84.90925,145,1310,-1736,532,4250,-143,353,747
84.90975,145,1310,-1736,532,4254,-143,353,747
84.91025,144,1310,-1736,532,4251,-143,353,747
84.91075,145,1310,-1736,531,4249,-143,352,747
84.91125,145,1310,-1736,531,4247,-143,353,747
84.91175,145,1310,-1736,530,4248,-143,353,747
84.91225,145,1310,-1736,531,4271,-143,352,747
84.91275,145,1310,-1736,531,4301,-143,352,747
84.91325,145,1310,-1736,531,4298,-143,353,747
84.91375,145,1310,-1736,531,4288,-143,352,747
84.91425,145,1310,-1736,531,4257,-143,353,747
84.91475,145,1310,-1736,532,4233,-143,353,747
84.91525,145,1310,-1736,531,4229,-143,353,747
84.91575,144,1310,-1736,531,4232,-143,353,747
84.91625,144,1311,-1736,531,4237,-143,353,747
84.91675,144,1311,-1736,531,4240,-143,353,747
84.91725,144,1311,-1736,531,4242,-143,353,748
84.91775,143,1310,-1736,531,4247,-143,353,747
84.91825,143,1311,-1736,531,4251,-143,353,747
84.91875,143,1311,-1736,531,4248,-143,353,747
84.91925,143,1310,-1736,531,4248,-143,353,747
84.91975,143,1310,-1736,531,4245,-143,353,747
84.92025,143,1311,-1736,531,4245,-143,353,747
84.92075,143,1310,-1736,532,4247,-143,353,747
84.92125,143,1310,-1736,532,4252,-143,352,747
84.92185,144,1310,-1736,532,4256,-143,353,748
84.92235,144,1310,-1736,532,4283,-143,352,748
84.92285,144,1310,-1736,532,4316,-143,352,748
84.92335,144,1310,-1736,532,4312,-143,352,748
84.92385,144,1310,-1736,531,4299,-143,353,748
84.92435,144,1310,-1736,531,4265,-143,353,747
84.92485,144,1310,-1736,531,4238,-143,353,747
84.92535,144,1310,-1736,531,4229,-143,352,748
84.92585,144,1311,-1736,531,4234,-143,353,748
84.92635,144,1310,-1736,531,4246,-143,352,748
84.92685,144,1310,-1736,531,4251,-143,353,748
84.92735,144,1310,-1736,531,4252,-143,353,748
84.92785,144,1310,-1736,531,4252,-143,352,748
84.92835,144,1310,-1736,531,4250,-143,353,748
84.92885,144,1310,-1736,532,4250,-143,353,747
84.92935,144,1310,-1736,531,4250,-143,353,748
84.92985,144,1310,-1736,531,4247,-143,353,748
84.93035,145,1310,-1736,532,4250,-143,353,748
84.93085,145,1310,-1736,532,4251,-143,353,748
84.93135,145,1310,-1736,531,4249,-143,353,748
84.93185,145,1310,-1736,531,4251,-143,353,748
84.93235,145,1310,-1736,531,4280,-142,352,748
84.93285,145,1310,-1736,531,4304,-143,353,748
84.93335,145,1310,-1736,531,4301,-143,353,747
84.93385,144,1310,-1736,531,4290,-143,353,747
84.93435,145,1310,-1736,531,4252,-143,353,748
84.93485,144,1310,-1736,531,4233,-143,353,747
84.93535,145,1310,-1736,531,4236,-143,353,747
84.93585,145,1310,-1736,531,4237,-143,353,747
84.93635,144,1310,-1735,531,4241,-143,353,748
84.93685,144,1310,-1736,531,4247,-143,353,748
84.93735,144,1310,-1736,531,4255,-143,353,747
84.93785,143,1310,-1736,531,4256,-143,353,748
84.93835,143,1310,-1736,531,4250,-143,353,748
84.93885,143,1310,-1736,531,4254,-143,352,747
84.93935,143,1310,-1736,531,4257,-143,353,748
84.93985,143,1310,-1736,532,4248,-143,353,748
84.94035,144,1310,-1736,531,4251,-143,353,747
84.94085,144,1310,-1736,532,4254,-143,353,748
84.94135,144,1310,-1736,532,4250,-143,353,748
84.94185,144,1310,-1736,532,4256,-143,352,748
84.94235,144,1310,-1736,533,4291,-142,352,748
84.94285,145,1310,-1735,532,4312,-143,352,748
84.94335,144,1310,-1736,532,4305,-143,352,747
84.94385,144,1310,-1736,532,4290,-143,353,748
84.94435,144,1310,-1736,532,4250,-143,353,747
84.94485,144,1310,-1736,532,4235,-143,353,748
84.94535,144,1310,-1736,532,4230,-143,353,747
84.94585,144,1310,-1735,532,4236,-143,353,748
84.94635,144,1310,-1736,531,4239,-143,353,747
84.94685,144,1310,-1736,531,4245,-142,353,748
84.94735,144,1310,-1736,531,4244,-143,353,748
84.94785,144,1310,-1736,531,4248,-143,353,748
84.94835,144,1310,-1736,531,4248,-142,353,748
84.94885,144,1310,-1736,530,4248,-143,352,748
84.94935,144,1310,-1736,530,4250,-143,353,748
84.94985,144,1310,-1736,530,4251,-143,352,748
84.95035,144,1309,-1736,530,4253,-143,352,748
84.95085,144,1310,-1736,531,4253,-143,352,747
84.95135,144,1310,-1736,531,4249,-143,353,747
84.95185,144,1310,-1736,532,4248,-142,353,748
84.95235,144,1310,-1736,532,4285,-142,353,748
84.95285,144,1310,-1736,531,4306,-143,353,748
84.95335,144,1309,-1736,531,4303,-143,353,748
84.95385,144,1310,-1736,531,4288,-143,353,747
84.95435,144,1309,-1736,531,4253,-143,353,747
84.95485,144,1310,-1736,531,4234,-143,353,747
84.95535,144,1309,-1736,531,4233,-143,353,747
84.95585,144,1309,-1736,531,4238,-143,353,748
84.95635,144,1310,-1736,531,4244,-143,353,747
84.95685,144,1309,-1736,531,4247,-142,353,747
84.95735,144,1310,-1736,531,4246,-143,353,747
84.95785,144,1309,-1736,531,4247,-143,353,747
84.95835,145,1309,-1736,531,4245,-143,352,748
84.95885,144,1310,-1736,531,4245,-142,353,747
84.95935,144,1310,-1736,531,4250,-143,353,747
84.95985,145,1309,-1736,531,4243,-143,353,748
84.96035,145,1309,-1736,531,4240,-143,353,747
84.96085,145,1309,-1736,531,4244,-143,353,747
84.96135,145,1309,-1736,531,4243,-143,353,748
84.96185,145,1309,-1735,531,4249,-143,353,747
84.96235,145,1309,-1736,532,4291,-143,352,748
84.96285,145,1309,-1736,531,4297,-143,352,747
84.96335,145,1309,-1736,531,4290,-143,352,747
84.96385,145,1309,-1736,531,4268,-143,353,747
84.96435,145,1309,-1736,531,4230,-143,353,747
84.96485,145,1310,-1736,531,4216,-143,353,747
84.96535,145,1309,-1736,531,4218,-143,353,747
84.96585,145,1309,-1736,531,4228,-143,353,748
84.96635,145,1309,-1736,531,4235,-143,353,747
84.96685,145,1309,-1736,531,4242,-143,353,747
84.96735,145,1310,-1736,532,4241,-143,353,747
84.96785,145,1309,-1736,531,4240,-143,353,747
84.96835,144,1310,-1736,531,4240,-143,353,747
84.96885,144,1310,-1736,531,4240,-143,353,748
84.96935,143,1310,-1736,531,4242,-143,353,747
84.96985,143,1310,-1735,531,4247,-143,352,747
84.97035,143,1310,-1736,531,4245,-142,353,748
84.97085,143,1310,-1736,531,4243,-143,353,747
84.97135,143,1310,-1736,531,4246,-142,353,747
84.97185,143,1310,-1736,532,4251,-143,353,748
84.97235,144,1310,-1736,532,4288,-142,352,748
84.97285,144,1309,-1736,532,4300,-143,352,748
84.97335,144,1309,-1736,532,4296,-143,353,748
84.97385,144,1309,-1736,531,4275,-143,353,747
84.97435,144,1309,-1736,531,4240,-143,353,747
84.97485,144,1309,-1737,531,4224,-143,353,747
84.97535,144,1309,-1736,531,4221,-143,353,747
84.97585,144,1309,-1736,531,4227,-143,353,747
84.97635,144,1309,-1736,531,4232,-143,353,747
84.97685,144,1309,-1736,531,4234,-143,353,747
84.97735,144,1309,-1736,531,4236,-143,353,748
84.97785,144,1309,-1736,531,4236,-143,353,747
84.97835,144,1309,-1736,530,4237,-143,353,747
84.97885,144,1310,-1736,531,4234,-143,352,747
84.97935,144,1309,-1736,531,4232,-143,353,747
84.97985,144,1309,-1736,530,4229,-143,353,747
84.98035,144,1309,-1736,531,4227,-143,352,748
84.98085,144,1309,-1736,531,4230,-143,352,747
84.98135,144,1310,-1736,531,4234,-143,352,747
84.98185,144,1310,-1736,532,4241,-143,352,748
84.98235,144,1309,-1736,531,4280,-143,352,748
84.98285,143,1310,-1736,532,4291,-143,352,747
84.98335,143,1310,-1736,532,4284,-142,352,748
84.98395,143,1310,-1736,532,4257,-143,353,747
84.98445,143,1310,-1735,532,4227,-143,352,747
84.98495,144,1309,-1735,532,4216,-143,352,747
84.98545,144,1310,-1735,531,4216,-143,352,747
84.98595,144,1309,-1735,531,4224,-143,352,747
84.98645,144,1310,-1736,532,4230,-143,353,747
84.98695,144,1310,-1736,533,4233,-143,353,748
84.98745,144,1310,-1736,532,4235,-143,353,747
84.98795,144,1309,-1736,531,4241,-143,353,747
84.98845,144,1309,-1736,531,4237,-143,353,748
84.98895,144,1310,-1736,530,4236,-143,352,747
84.98945,144,1309,-1736,530,4241,-143,353,747
84.98995,144,1309,-1736,531,4238,-142,353,747
84.99045,144,1309,-1737,531,4237,-143,352,747
84.99095,144,1310,-1736,532,4239,-143,353,747
84.99145,144,1309,-1737,532,4237,-142,352,747
84.99195,144,1309,-1737,532,4245,-143,353,747
84.99245,144,1310,-1738,533,4285,-143,352,747
84.99295,144,1309,-1738,533,4288,-143,352,747
84.99345,144,1309,-1737,532,4283,-143,353,747
84.99395,144,1310,-1737,532,4259,-143,353,747
84.99445,144,1309,-1736,532,4230,-143,353,747
84.99495,144,1309,-1736,532,4222,-143,353,747
84.99545,144,1309,-1736,532,4223,-143,353,747
84.99595,144,1309,-1736,531,4228,-143,353,747
84.99645,144,1309,-1736,531,4228,-143,352,747
84.99695,144,1310,-1736,531,4228,-143,353,747
84.99745,144,1310,-1736,530,4231,-143,352,747
84.99795,144,1309,-1736,531,4233,-143,353,747
84.99845,144,1309,-1736,531,4231,-143,353,747
84.99895,144,1310,-1736,531,4231,-143,352,747
84.99945,144,1309,-1736,531,4233,-143,353,747
84.99995,144,1310,-1736,531,4230,-143,353,747
85.00045,144,1309,-1736,531,4228,-143,352,747
85.00095,144,1309,-1736,531,4231,-143,352,747
85.00145,144,1310,-1736,531,4232,-143,353,747
85.00195,144,1309,-1736,531,4247,-143,352,748
85.00245,144,1309,-1736,532,4288,-143,352,747
85.00295,144,1310,-1736,531,4294,-143,353,747
85.00345,144,1310,-1736,531,4282,-143,352,747
85.00395,144,1310,-1736,531,4254,-143,353,747
85.00445,144,1310,-1736,531,4223,-143,353,747
85.00495,144,1309,-1735,531,4215,-143,353,747
85.00545,144,1310,-1736,531,4220,-143,353,747
85.00595,144,1310,-1736,531,4228,-143,353,747
85.00645,144,1310,-1736,531,4233,-143,353,747
85.00695,143,1309,-1736,531,4234,-143,352,747
85.00745,143,1309,-1736,532,4234,-143,352,747
85.00795,144,1310,-1736,532,4234,-143,352,747
85.00845,144,1309,-1736,532,4232,-143,353,747
85.00895,144,1310,-1736,531,4231,-143,352,747
85.00945,144,1310,-1736,532,4231,-143,352,747
85.00995,144,1310,-1736,531,4231,-143,352,747
85.01045,144,1310,-1736,532,4232,-143,353,747
85.01095,144,1309,-1736,531,4231,-143,353,747
85.01145,144,1309,-1736,531,4226,-143,353,747
85.01195,144,1309,-1736,531,4242,-143,352,747
85.01245,144,1309,-1736,532,4278,-143,352,748
85.01295,144,1310,-1736,531,4278,-143,353,747
85.01345,144,1309,-1736,531,4275,-143,352,747
85.01395,144,1310,-1736,531,4245,-143,353,747
85.01445,144,1310,-1736,531,4215,-143,352,747
85.01495,144,1310,-1736,531,4209,-143,353,747
85.01545,143,1309,-1736,532,4212,-143,352,747
85.01595,144,1310,-1736,532,4218,-143,353,747
85.01645,144,1309,-1737,532,4225,-143,353,747
85.01695,144,1310,-1736,532,4228,-143,353,747
85.01745,144,1310,-1737,532,4232,-142,353,747
85.01795,144,1310,-1736,532,4232,-143,353,747
85.01845,144,1309,-1736,532,4230,-143,352,747
85.01895,144,1309,-1736,532,4230,-143,352,747
85.01945,144,1309,-1736,532,4233,-143,352,747
85.01995,144,1310,-1736,532,4231,-143,353,747
85.02045,145,1309,-1736,532,4229,-143,353,747
85.02095,144,1309,-1736,532,4233,-143,353,747
85.02145,144,1310,-1736,531,4236,-143,353,747
85.02195,144,1310,-1736,532,4251,-143,352,747
85.02245,144,1309,-1736,531,4287,-143,352,747
85.02295,144,1310,-1737,532,4287,-143,352,747
85.02345,144,1310,-1736,531,4280,-143,352,747
85.02395,144,1310,-1736,531,4251,-143,353,747
85.02445,144,1310,-1736,531,4223,-143,353,747
85.02495,144,1310,-1736,531,4217,-143,353,747
85.02545,144,1310,-1736,532,4218,-143,353,747
85.02595,144,1310,-1736,532,4223,-143,353,747
85.02645,144,1309,-1736,532,4225,-143,352,747
85.02695,144,1310,-1736,532,4227,-143,353,747
85.02745,144,1310,-1736,531,4229,-143,353,747
85.02795,144,1310,-1736,530,4230,-144,352,746
85.02845,144,1310,-1736,530,4230,-143,352,747
85.02895,144,1310,-1736,530,4232,-143,352,747
85.02945,144,1310,-1736,530,4230,-143,352,747
85.02995,144,1310,-1736,531,4228,-143,353,747
85.03045,143,1310,-1736,532,4228,-143,353,747
85.03095,143,1310,-1737,532,4228,-143,353,747
85.03145,144,1310,-1737,532,4225,-143,353,747
85.03195,143,1310,-1736,533,4242,-143,353,747
85.03245,144,1309,-1736,533,4279,-143,352,747
85.03295,143,1310,-1736,532,4278,-143,352,747
85.03345,143,1310,-1736,532,4273,-143,352,747
85.03395,144,1310,-1736,531,4247,-143,353,747
85.03445,143,1310,-1736,531,4220,-143,353,747
85.03495,144,1310,-1735,530,4216,-143,352,747
85.035446,144,1310,-1735,530,4218,-143,353,747
85.03595,144,1310,-1735,531,4222,-144,353,747
85.03645,144,1310,-1735,531,4225,-143,353,747
85.03695,144,1310,-1736,531,4228,-143,352,747
85.03745,144,1310,-1736,531,4234,-143,352,747
85.03795,144,1310,-1736,531,4236,-143,353,747
85.03845,144,1310,-1736,531,4235,-143,353,747
85.03895,144,1310,-1736,531,4235,-143,353,747
85.03945,144,1310,-1736,531,4237,-143,353,747
85.03995,144,1310,-1736,531,4234,-143,353,747
85.04045,144,1309,-1737,531,4232,-143,353,747
85.04095,144,1310,-1736,531,4233,-144,353,747
85.04145,144,1310,-1737,531,4232,-143,353,747
85.04195,144,1309,-1737,532,4257,-143,352,747
85.04245,144,1309,-1736,531,4289,-143,352,747
85.04295,144,1310,-1736,531,4286,-143,352,747
85.04345,144,1309,-1737,531,4276,-143,352,747
85.04395,144,1310,-1737,531,4243,-143,353,747
85.04445,144,1310,-1736,531,4216,-143,353,747
85.04495,144,1310,-1736,531,4211,-143,353,747
85.04545,144,1309,-1735,532,4218,-143,353,747
85.04595,144,1310,-1735,532,4224,-143,353,747
85.04645,144,1310,-1735,532,4226,-144,352,747
85.04705,144,1309,-1735,532,4227,-143,352,747
85.04755,144,1310,-1736,532,4229,-143,352,747
85.04805,144,1310,-1736,531,4230,-144,353,747
85.04855,144,1310,-1736,531,4230,-143,352,747
85.04905,144,1310,-1736,531,4232,-144,353,747
85.04955,144,1310,-1736,531,4234,-143,352,747
85.05005,144,1309,-1736,530,4236,-144,352,747
85.05055,144,1310,-1736,531,4238,-144,353,747
85.05105,144,1309,-1736,531,4238,-143,352,747
85.05155,144,1310,-1736,532,4235,-144,353,747
85.05205,144,1310,-1736,532,4261,-143,352,747
85.05255,144,1309,-1736,532,4290,-144,352,747
85.05305,144,1310,-1736,532,4286,-143,353,747
85.05355,144,1309,-1737,532,4278,-144,352,747
85.05405,144,1310,-1736,532,4247,-143,353,747
85.05455,144,1310,-1736,532,4228,-143,353,747
85.05505,144,1309,-1736,531,4225,-144,353,747
85.05555,144,1310,-1736,531,4229,-143,353,747
85.05605,144,1310,-1736,531,4234,-143,352,747
85.05655,144,1310,-1736,531,4237,-144,353,747
85.05705,144,1310,-1736,531,4240,-144,352,747
85.05755,144,1309,-1736,531,4241,-144,352,747
85.05805,144,1310,-1736,531,4240,-144,353,747
85.05855,144,1310,-1735,531,4237,-144,353,747
85.05905,144,1310,-1736,531,4236,-144,352,747
85.05955,144,1310,-1736,532,4237,-144,353,747
85.06005,144,1310,-1736,532,4235,-144,353,747
85.06055,145,1310,-1736,532,4232,-143,353,747
85.06105,144,1310,-1736,531,4235,-143,353,747
85.06155,144,1310,-1736,531,4237,-143,353,747
85.06205,144,1310,-1736,533,4265,-143,353,747
85.06255,144,1310,-1736,532,4290,-143,352,747
85.06305,144,1310,-1736,532,4285,-144,353,747
85.06355,144,1310,-1735,531,4274,-144,353,747
85.06405,144,1310,-1735,531,4241,-144,353,747
85.06455,144,1310,-1736,532,4221,-144,353,747
85.06505,144,1309,-1736,532,4220,-144,353,748
85.06555,144,1310,-1736,532,4225,-143,353,747
85.06605,144,1310,-1736,532,4238,-144,353,747
85.06655,144,1310,-1736,532,4237,-143,352,747
85.06705,144,1310,-1736,532,4238,-143,353,747
85.06755,144,1310,-1736,532,4241,-143,353,747
85.06805,144,1310,-1737,533,4242,-143,353,747
85.06855,144,1310,-1738,533,4242,-143,353,747
85.06905,144,1310,-1738,533,4242,-143,353,747
85.06955,144,1310,-1737,532,4244,-143,353,747
85.07005,145,1310,-1737,532,4245,-143,353,747
85.07055,145,1310,-1736,533,4246,-143,353,747
85.07105,145,1310,-1736,532,4248,-143,353,747
85.07155,145,1310,-1736,533,4248,-143,352,747
85.07205,145,1310,-1736,532,4278,-143,352,747
85.07255,145,1310,-1736,531,4301,-143,352,747
85.07305,145,1310,-1737,530,4296,-143,352,747
85.07355,144,1310,-1736,530,4285,-143,352,747
85.07405,145,1309,-1735,530,4254,-144,353,747
85.07455,145,1310,-1735,531,4236,-143,352,747
85.07505,144,1310,-1735,531,4234,-144,352,747
85.07555,145,1310,-1735,531,4237,-143,352,747
85.07605,145,1310,-1735,531,4241,-143,353,747
85.07655,144,1310,-1735,531,4241,-143,352,747
85.07705,145,1310,-1736,531,4244,-144,352,747
85.07755,145,1310,-1737,531,4249,-143,352,747
85.07805,144,1310,-1737,531,4249,-143,353,747
85.07855,145,1310,-1738,531,4245,-144,353,747
85.07905,144,1310,-1737,532,4245,-143,353,747
85.07955,144,1310,-1736,531,4245,-143,353,748
85.08005,143,1310,-1736,531,4243,-143,353,747
85.08055,143,1310,-1736,531,4244,-143,353,747
85.08105,143,1310,-1736,532,4239,-143,353,747
85.08155,143,1310,-1736,531,4240,-143,352,747
85.08205,143,1310,-1737,532,4281,-144,352,748
85.08255,143,1310,-1737,532,4300,-143,352,747
85.08305,143,1310,-1737,531,4300,-143,352,747
85.08355,143,1310,-1737,531,4283,-144,353,747
85.08405,143,1310,-1737,531,4246,-143,353,747
85.08455,144,1310,-1737,531,4227,-144,353,747
85.08505,144,1309,-1737,532,4228,-143,353,747
85.08555,144,1310,-1736,532,4235,-143,353,747
85.08605,144,1310,-1736,532,4242,-144,353,747
85.08655,144,1309,-1735,532,4246,-143,353,747
85.08705,144,1310,-1734,532,4249,-143,353,747
85.08755,145,1310,-1734,532,4251,-143,353,747
85.08805,144,1310,-1735,532,4252,-143,353,747
85.08855,144,1310,-1735,532,4252,-143,353,747
85.08905,144,1310,-1736,532,4251,-143,353,747
85.08955,144,1310,-1736,532,4252,-144,352,747
85.09005,145,1309,-1736,531,4253,-143,353,747
85.09055,144,1310,-1737,531,4253,-144,353,747
85.09105,144,1310,-1736,531,4251,-143,352,747
85.09155,144,1310,-1736,531,4250,-143,352,748
85.09205,144,1310,-1736,532,4288,-143,352,748
85.09255,144,1310,-1735,532,4304,-143,352,748
85.09305,144,1310,-1736,532,4299,-143,353,748
85.09355,144,1310,-1735,531,4282,-143,353,748
85.09405,144,1310,-1736,531,4246,-143,353,747
85.09455,144,1310,-1736,532,4231,-143,353,747
85.09505,144,1310,-1736,531,4224,-143,353,747
85.09555,144,1310,-1736,532,4227,-143,353,747
85.09605,144,1310,-1736,531,4231,-143,353,748
85.09655,143,1310,-1737,532,4232,-143,353,748
85.09705,144,1310,-1736,532,4237,-143,353,748
85.09755,144,1310,-1736,532,4239,-143,353,747
85.09805,144,1310,-1736,533,4236,-143,353,747
85.09855,144,1310,-1736,532,4228,-143,353,747
85.09905,144,1310,-1736,533,4226,-143,353,748
85.09955,144,1310,-1736,533,4230,-143,353,747
85.10005,144,1310,-1736,533,4233,-143,353,748
85.10055,144,1310,-1736,532,4227,-143,353,747
85.10105,144,1310,-1736,532,4231,-143,353,747
85.10155,144,1310,-1736,531,4236,-143,353,747
85.10205,144,1310,-1735,531,4273,-143,352,748
85.10255,144,1310,-1735,531,4284,-143,352,748
85.10305,144,1310,-1736,531,4283,-143,352,748
85.10355,144,1310,-1736,531,4267,-143,353,747
85.10405,144,1310,-1736,531,4233,-143,353,748
85.10455,144,1309,-1736,531,4218,-143,353,747
85.10505,144,1310,-1736,532,4222,-143,353,747
85.10555,144,1310,-1736,532,4223,-143,353,748
85.10605,144,1310,-1736,532,4229,-143,353,747
85.10655,144,1310,-1736,532,4235,-143,353,748
85.10705,144,1310,-1736,532,4234,-143,353,748
85.10755,144,1310,-1736,532,4238,-143,353,747
85.10805,144,1310,-1736,532,4237,-143,353,747
85.10855,144,1310,-1736,532,4231,-143,353,748
85.10915,144,1310,-1736,532,4230,-143,353,747
85.10965,144,1310,-1737,532,4235,-143,353,748
85.11015,144,1310,-1736,532,4233,-144,353,747
85.11065,144,1310,-1736,532,4236,-143,353,747
85.11115,144,1310,-1736,532,4231,-143,353,748
85.11165,144,1310,-1736,532,4235,-143,353,748
85.11215,144,1309,-1736,532,4279,-143,352,748
85.11265,144,1310,-1736,532,4285,-143,353,748
85.11315,144,1310,-1736,532,4277,-143,353,748
85.11365,144,1309,-1736,531,4256,-143,353,747
85.11415,144,1310,-1736,532,4222,-143,353,748
85.11465,144,1310,-1736,532,4209,-143,353,748
85.11515,144,1310,-1736,532,4213,-143,353,748
85.11565,144,1310,-1736,532,4220,-143,353,747
85.11615,144,1310,-1736,532,4222,-143,353,748
85.11665,144,1310,-1736,533,4218,-143,353,748
85.11715,144,1310,-1736,533,4227,-143,353,748
85.11765,144,1310,-1736,533,4234,-143,353,748
85.11815,144,1310,-1736,533,4234,-143,353,747
85.11865,144,1310,-1736,532,4230,-143,353,748
85.11915,144,1310,-1736,532,4226,-143,353,748
85.11965,144,1310,-1736,531,4232,-143,353,748
85.12015,144,1310,-1736,531,4231,-143,353,747
85.12065,144,1310,-1736,531,4227,-143,353,747
85.12115,144,1310,-1736,531,4223,-143,353,748
85.12165,144,1310,-1736,532,4236,-143,353,748
85.12215,144,1310,-1736,532,4283,-143,352,748
85.12265,144,1310,-1736,532,4289,-143,353,748
85.12315,144,1310,-1736,533,4282,-143,352,748
85.12365,144,1310,-1736,532,4256,-143,353,748
85.12415,144,1310,-1737,532,4222,-143,353,748
85.12465,144,1310,-1736,532,4212,-143,353,747
85.12515,144,1310,-1736,532,4214,-143,353,748
85.12565,144,1310,-1736,532,4218,-143,353,748
85.12615,144,1310,-1736,532,4225,-143,353,748
85.12665,144,1310,-1736,531,4229,-143,353,748
85.12715,144,1310,-1736,531,4229,-143,353,748
85.12765,144,1310,-1736,532,4230,-143,353,748
85.12815,144,1310,-1736,531,4229,-143,353,748
85.12865,144,1310,-1736,532,4228,-143,353,748
85.12915,144,1310,-1736,532,4226,-143,353,748
85.12965,144,1310,-1736,532,4226,-143,352,748
85.13015,144,1310,-1736,532,4226,-143,352,748
85.13065,144,1310,-1736,532,4226,-143,353,747
85.13115,144,1310,-1737,532,4223,-143,353,748
85.13165,145,1310,-1736,532,4228,-143,353,748
85.13215,145,1309,-1737,532,4269,-143,353,748
85.13265,144,1310,-1737,532,4274,-143,353,748
85.13315,145,1309,-1737,533,4267,-143,353,747
85.13365,144,1310,-1738,532,4242,-143,353,747
85.13415,145,1310,-1738,532,4210,-143,353,748
85.13465,144,1310,-1737,532,4204,-143,353,747
85.13515,144,1310,-1737,532,4210,-143,353,747
85.13565,144,1310,-1736,532,4211,-143,353,748
85.13615,144,1310,-1737,532,4215,-143,353,747
85.13665,144,1310,-1737,532,4221,-143,353,748
85.13715,144,1310,-1737,532,4220,-143,353,748
85.13765,144,1310,-1736,532,4224,-143,353,747
85.13815,144,1309,-1736,531,4226,-143,353,748
85.13865,144,1310,-1735,531,4218,-143,353,748
85.13915,144,1310,-1735,532,4221,-143,353,747
85.13965,144,1310,-1736,533,4223,-143,352,748
85.14015,143,1310,-1736,534,4216,-143,353,748
85.14065,144,1310,-1736,534,4217,-143,353,748
85.14115,143,1310,-1736,534,4218,-143,353,748
85.14165,143,1310,-1737,534,4230,-143,353,748
85.14215,143,1310,-1736,535,4267,-143,352,748
85.14265,143,1310,-1736,535,4269,-143,353,748
85.14315,144,1310,-1736,534,4262,-143,353,748
85.14365,144,1310,-1736,532,4238,-143,353,747
85.14415,143,1310,-1736,530,4208,-143,353,747
85.14465,144,1310,-1736,529,4195,-143,353,748
85.14515,144,1310,-1736,530,4196,-143,353,748
85.14565,144,1310,-1736,530,4206,-143,353,748
85.14615,144,1310,-1737,531,4210,-143,353,748
85.14665,144,1310,-1737,532,4210,-143,353,748
85.14715,144,1310,-1737,532,4211,-143,353,748
85.14765,144,1310,-1737,532,4212,-143,353,748
85.14815,144,1310,-1736,532,4211,-143,353,748
85.14865,144,1310,-1736,532,4212,-143,353,748
85.14915,144,1310,-1735,532,4214,-143,353,748
85.14965,144,1310,-1736,532,4216,-143,353,748
85.15015,144,1310,-1736,533,4217,-144,353,748
85.15065,144,1310,-1736,532,4218,-143,353,748
85.15115,144,1310,-1736,532,4216,-143,353,748
85.15165,144,1310,-1736,532,4229,-143,352,748
85.15215,144,1310,-1736,532,4265,-143,352,748
85.15265,144,1310,-1736,532,4265,-143,352,748
85.15315,144,1310,-1736,531,4258,-143,352,748
85.15365,144,1310,-1736,531,4234,-143,353,748
85.15415,144,1310,-1737,532,4206,-143,353,748
85.15465,144,1310,-1737,533,4201,-143,353,748
85.15515,144,1311,-1737,533,4203,-143,353,748
85.15565,144,1310,-1737,534,4208,-143,353,748
85.15615,144,1310,-1737,534,4210,-142,353,748
85.15665,144,1310,-1736,533,4211,-143,353,748
85.15715,144,1310,-1736,533,4216,-143,353,748
85.157646,144,1310,-1735,532,4218,-143,352,748
85.15815,144,1310,-1735,532,4217,-143,353,747
85.15865,144,1310,-1735,532,4212,-143,353,748
85.15915,143,1311,-1736,532,4206,-143,353,748
85.15965,143,1310,-1737,532,4211,-143,352,748
85.16015,143,1310,-1738,532,4211,-143,352,748
85.16065,143,1310,-1738,533,4208,-143,353,748
85.16115,143,1310,-1738,533,4208,-143,353,748
85.16165,144,1310,-1738,534,4226,-143,352,748
85.16215,144,1310,-1737,534,4262,-143,352,748
85.16265,143,1310,-1736,533,4262,-143,353,748
85.16315,144,1310,-1736,532,4254,-143,353,748
85.16365,144,1310,-1735,531,4225,-143,353,748
85.16415,144,1310,-1735,531,4195,-143,353,748
85.16465,144,1310,-1735,532,4190,-143,353,748
85.16515,144,1310,-1736,533,4195,-143,353,748
85.16565,144,1310,-1736,533,4204,-143,353,748
85.16615,144,1311,-1738,534,4207,-143,353,748
85.16665,145,1310,-1738,535,4209,-143,353,748
85.16715,144,1310,-1738,535,4211,-143,353,748
85.16765,144,1310,-1738,535,4213,-143,353,748
85.16815,144,1309,-1738,533,4214,-143,353,748
85.16865,144,1310,-1736,531,4214,-143,353,748
85.16915,144,1310,-1736,531,4214,-143,353,748
85.16965,144,1310,-1736,531,4215,-143,353,748
85.17015,145,1310,-1737,532,4216,-143,353,748
85.17075,145,1310,-1738,532,4218,-143,353,748
85.17125,145,1310,-1738,533,4218,-144,353,748
85.17175,145,1310,-1738,534,4237,-143,352,748
85.17225,144,1310,-1738,533,4268,-143,352,748
85.17275,145,1310,-1737,533,4268,-143,353,748
85.17325,145,1310,-1737,534,4258,-144,352,748
85.17375,145,1310,-1737,532,4229,-144,352,747
85.17425,145,1310,-1735,531,4207,-143,353,747
85.17475,145,1310,-1734,529,4198,-144,352,748
85.17525,145,1310,-1734,529,4200,-143,352,748
85.17575,144,1310,-1734,529,4211,-144,352,748
85.17625,145,1310,-1735,530,4215,-143,352,748
85.17675,144,1310,-1734,531,4216,-143,352,748
85.17725,144,1310,-1735,532,4215,-144,352,748
85.17775,144,1310,-1736,532,4215,-144,353,748
85.17825,144,1310,-1737,532,4215,-143,353,747
85.17875,144,1310,-1737,532,4210,-143,353,747
85.17925,144,1310,-1737,533,4204,-143,353,747
85.17975,144,1310,-1737,533,4203,-144,353,748
85.18025,144,1310,-1737,534,4202,-143,353,747
85.18075,144,1310,-1737,533,4202,-143,353,748
85.18125,144,1310,-1737,534,4199,-144,353,748
85.18175,143,1310,-1736,534,4227,-144,352,748
85.18225,143,1310,-1736,534,4260,-144,353,748
85.18275,143,1310,-1736,534,4257,-143,353,748
85.18325,143,1310,-1735,533,4249,-144,353,748
85.18375,143,1310,-1735,532,4219,-144,353,748
85.18425,144,1310,-1736,532,4196,-143,353,747
85.18475,144,1310,-1736,531,4193,-144,352,748
85.18525,144,1310,-1736,530,4192,-144,352,748
85.18575,144,1310,-1736,531,4202,-144,352,747
85.18625,144,1310,-1737,532,4207,-144,352,748
85.18675,144,1310,-1737,532,4206,-144,352,748
85.18725,144,1310,-1738,532,4211,-144,353,747
85.18775,144,1310,-1737,531,4213,-144,353,748
85.18825,144,1310,-1737,531,4209,-143,352,747
85.18875,144,1311,-1736,531,4214,-143,352,748
85.18925,144,1310,-1736,532,4213,-143,352,747
85.18975,144,1310,-1736,533,4217,-144,353,748
85.19025,144,1311,-1736,534,4215,-144,353,748
85.19075,144,1311,-1736,534,4218,-144,353,748
85.19125,144,1310,-1736,534,4216,-144,353,748
85.19175,144,1310,-1736,534,4240,-144,352,748
85.19225,144,1310,-1737,534,4266,-144,353,748
85.19275,144,1310,-1736,534,4260,-144,353,748
85.19325,144,1311,-1736,533,4250,-144,353,748
85.19375,144,1310,-1736,532,4218,-144,353,748
85.19425,144,1311,-1736,531,4198,-144,353,748
85.19475,144,1310,-1736,531,4195,-143,353,748
85.19525,144,1310,-1736,530,4198,-144,353,748
85.19575,144,1311,-1736,531,4204,-144,353,748
85.19625,144,1310,-1736,531,4203,-144,353,747
85.19675,144,1310,-1737,532,4205,-144,353,748
85.19725,144,1310,-1737,532,4206,-144,352,748
85.19775,144,1310,-1736,531,4211,-144,353,748
85.19825,144,1310,-1736,531,4214,-144,352,747
85.19875,144,1310,-1737,531,4210,-144,352,748
85.19925,144,1310,-1737,532,4205,-144,353,748
85.19975,144,1311,-1737,532,4212,-144,352,748
85.20025,144,1310,-1737,532,4213,-144,353,748
85.20075,144,1310,-1737,532,4210,-144,352,748
85.20125,144,1310,-1737,532,4210,-144,353,748
85.20175,144,1310,-1737,533,4242,-144,352,748
85.20225,144,1310,-1737,533,4267,-144,353,748
85.20275,144,1310,-1737,532,4265,-144,353,748
85.20325,144,1311,-1737,533,4255,-144,353,748
85.20375,144,1310,-1737,532,4221,-144,353,748
85.20425,144,1311,-1737,532,4201,-144,353,747
85.20475,144,1311,-1737,532,4201,-144,353,748
85.20525,144,1310,-1736,532,4205,-144,353,748
85.20575,144,1310,-1737,532,4216,-144,353,748
85.20625,145,1310,-1737,532,4221,-144,352,748
85.20675,145,1310,-1738,532,4223,-144,353,748
85.20725,145,1311,-1738,533,4223,-144,353,747
85.20775,145,1310,-1737,533,4222,-144,353,748
85.20825,145,1310,-1737,533,4218,-144,352,748
85.20875,145,1310,-1737,533,4220,-144,352,748
85.20925,145,1310,-1737,534,4220,-144,353,748
85.20975,145,1310,-1736,534,4220,-144,352,747
85.21025,145,1310,-1736,534,4220,-144,353,748
85.21075,144,1311,-1736,533,4216,-144,353,748
85.21125,145,1310,-1737,532,4218,-144,352,748
85.21175,145,1310,-1738,532,4250,-144,352,748
85.21225,145,1310,-1739,531,4270,-144,352,748
85.21275,145,1310,-1739,531,4263,-144,353,748
85.21325,145,1310,-1739,531,4249,-144,353,747
85.21375,144,1310,-1738,532,4215,-144,353,748
85.21425,144,1310,-1737,532,4197,-144,353,747
85.21475,144,1310,-1737,532,4200,-144,352,748
85.21525,143,1311,-1737,532,4200,-144,353,748
85.21575,143,1311,-1737,532,4209,-144,353,748
85.21625,143,1311,-1735,532,4217,-144,352,748
85.21675,143,1311,-1732,531,4219,-144,352,748
85.21725,143,1311,-1732,532,4220,-144,352,747
85.21775,143,1310,-1734,532,4221,-144,353,748
85.21825,143,1310,-1735,532,4217,-144,353,747
85.21875,143,1310,-1736,531,4218,-144,353,748
85.21925,143,1310,-1736,531,4215,-144,352,748
85.21975,144,1311,-1736,532,4221,-144,353,748
85.22025,143,1310,-1736,532,4221,-144,353,748
85.22075,144,1311,-1736,532,4219,-144,353,748
85.22125,144,1310,-1736,532,4222,-144,353,748
85.22175,144,1311,-1736,533,4261,-144,352,748
85.22225,144,1310,-1737,533,4277,-144,352,748
85.22275,144,1310,-1736,533,4273,-144,353,748
85.22325,144,1311,-1736,533,4258,-144,353,748
85.22375,144,1310,-1736,533,4224,-144,353,748
85.22425,144,1310,-1736,533,4210,-144,353,748
85.22475,144,1310,-1736,534,4209,-144,353,747
85.22525,144,1310,-1736,534,4212,-144,353,748
85.22575,144,1310,-1735,533,4212,-144,353,748
85.22625,144,1310,-1736,533,4218,-144,353,748
85.22675,144,1310,-1736,532,4221,-144,353,748
85.22725,144,1310,-1736,531,4221,-144,352,748
85.22775,144,1311,-1737,531,4220,-144,353,748
85.22825,144,1311,-1737,531,4219,-144,352,748
85.22875,144,1311,-1736,531,4221,-144,353,748
85.22925,144,1310,-1736,531,4222,-144,353,748
85.22975,144,1310,-1736,532,4222,-144,353,748
85.23025,144,1311,-1736,532,4222,-144,353,748
85.23075,144,1310,-1736,532,4221,-144,353,748
85.23125,144,1311,-1736,532,4224,-144,352,748
85.23175,144,1310,-1736,533,4260,-144,352,748
85.23225,144,1310,-1736,532,4270,-144,352,748
85.23285,144,1310,-1737,532,4265,-144,352,748
85.23335,144,1311,-1736,532,4248,-144,353,748
85.23385,144,1311,-1737,532,4219,-144,353,748
85.23435,144,1310,-1737,532,4210,-144,353,748
85.23485,144,1310,-1736,532,4211,-144,352,748
85.23535,144,1310,-1737,532,4216,-144,353,748
85.23585,144,1311,-1736,532,4219,-144,352,748
85.23635,144,1310,-1736,532,4221,-145,353,748
85.23685,144,1310,-1736,532,4226,-144,352,748
85.23735,144,1311,-1736,532,4230,-144,353,748
85.23785,144,1310,-1736,532,4232,-144,353,748
85.23835,144,1310,-1736,532,4233,-144,353,748
85.23885,144,1311,-1736,532,4230,-144,353,748
85.23935,144,1310,-1736,532,4229,-144,353,748
85.23985,144,1310,-1736,533,4230,-144,352,748
85.24035,144,1311,-1737,533,4229,-144,353,748
85.24085,144,1310,-1736,532,4224,-144,353,748
85.24135,144,1311,-1736,533,4230,-144,352,748
85.24185,144,1310,-1736,533,4269,-144,352,748
85.24235,144,1310,-1737,532,4278,-144,353,748
85.24285,144,1311,-1736,532,4273,-144,353,748
85.24335,144,1311,-1736,532,4253,-144,353,748
85.24385,144,1311,-1737,532,4219,-144,353,748
85.24435,144,1310,-1737,533,4208,-144,353,748
85.24485,144,1310,-1737,532,4212,-144,352,748
85.24535,144,1310,-1737,532,4220,-144,353,748
85.24585,144,1311,-1736,532,4225,-144,352,748
85.24635,144,1310,-1737,532,4227,-144,352,748
85.24685,144,1311,-1737,532,4228,-144,352,748
85.24735,144,1310,-1737,533,4230,-144,353,748
85.24785,144,1310,-1737,533,4231,-144,353,748
85.24835,144,1311,-1737,534,4233,-144,353,748
85.24885,144,1311,-1737,534,4232,-144,353,748
85.24935,144,1310,-1737,534,4232,-144,353,748
85.24985,144,1310,-1737,534,4234,-144,352,748
85.25035,144,1310,-1737,535,4236,-144,352,748
85.25085,144,1310,-1737,534,4237,-144,353,748
85.25135,144,1310,-1736,535,4245,-144,352,748
85.25185,144,1310,-1736,535,4281,-144,352,748
85.25235,144,1310,-1736,535,4286,-144,353,748
85.25285,144,1310,-1735,533,4281,-144,353,748
85.25335,144,1311,-1735,530,4258,-144,352,748
85.25385,144,1310,-1735,529,4230,-144,353,748
85.25435,144,1310,-1736,529,4226,-144,353,748
85.25485,144,1310,-1736,530,4228,-144,352,748
85.25535,144,1310,-1737,531,4233,-144,353,748
85.25585,144,1311,-1737,531,4236,-144,352,748
85.25635,144,1310,-1737,532,4239,-144,353,748
85.25685,144,1310,-1737,533,4240,-144,353,748
85.25735,144,1310,-1737,533,4241,-144,352,748
85.25785,144,1310,-1737,533,4242,-145,353,747
85.25835,144,1311,-1737,533,4239,-144,352,748
85.25885,144,1310,-1737,534,4232,-144,353,748
85.25935,144,1310,-1737,534,4234,-144,353,748
85.25985,144,1310,-1737,534,4237,-144,353,748
85.26035,144,1310,-1737,534,4236,-144,352,747
85.26085,144,1311,-1737,533,4231,-144,353,747
85.26135,143,1311,-1736,533,4238,-144,352,748
85.26185,143,1311,-1736,532,4275,-144,352,748
85.26235,143,1311,-1737,531,4285,-144,352,748
85.26285,143,1311,-1737,531,4280,-144,352,748
85.26335,143,1311,-1736,530,4255,-144,353,748
85.26385,143,1311,-1736,531,4225,-144,353,748
85.26435,143,1311,-1737,531,4218,-144,353,748
85.26485,144,1311,-1736,531,4219,-144,353,748
85.26535,144,1311,-1736,531,4226,-144,352,748
85.26585,144,1310,-1736,531,4230,-144,353,748
85.26635,144,1310,-1736,532,4233,-144,353,748
85.26685,143,1310,-1736,532,4235,-144,353,748
85.26735,144,1310,-1736,532,4236,-144,353,748
85.26785,144,1311,-1736,532,4235,-144,353,748
85.26835,144,1310,-1737,532,4235,-144,352,748
85.26885,144,1311,-1737,532,4240,-144,353,748
85.26935,144,1311,-1736,532,4240,-144,352,748
85.26985,144,1311,-1737,532,4240,-144,353,748
85.27035,144,1310,-1737,532,4242,-144,352,748
85.27085,143,1311,-1737,532,4242,-144,352,747
85.27135,144,1310,-1737,533,4255,-144,352,748
85.27185,144,1311,-1736,533,4286,-144,352,748
85.27235,144,1310,-1737,532,4289,-144,352,748
85.27285,144,1311,-1736,532,4286,-144,353,748
85.27335,144,1311,-1737,532,4261,-144,353,747
85.27385,144,1310,-1736,532,4233,-144,353,747
85.27435,144,1311,-1737,532,4225,-144,353,747
85.27485,144,1311,-1736,532,4224,-144,353,748
85.27535,143,1310,-1737,532,4229,-144,353,748
85.27585,144,1311,-1737,532,4237,-144,353,748
85.27635,144,1311,-1737,532,4239,-144,352,748
85.27685,144,1311,-1737,532,4243,-144,352,748
85.27735,144,1311,-1737,532,4245,-144,352,748
85.27785,144,1311,-1737,531,4246,-144,353,748
85.27835,143,1311,-1737,532,4245,-144,353,748
85.27885,144,1311,-1737,532,4242,-144,353,748
85.27935,144,1311,-1737,533,4240,-144,353,747
85.27985,143,1311,-1737,533,4239,-144,353,748
85.28035,144,1310,-1737,533,4234,-144,353,748
85.28085,143,1311,-1737,533,4232,-144,353,748
85.28135,144,1311,-1736,533,4250,-144,353,748
85.28185,143,1311,-1736,533,4286,-144,352,748
85.28235,144,1311,-1736,532,4289,-144,352,748
85.28285,144,1311,-1737,532,4284,-144,353,748
85.28335,144,1311,-1736,532,4259,-144,353,747
85.28385,144,1311,-1736,532,4230,-144,353,748
85.28435,144,1311,-1736,532,4221,-144,353,747
85.28485,144,1311,-1736,532,4230,-144,353,748
85.28535,144,1311,-1737,532,4236,-144,353,747
85.28585,144,1311,-1736,532,4244,-144,353,748
85.28635,143,1311,-1736,532,4243,-144,353,748
85.28685,144,1310,-1737,532,4248,-144,352,748
85.28735,144,1311,-1737,532,4251,-144,352,748
85.28785,144,1311,-1737,532,4253,-144,352,748
85.28835,144,1310,-1737,532,4255,-144,353,748
85.28885,144,1311,-1737,532,4255,-144,353,748
85.28935,144,1311,-1737,533,4253,-144,352,748
85.28985,144,1311,-1737,532,4254,-144,353,748
85.29035,144,1311,-1737,532,4254,-144,353,748
85.29085,143,1311,-1736,531,4253,-144,353,748
85.29135,144,1311,-1736,532,4266,-144,352,748
85.29185,144,1311,-1737,532,4297,-144,352,748
85.29235,144,1311,-1737,532,4296,-144,353,748
85.29285,144,1311,-1737,532,4289,-144,352,748
85.29335,144,1311,-1737,532,4261,-144,353,748
85.29385,144,1311,-1737,532,4237,-144,353,748
85.29445,144,1311,-1737,532,4234,-144,353,748
85.29495,144,1311,-1736,532,4236,-144,353,748
85.29545,144,1311,-1736,532,4242,-144,353,748
85.29595,144,1311,-1736,532,4244,-144,353,747
85.29645,144,1311,-1736,532,4244,-144,353,748
85.29695,144,1311,-1736,532,4241,-144,353,747
85.29745,144,1311,-1737,532,4245,-144,353,748
85.29795,144,1311,-1737,532,4244,-144,353,748
85.29845,143,1311,-1736,532,4248,-144,352,748
85.29895,144,1311,-1736,531,4248,-144,353,748
85.29945,144,1311,-1736,532,4247,-144,352,748
85.29995,144,1311,-1737,532,4249,-144,353,748
85.30045,144,1311,-1736,532,4249,-144,353,747
85.30095,144,1311,-1737,532,4243,-144,353,748
85.30145,144,1311,-1736,532,4260,-144,352,748
85.30195,144,1311,-1736,532,4295,-144,352,748
85.30245,144,1311,-1737,532,4298,-144,352,748
85.30295,144,1311,-1737,532,4291,-144,353,747
85.30345,144,1311,-1737,532,4263,-144,353,747
85.30395,144,1311,-1736,532,4236,-144,353,747
85.30445,144,1311,-1736,533,4232,-144,353,748
85.30495,144,1311,-1736,532,4237,-144,353,747
85.30545,144,1311,-1736,532,4249,-144,353,748
85.30595,144,1311,-1736,532,4250,-144,352,747
85.30645,144,1311,-1737,532,4254,-144,353,747
85.30695,144,1311,-1737,532,4253,-143,353,748
85.30745,144,1311,-1737,532,4252,-143,353,748
85.30795,144,1311,-1737,532,4255,-144,353,747
85.30845,144,1311,-1737,532,4257,-143,353,748
85.30895,144,1311,-1737,532,4255,-144,352,748
85.30945,144,1311,-1736,532,4259,-144,353,748
85.30995,144,1311,-1736,532,4261,-144,352,748
85.31045,144,1311,-1736,532,4261,-143,352,747
85.31095,144,1311,-1736,532,4259,-144,353,747
85.31145,144,1311,-1737,532,4277,-144,352,748
85.31195,144,1311,-1737,532,4301,-144,352,747
85.31245,144,1311,-1737,532,4302,-144,352,748
85.31295,144,1311,-1737,532,4290,-144,352,748
85.31345,144,1311,-1737,531,4262,-144,353,748
85.31395,144,1311,-1737,532,4244,-144,353,748
85.31445,145,1311,-1736,532,4241,-143,353,748
85.31495,145,1311,-1736,532,4244,-144,353,748
85.31545,144,1311,-1736,532,4248,-144,353,748
85.31595,144,1311,-1737,532,4249,-144,353,748
85.31645,144,1311,-1736,532,4253,-143,353,748
85.31695,144,1311,-1737,533,4259,-143,353,748
85.31745,144,1311,-1737,533,4262,-144,353,748
85.31795,144,1311,-1737,533,4263,-143,353,749
85.31845,144,1311,-1737,533,4262,-144,353,748
85.31895,144,1311,-1737,533,4256,-143,353,748
85.31945,144,1311,-1737,533,4259,-144,353,748
85.31995,144,1311,-1737,533,4262,-143,353,748
85.32045,144,1311,-1737,533,4261,-143,353,748
85.32095,144,1311,-1737,532,4256,-143,353,748
85.32145,144,1311,-1737,533,4285,-143,353,749
85.32195,144,1311,-1737,532,4311,-143,352,748
85.32245,143,1311,-1736,532,4306,-143,353,748
85.32295,143,1311,-1736,531,4302,-144,353,748
85.32345,143,1311,-1736,531,4272,-144,353,748
85.32395,143,1311,-1736,531,4248,-143,353,748
85.32445,143,1311,-1736,531,4245,-143,353,748
85.32495,144,1311,-1736,531,4250,-144,353,748
85.32545,144,1311,-1737,532,4256,-143,353,748
85.32595,144,1311,-1736,532,4257,-143,353,748
85.32645,144,1311,-1736,532,4259,-143,352,748
85.32695,144,1311,-1736,532,4259,-143,353,748
85.32745,144,1311,-1737,532,4260,-143,353,748
85.32795,144,1311,-1736,531,4260,-143,353,748
85.32845,144,1311,-1736,532,4259,-143,353,748
85.32895,144,1311,-1736,531,4259,-143,353,748
85.32945,143,1311,-1737,531,4257,-143,353,748
85.32995,144,1311,-1736,531,4257,-143,353,748
85.33045,144,1311,-1736,531,4257,-143,353,748
85.33095,144,1311,-1737,532,4256,-143,353,748
85.33145,144,1311,-1737,532,4285,-143,352,748
85.33195,144,1311,-1737,532,4305,-143,353,748
85.33245,144,1311,-1736,532,4299,-143,353,748
85.33295,144,1311,-1736,532,4291,-143,353,748
85.33345,144,1311,-1736,532,4259,-143,353,748
85.33395,144,1311,-1736,532,4242,-143,353,748
85.33445,144,1311,-1736,533,4243,-143,353,748
85.33495,144,1311,-1736,533,4246,-143,353,748
85.33545,144,1311,-1736,532,4252,-143,352,748
85.33595,144,1311,-1737,533,4256,-143,353,748
85.33645,144,1311,-1737,533,4259,-143,353,748
85.33695,144,1311,-1737,533,4260,-143,353,748
85.33745,144,1311,-1737,533,4261,-143,353,748
85.33795,144,1311,-1738,533,4263,-143,353,748
85.33845,144,1311,-1738,532,4263,-143,353,748
85.33895,144,1311,-1738,531,4261,-143,353,748
85.33945,144,1311,-1738,530,4260,-143,353,748
85.33995,144,1311,-1737,531,4261,-143,353,748
85.34045,144,1311,-1736,531,4260,-143,353,748
85.34095,143,1311,-1736,531,4255,-143,353,748
85.34145,144,1310,-1736,533,4286,-143,352,748
85.34195,144,1311,-1736,532,4304,-143,353,748
85.34245,143,1311,-1736,532,4301,-143,353,748
85.34295,144,1311,-1736,532,4289,-143,353,748
85.34345,144,1311,-1736,531,4257,-143,353,748
85.34395,144,1311,-1736,532,4242,-143,353,748
85.34445,144,1311,-1737,531,4241,-143,353,748
85.34495,144,1311,-1736,531,4244,-143,353,748
85.34545,144,1311,-1736,531,4249,-143,353,748
85.34595,143,1311,-1736,531,4251,-143,353,748
85.34645,144,1311,-1737,531,4252,-143,353,748
85.34695,144,1311,-1737,531,4252,-143,353,748
85.34745,144,1311,-1737,532,4252,-143,353,748
85.347946,144,1311,-1737,532,4249,-143,353,748
85.34845,144,1311,-1737,533,4253,-143,353,748
85.34895,144,1311,-1738,533,4256,-143,353,748
85.34945,144,1311,-1738,533,4256,-143,353,748
85.34995,144,1311,-1738,533,4257,-142,353,748
85.35045,144,1311,-1738,532,4259,-143,353,748
85.35095,144,1311,-1737,532,4260,-143,353,748
85.35145,144,1311,-1737,532,4295,-143,353,748
85.35195,144,1311,-1736,531,4305,-143,353,748
85.35245,144,1311,-1736,531,4300,-143,353,748
85.35295,144,1311,-1736,531,4285,-143,353,748
85.35345,144,1311,-1737,531,4252,-143,353,748
85.35395,144,1311,-1736,531,4243,-143,353,748
85.35445,144,1311,-1737,531,4244,-143,353,748
85.35495,144,1310,-1736,531,4249,-143,353,748
85.35545,144,1310,-1736,532,4252,-143,353,748
85.35605,144,1311,-1736,532,4251,-143,353,748
85.35655,143,1311,-1736,532,4255,-143,353,748
85.35705,143,1311,-1736,532,4259,-143,353,748
85.35755,143,1311,-1736,532,4260,-143,353,748
85.35805,143,1311,-1737,531,4259,-143,353,748
85.35855,143,1311,-1737,532,4258,-143,353,748
85.35905,143,1311,-1737,531,4254,-143,353,748
85.35955,143,1311,-1737,532,4251,-143,353,748
85.36005,143,1311,-1736,532,4251,-143,353,748
85.36055,143,1311,-1737,532,4250,-143,353,748
85.36105,144,1310,-1737,533,4247,-143,353,748
85.36155,144,1311,-1737,533,4284,-143,353,748
85.36205,144,1310,-1737,533,4296,-143,353,748
85.36255,144,1311,-1737,533,4293,-143,353,748
85.36305,144,1311,-1737,533,4277,-143,353,748
85.36355,144,1311,-1736,532,4242,-143,353,747
85.36405,144,1311,-1736,532,4227,-143,353,748
85.36455,144,1310,-1736,533,4226,-143,353,748
85.36505,144,1311,-1736,532,4237,-143,353,748
85.36555,144,1311,-1736,532,4245,-143,353,748
85.36605,144,1311,-1736,531,4247,-143,353,748
85.36655,144,1311,-1736,531,4250,-143,353,748
85.36705,144,1311,-1737,531,4252,-143,353,748
85.36755,144,1310,-1737,531,4253,-143,353,748
85.36805,144,1311,-1737,531,4253,-143,353,748
85.36855,144,1310,-1737,532,4255,-143,353,748
85.36905,144,1311,-1737,531,4254,-143,353,748
85.36955,144,1310,-1737,531,4252,-143,353,748
85.37005,144,1310,-1738,531,4253,-143,353,748
85.37055,144,1311,-1738,531,4253,-143,353,748
85.37105,144,1310,-1737,532,4259,-143,353,748
85.37155,144,1310,-1737,532,4297,-143,352,748
85.37205,143,1310,-1737,532,4302,-143,352,748
85.37255,143,1310,-1737,532,4293,-143,353,748
85.37305,143,1311,-1737,532,4274,-143,353,748
85.37355,143,1311,-1737,532,4242,-143,353,748
85.37405,143,1310,-1737,532,4233,-143,353,748
85.37455,143,1310,-1737,532,4236,-143,353,748
85.37505,144,1310,-1738,532,4240,-143,353,748
85.37555,144,1310,-1737,532,4243,-143,353,748
85.37605,144,1310,-1737,532,4244,-143,352,748
85.37655,144,1310,-1737,532,4245,-143,353,748
85.37705,144,1310,-1736,532,4245,-143,352,748
85.37755,144,1310,-1736,533,4246,-143,352,748
85.37805,144,1310,-1736,533,4245,-143,353,748
85.37855,144,1311,-1736,533,4245,-143,353,748
85.37905,144,1310,-1736,532,4241,-143,353,748
85.37955,144,1311,-1736,531,4238,-143,353,748
85.38005,144,1310,-1737,531,4238,-143,353,748
85.38055,144,1310,-1736,531,4236,-143,353,748
85.38105,144,1311,-1737,531,4240,-143,352,748
85.38155,144,1311,-1737,532,4277,-143,351,748
85.38205,144,1310,-1737,531,4279,-143,353,748
85.38255,144,1310,-1737,532,4276,-143,353,748
85.38305,144,1310,-1737,532,4255,-143,353,748
85.38355,144,1311,-1737,532,4228,-143,354,748
85.38405,144,1311,-1737,532,4222,-143,354,748
85.38455,144,1310,-1737,532,4224,-143,353,748
85.38505,143,1310,-1737,532,4229,-143,353,748
85.38555,143,1311,-1737,532,4234,-143,353,748
85.38605,143,1311,-1737,532,4236,-143,353,748
85.38655,142,1311,-1737,532,4238,-143,353,748
85.38705,143,1311,-1737,532,4239,-143,353,748
85.38755,143,1310,-1737,532,4238,-143,353,748
85.38805,143,1310,-1737,532,4239,-143,353,747
85.38855,144,1310,-1737,532,4243,-143,353,748
85.38905,143,1310,-1737,531,4241,-143,353,748
85.38955,143,1310,-1737,531,4245,-143,353,748
85.39005,144,1310,-1736,532,4246,-143,353,748
85.39055,144,1310,-1737,531,4246,-143,353,748
85.39105,144,1310,-1736,532,4256,-143,353,748
85.39155,144,1310,-1736,532,4291,-143,352,748
85.39205,143,1310,-1736,532,4288,-143,353,748
85.39255,144,1310,-1737,532,4280,-143,353,748
85.39305,143,1310,-1737,532,4257,-143,353,748
85.39355,144,1310,-1738,532,4228,-143,353,748
85.39405,143,1310,-1738,533,4224,-143,354,748
85.39455,144,1310,-1738,533,4226,-143,354,748
85.39505,143,1310,-1737,533,4230,-143,354,748
85.39555,143,1310,-1737,532,4231,-143,354,748
85.39605,143,1310,-1737,533,4231,-143,353,747
85.39655,143,1310,-1736,534,4235,-143,353,748
85.39705,144,1310,-1737,534,4234,-143,352,748
85.39755,144,1311,-1737,533,4238,-143,353,748
85.39805,143,1310,-1737,533,4241,-143,353,748
85.39855,143,1310,-1737,532,4242,-143,353,748
85.39905,143,1311,-1737,531,4239,-143,353,748
85.39955,144,1310,-1737,531,4239,-143,353,748
85.40005,144,1311,-1736,531,4240,-143,352,748
85.40055,144,1311,-1736,531,4240,-144,353,748
85.40105,144,1311,-1736,532,4248,-143,352,748
85.40155,144,1310,-1736,532,4285,-143,352,748
85.40205,143,1311,-1737,531,4286,-143,353,747
85.40255,144,1311,-1737,531,4282,-143,353,748
85.40305,144,1310,-1737,530,4255,-144,353,748
85.40355,144,1311,-1737,530,4230,-143,353,747
85.40405,143,1311,-1737,530,4225,-143,353,748
85.40455,144,1310,-1738,531,4226,-143,352,748
85.40505,144,1310,-1738,531,4239,-144,353,748
85.40555,144,1311,-1738,531,4245,-143,353,748
85.40605,144,1311,-1737,532,4246,-143,353,748
85.40655,143,1310,-1737,532,4247,-144,353,748
85.40705,144,1311,-1737,533,4247,-143,353,748
85.40755,144,1310,-1737,534,4247,-143,353,748
85.40805,144,1310,-1737,535,4246,-144,353,747
85.40855,144,1311,-1736,534,4245,-143,353,748
85.40905,144,1310,-1736,534,4240,-143,353,748
85.40955,144,1310,-1736,534,4242,-143,353,748
85.41005,144,1310,-1736,535,4245,-144,353,748
85.41055,144,1310,-1737,534,4243,-144,353,748
85.41105,143,1310,-1737,535,4257,-143,352,748
85.41155,144,1310,-1738,534,4291,-143,352,748
85.41205,144,1310,-1737,533,4289,-144,353,748
85.41255,144,1310,-1737,531,4278,-143,353,748
85.41305,144,1311,-1736,529,4252,-144,352,748
85.41355,144,1311,-1736,527,4224,-144,353,748
85.41405,144,1311,-1736,528,4219,-143,353,748
85.41455,144,1310,-1737,529,4225,-144,353,748
85.41505,144,1311,-1736,529,4231,-143,353,748
85.41555,144,1311,-1737,530,4235,-143,353,747
85.41605,144,1311,-1737,530,4237,-143,353,748
85.41655,144,1311,-1736,531,4236,-143,353,747
85.41705,144,1311,-1736,532,4240,-143,353,748
85.41765,144,1310,-1736,532,4239,-144,353,748
85.41815,143,1310,-1736,532,4244,-143,353,748
85.41865,144,1311,-1736,531,4247,-144,353,748
85.41915,144,1311,-1736,531,4244,-144,353,748
85.41965,144,1311,-1736,531,4243,-144,353,748
85.42015,144,1310,-1737,531,4244,-143,353,748
85.42065,143,1311,-1737,532,4244,-144,353,748
85.42115,144,1311,-1737,532,4257,-143,353,748
85.42165,144,1311,-1738,533,4291,-143,353,748
85.42215,144,1311,-1738,533,4290,-144,353,748
85.42265,144,1311,-1738,533,4285,-143,353,748
85.42315,143,1310,-1738,533,4261,-144,353,748
85.42365,144,1311,-1738,533,4236,-143,353,748
85.42415,144,1311,-1738,534,4232,-143,353,748
85.42465,144,1311,-1738,533,4233,-143,353,748
85.42515,144,1311,-1737,532,4238,-144,353,748
85.42565,144,1311,-1736,532,4241,-143,353,748
85.42615,143,1311,-1735,530,4241,-143,353,747
85.42665,144,1311,-1735,531,4241,-143,352,748
85.42715,144,1311,-1735,531,4237,-144,352,748
85.42765,144,1311,-1736,531,4239,-144,352,747
85.42815,144,1311,-1736,531,4241,-143,353,747
85.42865,144,1311,-1736,531,4240,-144,353,748
85.42915,144,1310,-1736,531,4240,-144,353,748
85.42965,143,1311,-1736,531,4243,-144,353,748
85.43015,144,1311,-1737,531,4244,-143,352,748
85.43065,144,1311,-1737,531,4242,-143,353,748
85.43115,144,1311,-1737,532,4260,-143,352,748
85.43165,144,1311,-1737,532,4291,-144,353,748
85.43215,144,1311,-1737,532,4286,-144,353,748
85.43265,144,1311,-1737,532,4278,-143,353,747
85.43315,144,1311,-1737,532,4251,-144,353,748
85.43365,144,1311,-1737,532,4224,-144,353,748
85.43415,143,1311,-1737,533,4227,-144,353,748
85.43465,144,1311,-1737,532,4234,-143,353,748
85.43515,144,1311,-1737,533,4239,-144,353,748
85.43565,144,1311,-1737,533,4238,-144,353,748
85.43615,143,1311,-1737,534,4241,-144,353,748
85.43665,144,1311,-1738,534,4247,-144,353,748
85.43715,143,1311,-1737,533,4249,-144,353,748
85.43765,143,1311,-1736,531,4251,-144,352,747
85.43815,144,1311,-1737,531,4252,-144,352,748
85.43865,143,1311,-1736,530,4249,-143,352,747
85.43915,144,1311,-1736,530,4250,-144,353,748
85.43965,144,1311,-1736,530,4247,-143,353,748
85.44015,143,1311,-1736,530,4251,-144,353,748
85.44065,144,1311,-1737,531,4252,-144,353,748
85.44115,144,1311,-1736,531,4269,-143,352,748
85.44165,144,1311,-1737,532,4296,-144,353,748
85.44215,144,1311,-1737,532,4291,-144,353,748
85.44265,144,1311,-1737,532,4286,-144,353,748
85.44315,144,1311,-1738,531,4256,-143,353,748
85.44365,144,1311,-1738,531,4234,-143,353,748
85.44415,144,1311,-1739,532,4230,-143,353,748
85.44465,143,1311,-1738,532,4236,-144,353,748
85.44515,144,1311,-1739,532,4242,-143,353,748
85.44565,143,1311,-1738,533,4247,-144,353,748
85.44615,144,1311,-1738,532,4247,-144,353,748
85.44665,144,1311,-1737,533,4248,-144,353,748
85.44715,144,1311,-1737,533,4248,-144,353,748
85.44765,144,1311,-1736,533,4249,-144,353,748
85.44815,144,1311,-1736,533,4250,-143,353,748
85.44865,144,1311,-1735,533,4251,-144,353,748
85.44915,144,1311,-1735,533,4251,-143,353,748
85.44965,144,1311,-1736,532,4250,-143,353,748
85.45015,144,1310,-1736,532,4252,-143,353,748
85.45065,144,1310,-1737,531,4252,-144,353,748
85.45115,144,1311,-1736,531,4278,-143,352,748
85.45165,144,1311,-1736,531,4304,-143,352,748
85.45215,144,1311,-1736,531,4300,-144,353,748
85.45265,144,1311,-1737,531,4287,-143,353,748
85.45315,144,1311,-1737,531,4258,-144,353,748
85.45365,144,1311,-1737,531,4239,-144,353,748
85.45415,144,1311,-1737,531,4239,-143,353,748
85.45465,143,1311,-1737,531,4246,-144,353,748
85.45515,144,1311,-1737,531,4254,-143,353,748
85.45565,144,1311,-1736,531,4259,-144,353,748
85.45615,143,1311,-1736,532,4261,-144,353,748
85.45665,144,1311,-1737,532,4263,-144,353,748
85.45715,144,1311,-1737,532,4263,-143,353,748
85.45765,144,1311,-1737,532,4264,-143,353,748
85.45815,144,1311,-1737,532,4263,-144,353,748
85.45865,144,1311,-1737,532,4263,-144,353,748
85.45915,144,1311,-1737,532,4260,-143,353,748
85.45965,143,1311,-1737,531,4257,-143,353,748
85.46015,144,1311,-1736,531,4258,-143,353,748
85.46065,144,1311,-1736,531,4257,-143,353,748
85.46115,144,1311,-1736,532,4281,-144,353,748
85.46165,144,1311,-1736,531,4303,-143,353,748
85.46215,144,1311,-1736,531,4296,-143,353,748
85.46265,144,1311,-1736,532,4287,-143,353,748
85.46315,144,1311,-1737,532,4256,-143,353,748
85.46365,144,1311,-1737,532,4240,-143,353,748
85.46415,144,1311,-1737,532,4239,-143,353,748
85.46465,143,1311,-1737,532,4242,-143,353,748
85.46515,144,1311,-1737,532,4249,-143,353,748
85.46565,144,1311,-1737,532,4252,-143,353,748
85.46615,144,1311,-1737,531,4254,-143,353,748
85.46665,143,1311,-1737,531,4257,-143,353,748
85.46715,144,1311,-1737,532,4257,-143,353,748
85.46765,144,1311,-1737,532,4255,-143,353,748
85.46815,144,1311,-1737,532,4258,-143,353,748
85.46865,144,1311,-1737,532,4262,-143,353,748
85.46915,144,1311,-1737,532,4263,-143,353,748
85.46965,144,1311,-1737,532,4262,-143,353,748
85.470146,144,1311,-1737,532,4263,-143,353,748
85.47065,144,1311,-1736,531,4262,-143,353,748
85.47115,144,1311,-1737,532,4294,-142,353,748
85.47165,144,1311,-1737,532,4315,-143,353,748
85.47215,144,1311,-1737,532,4308,-143,353,748
85.47265,144,1311,-1737,532,4295,-143,353,748
85.47315,144,1311,-1737,531,4263,-143,353,748
85.47365,144,1311,-1737,531,4246,-143,353,748
85.47415,144,1311,-1737,532,4247,-143,353,748
85.47465,144,1311,-1737,532,4252,-143,353,748
85.47515,144,1311,-1737,532,4254,-143,353,748
85.47565,144,1311,-1737,531,4253,-143,353,748
85.47615,143,1311,-1737,531,4257,-143,353,748
85.47665,144,1311,-1737,531,4261,-143,353,749
85.47715,144,1311,-1737,531,4261,-143,353,748
85.47765,144,1311,-1737,531,4257,-143,353,748
85.47815,144,1311,-1737,532,4261,-143,353,748
85.47865,144,1311,-1737,532,4262,-143,353,748
85.47925,144,1311,-1737,532,4259,-143,353,748
85.47975,144,1311,-1738,533,4255,-143,353,748
85.48025,144,1311,-1738,534,4255,-143,353,748
85.48075,144,1311,-1738,534,4256,-143,353,748
85.48125,144,1311,-1738,535,4288,-143,353,749
85.48175,144,1311,-1739,534,4300,-143,353,748
85.48225,144,1311,-1739,534,4289,-143,353,748
85.48275,144,1311,-1739,533,4281,-143,353,748
85.48325,144,1311,-1738,532,4252,-143,353,748
85.48375,144,1311,-1738,530,4241,-143,353,748
85.48425,144,1311,-1738,530,4245,-143,353,748
85.48475,144,1311,-1737,530,4250,-143,353,748
85.48525,144,1311,-1736,531,4255,-142,353,748
85.48575,144,1311,-1736,532,4258,-143,353,748
85.48625,144,1311,-1737,533,4259,-143,353,748
85.48675,144,1311,-1736,533,4261,-143,353,748
85.48725,144,1311,-1736,533,4263,-143,353,748
85.48775,144,1311,-1736,533,4265,-143,353,748
85.48825,143,1311,-1736,533,4267,-143,353,748
85.48875,143,1311,-1737,533,4268,-142,353,748
85.48925,144,1311,-1737,533,4269,-143,353,748
85.48975,144,1311,-1736,533,4267,-143,353,748
85.49025,144,1311,-1736,533,4267,-142,353,748
85.49075,144,1311,-1736,532,4271,-143,353,748
85.49125,144,1311,-1737,531,4307,-142,353,748
85.49175,144,1311,-1736,530,4314,-143,353,748
85.49225,144,1311,-1736,529,4307,-143,353,748
85.49275,144,1311,-1736,529,4284,-143,353,748
85.49325,144,1311,-1736,530,4252,-143,353,748
85.49375,144,1311,-1736,530,4243,-142,353,748
85.49425,144,1311,-1737,531,4245,-143,353,748
85.49475,144,1311,-1737,532,4252,-143,353,748
85.49525,144,1311,-1738,532,4257,-143,353,748
85.49575,144,1311,-1738,533,4258,-143,352,748
85.49625,144,1311,-1739,533,4258,-142,352,748
85.49675,144,1311,-1739,533,4258,-143,353,748
85.49725,144,1311,-1740,533,4258,-143,353,748
85.49775,144,1311,-1739,533,4258,-142,353,748
85.49825,144,1311,-1738,533,4258,-143,353,748
85.49875,144,1311,-1737,532,4259,-142,353,748
85.49925,144,1311,-1735,531,4256,-143,353,748
85.49975,144,1311,-1734,531,4255,-143,353,748
85.50025,144,1311,-1735,532,4255,-142,353,748
85.50075,144,1311,-1735,532,4261,-143,353,748
85.50125,144,1311,-1736,532,4296,-142,352,748
85.50175,144,1311,-1737,531,4301,-143,353,748
85.50225,144,1311,-1737,531,4294,-143,353,748
85.50275,143,1311,-1737,530,4276,-142,353,748
85.50325,144,1312,-1738,530,4248,-143,353,748
85.50375,143,1311,-1738,531,4242,-142,353,748
85.50425,144,1311,-1738,531,4245,-142,354,748
85.50475,144,1311,-1738,531,4251,-142,353,748
85.50525,144,1311,-1738,531,4257,-142,353,748
85.50575,144,1311,-1737,531,4258,-143,353,748
85.50625,144,1311,-1736,531,4260,-143,353,748
85.50675,144,1311,-1736,532,4261,-142,352,748
85.50725,144,1311,-1736,532,4258,-142,353,748
85.50775,144,1311,-1736,531,4257,-143,353,748
85.50825,143,1311,-1736,532,4259,-142,353,748
85.50875,144,1311,-1737,532,4261,-142,352,748
85.50925,144,1311,-1737,532,4260,-143,353,748
85.50975,144,1311,-1737,532,4258,-142,353,748
85.51025,144,1311,-1737,532,4257,-143,353,748
85.51075,144,1311,-1737,531,4265,-142,353,748
85.51125,144,1311,-1737,532,4302,-143,353,748
85.51175,144,1311,-1737,532,4304,-142,353,748
85.51225,144,1311,-1737,532,4293,-142,353,748
85.51275,144,1311,-1737,531,4271,-143,354,748
85.51325,143,1311,-1737,532,4240,-143,354,748
85.51375,143,1311,-1737,532,4232,-142,354,748
85.51425,143,1311,-1737,532,4236,-142,353,748
85.51475,144,1311,-1737,532,4243,-142,353,748
85.51525,144,1311,-1737,532,4246,-142,353,748
85.51575,144,1311,-1737,532,4248,-142,353,748
85.51625,144,1311,-1737,532,4253,-143,353,747
85.51675,144,1311,-1737,532,4257,-143,353,747
85.51725,144,1311,-1738,532,4255,-143,353,748
85.51775,144,1311,-1737,532,4256,-143,353,748
85.51825,144,1312,-1737,531,4263,-142,353,748
85.51875,144,1311,-1737,532,4265,-143,353,748
85.51925,144,1311,-1738,532,4263,-143,353,748
85.51975,144,1311,-1737,532,4259,-142,353,748
85.52025,144,1311,-1737,533,4259,-143,353,748
85.52075,144,1311,-1737,533,4269,-142,353,748
85.52125,144,1311,-1736,532,4303,-143,352,748
85.52175,144,1311,-1736,532,4304,-142,353,748
85.52225,143,1311,-1737,531,4296,-143,353,748
85.52275,144,1311,-1737,531,4275,-142,353,748
85.52325,144,1311,-1737,531,4246,-143,353,748
85.52375,144,1311,-1738,532,4241,-142,353,748
85.52425,143,1311,-1737,532,4244,-143,353,748
85.52475,144,1312,-1737,532,4250,-143,353,749
85.52525,144,1311,-1737,532,4251,-142,353,748
85.52575,144,1311,-1737,531,4249,-142,353,749
85.52625,144,1311,-1737,532,4253,-143,353,749
85.52675,144,1311,-1737,532,4251,-142,353,748
85.52725,144,1311,-1737,532,4251,-142,353,748
85.52775,144,1311,-1737,531,4257,-142,353,748
85.52825,144,1311,-1737,532,4259,-142,353,748
85.52875,144,1311,-1737,532,4259,-142,353,748
85.52925,144,1311,-1737,532,4258,-142,353,748
85.52975,144,1311,-1737,532,4255,-142,353,748
85.53025,144,1311,-1737,532,4253,-142,353,748
85.53075,144,1311,-1737,532,4264,-142,353,748
85.53125,144,1311,-1737,532,4300,-142,353,748
85.53175,144,1311,-1737,532,4301,-142,353,748
85.53225,144,1311,-1738,531,4293,-142,353,748
85.53275,144,1312,-1737,532,4265,-143,353,748
85.53325,144,1311,-1738,532,4240,-142,353,748
85.53375,144,1311,-1738,532,4236,-142,353,748
85.53425,144,1311,-1738,532,4240,-142,353,748
85.53475,144,1311,-1738,531,4251,-143,353,748
85.53525,144,1311,-1737,531,4256,-142,353,748
85.53575,144,1312,-1737,532,4257,-142,353,748
85.53625,143,1311,-1737,532,4259,-142,353,748
85.53675,143,1312,-1737,532,4260,-143,353,748
85.53725,143,1311,-1737,532,4261,-142,353,748
85.53775,143,1311,-1737,532,4263,-142,353,748
85.53825,143,1311,-1737,532,4264,-143,353,748
85.53875,143,1311,-1738,532,4264,-142,353,748
85.53925,144,1311,-1738,532,4261,-142,353,748
85.53975,143,1311,-1737,532,4259,-143,353,748
85.54025,144,1311,-1737,532,4259,-143,353,748
85.54085,144,1311,-1736,532,4271,-142,353,748
85.54135,144,1311,-1737,531,4302,-142,353,749
85.54185,144,1311,-1737,531,4299,-143,353,748
85.54235,144,1311,-1737,531,4285,-143,353,748
85.54285,144,1311,-1737,531,4265,-143,353,748
85.54335,144,1311,-1737,532,4242,-143,353,748
85.54385,144,1311,-1737,532,4239,-143,353,748
85.54435,144,1312,-1737,532,4241,-142,353,748
85.54485,144,1311,-1737,532,4246,-143,353,748
85.54535,144,1311,-1737,532,4250,-142,353,748
85.54585,144,1312,-1738,533,4250,-143,353,748
85.54635,144,1311,-1738,533,4250,-143,353,748
85.54685,144,1311,-1738,533,4249,-143,353,748
85.54735,143,1311,-1738,532,4247,-142,353,748
85.54785,144,1311,-1737,532,4247,-143,353,748
85.54835,144,1311,-1737,532,4251,-143,353,748
85.54885,144,1311,-1737,532,4253,-143,353,748
85.54935,144,1311,-1737,532,4254,-143,353,748
85.54985,144,1311,-1736,532,4253,-142,353,748
85.55035,144,1311,-1736,532,4252,-143,353,748
85.55085,144,1311,-1736,532,4268,-143,353,748
85.55135,144,1311,-1737,532,4302,-143,353,748
85.55185,144,1311,-1737,532,4301,-143,353,748
85.55235,144,1311,-1737,532,4291,-143,353,748
85.55285,144,1312,-1737,532,4264,-143,353,748
85.55335,144,1312,-1737,532,4240,-143,353,748
85.55385,144,1311,-1737,532,4237,-143,353,748
85.55435,144,1311,-1737,533,4242,-143,353,748
85.55485,144,1311,-1737,532,4250,-143,353,749
85.55535,144,1311,-1737,532,4249,-143,353,748
85.55585,144,1311,-1737,532,4248,-143,353,748
85.55635,144,1311,-1738,532,4257,-143,353,748
85.55685,144,1311,-1738,532,4261,-143,353,748
85.55735,144,1311,-1738,532,4261,-143,353,748
85.55785,144,1312,-1737,533,4260,-143,353,748
85.55835,144,1311,-1737,533,4260,-143,353,748
85.55885,144,1311,-1738,533,4259,-143,353,748
85.55935,144,1311,-1738,533,4256,-143,353,748
85.55985,144,1311,-1738,532,4253,-143,353,748
85.56035,144,1311,-1738,532,4252,-143,353,748
85.56085,145,1311,-1738,533,4269,-143,353,749
85.56135,144,1311,-1737,533,4296,-143,353,748
85.56185,144,1312,-1738,532,4288,-143,354,748
85.56235,144,1311,-1737,531,4281,-143,353,748
85.56285,144,1312,-1737,530,4256,-143,354,748
85.56335,144,1311,-1737,530,4232,-143,353,748
85.56385,144,1311,-1737,530,4230,-143,353,748
85.56435,144,1311,-1736,531,4235,-143,353,748
85.56485,144,1311,-1736,531,4240,-143,353,748
85.56535,144,1311,-1737,531,4244,-143,353,749
85.56585,144,1311,-1737,531,4245,-143,353,748
85.56635,144,1311,-1737,531,4243,-143,353,748
85.56685,144,1311,-1737,532,4248,-143,352,748
85.56735,144,1311,-1737,532,4252,-143,353,748
85.56785,144,1311,-1737,532,4253,-143,353,748
85.56835,144,1311,-1737,532,4254,-143,353,748
85.56885,144,1312,-1737,532,4254,-143,353,748
85.56935,144,1311,-1737,532,4254,-143,353,748
85.56985,143,1312,-1737,532,4253,-143,353,748
85.57035,144,1311,-1737,532,4251,-143,353,748
85.57085,144,1311,-1737,533,4274,-143,352,748
85.57135,144,1311,-1737,533,4304,-143,353,748
85.57185,144,1311,-1737,533,4301,-143,352,748
85.57235,144,1311,-1738,533,4291,-143,353,748
85.57285,144,1311,-1739,533,4257,-143,353,748
85.57335,144,1311,-1740,535,4237,-143,353,748
85.57385,144,1311,-1741,535,4235,-143,353,748
85.57435,144,1311,-1741,535,4238,-143,353,748
85.57485,144,1311,-1741,535,4247,-143,352,748
85.57535,144,1311,-1741,535,4251,-143,353,748
85.57585,144,1311,-1741,535,4251,-143,353,749
85.57635,144,1311,-1739,534,4250,-143,353,748
85.57685,144,1311,-1736,531,4246,-142,353,748
85.57735,143,1311,-1733,529,4249,-143,353,749
85.57785,143,1311,-1732,528,4250,-143,353,748
85.57835,143,1311,-1734,529,4246,-142,353,748
85.57885,143,1311,-1735,529,4248,-143,353,748
85.57935,144,1312,-1737,530,4246,-143,353,748
85.57985,144,1311,-1737,530,4244,-143,353,748
85.58035,144,1311,-1737,532,4242,-143,353,748
85.58085,144,1311,-1737,533,4264,-143,353,749
85.58135,145,1311,-1738,533,4286,-143,353,748
85.58185,144,1311,-1738,534,4277,-143,354,748
85.58235,144,1311,-1738,534,4272,-143,353,748
85.58285,144,1311,-1737,534,4246,-143,354,748
85.58335,144,1311,-1737,533,4229,-143,353,748
85.58385,144,1311,-1737,533,4229,-143,354,748
85.58435,144,1311,-1738,533,4233,-143,353,748
85.58485,144,1311,-1738,533,4239,-143,353,748
85.58535,144,1311,-1738,532,4242,-143,353,748
85.58585,144,1311,-1738,532,4245,-143,353,748
85.58635,144,1311,-1738,532,4246,-143,353,748
85.58685,144,1311,-1738,532,4246,-143,353,748
85.58735,144,1311,-1738,533,4245,-143,353,748
85.58785,144,1311,-1736,532,4249,-143,353,748
85.58835,144,1311,-1735,531,4254,-143,353,748
85.58885,145,1311,-1735,530,4255,-143,352,748
85.58935,144,1311,-1735,530,4256,-143,353,748
85.58985,144,1311,-1736,530,4253,-143,353,748
85.59035,144,1311,-1736,531,4252,-143,353,748
85.59085,144,1311,-1737,532,4279,-143,352,748
85.59135,144,1311,-1737,532,4301,-143,352,748
85.59185,144,1311,-1738,533,4294,-143,353,748
85.59235,144,1311,-1738,533,4279,-143,353,748
85.59285,144,1311,-1738,533,4245,-143,354,748
85.59335,144,1311,-1738,534,4229,-143,353,748
85.59385,144,1311,-1737,534,4227,-143,353,748
85.59435,143,1311,-1737,534,4233,-143,353,748
85.59485,143,1311,-1737,533,4239,-143,353,748
85.59535,143,1311,-1737,532,4237,-143,353,748
85.59585,144,1311,-1737,532,4240,-143,353,748
85.59635,143,1311,-1737,532,4243,-143,353,748
85.59685,143,1311,-1737,531,4243,-143,353,748
85.59735,144,1311,-1736,530,4242,-143,353,748
85.59785,144,1311,-1737,529,4242,-143,353,748
85.59835,144,1311,-1736,529,4243,-143,353,748
85.59885,144,1311,-1736,530,4243,-144,353,748
85.59935,143,1311,-1736,530,4241,-143,352,748
85.59985,144,1311,-1737,531,4239,-144,353,748
85.60035,144,1311,-1738,531,4239,-143,353,748
85.60085,144,1311,-1738,532,4271,-143,352,748
85.60135,144,1311,-1738,532,4288,-143,353,748
85.60185,144,1311,-1737,532,4281,-143,353,748
85.60245,144,1311,-1737,531,4268,-143,353,748
85.60295,144,1311,-1738,531,4237,-144,353,748
85.60345,144,1311,-1738,532,4223,-143,353,748
85.60395,144,1311,-1738,532,4224,-144,353,748
85.60445,143,1311,-1739,532,4231,-144,353,748
85.60495,144,1311,-1739,533,4238,-143,353,748
85.60545,143,1311,-1739,533,4239,-143,353,748
85.60595,143,1311,-1738,534,4241,-143,353,748
85.60645,143,1311,-1737,533,4242,-143,352,748
85.60695,143,1312,-1736,533,4243,-143,353,748
85.60745,144,1311,-1736,534,4244,-144,353,748
85.60795,144,1311,-1736,534,4243,-143,353,748
85.60845,144,1311,-1736,534,4243,-143,353,748
85.60895,144,1311,-1737,533,4242,-143,353,748
85.60945,145,1311,-1737,533,4241,-143,353,748
85.60995,144,1311,-1737,532,4239,-144,353,748
85.61045,145,1311,-1737,532,4239,-143,353,748
85.61095,144,1311,-1737,532,4274,-143,353,748
85.61145,144,1311,-1737,531,4288,-143,353,748
85.61195,144,1311,-1737,531,4281,-144,353,748
85.61245,145,1311,-1737,532,4265,-143,353,748
85.61295,144,1311,-1738,532,4227,-144,353,748
85.61345,145,1311,-1738,532,4217,-143,353,748
85.61395,144,1311,-1738,533,4218,-143,353,748
85.61445,144,1311,-1738,532,4224,-143,353,748
85.61495,145,1311,-1737,531,4233,-143,353,748
85.61545,144,1311,-1737,531,4235,-144,353,748
85.61595,145,1311,-1737,531,4238,-143,353,748
85.61645,145,1311,-1737,531,4240,-144,353,748
85.61695,144,1311,-1737,531,4241,-144,353,748
85.61745,144,1311,-1737,531,4243,-144,353,748
85.61795,144,1311,-1737,533,4243,-144,352,748
85.61845,143,1311,-1738,534,4243,-144,353,748
85.61895,143,1312,-1738,534,4241,-144,353,748
85.61945,143,1312,-1739,535,4238,-143,353,748
85.61995,143,1312,-1739,536,4239,-143,353,748
85.62045,143,1311,-1738,536,4244,-143,353,748
85.62095,143,1311,-1737,536,4278,-143,353,749
85.62145,143,1311,-1736,535,4285,-143,352,748
85.62195,144,1311,-1737,534,4275,-143,353,748
85.62245,143,1311,-1737,533,4263,-143,353,748
85.62295,144,1311,-1737,532,4236,-144,353,748
85.62345,143,1311,-1737,530,4228,-143,352,748
85.62395,144,1311,-1738,530,4229,-144,352,748
85.62445,143,1311,-1738,530,4231,-143,353,748
85.62495,144,1311,-1737,531,4236,-144,353,748
85.62545,144,1311,-1737,532,4237,-144,353,748
85.62595,144,1311,-1736,533,4239,-143,353,748
85.62645,144,1311,-1735,532,4239,-143,353,748
85.62695,144,1312,-1735,531,4237,-144,353,748
85.62745,144,1311,-1735,530,4236,-144,352,748
85.62795,144,1311,-1736,529,4241,-143,352,748
85.62845,144,1311,-1737,529,4243,-144,352,748
85.62895,144,1311,-1737,529,4243,-143,352,748
85.62945,144,1311,-1737,529,4241,-144,352,748
85.62995,144,1311,-1737,530,4238,-143,353,748
85.63045,144,1311,-1737,531,4242,-144,353,749
85.63095,144,1311,-1737,531,4278,-144,352,748
85.63145,144,1311,-1737,531,4280,-144,353,748
85.63195,144,1312,-1738,532,4276,-144,353,748
85.63245,144,1311,-1738,531,4255,-144,353,748
85.63295,144,1311,-1738,531,4225,-144,353,748
85.63345,144,1311,-1739,532,4217,-144,353,748
85.63395,144,1311,-1739,532,4219,-144,353,748
85.63445,144,1311,-1739,532,4226,-144,353,748
85.63495,144,1312,-1740,532,4230,-144,353,748
85.63545,144,1311,-1740,533,4231,-144,353,748
85.63595,144,1311,-1740,532,4236,-144,353,748
85.63645,144,1311,-1738,531,4240,-144,353,748
85.63695,144,1312,-1737,531,4241,-144,353,748
85.63745,144,1311,-1735,531,4242,-144,353,748
85.63795,144,1311,-1735,531,4243,-144,353,748
85.63845,144,1311,-1735,531,4244,-144,353,748
85.63895,144,1312,-1736,531,4243,-144,353,748
85.63945,144,1311,-1736,532,4242,-144,352,748
85.63995,144,1311,-1737,532,4237,-144,353,748
85.64045,144,1312,-1737,532,4243,-144,352,748
85.64095,144,1311,-1737,533,4279,-144,352,749
85.64145,144,1311,-1737,532,4278,-144,352,748
85.64195,144,1311,-1737,532,4265,-144,352,748
85.64245,144,1311,-1737,531,4245,-144,353,748
85.64295,144,1312,-1736,531,4218,-144,353,748
85.64345,144,1311,-1736,531,4213,-144,353,748
85.64395,144,1312,-1736,531,4216,-144,352,748
85.64445,144,1311,-1736,532,4224,-144,353,748
85.64495,144,1311,-1736,531,4228,-144,353,748
85.64545,144,1311,-1737,531,4228,-144,353,748
85.64595,144,1311,-1737,532,4229,-144,353,748
85.64645,144,1311,-1738,532,4229,-144,353,748
85.64695,144,1311,-1738,532,4228,-144,353,748
85.64745,144,1311,-1738,532,4229,-144,353,748
85.64795,144,1312,-1738,532,4230,-144,353,748
85.64845,144,1311,-1738,532,4231,-144,353,748
85.64895,144,1311,-1738,531,4232,-144,353,748
85.64945,144,1311,-1738,531,4233,-144,353,748
85.64995,144,1311,-1738,531,4231,-144,353,748
85.65045,144,1311,-1737,532,4240,-144,353,748
85.65095,144,1311,-1737,532,4277,-144,353,748
85.65145,144,1312,-1738,533,4279,-144,353,748
85.65195,144,1311,-1738,533,4272,-144,353,748
85.65245,144,1311,-1738,533,4248,-144,353,748
85.65295,144,1312,-1738,533,4215,-144,354,748
85.65345,144,1311,-1738,534,4212,-144,353,748
85.65395,144,1311,-1738,534,4216,-144,353,748
85.65445,144,1311,-1738,534,4226,-144,353,748
85.65495,144,1311,-1738,534,4235,-144,353,748
85.65545,144,1311,-1738,533,4239,-144,353,748
85.65595,144,1311,-1737,533,4241,-144,353,748
85.65645,144,1311,-1738,533,4243,-144,353,748
85.65695,144,1312,-1737,534,4244,-144,353,748
85.65745,143,1312,-1737,533,4245,-144,353,748
85.65795,143,1311,-1737,530,4245,-144,353,748
85.65845,144,1312,-1737,529,4244,-144,353,748
85.65895,144,1311,-1738,528,4240,-144,353,748
85.65945,144,1311,-1738,529,4239,-144,353,748
85.65995,144,1312,-1739,530,4238,-144,353,748
85.660446,144,1312,-1738,531,4249,-144,352,748
85.66095,144,1312,-1738,532,4282,-144,352,748
85.66145,144,1311,-1738,532,4279,-144,352,748
85.66195,144,1311,-1738,532,4271,-144,353,748
85.66245,144,1311,-1737,533,4243,-144,353,748
85.66295,144,1311,-1737,533,4218,-144,353,748
85.66345,144,1311,-1736,534,4214,-144,353,748
85.66395,144,1311,-1737,535,4219,-144,353,748
85.66455,144,1311,-1737,535,4226,-144,353,748
85.66505,144,1312,-1738,535,4229,-144,353,748
85.66555,144,1311,-1737,533,4231,-144,353,748
85.66605,144,1311,-1737,531,4234,-144,353,748
85.66655,144,1311,-1737,530,4235,-144,353,748
85.66705,144,1311,-1738,530,4234,-144,353,748
85.66755,144,1311,-1738,530,4236,-144,353,748
85.66805,144,1311,-1739,531,4240,-144,353,748
85.66855,144,1311,-1739,532,4243,-144,352,748
85.66905,144,1311,-1739,533,4245,-144,353,748
85.66955,144,1311,-1739,533,4244,-144,353,748
85.67005,144,1311,-1738,532,4243,-144,352,748
85.67055,144,1311,-1739,532,4257,-144,352,748
85.67105,144,1311,-1739,532,4293,-144,352,749
85.67155,144,1311,-1740,532,4294,-144,353,748
85.67205,144,1311,-1741,532,4282,-144,353,748
85.67255,144,1311,-1740,531,4256,-144,353,748
85.67305,144,1311,-1739,532,4233,-144,353,748
85.67355,144,1311,-1737,532,4229,-144,353,748
85.67405,144,1311,-1736,532,4232,-144,352,748
85.67455,144,1311,-1735,532,4240,-144,353,748
85.67505,144,1311,-1735,532,4239,-144,353,748
85.67555,144,1312,-1735,531,4240,-144,353,748
85.67605,144,1311,-1736,531,4244,-144,352,748
85.67655,144,1311,-1736,531,4245,-144,353,748
85.67705,144,1311,-1736,530,4244,-144,353,748
85.67755,144,1311,-1737,531,4245,-144,352,748
85.67805,144,1311,-1736,530,4244,-144,352,748
85.67855,144,1311,-1737,530,4244,-144,352,748
85.67905,144,1311,-1737,531,4242,-144,353,748
85.67955,144,1311,-1737,532,4240,-144,353,748
85.68005,145,1311,-1737,533,4234,-144,353,748
85.68055,145,1311,-1737,533,4247,-144,353,748
85.68105,145,1311,-1737,533,4280,-144,352,748
85.68155,144,1311,-1737,532,4276,-144,353,748
85.68205,144,1311,-1737,531,4266,-144,353,748
85.68255,144,1311,-1738,532,4237,-144,353,748
85.68305,144,1311,-1738,532,4215,-144,353,748
85.68355,144,1311,-1738,532,4214,-144,353,748
85.68405,144,1311,-1739,533,4218,-144,353,748
85.68455,144,1311,-1739,532,4225,-144,353,748
85.68505,144,1311,-1738,532,4231,-144,353,748
85.68555,144,1311,-1738,532,4232,-144,353,748
85.68605,144,1311,-1738,532,4233,-144,353,748
85.68655,144,1311,-1738,532,4234,-144,353,748
85.68705,144,1311,-1737,531,4235,-144,353,748
85.68755,144,1311,-1737,531,4236,-144,353,748
85.68805,144,1311,-1737,531,4238,-144,353,748
85.68855,144,1311,-1737,532,4239,-144,353,748
85.68905,144,1311,-1739,532,4240,-144,353,748
85.68955,144,1311,-1740,531,4240,-144,352,747
85.69005,144,1311,-1739,532,4237,-144,353,748
85.69055,144,1311,-1740,532,4248,-144,352,748
85.69105,144,1311,-1740,532,4286,-144,353,748
85.69155,144,1311,-1741,532,4285,-144,352,748
85.69205,144,1311,-1739,532,4276,-145,353,748
85.69255,144,1311,-1736,532,4247,-144,353,748
85.69305,144,1311,-1734,531,4220,-144,353,748
85.69355,144,1311,-1735,531,4215,-144,353,748
85.69405,144,1311,-1737,532,4222,-144,353,748
85.69455,144,1311,-1737,532,4229,-144,352,748
85.69505,144,1311,-1737,532,4235,-144,352,748
85.69555,144,1311,-1736,532,4239,-144,352,748
85.69605,144,1311,-1736,532,4239,-144,353,748
85.69655,144,1311,-1737,533,4239,-144,352,748
85.69705,144,1311,-1737,533,4239,-144,353,748
85.69755,144,1311,-1738,533,4239,-144,353,748
85.69805,144,1311,-1738,533,4239,-144,353,748
85.69855,144,1311,-1738,533,4238,-144,353,748
85.69905,144,1311,-1738,533,4236,-145,353,748
85.69955,144,1311,-1738,532,4238,-144,353,747
85.70005,144,1311,-1739,532,4238,-144,353,748
85.70055,144,1311,-1739,532,4253,-144,353,748
85.70105,144,1311,-1739,531,4287,-144,353,748
85.70155,144,1311,-1739,531,4285,-144,353,748
85.70205,144,1311,-1738,531,4271,-144,353,748
85.70255,144,1311,-1738,532,4239,-144,353,748
85.70305,144,1311,-1738,532,4216,-144,353,748
85.70355,144,1311,-1737,533,4216,-144,352,748
85.70405,144,1311,-1737,533,4224,-144,353,748
85.70455,144,1311,-1738,533,4236,-144,353,748
85.70505,144,1311,-1739,533,4242,-144,353,748
85.70555,144,1311,-1739,533,4244,-144,353,748
85.70605,144,1311,-1739,533,4246,-144,353,748
85.70655,144,1311,-1738,533,4246,-144,353,748
85.70705,144,1311,-1737,532,4245,-144,353,747
85.70755,144,1311,-1737,531,4246,-144,353,748
85.70805,144,1311,-1737,529,4245,-144,352,748
85.70855,144,1311,-1738,529,4249,-144,353,749
85.70905,144,1311,-1738,530,4250,-144,353,748
85.70955,144,1311,-1738,530,4244,-144,352,749
85.71005,144,1311,-1737,530,4245,-144,353,748
85.71055,145,1311,-1737,531,4267,-144,352,749
85.71105,145,1311,-1737,531,4296,-144,352,749
85.71155,144,1311,-1738,532,4289,-144,352,748
85.71205,144,1311,-1739,532,4278,-144,353,748
85.71255,144,1311,-1738,533,4250,-144,353,748
85.71305,144,1311,-1737,533,4227,-144,353,748
85.71355,144,1311,-1736,533,4227,-144,353,748
85.71405,144,1311,-1735,532,4230,-144,353,748
85.71455,144,1311,-1735,532,4237,-144,352,748
85.71505,145,1311,-1737,532,4239,-144,352,748
85.71555,144,1311,-1737,533,4240,-144,353,748
85.71605,144,1311,-1738,534,4245,-144,352,748
85.71655,145,1311,-1738,535,4248,-144,353,748
85.71705,145,1311,-1738,534,4248,-144,353,748
85.71755,145,1311,-1737,533,4248,-144,353,748
85.71805,145,1311,-1736,531,4247,-145,353,748
85.71855,144,1311,-1736,529,4248,-144,353,748
85.71905,144,1311,-1736,528,4247,-144,353,748
85.71955,145,1311,-1737,529,4262,-144,353,748
85.72005,144,1311,-1737,529,4324,-144,353,748
85.72055,145,1311,-1738,530,4306,-144,352,748
85.72105,145,1311,-1739,530,4318,-145,352,748
85.72155,144,1311,-1739,530,4309,-144,353,748
85.72205,144,1311,-1738,529,4292,-144,353,748
85.72255,144,1311,-1738,529,4256,-145,352,748
85.72305,145,1311,-1738,531,4235,-144,352,748
85.72355,144,1311,-1738,532,4235,-144,352,748
85.72405,144,1311,-1738,533,4238,-145,352,748
85.72455,145,1311,-1739,533,4244,-144,353,748
85.72505,144,1311,-1739,533,4246,-144,353,748
85.72565,144,1311,-1739,532,4247,-145,353,748
85.72615,144,1311,-1739,533,4246,-144,353,748
85.72665,143,1311,-1739,534,4246,-144,353,748
85.72715,143,1311,-1739,534,4244,-144,353,748
85.72765,144,1311,-1739,535,4242,-145,353,748
85.72815,144,1311,-1738,533,4240,-145,353,748
85.72865,144,1311,-1738,532,4237,-145,353,748
85.72915,144,1310,-1738,531,4235,-145,352,748
85.72965,144,1311,-1738,531,4235,-144,353,748
85.73015,144,1311,-1737,531,4233,-144,352,748
85.73065,144,1311,-1737,533,4261,-145,352,748
85.73115,144,1311,-1738,532,4282,-145,352,748
85.73165,144,1311,-1737,533,4276,-144,352,748
85.73215,144,1311,-1737,533,4265,-145,353,748
85.73265,144,1311,-1738,532,4234,-144,353,748
85.73315,144,1311,-1739,533,4215,-145,353,748
85.73365,144,1311,-1739,533,4215,-145,353,748
85.73415,144,1311,-1739,533,4225,-145,353,748
85.73465,144,1311,-1739,532,4234,-144,353,748
85.73515,144,1310,-1738,531,4239,-145,352,748
85.73565,145,1311,-1738,530,4243,-144,353,748
85.73615,144,1311,-1737,530,4241,-145,353,748
85.73665,144,1311,-1737,530,4239,-145,353,748
85.73715,144,1311,-1736,530,4239,-145,353,748
85.73765,144,1311,-1736,530,4241,-144,352,748
85.73815,143,1311,-1737,531,4242,-145,353,748
85.73865,143,1311,-1737,532,4244,-145,353,748
85.73915,143,1311,-1738,533,4243,-145,353,748
85.73965,144,1311,-1738,533,4246,-145,353,748
85.74015,143,1311,-1738,532,4247,-145,353,748
85.74065,144,1311,-1739,532,4279,-145,352,748
85.74115,144,1311,-1739,531,4295,-145,353,748
85.74165,144,1311,-1739,530,4287,-145,353,748
85.74215,144,1311,-1738,530,4269,-145,353,748
85.74265,144,1311,-1738,530,4235,-145,353,748
85.74315,144,1311,-1738,531,4218,-145,352,748
85.74365,144,1311,-1738,532,4220,-145,352,748
85.74415,144,1311,-1738,532,4225,-145,352,748
85.74465,144,1311,-1739,532,4233,-145,353,748
85.74515,144,1311,-1739,532,4236,-145,353,748
85.74565,144,1311,-1739,532,4234,-145,353,747
85.74615,144,1311,-1739,533,4232,-145,353,747
85.74665,144,1311,-1739,533,4225,-145,353,748
85.74715,144,1311,-1739,533,4220,-145,353,748
85.74765,144,1311,-1738,533,4230,-145,352,748
85.74815,144,1311,-1738,533,4231,-145,353,748
85.74865,144,1310,-1737,533,4228,-145,353,748
85.74915,144,1311,-1738,533,4230,-145,353,748
85.74965,144,1310,-1738,534,4229,-145,353,748
85.75015,145,1310,-1738,534,4233,-145,352,748
85.75065,144,1310,-1739,534,4270,-145,352,748
85.75115,145,1310,-1739,532,4283,-145,352,748
85.75165,144,1310,-1739,531,4275,-145,353,747
85.75215,144,1310,-1739,532,4258,-145,353,747
85.75265,144,1310,-1739,532,4222,-145,353,748
85.75315,144,1310,-1739,532,4207,-146,353,748
85.75365,144,1310,-1739,533,4216,-145,353,748
85.75415,145,1310,-1738,532,4223,-145,353,747
85.75465,144,1310,-1737,532,4226,-145,353,748
85.75515,144,1310,-1738,531,4225,-145,353,747
85.75565,144,1310,-1738,531,4234,-145,353,747
85.75615,144,1310,-1739,530,4233,-145,353,748
85.75665,144,1310,-1739,531,4230,-145,353,748
85.75715,145,1310,-1739,531,4234,-145,353,748
85.75765,144,1310,-1738,532,4233,-146,353,748
85.75815,144,1310,-1737,531,4230,-145,352,748
85.75865,144,1310,-1737,531,4228,-146,352,748
85.75915,144,1311,-1737,531,4226,-145,353,748
85.75965,144,1310,-1737,531,4224,-145,353,747
85.76015,144,1310,-1738,531,4226,-145,353,748
85.76065,144,1310,-1738,531,4260,-145,353,748
85.76115,144,1310,-1737,530,4271,-145,352,748
85.76165,144,1310,-1735,529,4264,-145,352,747
85.76215,144,1310,-1735,529,4243,-146,353,747
85.76265,144,1310,-1735,529,4208,-145,353,747
85.76315,144,1310,-1736,530,4197,-145,352,747
85.76365,144,1310,-1736,530,4199,-145,352,748
85.76415,144,1310,-1737,530,4207,-145,352,748
85.76465,144,1310,-1737,530,4218,-146,352,747
85.76515,144,1310,-1737,530,4224,-146,352,748
85.76565,144,1310,-1737,531,4222,-145,352,747
85.76615,144,1310,-1738,531,4226,-146,353,748
85.76665,144,1310,-1739,532,4224,-145,353,747
85.76715,144,1310,-1740,532,4229,-145,353,748
85.76765,144,1309,-1740,532,4229,-145,353,747
85.76815,145,1310,-1740,532,4231,-145,353,747
85.76865,144,1310,-1740,531,4229,-146,353,747
85.76915,145,1310,-1738,532,4228,-146,352,747
85.76965,144,1310,-1737,531,4227,-146,352,748
85.77015,145,1310,-1737,532,4236,-146,352,747
85.77065,145,1310,-1736,531,4279,-146,352,748
85.77115,145,1310,-1736,531,4282,-146,352,747
85.77165,144,1310,-1736,531,4279,-146,353,747
85.77215,145,1310,-1737,531,4253,-146,353,747
85.77265,145,1310,-1737,531,4223,-146,353,747
85.77315,145,1310,-1738,531,4212,-146,353,747
85.77365,145,1310,-1738,531,4214,-146,352,747
85.77415,145,1310,-1738,531,4221,-146,352,747
85.77465,145,1310,-1738,531,4223,-146,353,747
85.77515,145,1310,-1738,531,4228,-146,353,747
85.77565,145,1310,-1738,532,4232,-146,353,747
85.77615,145,1310,-1738,531,4231,-146,353,747
85.77665,145,1310,-1738,532,4230,-146,353,747
85.77715,144,1310,-1738,532,4225,-146,352,747
85.77765,145,1310,-1739,532,4222,-146,352,747
85.77815,145,1309,-1738,532,4219,-146,352,747
